39 270
-1.0497 1.2201 0.027861 1.4264 0.74 0.63538 -0.31016 -0.61487 0.61338 0.42577 -0.3211 -0.8546 -1.8274 -0.0083481 0.42708 0.50516 -0.45956 -0.58477 -0.25056 -0.22907 1.2478 -0.8418 0.52595 -0.039548 0.43705 0.29186 -0.026229 -0.06574 0.058073 0.28897 -0.29596 0.28181 0.83881 -0.089064 0.32843 -0.35496 0.49861 0.92252 -0.048828
-0.85939 1.4849 0.28797 1.1115 -0.44846 0.039237 -1.0077 0.41986 -0.36254 1.0786 -0.084288 -0.18414 -1.614 -0.14294 0.41323 0.9356 -0.30056 -0.86223 0.086989 0.50748 1.1252 -0.56601 0.027241 0.48611 1.3262 0.30295 0.27282 -0.055299 0.024375 0.38705 -0.23848 0.33765 0.53344 -0.29254 0.61589 -0.41906 0.53275 1.078 -0.13849
-1.3118 1.3648 0.41836 1.0615 -0.11135 0.63682 -0.53276 1.3876 -1.037 0.92801 -0.013944 -0.43446 -1.6558 0.010859 0.31698 0.3769 -0.0052217 -0.9905 0.12528 1.0521 1.1156 -0.236 0.049866 0.75502 1.9129 0.20189 0.43134 -0.14601 -0.4467 0.25348 0.29924 0.094489 0.13859 -0.76211 1.1188 -0.22428 -0.031358 0.1393 -0.27414
-0.94175 1.7282 0.46149 0.8835 0.54488 0.36262 -0.39121 0.47524 0.035347 0.8707 -0.64895 -0.45029 -1.5505 0.46427 0.38259 0.5981 0.027162 -0.81911 0.21515 0.1791 0.73119 0.22205 -0.090603 0.69319 1.9467 0.10544 0.42818 -0.12758 -0.71985 0.015951 0.6307 -0.22752 -0.65172 -1.0502 0.96529 0.11416 -0.61866 -1.3055 -0.29762
-1.2549 1.5038 1.0551 1.3248 -0.54678 0.97756 0.83587 0.49046 0.19453 0.0087849 0.9065 1.3891 -1.5895 0.45139 0.19093 -0.11028 -0.15472 -0.040052 -0.13576 0.20714 -0.036112 1.2209 0.12271 -0.21327 0.39907 -0.063168 -0.01374 -0.31979 -0.47924 -0.00087341 0.64749 -0.51113 -1.0206 -0.99941 0.37511 0.35644 -0.71806 -1.9348 -0.21465
-0.85776 1.4668 -0.13253 1.5533 -0.68436 0.53191 0.83235 1.1083 0.18257 0.86321 0.7513 1.5432 -1.6854 0.39453 0.25566 -0.076421 -0.19314 -0.15263 -0.23232 -0.35266 -0.33104 0.82959 0.21051 -0.34949 -0.68497 -0.056811 -0.50872 -0.4472 -0.40765 0.030466 0.4762 -0.80223 -0.83957 -0.65412 -0.26529 0.49337 -0.4519 -1.8954 -0.097681
-0.31007 1.8076 1.0204 1.0896 -0.57401 0.59388 -1.635 0.85613 0.34039 0.69824 0.38168 1.2573 -1.631 0.019788 -0.16208 -0.1262 0.10671 -0.10757 -0.65452 -0.6903 -0.2881 0.30509 0.60712 -0.25487 -0.86355 -0.073259 -0.557 -0.3302 0.41495 0.20084 0.25603 -0.34828 -0.52795 -0.47325 -0.8755 0.18916 0.29729 -0.43261 0.086156
-0.81629 1.5924 -0.086676 0.56498 0.17455 -0.24437 -0.26634 0.50242 1.5225 1.4632 -1.2408 -1.1431 -1.6783 -0.22363 -0.19681 -0.11074 -0.044244 0.11115 -1.0974 -1.0243 -0.4172 0.1368 0.65088 -0.25095 -1.4314 -0.054038 -0.52813 -0.36888 0.24205 0.4253 0.41542 0.3155 0.48662 -0.012541 -0.81862 -0.17097 0.8098 0.81044 0.14133
-1.0633 1.773 0.67644 0.97383 -0.17039 0.73297 -0.50264 0.53666 -0.14582 0.69946 -0.16991 -1.2232 -1.6395 -0.22887 -0.14278 0.60976 0.14289 0.3137 -0.38883 -0.49617 -0.92144 -0.29845 0.27331 0.36651 -0.15892 0.072298 -0.083542 -0.62466 -0.40813 -0.15994 0.30024 0.47204 0.7252 0.51464 -0.63874 -0.83886 1.0831 1.6244 0.73999
-1.0412 1.2584 0.50272 1.6456 -0.21936 -0.44163 -0.52126 0.030149 0.51202 1.3623 0.21521 0.54156 -1.6279 -0.41927 -0.37872 -0.039914 0.57287 0.41983 0.24524 0.50694 -0.061515 -0.61107 0.022644 1.0593 0.64729 0.097716 0.55427 -0.87106 -1.0752 -0.82244 0.20628 0.3548 0.89639 0.91308 -0.039468 -0.98797 0.41653 1.4267 1.2614
-1.2324 1.3504 0.57423 1.21 -0.79124 -0.4741 -0.69892 0.41487 0.43719 0.91107 0.93889 0.12385 -1.7033 -0.032118 -1.1243 -0.87923 -0.49206 0.30623 -0.40979 -0.029961 0.49532 -0.67355 -0.77913 1.391 1.4946 1.0596 1.0951 -1.2494 -1.4647 -1.7744 0.080898 0.14918 0.85729 0.98885 0.48704 -0.50287 -0.95438 -0.031546 1.6963
-0.52717 1.6654 0.91091 1.3811 0.18734 0.58052 -0.70535 -0.45263 -0.26956 1.2709 0.74299 1.4753 -1.5349 0.65933 -1.1719 -1.2352 -1.2331 0.50769 -0.39976 0.50529 0.59784 0.27065 -0.82366 0.11955 0.7233 1.5158 1.3473 -1.2835 -0.76672 -1.9422 0.026397 0.15869 0.94528 0.1191 0.55746 0.20149 -2.0666 -1.1276 1.8635
-1.1131 1.3054 0.32691 1.5625 0.42724 0.90311 -0.2602 1.4167 -0.11964 0.79419 1.061 0.38322 -1.5465 1.1723 -1.8457 -1.3337 -2.2079 0.42858 0.21932 1.1905 0.61722 0.34816 -0.32697 -1.1976 -0.28417 2.1397 0.93806 -0.98109 -0.015718 -1.0304 -0.22751 0.18277 1.4213 -0.53896 0.079056 0.65775 -2.1515 -1.9922 1.2325
-0.99605 -0.016975 -1.3505 -0.69303 0.22156 -1.4668 -0.42855 1.1876 0.15806 -0.059003 0.86334 0.45847 -0.10895 1.3661 -2.1746 -1.1492 -2.1311 0.41575 0.23491 1.7556 0.082183 0.11818 0.19219 -2.0467 -0.85703 2.6083 0.73875 -0.64457 0.83643 0.13859 -0.50524 0.096495 1.0214 -0.97528 -0.84977 0.65065 -1.0305 -1.3784 0.4204
-0.05849 0.77669 0.082974 0.035558 0.10388 0.20781 0.30273 0.76803 0.89111 0.11157 -0.33709 0.21554 -0.32894 1.2764 -2.273 -0.96261 -1.9311 -0.064541 -0.37589 2.1402 -0.30094 -0.39412 0.027812 -2.1069 -1.9284 2.5293 0.45527 0.26005 1.0957 1.7344 -0.47294 0.0097998 0.31099 -0.8524 -1.3706 0.14283 0.5201 -0.70243 -0.82304
0.23527 -0.73642 -0.47969 -1.1359 -0.0076232 0.19454 1.1087 0.62766 0.86467 1.7107 -1.5642 0.31156 0.33128 1.9158 -2.0447 0.0095673 -1.1137 -0.18078 0.080646 2.0391 -0.83178 -1.1682 0.29949 -1.6217 -1.3761 2.0057 0.0014804 0.63315 0.3398 2.2823 -0.18866 -0.42274 -0.37877 -0.28124 -1.327 -0.70658 1.6142 0.17407 -1.504
0.12348 -0.33575 -0.19574 -0.71101 0.24138 0.45248 1.4295 0.11099 -0.3995 1.2068 -1.5134 -0.67671 0.73002 1.7033 -1.482 -0.035301 0.47059 -0.14791 0.30999 1.6599 -0.57944 -1.9475 -0.10316 -0.30701 -1.5237 1.0873 -0.54936 1.0964 -0.59328 2.4699 0.26691 -0.80082 -0.97656 0.35339 -0.63487 -1.2747 1.9619 1.2685 -1.7366
0.30885 -0.62147 -0.52065 -0.67867 0.24464 -0.37778 1.9538 -0.040095 -1.2682 0.45408 -1.3203 -1.5043 0.76067 1.1538 -1.5166 -1.0397 0.86108 0.11321 -0.93899 1.2501 -0.33969 -1.9494 -1.1762 0.48437 -0.71393 0.85937 -1.1521 0.95368 -1.4518 1.6055 0.41926 -1.4117 -1.3613 0.81802 0.56481 -1.4292 1.171 2.0203 -1.489
1.0593 -1.1769 -0.11933 -0.34828 -0.0039587 0.24447 1.871 0.63925 -1.5105 0.6529 -0.61332 -0.66198 0.66223 0.68162 -0.70773 -1.4752 1.6188 0.29441 -1.4352 0.61307 0.10582 -1.3477 -1.8128 1.0108 0.38904 0.2512 -1.1705 0.83616 -1.3217 0.41323 0.4068 -1.1664 -1.6724 0.81004 1.56 -0.82468 -0.18424 2.4325 -0.96473
0.99417 -1.11 -1.2573 0.30939 -0.096424 -0.7226 1.5773 0.23742 -2.1364 -0.20246 0.33408 -1.2921 0.7929 0.38202 -0.8415 -1.7894 1.2627 0.3883 -1.8087 -0.11598 0.36716 -0.21205 -1.7355 0.20731 1.8982 -0.021526 -0.84529 1.0079 -0.51981 -0.19473 0.43806 -0.084215 -1.5114 0.75329 1.8505 0.18811 -1.1443 1.7721 -0.67345
0.99646 -1.1062 -1.033 0.60157 0.44895 -0.86955 2.3529 0.12211 -1.3489 -0.67449 -0.79506 -0.071698 0.73536 0.011946 -0.42602 -1.9548 1.0318 0.48154 -1.5381 -0.94757 0.59343 0.59689 -1.4953 -0.56394 2.2682 -0.058154 -0.46915 0.67327 0.31807 -0.72474 0.47234 0.92666 -0.91467 0.68351 1.6282 0.90048 -1.2522 0.58758 -0.30485
0.53545 -1.18 -1.9585 0.76842 0.5256 -1.4954 1.8485 0.77995 -1.4075 -0.27549 -0.32982 0.65111 0.71574 -0.011968 0.023769 -1.7102 0.80055 0.84497 -1.0576 -0.94344 0.83425 1.1209 -0.96625 -1.1664 2.0548 -0.094361 -0.30975 0.62723 0.94935 -0.59721 0.30674 1.5548 -0.26131 0.57232 0.94814 1.1004 -0.13323 -0.83773 -0.15423
0.6203 -1.3207 -1.7012 0.43092 0.64436 -1.8158 1.1043 0.56505 -0.88153 -1.1763 -1.6146 1.4656 0.70804 0.045063 -0.01963 -0.97907 0.52287 0.95539 -0.0071238 -0.77311 1.1565 1.5467 -0.39352 -0.9701 1.5263 -0.21653 -0.24658 0.33146 1.6816 -0.43899 0.012904 1.5096 0.34653 0.0059073 0.25588 0.84108 0.99963 -1.4238 -0.099715
0.78393 -1.1723 -2.2568 0.62774 0.52842 -1.6253 0.46904 1.1558 -0.54712 -1.1564 -1.6284 0.93179 0.67103 -0.1854 -0.0010709 -0.65209 0.42421 0.73165 0.45581 -0.71785 1.1572 1.3999 -0.079741 0.12346 0.48537 -0.19955 -0.66715 0.10382 2.03 -0.33951 -0.58361 0.90623 0.53753 -0.58537 -0.42308 0.55876 2.0348 -1.5019 -0.012701
1.3158 -1.0153 -1.8764 1.0303 1.1473 -0.81822 1.1288 1.7375 -0.10881 -0.39 -1.5531 1.4265 0.61117 -0.34017 0.13464 0.405 0.41746 0.57012 0.647 -0.3793 0.4201 1.0438 -0.25433 0.91451 0.035913 -0.17341 -0.64546 0.34413 2.4283 -0.40528 -1.1112 -0.097483 0.56477 -1.1611 -0.84408 0.32359 2.0582 -0.92667 0.0059603
0.78144 -1.194 -2.1108 1.07 1.2856 -0.72872 1.2982 1.6039 0.36932 -0.85322 -0.81749 0.66163 0.55822 -1.004 0.11361 1.088 0.23341 -0.043673 0.37911 -0.083538 0.059606 0.4872 0.079586 2.2171 -0.38134 -0.14113 -0.13907 0.90919 2.7117 -0.7275 -1.4847 -0.83007 0.059947 -1.5651 -1.0264 0.63678 1.1549 -0.30818 -0.27914
0.31155 -1.1899 -1.8825 1.0104 1.1863 -0.86255 1.2676 1.7521 0.48287 -0.70823 -0.17625 0.93706 0.56682 -0.69183 0.49248 2.3285 -0.1223 -0.72289 -0.16471 0.020129 -0.53878 0.20541 0.16845 2.3586 -0.01121 -0.24035 0.51783 1.3487 2.1267 -1.0286 -1.5179 -1.2102 -0.75933 -1.6516 -1.0758 1.3132 0.023678 0.13477 -0.64331
0.20316 -1.0344 -1.2606 1.0314 1.0082 -1.2215 0.69944 0.78429 -0.18699 -1.178 0.49413 1.214 0.58251 -0.25777 1.3359 3.0529 -0.63799 -1.3847 -0.76459 -0.80024 -1.3802 -0.37369 0.98148 1.8551 -0.16044 -0.62807 1.078 1.246 0.92047 -0.99253 -1.0754 -0.87523 -0.96158 -1.4798 -0.70066 1.5088 -1.5066 -0.090161 -0.69835
-0.26843 -1.1624 -0.68113 0.61094 0.20927 -1.363 0.73482 0.95815 -0.19371 -0.90892 1.4281 0.74204 0.56732 0.20342 1.7755 3.0796 -1.0316 -1.5842 -1.1495 -1.5153 -2.0424 -0.82554 1.93 1.1424 0.1882 -0.98893 0.52878 0.24789 -1.1665 -0.9369 -0.22759 0.16157 -0.3775 -0.88597 0.14235 1.2469 -2.2607 -0.38592 -0.1349
0.92615 -0.33007 0.26403 0.6781 -0.18227 -1.4078 0.96999 0.77961 0.15666 -0.38602 1.1747 1.232 0.32253 0.45845 1.552 2.2878 -1.1305 -1.6121 -0.84291 -1.208 -2.0424 -0.4841 2.2282 -0.38376 -0.69164 -0.91605 -0.63522 -1.0175 -2.697 -0.67217 1.0746 1.6175 0.85839 -0.19157 1.082 -0.16414 -2.1645 -0.17356 0.80628
1.0067 0.54428 0.86155 0.1902 -0.26921 -1.6306 -0.084238 -0.47231 -0.64305 1.2308 0.70488 0.84634 -0.20758 -0.11382 0.79269 0.68457 -1.5925 -1.0261 0.1843 -0.51918 -1.9256 0.60099 2.0469 -1.3354 -0.57859 -0.3219 -1.9477 -1.9127 -3.0828 -0.26465 2.174 2.6305 1.8086 0.52373 1.3612 -1.8834 -1.3562 0.009227 1.6458
0.41563 0.26224 0.31458 -0.2575 -0.45763 -2.3065 -0.93677 -1.3956 -0.95989 1.263 0.9225 1.1355 -0.37864 -1.2272 0.11614 -0.41747 -1.5881 0.34949 1.721 0.3897 -1.8282 1.29 0.58205 -1.5146 -0.16314 0.35579 -2.1959 -1.9216 -2.2032 0.0048552 2.4292 2.3807 1.6945 0.83799 0.91259 -3.1352 -0.020791 0.73791 1.9367
0.49519 -0.13315 0.091193 -0.17254 -0.84191 -1.6285 0.2027 -0.80167 -0.013561 1.1923 -1.0216 -0.35304 0.040027 -2.4093 -0.71702 -0.90143 -1.2853 1.4998 2.6987 1.243 -1.1708 1.2695 -1.0516 -1.1811 -0.077492 1.0688 -1.1129 -0.9219 -0.46829 0.3667 1.8207 1.0749 0.9032 0.89515 -0.017559 -3.0928 0.82106 0.9378 1.4833
-0.30928 -0.64107 -0.73413 -1.2059 -0.21976 -0.40216 0.64495 -1.5438 1.4581 0.76704 -0.68157 0.89046 0.67067 -2.2895 -0.91852 -0.73486 -1.2718 1.666 2.5425 1.2437 -0.83996 1.1914 -2.5494 -0.50863 0.58976 1.5592 0.44777 0.22736 1.0347 0.48405 0.51131 -0.72799 -0.33569 0.64271 -0.85188 -1.6574 1.2839 1.0357 0.53992
-1.2453 -0.53316 -0.4054 -1.075 1.0906 1.1829 1.6371 -1.3949 1.7439 -0.56052 -0.045672 1.0993 0.81496 -1.5578 -0.24097 0.021813 -1.0741 1.7213 1.8667 0.82994 -0.73061 0.64406 -2.6288 -0.094978 0.99755 1.5036 1.9859 1.1118 1.9335 0.64323 -0.6103 -2.1222 -1.3234 0.33676 -1.2953 0.19872 0.94432 0.37347 -0.45241
-1.2102 -0.4456 0.063146 -0.64248 1.7436 1.1274 1.7907 -1.1183 0.72629 -1.0353 -0.34392 1.0429 0.9679 -0.86044 0.252 0.89337 -0.8017 1.2008 0.71005 -0.06473 -0.84213 -0.2118 -1.9789 0.67057 1.458 1.0191 2.2992 0.91382 1.6508 0.71449 -1.4262 -2.5502 -1.5621 0.30367 -1.1632 1.777 0.3114 -0.31911 -0.95924
-1.0152 -0.30733 0.057275 -1.7067 0.85539 -0.10361 0.11633 -2.2923 0.43004 -1.5155 0.14852 1.6316 1.0798 0.39626 0.55291 1.6081 -0.33619 0.60137 -0.53404 -0.7067 -0.54874 -0.80452 -0.94682 0.23499 0.25345 0.59279 1.7255 0.12901 0.67347 0.61883 -1.7233 -1.8341 -1.0909 0.5377 -0.44959 2.1853 -0.21371 -0.7563 -0.88909
-0.78186 -0.061211 0.10445 -1.4963 1.1006 -0.34335 0.40455 -2.1355 0.48273 -1.3452 -0.13611 1.7697 1.1857 0.80923 0.20816 1.3078 -0.32582 -0.42775 -1.2418 -1.0615 -0.37319 -0.57347 0.17941 -0.01453 0.26943 0.43767 0.89188 -0.49731 -0.23546 0.65835 -1.217 -0.40106 -0.0081111 0.96383 0.2112 1.8967 -0.54225 -0.78008 -0.57092
-0.6453 -0.18186 0.75908 -1.318 0.68402 0.087312 0.73807 -1.9458 0.55419 -0.85692 0.066975 1.7952 1.2076 0.66568 -0.0098932 0.96364 -0.17265 -0.67252 -0.74397 -0.81817 0.040281 -0.11771 0.68443 -0.2106 -0.020558 0.33243 -0.17075 -0.75378 -0.94587 0.44088 -0.64059 0.73456 0.55968 0.91512 0.40943 1.1934 -0.1894 -0.13929 -0.36318
-0.2021 -0.10954 0.96247 -1.4131 1.423 -0.18223 0.28476 -2.0284 0.4166 -0.74113 -0.26655 0.73174 1.2691 0.58489 -0.30644 0.79596 0.32844 -0.42557 0.026387 -0.025551 0.68384 -0.065598 1.0164 -0.26381 -0.067435 0.20897 -0.56914 -0.47637 -1.1434 0.35743 -0.013789 1.0013 0.745 0.71142 0.068657 0.41932 0.066406 0.045051 -0.27908
-0.72399 -0.45591 0.78337 -1.3247 0.5093 -0.33215 0.29943 -1.7076 0.53707 -0.63914 -0.059213 1.8311 1.2618 0.20405 -0.45919 0.2183 0.14939 -0.58734 0.26043 -0.12428 0.65004 -0.1392 1.0288 -0.04681 0.10791 0.10738 -0.49077 -0.28973 -1.0988 0.19975 0.16704 0.72453 0.7199 0.29576 -0.19447 -0.011402 0.31399 0.15631 -0.27373
-0.51273 -0.33568 0.78294 -1.2639 0.53667 -0.16728 0.063045 -1.4362 0.37805 -0.52151 -0.58211 1.2656 1.3445 0.029195 -0.37197 -0.30611 0.17267 -0.48824 0.20541 0.056516 0.6596 -0.38206 0.84172 0.041399 0.27913 0.088301 -0.14644 -0.02399 -0.93148 -0.0065663 0.43965 0.43132 0.34495 -0.13369 -0.27948 -0.30571 0.27059 -0.32192 -0.28059
-0.21393 -0.51199 0.82733 -1.2341 0.44162 -0.033697 0.43713 -1.3114 0.32928 -0.2052 -0.049235 1.8734 1.2886 0.071653 -0.4693 -0.39488 0.27529 -0.32163 0.5755 0.55635 0.59497 -0.34914 0.73852 0.3014 0.11422 -0.060359 0.042175 0.0051029 -0.77224 0.16403 0.72275 0.31682 0.31076 -0.11716 -0.25134 -0.31118 0.13035 -0.66638 -0.36257
-0.62627 -0.48878 0.45574 -1.3212 0.39378 0.21756 0.42763 -1.3038 0.29599 0.10267 -0.013557 1.8015 1.2805 0.38983 -0.34847 -0.51831 0.25681 0.26989 0.70537 0.31211 0.4325 -0.53453 0.53536 0.13432 -0.76889 -0.17152 0.25182 0.077611 -0.84777 0.2842 0.605 0.222 0.091071 0.081419 0.0090949 -0.078398 -0.02576 -0.98445 -0.49652
-0.47519 -0.49403 0.60801 -1.0838 0.42236 0.10362 0.70871 -1.0878 -0.21741 0.034974 0.028796 1.6659 1.3352 0.096947 -0.46931 -1.0216 0.4118 0.39021 0.62341 0.35864 0.51633 -0.57588 0.54473 0.1806 -0.79123 -0.36146 0.68749 0.47817 -0.8823 0.45451 -0.069376 -0.13341 -0.36482 0.34156 0.24902 0.15962 -0.09669 -0.73286 -0.75285
-0.20423 -0.77229 0.5769 -1.0314 0.88355 0.47349 1.0064 -1.1551 0.10319 0.0038155 0.19063 0.93744 1.1532 0.46154 -0.24889 -1.4691 0.62951 0.29273 0.60929 0.33392 0.8315 -0.21713 0.77036 0.043523 -1.3606 -0.5795 0.52011 1.2551 -0.64144 0.65832 -0.95623 -0.52443 -0.71271 0.3331 0.66316 0.14728 0.017834 -0.11311 -1.322
-0.20301 -0.71699 0.19137 -1.0422 0.7945 0.51232 0.20532 -0.99709 -0.37766 -0.054132 -0.2623 0.65972 1.1117 1.2534 0.27487 -1.4554 0.92668 -0.45468 0.35747 -0.17281 1.0256 0.063742 0.9323 0.13761 -1.153 -1.0949 -0.20919 2.0582 0.73166 0.85096 -1.1073 -0.90285 -1.1729 0.020438 0.72722 -0.025892 0.27566 0.42289 -1.7297
-0.49396 -0.84371 -0.41448 -0.70262 0.88314 0.54752 0.74344 -0.53805 -0.46393 0.44387 -0.068311 0.85957 0.94583 0.73238 1.3747 -1.4217 1.2112 -1.0843 -0.19116 -0.82478 0.79184 0.61485 0.62799 0.1903 -0.84691 -1.9764 -1.5848 2.0166 2.2283 0.86311 -0.6459 -1.0559 -1.0728 -0.37435 0.59371 -0.24902 0.67086 0.84353 -1.7059
0.36245 -0.58812 -0.72687 -0.45557 0.54596 0.7478 1.0635 -3.2275e-05 0.35632 1.0601 0.22278 0.2159 0.68638 -0.41101 2.1593 0.20414 1.6864 -0.97979 -0.74471 -1.37 0.55209 0.61617 0.55344 0.69025 -0.17903 -2.503 -2.562 1.2949 2.8133 0.50914 0.44063 -0.75469 -0.74906 -0.66887 0.32134 -0.64202 0.35229 0.68007 -0.9598
0.94554 0.047435 -0.57593 -0.07301 -0.59329 0.43014 -0.070203 0.045481 0.23078 1.0442 0.28875 0.58085 0.076684 -1.5182 2.1795 1.5335 1.8374 -0.64225 -0.90681 -1.1784 0.32906 0.82531 0.44778 1.1911 -0.093378 -2.6764 -2.6513 -0.096539 2.5572 -0.17502 1.4129 -0.13229 -0.048557 -0.73266 -0.28591 -0.93552 0.042851 0.79044 0.2294
-0.23763 1.1233 -0.51721 0.40597 -0.64454 -0.3054 -0.51843 -0.45587 0.8785 0.16175 0.26283 0.43911 -0.88865 -2.1663 2.0343 1.909 1.5516 0.15441 -0.7638 -1.4701 -0.045545 0.68684 -0.28138 0.38328 -0.1195 -2.3227 -1.8608 -1.3884 0.88214 -0.90324 1.8177 0.68493 1.1558 -0.39304 -0.46506 -1.0213 -0.18155 0.76635 1.3241
-1.3143 1.1639 1.4181 1.032 0.40487 -0.337 -0.99403 -0.47431 0.46292 0.70953 1.2817 0.87598 -1.13 -3.0932 1.2686 2.126 0.96076 0.9931 -0.44552 -0.87082 -0.33395 -0.0083186 -0.84968 0.43149 0.76581 -1.6948 -0.10272 -1.9756 -0.76477 -1.3753 1.4637 0.99542 1.3724 -0.11499 -0.43682 -0.63328 -0.38481 0.99738 2.0074
-1.8968 0.86656 1.2711 1.0436 0.23911 -0.24487 -0.47825 -0.14327 0.75149 0.91662 1.4855 0.44108 -1.1569 -2.9249 0.28236 1.4171 0.47008 1.6026 0.35631 0.74922 0.10862 0.056853 -0.86583 0.68031 0.98318 -0.82757 1.6164 -1.8237 -2.1222 -1.399 0.21482 1.0219 1.0612 -0.18446 -0.31254 0.042671 -0.26659 0.51125 1.8902
-1.7215 1.0749 0.54097 0.90891 1.0395 0.034563 -0.87611 -0.35081 0.79038 0.11007 -0.35575 0.42649 -1.0479 -1.3226 -0.26027 0.44633 -0.14301 1.3731 0.47101 0.41103 0.0088549 0.22539 -0.54617 0.22038 1.4333 -0.13755 2.5186 -1.0195 -2.0686 -0.83112 -0.98054 0.47359 0.23304 -0.58933 -0.31187 0.21381 -0.37204 -0.33565 1.309
-2.2898 0.84965 1.2203 0.51953 1.0851 0.15619 -0.16392 -0.55739 -0.015806 -0.19269 1.2362 1.8714 -1.1177 -0.18668 -0.26257 -0.92711 -0.46121 0.37314 0.76746 -0.024039 -0.59295 -0.07557 -0.35748 -0.081834 0.60176 -0.0070789 1.963 -0.24795 -0.87671 -0.066825 -2.1167 -0.86365 -0.57838 -0.90377 -0.2055 0.37467 -0.0069553 -1.0459 0.6773
-2.2624 0.72118 0.74938 0.79027 1.1544 0.66311 1.1576 0.33036 0.82986 -0.1744 1.724 1.7557 -1.0855 0.0024489 -0.17346 -0.28523 -0.095886 -0.21422 0.26795 -0.026367 -1.1336 -0.58621 -0.6834 0.017533 0.22932 0.036461 0.76675 0.37409 0.1207 0.54433 -1.972 -0.99086 -0.38302 -0.24983 0.1289 0.61387 -0.14452 -1.6177 0.055397
-1.5996 1.0188 0.63525 0.4599 1.238 -0.22674 -1.2336 -0.81586 1.3984 0.075197 0.57835 2.2392 -1.1403 -0.10795 -0.18324 0.25654 0.32723 -1.5462 -1.234 -0.17044 -1.0721 0.049089 -0.05267 0.76347 -0.63666 0.19138 0.28681 0.67545 0.99085 0.81277 -1.1111 -0.75329 -0.067329 0.63522 0.080223 0.81054 -0.22458 -1.3255 -0.32964
-1.6234 0.77141 0.33776 0.56641 0.41227 0.87495 -1.2184 -1.5413 -0.18126 0.67925 1.0562 0.46535 -1.1335 -0.0038223 0.3197 0.049552 0.46539 -1.3395 -0.46845 -0.26983 -0.25264 0.4743 0.52789 -0.51321 -1.3725 -0.15035 0.49585 0.50861 0.3597 0.54422 -0.34467 0.18214 0.27719 1.5355 -0.32426 0.8267 0.19904 -0.68326 -0.47369
-2.1782 0.74592 1.1597 1.1005 0.17101 -0.1782 0.05179 -1.7438 -0.47403 -0.85924 0.84488 0.79269 -1.0292 0.3235 0.61524 0.6023 0.75354 -1.1299 -0.34067 -0.035354 0.15847 -0.4001 0.65956 -0.29774 -1.4074 -0.45845 1.4532 0.18495 -0.12947 -0.068506 0.38629 0.72856 -0.099877 1.9642 -0.96055 0.21427 0.61102 0.48246 -0.25148
-2.173 0.84512 1.1147 1.2192 -1.1398 -2.123 -0.57207 -1.2806 1.5266 0.16466 1.8489 0.37601 -0.78562 0.66445 0.27225 0.14942 0.69336 -1.0577 0.17132 0.45077 1.1651 -1.0326 0.61573 0.96816 -0.84398 -0.41955 2.1683 -0.54397 -0.5319 -0.72219 0.43086 0.34255 -0.92263 1.5418 -1.162 -0.088196 1.189 0.97375 0.37089
-2.1525 1.3793 0.87787 0.90892 0.3376 1.1193 0.01689 0.28783 1.2386 0.8938 -0.021309 0.62921 -1.5836 2.1333 0.14334 -0.030096 0.090877 -0.95835 -0.13701 -0.72781 1.9531 -1.2475 0.32479 1.3193 0.093476 -0.090668 2.1037 -1.0448 -0.87013 -1.2448 0.62681 0.0085516 -1.4618 0.72184 -0.90398 -0.50218 0.55824 0.87573 0.94568
-1.1781 1.4497 1.2596 1.7168 0.048742 0.12598 0.035731 -0.12407 -0.5966 0.70336 1.2478 0.14616 -1.6165 2.9348 -0.36235 -0.56549 -0.52561 -0.61342 0.09292 -1.7392 1.7761 -1.5886 0.50727 1.2046 -0.094739 0.26939 1.2751 -1.1484 -0.54882 -1.1016 0.33793 -0.95292 -1.1726 -0.37774 -0.2372 -0.76683 -0.23163 0.26651 1.3947
-0.82208 0.80097 0.34503 1.0845 -0.65747 0.1586 -1.1542 0.14958 -1.3482 0.64322 2.9105 0.89983 -1.2832 2.9174 -0.82425 -0.55521 -0.91859 -0.17448 -0.29038 -1.8166 1.2105 -2.0495 -0.30825 0.76829 0.03993 0.74298 -0.60099 -1.191 -0.25998 -0.93774 0.11384 -0.8061 0.30628 -1.0928 0.95163 -0.75333 -1.1735 -0.38786 1.4782
0.5951 0.77272 0.78527 0.57941 -1.3199 -0.35736 -2.081 1.1357 -1.8494 0.11209 2.8226 0.70402 -0.82283 2.5319 -1.1743 -0.54846 -0.82072 -0.81118 -1.6181 -1.3122 0.79061 -1.1138 -0.62298 0.7474 -0.27724 1.4456 -2.194 -0.61458 0.52921 -0.81415 0.27588 -0.45911 1.6222 -1.1763 2.012 -0.69596 -1.9311 -0.53892 1.2052
0.28108 0.41864 0.68144 0.4503 -0.59201 -0.86311 -2.0477 0.62607 -1.1227 0.2211 1.9094 0.34783 -0.67732 1.2674 -1.4524 -0.50056 -1.4796 -0.63919 -0.86094 -0.33941 0.33238 0.60951 -0.63811 -0.95225 -0.65233 1.7401 -3.3467 0.090548 0.9475 -0.72543 0.97485 0.3386 2.0554 -0.77164 2.3677 -0.33545 -2.015 -0.68445 0.60056
0.33361 0.40499 0.54419 0.12956 -0.42153 -1.1852 -2.1416 0.76172 -1.3283 0.21797 1.7686 0.50602 -0.48685 -0.1325 -1.0845 0.30726 -1.7363 0.14162 -0.52379 0.71273 -0.05803 1.4746 -0.74025 -2.0473 -0.90354 1.7422 -3.3932 0.85208 1.2258 -0.50875 1.8155 0.87419 1.7441 -0.049062 1.6726 -0.19397 -1.7538 -0.81733 -0.11413
0.56978 0.3377 0.39355 0.59229 -0.97163 -0.69428 -0.87175 1.3004 -0.99279 0.16611 1.651 0.079099 -0.2729 -1.6868 -0.72441 0.63892 -1.7891 1.1762 -0.18205 1.2135 0.13568 1.8198 -0.93575 -2.125 -1.1081 1.5748 -2.5299 1.323 0.94423 0.030333 1.8863 0.12874 1.0371 0.31017 0.71467 -0.27183 -0.72849 -0.94322 -0.58656
0.037484 -0.4286 0.53258 -0.6593 -1.3064 -0.64163 -0.81603 -0.014934 0.4058 -0.23467 0.38821 -0.47116 0.32417 -2.0098 -0.11813 0.98412 -1.5965 1.677 -0.25637 1.3417 0.77195 1.938 -0.87526 -2.4011 -1.7902 1.3367 -1.0181 1.3674 -0.0077854 0.37786 1.2817 -0.39081 0.27795 0.28489 -0.06343 -0.055285 0.19742 -0.35759 -0.94239
-0.75026 -0.093225 1.084 -1.4851 -0.28038 -0.68971 -0.95936 0.58284 0.55463 -0.52272 0.1616 0.049275 0.54679 -2.2819 0.27327 0.77736 -1.4904 2.1211 -0.74889 1.3857 0.48754 1.9586 -1.1286 -2.3288 -2.2147 0.9769 0.83521 1.3811 -0.94497 0.96468 0.028242 -0.4144 -0.011727 0.043498 -0.99413 0.42906 1.1635 1.0621 -1.3828
-1.3316 0.24508 1.5083 -1.3172 1.047 -0.99653 -0.81216 1.7414 0.71667 -1.0291 -0.18065 -0.89632 0.55854 -1.642 0.69986 0.21135 -1.1886 2.0688 -1.009 1.1728 0.28782 1.2996 -0.76553 -1.5289 -1.1236 0.49188 2.1975 1.2204 -1.3897 1.7143 -1.3002 0.24482 -0.56924 -0.76973 -1.7998 1.1513 1.9156 2.2538 -2.0025
-1.4033 0.49071 1.3301 -0.97189 1.4562 -1.4718 -0.211 1.9329 1.5388 -0.39059 -1.5303 -2.1713 0.44819 -0.39117 1.1728 -0.61883 -0.2188 1.0408 -0.62042 1.2743 0.43779 0.016232 -0.13651 -0.089124 0.77281 -0.27402 2.9285 0.85488 -1.036 2.0081 -2.5604 1.4603 -1.3007 -1.3771 -2.1861 1.7296 2.2084 2.9753 -2.2578
-1.5683 0.52554 0.79632 -1.4834 1.3004 -1.9511 0.19874 0.84837 1.4695 -1.3015 -0.99758 -2.1494 0.48747 0.94018 1.4693 -0.72942 0.91798 -0.20141 0.15178 0.27701 -0.69869 -0.95975 0.93802 0.55123 1.4379 -1.3249 2.1164 -0.057984 -0.18731 1.3627 -2.8747 1.9926 -1.5324 -1.382 -1.4115 1.4757 1.8791 2.6993 -1.6096
-0.78266 0.63558 0.4619 -1.3236 0.7344 -1.4496 0.55684 0.9283 1.0076 -0.63035 -0.17933 -0.21738 0.42611 1.6186 1.3135 -0.55355 1.1459 -1.514 1.5163 -0.72568 -1.6765 -1.6179 1.4941 1.3264 2.7447 -1.8203 0.55347 -1.0672 0.49815 0.14256 -1.9109 1.2849 -1.1999 -0.51953 -0.084553 0.79353 0.83575 1.3196 -0.21977
-0.4833 0.87628 0.22671 -1.1394 -0.051868 -0.97911 0.39459 1.0365 -0.13075 -0.33711 0.73468 1.6913 0.0060765 1.1047 0.52551 -0.15781 0.63388 -2.0107 1.8075 -0.84233 -1.3216 -0.91074 1.3819 1.7579 3.5499 -1.378 -0.93342 -1.7769 0.35727 -1.0876 -0.31419 -0.40947 -0.16564 0.79679 0.92891 -0.29001 -0.29277 -0.52913 1.3982
0.0054054 1.7955 1.0988 0.27351 0.28257 -0.42671 -1.465 -0.13384 -0.9846 0.87843 0.35565 0.54538 -1.1425 0.50651 -0.14959 -0.058156 0.18832 -1.6128 1.0548 -0.52698 -0.26766 -0.15969 1.23 1.0822 2.4728 -0.61211 -1.6882 -1.8971 -0.00954 -1.5033 1.1515 -2.1191 0.82973 1.5675 1.5758 -1.1476 -1.2389 -2.7279 2.4679
-0.0090071 1.3672 0.9954 -0.063461 -0.69317 0.81684 -1.5011 -0.62077 -0.89837 0.64555 0.94322 1.4499 -1.0599 -0.16061 -0.78226 -0.37378 -0.59629 -0.73055 -0.42253 -0.14878 0.097829 0.35632 0.47547 0.046929 0.43949 0.35878 -1.5026 -1.4162 -0.40378 -1.3185 1.7278 -2.6041 1.1497 1.375 1.3933 -1.4142 -1.3167 -3.5026 2.6222
-0.91192 0.39304 0.74022 -1.2377 -1.0074 -0.27927 -0.09786 0.3715 1.6156 0.43684 0.9048 2.1931 -0.1454 -0.74408 -1.217 -0.47529 -0.9952 0.0025898 -1.5117 0.55914 0.58887 1.1957 -0.37514 -0.45754 -1.4615 1.3526 -0.58099 -0.38834 0.028172 -0.52884 1.8364 -1.9513 0.44574 0.73785 0.69793 -0.84492 -0.63111 -3.0013 1.6593
-0.8123 0.29516 0.26385 -1.5436 -0.49087 -1.3591 0.20662 1.2008 0.92228 -0.0015539 0.63202 1.228 0.27306 -0.93624 -1.3197 -0.65935 -1.1913 0.41389 -1.9992 0.8756 0.857 1.4633 -0.6751 -0.2772 -1.8744 1.9338 0.61843 0.86643 0.81932 0.51196 1.3768 -0.42543 -1.0241 0.049067 -0.46328 0.23149 0.091259 -1.5748 -0.144
-0.50661 0.25131 -0.022236 -1.7047 0.013552 -2.0376 -0.074236 0.88493 0.25588 0.19431 -0.14798 0.45492 0.48267 -0.13754 -0.5382 0.12 -0.48156 1.25 -1.9723 -0.16293 0.74098 0.8314 0.092701 -0.10195 -2.7068 1.3161 1.2531 1.9254 1.4949 1.161 0.44809 1.0042 -1.7555 -0.67725 -1.4064 1.1843 0.6437 0.25914 -1.9613
-1.0652 0.32937 0.48199 -1.2492 0.04813 -2.0092 0.019753 1.0673 1.2284 -0.38503 0.21113 -0.99333 0.59881 0.63123 0.32258 0.72935 0.090081 1.223 -1.0285 -1.8029 0.092467 -0.4338 0.69761 0.059834 -2.2726 0.13657 0.89559 2.1087 1.2915 1.5912 -0.235 2.2006 -0.78087 -0.86946 -1.876 0.91136 0.68093 1.4037 -3.0764
-0.92681 0.43689 0.67459 -1.0797 0.23928 -1.6977 -0.72942 0.47793 1.4737 0.35504 0.62805 -0.87574 0.57126 0.69275 1.1797 1.3971 0.49876 0.4421 -0.042145 -1.5556 -0.34748 -0.87216 1.3143 0.74003 -0.73798 -0.96835 0.20224 1.2523 -0.15314 1.5795 -0.85487 2.6878 0.90186 -0.91545 -1.7335 0.011308 0.31745 2.2511 -3.0048
-0.12661 0.47733 1.1513 -1.2004 0.7199 -1.7116 -1.3469 1.0053 1.0296 0.9997 1.0867 -1.0271 0.41719 0.23523 1.3463 0.91783 1.2429 0.38712 1.3266 0.035259 -0.28506 -1.7191 0.53992 0.74711 0.074268 -1.9716 -0.59438 0.37223 -1.3132 1.5758 -0.9225 2.2674 2.211 -0.41597 -0.89734 -0.76074 -0.30487 1.9615 -2.1013
-0.19972 0.73564 1.0438 -1.5082 0.4813 -2.0831 -2.4677 0.86027 0.095038 1.0402 0.51735 -0.27094 -0.051442 0.41752 1.0405 -0.25179 1.8449 0.080407 2.0923 0.69148 -0.8445 -2.2513 0.18402 0.22635 0.83592 -2.5601 -0.99944 -0.41303 -1.9432 1.3003 -1.0824 1.4215 2.1238 0.14871 -0.067743 -1.1442 -0.80036 1.3925 -0.89605
-0.20118 1.8182 1.4904 -0.73775 -0.18033 -1.5087 -0.8693 0.49074 -0.97927 1.4724 1.5662 0.32451 -0.81795 -0.28677 1.0087 -0.72589 2.313 -0.3099 2.3256 1.4223 -0.47786 -1.6573 -0.28023 -0.33544 1.0474 -2.5167 -0.85724 -0.86575 -1.3735 0.71946 -1.1477 0.17295 1.2521 0.72976 1.4618 -0.44679 -0.61804 0.83024 0.40789
-0.93503 1.3205 0.60145 0.48232 0.82413 0.23643 1.167 0.53232 -1.8817 -0.24842 0.67072 -0.42947 -1.4411 -0.82018 0.6498 -1.148 2.354 -1.2216 2.2282 1.9282 0.010215 -1.0181 -0.59121 -0.42503 1.6848 -2.1691 -0.72606 -1.062 -0.1947 -0.28539 -0.65356 -1.0251 -0.20371 0.94896 2.5273 0.2708 -0.27688 0.18679 1.3916
-0.35062 0.96617 0.027518 1.099 0.098343 0.54516 -0.016221 -0.64037 -1.1867 0.2055 0.56322 -0.050525 -1.6437 -0.66768 0.084691 -1.0177 2.3124 -1.0959 1.5907 1.8794 0.66033 0.8644 0.017084 -0.24561 1.3761 -1.5028 -0.12955 -0.91235 0.68056 -1.394 0.0516 -1.7156 -1.7527 0.36746 2.124 1.0704 0.18795 -0.20584 1.8357
-0.98511 1.5381 0.44767 1.1685 -0.082721 0.37244 0.027609 0.64973 -0.31319 0.77521 0.23131 0.63196 -1.5197 -0.68116 -0.28305 -0.45516 1.3247 -0.73842 0.45274 0.061577 0.37843 1.9974 0.57064 -0.41113 1.0438 -0.79017 -0.0056013 -0.81935 0.77917 -2.6554 1.2768 -2.2197 -2.0279 -0.2636 1.2197 0.58551 0.50415 -0.53999 2.3798
-0.86708 1.275 0.25981 0.9264 -1.3993 0.13243 0.57734 1.5641 -1.0476 0.46725 0.72016 1.8532 -1.7134 -0.5876 -0.059855 0.088971 0.27209 -0.44735 -0.14187 -1.0928 0.017753 1.4703 1.285 0.054039 0.91387 -0.20127 0.10721 -0.88838 0.35791 -3.2677 1.7166 -1.977 -0.99574 -1.1679 -0.2201 -0.46874 0.42715 -1.0315 2.7591
-0.80678 1.1711 0.34044 1.5972 -0.56063 -0.24927 0.72185 1.5803 1.6309 1.3968 0.73074 1.1073 -1.7714 -0.87172 -0.65715 -0.36989 -1.4969 0.84476 -1.2449 -0.57554 -0.19588 1.3545 -0.05587 0.49431 0.75873 1.077 0.38883 -0.4615 -0.11857 -2.8265 1.8133 -1.4647 0.66278 -1.5908 -1.208 -1.089 0.20099 -1.5689 2.6207
-1.204 1.3732 0.88219 1.1191 -0.21679 -0.20242 -0.64844 -0.089492 1.3129 1.3709 0.61292 0.7643 -1.8036 -0.38384 -1.2231 -0.4559 -2.2718 1.3238 -1.426 0.23862 -1.3096 0.74063 -0.62434 0.20702 -0.67281 2.0823 0.69993 0.13504 -0.22608 -1.7972 1.2035 -0.74952 1.0312 -1.4875 -1.7019 -1.3471 -0.31694 -1.7873 1.8021
-1.364 1.0864 0.2043 0.8429 0.30302 0.67482 -0.84014 -0.087067 -0.75652 1.2113 0.63271 0.71273 -1.5591 -0.095087 -0.48129 -0.40061 -2.5885 1.7678 -1.7705 0.69907 -2.024 -0.22424 -0.67903 -0.063446 -1.4852 2.3599 0.92138 0.82124 0.047268 -0.029896 0.11691 0.19528 0.44082 -0.79016 -1.574 -0.45695 -0.38646 -1.6771 0.28815
-1.3828 0.19525 -0.59058 -1.6358 1.0796 -1.875 -0.18718 -0.01092 1.489 -0.49775 1.4608 1.7979 0.10234 0.26371 0.071488 -0.2991 -2.4779 1.3449 -1.348 0.2979 -1.9368 -1.3972 -1.1277 -0.34487 -1.7462 2.1072 0.55519 0.85949 0.12292 1.3157 -0.39166 0.6605 -0.46934 0.48185 -0.61582 0.14282 -0.17489 -0.99179 -1.0684
-1.065 0.34269 0.35405 -1.2508 0.54474 -1.2663 1.5356 -0.61287 0.51331 0.28582 0.2681 -0.47037 0.46023 0.43685 0.064119 -0.37997 -1.4454 1.0602 -0.90818 0.26138 -1.4169 -0.95633 -0.73512 -0.055446 -2.2546 1.5325 0.48891 0.1521 0.26827 2.3197 -0.81342 1.3835 -1.2943 1.4519 0.055866 0.6769 0.061373 -0.23529 -1.8317
-0.7786 1.4616 0.12125 -1.2449 0.86653 -1.9454 1.2838 -1.4432 -0.91096 0.53202 0.64928 -0.30492 -0.14138 0.33315 -0.06318 -0.26733 -0.42479 0.95449 -0.5732 -0.4664 -0.71463 -0.19622 -0.31888 -0.17254 -2.3961 0.74006 0.36883 -0.82818 -0.058665 1.9316 -0.99547 1.1558 -1.4806 2.0564 0.88249 0.52211 0.42392 0.83712 -1.4649
-0.75406 1.4848 0.33442 -0.90432 1.2458 -0.96336 -0.76148 -1.5931 -0.62087 0.11085 0.1127 -1.1631 -0.25263 0.73562 -0.16613 0.033234 0.64657 0.45282 0.53768 -1.4654 0.11907 -0.67179 0.27 -0.022496 -1.6762 0.036375 0.2558 -1.5975 0.10735 0.6945 -1.4798 0.84886 -0.73994 2.0702 1.3598 -0.17898 0.39269 1.8453 -0.27613
-1.0965 0.79849 -0.03032 -0.63471 1.279 -0.78734 -0.66784 -1.713 -0.25073 0.35557 1.151 -1.6597 -0.19164 0.76681 -1.2074 -0.62021 0.025211 -0.20129 0.18016 -1.7519 1.2056 0.4051 -0.58865 0.53714 -0.29461 0.44946 0.051874 -1.4777 0.40948 -0.5204 -1.788 0.60112 0.81283 1.4339 1.4017 -0.71772 0.23043 2.2268 0.79837
-1.1104 0.21318 -0.57692 -0.76419 1.7832 -1.2252 -0.6928 -0.18226 0.29759 0.08825 0.55454 -1.4046 0.037472 0.67208 -2.0462 -0.031522 -0.39213 -1.1156 0.36688 -0.55203 1.5598 1.7221 -0.97114 0.42173 0.55699 1.2208 -0.34203 -0.51171 1.0199 -1.0763 -1.4911 0.6832 1.6739 0.24997 1.0322 -1.1025 -0.40952 1.348 1.1292
-0.048777 0.24777 0.13126 -0.92599 0.98367 -1.2846 -0.99688 0.073324 -0.19064 0.20241 1.096 -0.368 0.46389 0.45534 -1.605 0.45848 -0.85734 -1.5901 0.68024 0.67527 1.2846 1.6767 -1.1546 0.092154 1.1525 1.4523 -0.57868 0.81583 1.7857 -0.58388 -0.87517 1.3653 1.524 -1.1105 -0.33571 -0.78512 -0.89663 -0.16174 0.42506
-0.18461 -0.34257 -0.30894 -1.4683 -0.12253 -1.2844 -0.48833 0.58263 0.6588 -0.61346 1.0466 -0.87616 0.6687 0.28325 -0.83129 1.2409 -0.88459 -1.6277 1.6159 0.61325 0.53456 0.96153 -1.6785 -0.67478 0.41603 1.3817 -0.70141 1.2605 1.2934 -0.014872 0.10961 1.4426 0.60696 -1.7157 -1.2573 -0.57344 -1.0274 -1.3517 -0.45822
-0.41227 -0.39501 0.44681 -1.5332 -0.31819 -0.88129 0.10056 -0.031295 2.2481 -0.78945 1.0149 0.21652 0.9403 -0.066546 -0.45536 1.8121 -0.79699 -1.5706 2.2157 0.66269 -0.42913 0.089604 -1.8271 -0.82575 -0.58534 1.0615 -0.3433 0.8289 0.70401 0.65535 0.60904 1.0149 -0.19262 -1.4651 -1.388 -0.045418 -0.72502 -1.6827 -0.85375
-0.77352 -0.087838 0.63548 -1.7273 -0.17614 0.38942 0.013021 -0.11816 1.5182 -1.0969 0.28479 -0.27787 1.0586 -0.31239 -0.51672 1.5106 -0.44622 -0.91294 2.4102 0.64763 -0.88832 -0.17756 -1.8005 -1.3087 -1.4394 0.66063 0.28843 0.097681 -0.27806 1.0327 0.38818 0.051857 -0.32865 -0.5996 -1.0523 0.59494 -0.18388 -1.157 -0.93653
-0.73248 -0.10406 0.97496 -1.4994 -0.17609 1.0223 -0.2739 -0.52338 0.36437 -1.727 -0.082704 -1.739 1.1347 0.14279 -0.3809 1.5254 0.12988 -0.80307 2.259 0.27856 -0.82969 -0.73034 -1.1954 -1.1369 -1.4815 0.40881 1.0443 -0.37655 -0.85806 1.2038 -0.092808 -0.82501 -0.25513 0.37803 -0.15427 0.94165 0.35839 -0.14109 -0.75943
-0.55555 -0.35409 1.3482 -1.8362 -0.50964 0.82114 -0.012268 -0.47804 -0.16977 -1.9508 -0.17821 -1.7889 1.1256 0.68848 -0.71183 0.89113 0.55101 -1.2792 1.6899 0.15821 -0.43525 -0.87737 -0.806 -0.91388 -1.5914 0.1683 1.2752 -0.35949 -0.89709 1.0483 -0.89484 -1.1739 -0.10678 0.97855 0.50726 0.97367 0.85711 0.93702 -0.49625
-0.18886 -0.65648 1.1865 -1.5575 -0.60526 1.1831 0.10994 -0.99509 0.54982 -2.0294 -0.55574 -1.8832 1.1332 1.2833 -0.99539 0.62775 0.91765 -1.5529 0.95945 0.40491 0.044271 0.13699 -0.4375 -0.2641 -0.82714 0.058265 0.73561 -0.109 -0.76613 0.76893 -0.9458 -1.0438 0.19058 1.2327 0.79331 0.7552 0.87593 1.2943 -0.28182
-0.16547 -0.67747 1.3192 -1.1726 -1.4051 1.4186 0.071743 -0.46518 0.61248 -1.7849 -0.20844 -1.8309 1.1629 1.3771 -0.81849 0.39794 1.0876 -2.2001 0.76245 0.37381 0.52333 0.52006 -0.22812 0.075033 0.1843 0.018002 -0.041562 0.38507 -0.41728 0.40042 -0.39976 -0.8624 0.34035 1.1515 0.40168 0.579 0.65463 1.3447 -0.10492
0.12285 -0.94442 1.2982 -0.8299 -1.8707 1.5379 0.24956 -0.58339 0.70282 -1.7707 -0.46479 -1.7739 1.1405 1.1014 -0.51704 0.43648 1.2765 -2.0998 0.67917 0.54505 1.0259 0.32222 0.026862 0.22881 0.3333 0.017583 -0.64337 0.58388 -0.49926 -0.049524 0.24979 -0.86006 0.27542 0.68532 -0.34234 0.15443 0.20255 0.95166 -0.045324
0.60827 -0.99946 1.3999 -0.63547 -1.7971 1.6392 0.44779 0.034059 1.3325 -1.9616 0.011804 -1.8143 1.1395 0.70417 -0.31296 0.25334 1.11 -1.7439 0.14071 0.75705 1.2533 -0.06752 0.11801 0.229 0.63732 0.012252 -0.89543 0.4293 -0.67354 -0.47022 0.96965 -1.1862 0.24735 0.27737 -0.72194 -0.076007 -0.053788 0.70154 -0.038853
0.62107 -0.87488 1.518 -0.45605 -3.2091 1.7828 0.12211 0.17065 0.51433 -2.2455 -0.031951 -1.3468 1.1573 0.47729 -0.27715 -0.17484 0.81891 -1.307 -0.41448 0.75448 0.96701 -0.27936 -0.30974 0.086403 0.9281 -0.017547 -0.82535 0.14641 -0.85335 -0.67926 1.2446 -1.2431 0.11497 -0.12213 -0.62798 -0.077931 -0.20554 0.71213 -0.049049
0.43493 -0.91662 1.7746 -0.29959 -2.7603 1.6162 0.94757 0.85899 0.35062 -1.7014 -0.055026 -1.4478 1.151 0.099646 -0.22633 -0.47208 0.45657 -0.77917 -1.0123 0.75507 1.0602 -0.71204 -0.22326 0.028328 1.3423 -0.032511 -0.41165 0.015961 -0.73304 -0.56234 1.5143 -0.7875 -0.11099 -0.34984 -0.23523 -0.024927 -0.13041 0.26251 -0.037456
0.39182 -1.0097 1.2007 -0.13465 -2.678 1.231 1.0878 0.65288 0.60645 -1.7067 -0.25608 -0.9799 1.1608 -0.061516 -0.32205 -0.68683 0.3597 -0.25165 -1.1771 0.77161 0.86568 -0.68476 0.03018 -0.11164 1.4585 -0.044829 -0.0089037 0.081157 -0.38574 -0.36798 1.2767 -0.068671 -0.45515 -0.32971 0.1475 0.037278 0.14298 -0.3371 -0.044395
0.49375 -1.0938 0.9881 -0.17879 -3.1149 0.85371 0.8604 0.5865 0.32454 -2.5093 -0.092559 -0.61058 1.1241 0.24199 -0.27069 -0.76904 0.31072 0.56218 -1.0211 0.52956 0.61165 -0.34281 -0.11248 0.047092 0.90368 -0.039895 0.16083 0.14938 -0.040699 -0.26101 0.96614 0.58229 -0.70918 -0.61586 0.55166 0.064369 0.36102 -1.1845 -0.055432
0.44669 -1.1876 0.94757 -0.36953 -2.7076 0.3503 1.1678 1.2438 -0.35399 -2.0154 -0.21543 -0.013825 1.1048 0.38875 -0.12595 -0.70535 0.21971 0.41278 -0.54973 -0.028721 0.53743 -0.11243 -0.30033 0.37777 0.41718 -0.091019 -0.17415 0.28144 0.082325 -0.35228 0.76089 0.90814 -0.67318 -0.86403 0.72953 0.39049 0.40658 -1.816 -0.050231
0.61581 -1.2358 0.97927 -0.047899 -2.5216 0.64492 1.3282 1.3369 0.28623 -1.7931 -0.05598 -0.069107 1.1195 0.15815 -0.0811 -0.54631 0.050814 0.69944 -0.19465 -0.24042 0.0231 0.22932 0.061375 0.54828 -0.65056 -0.10467 -0.72362 0.37276 0.023764 -0.54411 0.44142 0.95242 -0.60549 -1.1793 0.73406 0.75969 0.124 -2.014 -0.07652
0.88308 -1.0246 0.94233 0.045715 -2.2775 0.81221 0.90385 1.0224 0.048541 -2.3008 0.10146 -0.76412 1.1407 -0.33 0.047613 -0.66936 -0.15364 1.1075 0.17716 -0.16825 -0.51594 0.64221 0.71966 0.49935 -1.6068 -0.099171 -1.1552 0.48456 0.086605 -0.88 0.47765 0.48147 -0.62799 -1.1107 0.47592 1.0107 -0.31622 -1.5157 -0.085453
0.70456 -1.0499 0.85803 -0.047349 -2.436 0.93497 0.8548 1.5662 0.44884 -2.1213 0.56768 -0.90326 1.0298 -0.68342 0.25994 -0.75927 -0.49802 1.0464 0.46937 -0.59236 -1.1407 0.90273 0.89777 0.24665 -2.3433 -0.16565 -1.1245 0.65485 0.11906 -1.1174 0.40151 -0.23931 -0.76104 -0.55834 0.14907 0.87955 -0.68407 -0.12699 -0.098286
0.37135 -1.2122 0.44338 -0.26963 -1.9252 0.65694 0.69471 0.14334 0.90746 -1.7582 0.44622 -1.7617 1.0542 -1.2406 0.50819 -0.46266 -1.1179 1.1385 0.052701 -1.0887 -1.0284 0.61424 1.3073 -0.14769 -1.9469 -0.205 -0.80455 0.84265 0.41667 -1.1362 0.56458 -0.93506 -1.0437 0.19225 -0.26028 0.25564 -0.92598 1.3199 -0.065027
-0.0081369 -1.0527 0.32852 -0.54799 -1.5195 0.88207 0.99382 0.12512 0.91943 -1.2049 0.39899 -2.2713 1.0388 -1.3823 0.77849 -0.45743 -1.5149 1.4411 -0.60525 -1.2779 -0.81186 0.59825 1.5292 -0.58711 -0.76863 -0.21727 0.038219 0.90647 0.68986 -0.56388 0.83405 -1.4331 -0.83198 1.2204 -0.34101 -0.097489 -0.38762 2.5225 -0.040962
-0.059859 -0.82132 0.37252 -0.89618 -1.4668 1.12 0.26859 -0.15125 1.0409 -0.88248 -0.048649 -2.7629 0.93453 -1.4089 1.1928 -0.11442 -1.7276 1.9716 -1.1168 -1.8792 -0.33577 0.26217 0.90866 -1.0574 0.36249 -0.18435 0.99746 0.54866 0.5397 0.31126 0.61883 -1.5033 -0.46724 1.7067 -0.28948 -0.26437 0.37795 2.5698 -0.039664
-0.51061 -0.54804 0.81925 -1.4112 -1.1614 0.55407 -0.48371 0.35143 0.89199 -0.55774 -0.18155 -2.0521 0.93951 -0.53308 1.429 0.24394 -1.2249 2.1942 -1.7494 -1.8343 0.82417 0.37151 0.89039 -0.12668 1.7894 -0.24751 1.2585 -0.14794 0.25599 0.93169 0.011864 -1.2627 0.12691 1.5591 -0.3994 -0.26129 0.86953 1.6152 -0.0090015
-0.38442 -0.2353 0.2835 -1.7583 -0.48306 -0.22212 -0.63086 0.15952 1.0952 -0.7259 -0.48196 -1.1232 0.90722 0.10205 1.095 0.10484 -0.68811 1.9246 -2.3158 -1.7302 1.3951 0.13204 1.0838 0.42277 2.161 -0.25929 1.2033 -0.87518 -0.27983 1.2948 -0.4244 -0.43295 0.99589 0.90113 -0.48613 -0.24731 0.76982 0.34454 -0.04402
-0.88837 0.046596 0.62332 -2.0986 0.31625 -0.4603 -1.5463 0.75865 0.92819 -1.2986 -0.90167 -0.64044 0.87881 0.092474 0.57269 -0.13852 -0.32091 1.4946 -2.4766 -1.1033 1.2819 -0.17049 0.90493 0.51939 1.7101 -0.19894 0.79488 -1.2626 -0.66478 1.0926 -0.80189 0.71942 1.3375 -0.0071989 -0.85056 -0.60159 0.1048 -0.70645 -0.095503
0.21597 0.15298 0.65313 -1.3125 0.79067 -1.2747 -0.99912 1.4533 1.7363 -0.05607 1.2221 0.16692 0.78921 0.41065 0.14816 -0.41939 0.20068 1.5373 -1.6041 -0.28627 1.1359 -0.48863 0.39284 0.25402 1.1063 -0.28518 0.25523 -1.296 -1.0155 0.81312 -0.98814 1.8755 1.5479 -0.94413 -0.77138 -1.1263 -0.61258 -0.93917 -0.078984
0.10887 -0.14065 0.3682 -1.3723 0.22419 -1.5166 -1.2848 2.0142 0.73278 0.55159 0.76405 -0.40326 0.75673 0.72064 -0.21916 -0.65452 0.33977 0.89922 -0.70628 0.074072 0.91681 -1.1298 0.013564 0.17719 0.80926 -0.39551 -0.4211 -1.0499 -0.94175 0.41865 -0.9437 2.6703 1.2145 -1.7422 -0.55856 -1.4153 -1.2883 -0.70263 0.051879
-0.51347 -0.29688 0.33501 -1.695 0.086272 -1.7828 -1.2931 1.154 0.51017 -0.12579 -0.062483 -0.88532 0.79085 0.23901 -0.68665 -1.4031 0.47756 0.38607 0.45521 0.72543 -0.25152 -1.0284 -0.74983 -0.71295 0.61422 -0.29487 -0.88909 -0.58225 -0.43245 0.30281 -0.62534 2.7228 1.1327 -2.2547 0.18499 -0.97744 -1.1189 -0.14986 0.24125
-0.083831 -0.19732 0.22049 -1.316 1.4746 -1.0555 -0.70631 1.7932 0.17498 -0.83084 -0.41521 -0.068273 0.61809 -0.57003 -0.77528 -1.2853 0.31255 0.31687 1.7018 0.77934 -1.3802 -1.0794 -1.3855 -1.7417 0.45674 -0.11343 -0.74371 -0.092444 0.15082 0.40323 -0.17182 2.1019 1.0962 -2.2503 0.87439 0.11548 -0.71484 0.12573 0.3154
0.49598 -0.26231 -0.35507 -1.5054 0.71845 -0.97885 -0.94579 1.6098 -0.67558 -0.99354 0.054256 0.48458 0.46832 -0.52225 -0.55588 -0.86362 0.77354 0.6693 2.5024 1.5887 -2.0516 -0.081028 -0.88715 -1.1706 0.94632 -0.035121 -0.10063 0.4306 0.7662 0.40852 -0.20609 0.79024 1.041 -1.889 1.2832 1.5717 -0.023086 -0.12932 0.14811
-0.61474 -0.74408 -0.82639 -1.0765 0.68451 0.038263 -0.31895 0.19241 0.2793 -1.6465 -1.2545 0.29178 0.6841 -0.21916 -0.44629 -0.67722 0.93537 0.4448 2.3683 1.7981 -2.5107 0.32353 0.30458 -1.1184 0.88692 -0.01273 0.6217 0.96197 1.0243 0.49774 -0.47772 -0.71549 0.84673 -1.0564 1.2063 2.5962 0.26618 -0.34788 -0.29097
-0.54815 -0.68426 -0.30926 -0.97814 0.87483 0.60173 -0.19475 -0.508 -0.12908 -0.94645 -1.2571 0.19345 0.77391 -0.11646 -0.13685 -0.39801 0.91945 -0.054668 1.6592 2.2633 -3.3227 1.0832 1.5613 -1.0772 0.10613 -0.10681 0.97339 1.7058 1.3426 0.20812 -1.2024 -1.6694 -0.35901 0.41407 0.12884 2.5451 0.76754 -0.59699 -1.051
-0.52395 -0.57764 -0.18993 -0.44805 1.2518 1.2076 1.044 -0.8485 0.9116 -0.32476 -0.69027 0.66508 0.69721 0.32798 0.61947 0.23651 1.1567 -0.20483 0.7208 2.1071 -2.7886 0.98496 2.6105 -1.2255 0.12391 -0.55897 0.75638 1.8909 1.6928 -0.028776 -1.5395 -2.0115 -1.6289 1.8409 -0.60023 1.4748 1.5651 -0.60349 -1.549
-0.2156 -0.60509 -0.45492 -0.65599 1.0342 0.6093 0.90055 -1.8953 0.57675 0.096655 -1.8577 0.51376 0.62243 0.92875 1.7613 0.98342 1.0483 -1.2419 0.06118 0.72741 -1.1438 -0.10065 3.0771 0.51257 0.050698 -1.4893 0.3076 0.80313 1.4958 -0.56645 -1.547 -1.6782 -2.6786 2.7505 -1.3418 -0.040557 1.7402 -0.61267 -1.1176
0.1825 -0.23235 -0.54147 -0.32896 0.95123 0.59741 2.1538 -2.8297 1.6576 0.97204 -1.6539 0.046154 0.35011 0.59798 1.7648 1.5404 0.8215 -1.8267 -0.76552 -0.63886 -0.10192 -0.35362 2.5076 1.4132 -0.37617 -1.8652 -0.52316 -0.96155 0.63232 -1.041 -1.0579 -0.77175 -2.2933 2.6522 -1.2749 -1.5617 1.6893 -0.87061 0.0497
0.39334 0.37035 -0.13135 0.1082 0.070565 -0.0078521 1.2722 -2.0421 0.46721 1.8827 -2.1306 0.83477 -0.12621 0.29244 0.62873 1.5182 0.050601 -2.1228 -0.87975 -1.6335 0.57209 -1.1238 1.5208 1.3024 -0.95396 -1.2902 -0.89536 -2.6703 -0.64634 -0.94902 0.081715 -0.098633 -0.67185 1.9608 -1.1676 -2.5817 0.45396 -0.74774 1.4936
0.031703 1.2621 0.69265 0.17032 -1.1211 0.76061 -0.20718 -0.62729 -0.62568 1.8937 0.8186 0.22005 -0.92202 -0.28319 -0.43163 1.0471 -0.2521 -1.7308 -0.32111 -1.2243 1.4035 -1.2348 0.23206 1.9704 -1.2267 -0.58143 -0.32843 -3.1473 -1.9074 -0.2834 1.4056 0.4329 1.232 1.3465 -0.83877 -2.838 -0.3628 -0.57562 2.2675
-0.14598 0.59397 1.3765 -0.07086 -0.80597 -0.32821 -0.76977 -0.81233 0.077975 1.7526 0.97742 -0.30527 -0.80668 -0.22002 -1.6198 0.10131 -0.1536 -1.1295 -0.3592 -0.30209 1.8311 -2.159 -0.99674 1.1964 -1.1184 0.31289 0.6847 -2.4409 -2.6408 0.88284 2.4324 0.37526 2.273 0.57944 0.098028 -2.531 -1.1138 -0.079523 2.0846
-0.037771 -0.86017 0.52547 -0.91391 -0.99272 0.13091 -0.33909 -1.0244 -0.6623 1.1571 -0.49853 -0.66943 0.063323 0.27022 -2.3893 -1.0563 0.40675 0.30765 -0.18619 1.1184 1.8211 -1.6222 -1.9616 0.69086 -1.5261 1.0461 1.376 -0.85666 -2.7369 1.7024 2.5472 0.44699 1.6338 -0.041001 0.93611 -1.7802 -1.4668 0.36248 1.136
-0.33594 -0.94009 -0.049833 -0.69824 -0.77434 0.42462 0.78167 -0.39565 -0.67561 0.45401 0.71035 -0.98705 0.13766 1.2284 -2.4875 -2.001 1.3452 1.4051 -0.22014 1.6658 1.4485 -0.68582 -2.4918 -0.43112 -0.99245 1.309 1.3241 1.1161 -1.806 1.7516 2.0202 0.68402 -0.063263 -0.31765 2.0087 -0.73925 -0.78722 0.5573 -0.1973
0.34685 -1.2284 -0.3841 0.26775 -0.7508 -0.15472 1.9161 0.26092 -2.6727 0.26586 -0.43594 -0.58815 0.34095 1.4311 -1.4395 -2.6384 2.127 1.7632 0.47648 1.0051 1.4932 0.089427 -2.6172 -0.34017 -0.54773 0.77832 0.79694 2.2279 -0.79629 0.67548 0.87839 0.68321 -1.9508 -0.72056 2.0027 0.67746 -0.66046 0.66394 -0.96393
0.69302 -1.2644 -0.57268 1.0284 0.39693 0.0012951 1.5848 1.2607 -1.7576 -0.34204 0.35635 -1.3448 0.35841 1.5461 -0.23233 -2.2377 2.2051 1.9207 0.63935 -0.37047 1.3643 1.3707 -2.1686 0.033529 -0.45571 0.11897 -0.044716 2.2737 -0.2647 -1.0699 -0.28504 0.52348 -2.6782 -1.4094 1.5398 1.8132 -0.40289 0.058496 -1.0318
1.3374 -1.3397 -0.80058 1.6256 0.72309 0.22252 0.8164 0.77465 -0.36816 -1.1659 0.30683 -1.0121 0.26107 1.523 0.20766 -2.3255 1.2201 1.6969 0.71238 -1.7016 0.46171 1.722 -0.76866 -0.95014 -0.41819 0.056561 -0.23856 1.5319 -0.1251 -2.4478 -1.3398 -0.033074 -1.9819 -2.1813 0.3746 2.6336 -0.69321 -0.052567 -0.54917
0.91479 -1.2673 -1.6471 1.7472 1.0857 0.64113 0.20972 0.74703 0.43126 -1.4254 -0.14649 -0.98271 0.21064 1.1015 0.49014 -2.6275 -0.16199 0.91414 0.67837 -2.2498 -0.75485 1.8672 0.22674 -0.9868 -0.95498 -0.02592 -0.16486 0.9005 -0.060901 -2.7818 -2.0491 -0.27613 -0.61807 -1.9315 -1.2306 2.749 -0.27568 -0.064296 -0.12576
1.3045 -0.96554 -1.7329 1.2402 1.0095 1.0548 -0.33726 1.0692 1.0368 -1.2501 -0.058396 -1.3755 0.23336 1.2288 0.7581 -2.6727 -1.1795 -0.22608 0.3868 -1.9545 -1.6428 0.68497 1.4807 -1.3084 -0.42958 -0.05389 0.19113 0.55956 0.67505 -2.0718 -2.0728 -0.66354 0.62706 -1.076 -2.0231 1.6749 0.90024 0.092041 -0.081133
1.4207 -0.77208 -2.3903 0.75535 1.1191 0.73556 -0.67815 0.27349 0.15384 0.35617 -1.4197 -1.3537 0.35315 1.3993 0.99377 -2.1824 -1.6982 -0.93385 0.25742 -1.4605 -1.3011 -0.74614 2.2348 -0.37737 -0.60618 -0.03635 0.2629 0.21467 1.3435 -0.86956 -1.3645 -0.86833 1.1479 -0.052462 -2.0008 0.1535 1.6743 0.21311 -0.056825
1.6613 -0.88777 -2.9267 0.25983 0.44031 0.34527 -0.71248 -0.82446 -0.041495 0.25566 -1.2567 -2.2857 0.31928 1.7115 0.88612 -1.3962 -1.8116 -1.2395 -0.37826 -0.86336 -1.3465 -1.3244 1.5914 0.65705 -0.41977 -0.075615 -0.18237 -0.079167 1.7018 0.2506 -0.32865 -0.66684 1.2507 0.50354 -0.68353 -1.5378 1.9896 0.16573 -0.022573
2.3025 -0.50909 -3.0424 -0.0070134 0.11587 0.60955 -1.0285 -1.1184 -0.29221 0.93309 -1.0103 -1.1654 0.19397 1.3248 0.77876 -0.96033 -1.4388 -1.1176 -0.64007 -0.53792 -1.0265 -1.4328 0.47032 1.5893 -0.53231 -0.1126 -0.90119 -0.25271 1.5815 0.98588 0.63501 -0.3684 1.1901 0.35883 0.73327 -2.1462 0.95364 0.54484 0.13143
2.5627 -0.27296 -2.849 -0.15305 -0.28111 0.95966 -1.169 -0.20019 -1.3048 1.0136 0.49536 -1.7269 0.19283 0.94106 0.72609 -0.35994 -0.84576 -0.73967 -0.47203 0.043901 -0.84012 -0.42133 -0.7455 1.9381 -0.13862 -0.057155 -1.5753 -0.45131 1.1884 1.2113 1.2976 -0.16022 1.0353 0.023426 1.6486 -1.6995 -0.62101 0.38866 0.34702
2.5553 -0.39052 -2.8461 -0.56298 -0.15681 0.037172 -0.8553 -0.89233 -0.99881 -0.099135 0.8351 -1.5852 0.17862 0.18485 0.64361 0.01559 -0.36795 0.0091198 -0.42056 0.42647 -0.8911 0.42345 -0.93089 1.0076 0.37892 0.16549 -1.7217 -0.67728 0.78887 1.1007 1.4527 -0.25179 0.88174 -0.42016 2.0203 -0.70235 -2.0242 0.46974 0.43864
2.3966 -0.17018 -2.9411 -0.51902 -0.098744 0.11652 -1.1494 -0.60592 -1.1686 -0.30781 1.3909 -2.4023 0.22194 -0.5137 0.19089 0.15358 -0.11995 0.62644 -0.80642 0.6904 -1.3925 1.3526 -1.1423 -0.37689 -0.07837 0.34984 -1.7146 -0.84981 0.27922 0.85085 1.0334 -0.40251 0.62226 -0.2601 1.4482 0.16774 -2.4389 0.42179 0.33737
2.3756 -0.11946 -3.0036 -0.17448 0.10806 0.19412 -0.35811 -1.7809 0.12706 -0.34956 0.50342 -1.3581 0.3399 -1.0025 -0.09491 0.13112 0.22222 0.9182 -0.97008 0.87274 -1.5772 2.091 -0.75662 -1.5635 0.40521 0.3986 -1.393 -0.8028 0.16527 0.57517 0.27432 -0.43525 0.54172 0.30089 0.77982 0.3053 -1.6556 0.53647 0.053251
1.9765 -0.14301 -2.8985 -0.22137 0.38557 0.1148 -0.31087 -2.1933 0.60863 -0.22749 -0.30642 -1.1382 0.47707 -1.5075 -0.33488 0.05093 0.42444 0.74207 -0.98873 1.0442 -1.0178 1.9157 -0.50499 -1.9689 0.71497 0.37497 -1.0919 -0.33377 0.49777 0.39991 -0.43346 -0.29078 0.36903 1.3318 -0.10432 0.2748 -0.26978 0.56219 -0.23324
1.934 -0.37055 -2.7201 -0.32854 0.78939 -0.3897 -0.381 -2.5447 1.2192 -0.33754 -1.1509 -1.7373 0.50367 -1.7901 -0.445 0.33889 0.41907 0.47108 -1.1848 1.3146 -0.52611 1.8639 -0.64474 -1.7223 1.0903 0.23584 -0.66656 0.091752 0.95931 0.30022 -1.0692 -0.266 0.41523 1.649 -0.75892 -0.01282 0.92327 0.23375 -0.43402
1.5087 -0.4364 -2.7451 0.012388 0.70263 -0.57146 -0.013128 -2.0278 1.5248 -0.30089 -1.0091 -1.2014 0.52026 -2.0579 -0.2 0.89552 0.51912 0.048925 -1.2724 1.1948 0.6062 1.2718 -0.65488 -0.87496 0.74125 0.044472 -0.26873 0.40804 1.2356 0.11224 -1.3366 -0.25261 0.31442 1.414 -1.2399 -0.044345 1.3699 0.16308 -0.47968
0.87098 -0.65378 -2.9932 -0.055786 0.51388 -1.1607 0.49097 -1.9147 1.3295 -1.0749 -1.2989 -0.80599 0.5174 -1.9109 -0.015588 1.3512 0.72938 -0.72271 -1.3532 1.6137 0.74183 0.79984 -0.71781 -0.14956 0.86309 -0.15204 0.15704 0.40001 1.1085 -0.28308 -1.0977 -0.032752 -0.088051 1.1246 -1.7531 0.18655 1.2189 0.014113 -0.26998
0.67597 -0.41653 -2.4757 0.12371 0.42791 -0.96938 0.82461 -1.7128 2.0906 -1.0332 -0.91664 -0.55915 0.46397 -1.9252 0.12693 1.664 0.4787 -1.1476 -1.4033 1.5126 1.0298 -0.20777 -0.56811 0.15598 1.1509 -0.22183 0.71106 0.17314 0.75375 -0.70449 -0.33836 0.23522 -0.30768 0.72637 -1.8301 0.75096 0.87858 -0.11698 0.050648
0.28498 -0.15166 -1.8099 0.49687 0.25024 -1.2078 0.99295 -0.95578 2.0746 -0.81938 -0.92109 -0.54957 0.41967 -1.5795 0.0546 1.8544 -0.076991 -0.97141 -1.1889 0.98188 1.3901 -1.1641 -0.32259 0.35224 0.89433 -0.077988 0.94047 -0.011486 0.39285 -1.1312 0.57374 0.66733 -0.83142 0.4635 -1.5286 1.2563 0.36783 -0.48627 0.33403
0.27875 -0.30991 -1.5057 0.58823 -0.59161 -1.74 1.7341 -1.7032 1.711 -1.0348 -0.77645 -0.40001 0.32026 -0.96419 0.047989 1.9315 -0.36753 -0.45032 -0.90091 0.90483 1.6483 -1.6809 0.65015 0.73997 0.45861 0.086089 1.0848 -0.15185 -0.05193 -1.2562 1.1399 1.1021 -1.1575 -0.13574 -0.55219 1.298 -0.034321 -0.59772 0.41728
-0.14842 -0.40892 -1.3676 0.017896 -0.51769 -2.2216 1.324 -0.79142 0.33582 -1.0208 -1.0463 -0.048023 0.32891 -0.72517 -0.0022679 1.8822 -0.92059 0.0072012 -0.30711 0.28142 1.296 -1.7449 1.1938 0.33758 0.16509 0.23719 0.88165 0.013256 -0.32086 -1.0565 1.2966 1.2218 -1.283 -0.46113 0.53442 0.95197 -0.25858 -0.30491 0.2817
-0.21902 -0.5374 -1.2844 -0.34646 -0.18362 -1.8329 1.0993 0.30383 -0.44854 -0.95596 -0.40713 0.04569 0.57801 -0.43018 -0.10588 1.5472 -1.4021 0.49815 0.3019 -0.41484 0.79409 -1.0824 1.2785 0.086821 0.23683 0.30026 0.67326 0.23615 -0.52617 -0.59192 0.81332 1.0443 -1.1805 -0.86294 1.4514 0.22435 -0.36213 0.14384 0.03245
0.065739 -0.40023 -0.94781 -0.2967 0.28123 -1.9341 2.0136 0.33892 -0.37704 0.17477 0.072626 -0.4262 0.61229 -0.28462 0.14682 1.4795 -1.4958 0.98182 0.58953 -0.88277 0.91203 -0.2732 1.2709 0.12518 0.34272 0.27235 0.58176 0.39761 -0.75591 0.05966 0.020377 0.50506 -0.88313 -0.97733 1.7721 -0.43832 -0.19758 0.46425 -0.24632
-0.17245 -0.16806 -0.21353 -0.81408 0.26833 -1.0305 0.91941 -0.36875 0.3153 0.54764 -0.91733 -0.41592 0.62651 0.0078718 0.36206 1.2115 -1.1631 0.588 0.68408 -0.83585 0.16649 0.76095 1.0533 0.072232 0.65162 0.11732 0.40839 0.35898 -0.7423 0.58558 -0.88302 0.065541 -0.61317 -1.0636 1.4455 -1.015 -0.068268 0.36371 -0.3881
-0.16988 -0.40772 -0.41874 -1.1684 0.36638 -1.2138 0.47102 -0.45255 0.67271 0.15851 -0.96649 0.10196 0.5965 0.085881 0.4228 0.73222 -0.92716 0.0081403 0.4823 -1.2459 -0.28281 1.2062 0.41299 -0.078959 0.91377 -0.079517 0.44614 0.039364 -0.73595 1.0584 -1.5642 -0.13712 -0.17418 -1.1016 0.80016 -1.0654 0.16521 -0.28037 -0.34316
-0.17174 -0.18871 -0.20741 -1.3503 0.56855 -1.5786 0.58744 0.32474 0.56675 0.094539 -0.34161 0.37659 0.55752 0.1072 0.35047 0.62654 -0.60806 -0.65506 0.47788 -1.4401 -0.66623 1.3427 -0.34777 0.040175 0.69581 -0.16442 0.62925 -0.25593 -0.36539 1.3172 -1.6434 -0.10223 -0.0039209 -0.55264 -0.10688 -0.51363 0.40258 -1.1374 -0.16685
-0.078477 -0.049919 -0.38874 -1.2674 0.083674 -1.3536 0.49839 -0.15558 1.0786 0.28651 -0.54201 0.8844 0.53731 0.4553 0.21163 0.48862 0.17295 -1.3078 0.4193 -0.9239 -0.80193 1.2021 -0.18545 0.48925 -0.29024 -0.15371 0.91371 -0.60244 -0.06894 1.3719 -1.4452 0.085499 0.30967 -0.023414 -0.89228 0.090734 0.62702 -1.426 -0.039557
0.02575 -0.07805 -0.52729 -1.3116 -0.15306 -1.137 -0.2848 -0.20227 1.315 -0.097309 -0.32005 0.75144 0.53278 0.93746 0.032074 0.68942 0.7081 -1.8131 0.51038 -1.0052 -0.65421 0.56322 0.30742 0.64121 -1.1608 -0.1235 1.2809 -0.7617 0.040878 1.2077 -0.69246 -0.017551 0.58799 0.86624 -1.3459 0.25964 0.59043 -0.70203 -0.032453
0.086419 -0.0090468 0.21979 -1.1089 -0.63969 -0.9246 -0.08763 -1.321 1.9603 -0.10547 -0.33593 -0.049431 0.44358 1.2895 -0.43393 0.56854 0.93649 -2.1019 0.62738 -0.8548 -0.35676 -0.30615 0.25789 0.95113 -1.1796 -0.16921 1.4059 -0.71061 -0.14772 0.78627 0.16383 -0.2923 0.50533 1.6137 -1.4263 -0.16312 0.05156 0.5295 -0.099126
0.33611 -0.12207 0.22249 -0.54051 -1.3911 -0.58819 -0.27535 -1.3632 2.0155 0.42933 -0.22656 -0.95967 0.50251 1.96 -0.60942 0.64388 1.2305 -1.5424 0.33397 -0.31856 0.745 -0.78839 -0.056651 1.062 -0.35772 -0.21426 1.2432 -0.47343 -0.80567 0.48225 0.89843 -0.44548 0.32741 1.9063 -0.89352 -0.76987 -0.58441 1.545 -0.12273
0.96023 -0.40397 0.1575 -0.40512 -1.6435 -1.0644 -0.77966 -0.36219 0.71706 0.64692 0.34049 -0.92443 0.47746 2.4356 -0.66472 0.24319 1.3585 -1.1296 -0.068793 -0.27374 1.562 -1.1817 -0.34236 0.3851 0.40163 -0.27522 0.62169 -0.17919 -1.3322 0.17525 1.2724 -0.5373 -0.089198 1.449 -0.087052 -1.0745 -1.3544 1.5261 -0.060567
1.1243 -0.62068 0.057204 -0.3867 -1.9887 -0.78276 -0.28279 0.081819 -0.16827 0.16528 1.1726 -0.11254 0.3491 2.5675 -0.65238 -0.55163 1.3858 -0.61484 -0.016914 -0.65223 2.0097 -0.90377 -0.95382 -0.32265 1.2791 -0.27608 -0.59799 -0.064772 -1.4301 -0.16459 1.1312 -0.25788 -0.32821 0.45544 0.67049 -0.90923 -1.7328 0.5883 0.13242
2.0723 -0.51956 0.2376 0.24272 -1.3868 -0.92038 0.08596 0.99681 0.60404 -0.25216 0.61479 1.0999 0.31964 2.0866 -0.71949 -1.1461 1.184 -0.18344 -0.25182 -0.86403 1.7593 -0.40529 -1.4686 -1.2418 1.1927 -0.24197 -1.8719 -0.12722 -0.94888 -0.48274 1.0729 -0.12668 0.00086773 -0.37207 0.79686 -0.40613 -1.4626 -0.82861 0.43115
2.3813 -0.62289 -0.10862 0.3437 -1.6785 -1.2055 -0.94976 1.2334 0.14323 -0.56875 -0.53088 0.54122 0.24242 1.0725 -0.69743 -1.1428 1.019 0.10343 -0.083616 -0.66965 1.4943 0.30845 -1.3357 -1.8148 0.46384 -0.018184 -2.7784 -0.29182 -0.16813 -0.88473 0.81965 -0.15548 0.88721 -1.1565 0.20377 0.12973 -0.66797 -1.7846 0.64432
2.5075 -0.66832 -0.44017 0.74579 -1.7512 -0.59459 -1.2387 0.9447 1.0967 -0.96279 -0.89098 0.83589 0.24411 -0.13793 -0.86218 -1.1121 0.65907 0.52125 -0.28839 -0.26392 1.0848 -0.028866 -0.97996 -1.9841 -0.95531 0.29825 -2.6203 -0.19754 0.60524 -0.97253 0.53682 0.30387 1.8436 -1.4149 -0.32375 0.33056 0.62404 -1.4957 0.72377
2.2645 -1.084 -1.0974 0.72054 -1.7979 -1.2334 -1.4847 1.2793 0.68264 -1.0561 -1.5247 0.040111 0.32148 -1.2488 -1.0767 -0.87206 0.027493 0.57027 -0.3078 0.7924 0.11174 -0.61847 -0.94707 -1.3761 -1.4232 0.50568 -1.667 0.025313 1.2331 -0.92929 0.23714 0.86303 2.1037 -1.4818 -0.78534 0.2427 1.5928 -0.61546 0.54769
1.7967 -1.1492 -0.61528 0.64341 -1.4642 -1.0308 -0.88399 2.1703 0.68989 -0.85196 -1.306 0.022285 0.49872 -1.401 -0.86762 -0.25021 -0.10215 0.59279 0.44795 2.0311 -0.27899 -0.61168 -1.0072 -0.13681 -1.0322 0.67821 -0.33216 0.52311 1.7015 -0.62842 -0.085491 1.8022 1.3762 -1.5173 -0.5615 0.16258 2.0867 0.46382 0.27359
1.1346 -1.4141 -0.76559 0.48222 -0.89641 -1.2411 0.010148 1.6947 -0.49508 -1.1446 -1.5345 -1.0523 0.67567 -1.2537 -0.65922 0.54122 -0.30287 0.51804 1.2276 2.3205 -0.68144 -1.0705 -0.84339 0.6471 -0.81374 0.6853 0.72679 0.751 1.4601 -0.33999 -0.16307 1.9607 -0.29176 -1.3695 -0.26492 0.20825 1.7885 0.59847 0.0066119
1.1346 -1.5414 -0.6157 0.2307 -0.90728 -1.3288 0.91801 0.54597 -0.31263 -1.7147 -1.5601 -0.31014 0.7425 -0.72609 -0.20168 1.1046 -0.32595 0.39566 2.4569 1.6785 -1.4441 -0.98802 -0.71457 1.4405 -0.30486 0.65256 0.8034 0.68952 0.64234 -0.40695 -0.32022 1.1982 -1.9203 -1.1384 -0.11672 0.36419 1.1077 0.38854 -0.18042
1.4216 -1.3063 -0.48997 0.56323 -1.4011 0.12252 1.193 0.76454 0.013555 -1.9621 -0.33946 -0.30667 0.85836 -0.29898 -0.15876 0.95715 -0.48133 0.37236 2.5103 0.39413 -1.9486 -0.97264 -0.68415 1.6371 -0.54829 0.52496 0.24436 0.48292 -0.36166 -0.4218 -0.019079 -0.042435 -2.324 -0.39901 -0.062213 0.5795 0.27256 -0.12638 -0.24089
1.2764 -1.4319 -0.0085415 0.39864 -1.2068 0.895 1.0359 0.34588 -0.66493 -1.6832 -0.13113 -0.36942 0.88227 -0.45526 0.030094 0.63716 -0.75658 0.075869 2.1404 -0.78383 -1.8462 -0.88173 -0.36341 1.7215 -0.36812 0.45822 -0.41662 0.16217 -0.96145 -0.4588 0.47189 -1.4483 -1.6114 0.44009 -0.19069 0.85962 -0.66655 -0.33162 -0.25434
1.3536 -1.243 0.11406 0.2227 -1.0456 1.6216 0.21165 -0.35914 -0.93149 -1.596 0.50305 -0.49573 1.0311 -0.95732 0.026797 0.13749 -0.85847 0.65017 1.2974 -1.0206 -1.2668 -1.2266 0.13825 1.083 -1.0689 0.38319 -0.54479 0.20038 -0.82019 -0.17817 0.70247 -1.5617 -0.35 1.0462 0.13804 1.0298 -0.96498 0.13629 -0.19511
1.1309 -1.5427 0.075716 -0.1726 -0.55477 1.0127 -0.26755 -0.67083 -1.2133 -1.8701 0.50094 -1.3553 1.0419 -1.1373 -0.029768 -0.1582 -0.9762 1.1452 0.23011 -0.7846 -0.96632 -1.2425 0.59579 0.29587 -0.76324 0.30211 -0.17436 0.15314 -0.35822 0.18374 0.58076 -1.2928 0.80799 1.1474 0.3161 0.93547 -1.0836 0.57654 -0.17462
0.43493 -1.3757 -0.44303 -0.59816 -1.1187 0.6997 -0.4489 -1.1709 -1.6772 -1.8604 0.6379 -0.96515 1.1409 -0.92563 0.19986 -0.073955 -0.69519 1.1565 0.41085 -0.29459 -0.41042 -0.46121 0.90069 0.29336 -0.084788 0.27877 0.5274 0.19636 0.32413 0.38667 -0.085475 -0.5313 1.0648 0.80982 0.61641 0.55627 -0.63665 1.0864 -0.15303
0.3056 -1.4049 -0.46314 -0.46347 -0.060263 0.67187 0.39482 -0.59872 -1.9121 -1.4616 0.0012019 -1.5908 1.106 -0.78188 0.19313 0.11139 -0.49754 0.91436 0.053929 0.44201 -0.10275 -0.54744 1.1297 -0.19263 0.33219 0.21978 1.0482 0.15322 0.74425 0.46849 -0.59438 0.084422 0.72738 0.43723 0.61868 0.10458 -0.15595 0.8862 -0.11875
0.54919 -1.3172 -0.24664 -0.47383 0.078208 1.0071 0.26246 -0.44667 -1.8533 -0.8912 0.22059 -0.78417 1.1509 -0.20135 0.23731 0.54884 -0.3846 0.61393 0.34254 0.46015 -0.17266 -0.20626 0.98167 -0.03076 0.64866 0.1691 1.0043 -0.0036737 0.68803 0.24214 -0.88623 -0.0080758 0.099473 -0.04023 0.27226 -0.39835 0.085538 0.38869 -0.090721
0.60369 -1.0986 0.29641 -0.38466 0.12032 2.1849 0.18764 -0.50574 -0.92503 -0.57775 0.91146 -0.21507 1.2229 0.35776 0.20122 0.80161 -0.26812 0.31511 0.42348 0.26829 -0.27202 0.0028037 0.7557 0.12267 0.71405 0.1579 0.53113 -0.061081 0.23964 0.065736 -0.74241 -0.11558 -0.39241 -0.058403 0.21999 -0.82971 0.24302 -0.20427 -0.076173
0.41496 -1.2395 0.073038 -0.6416 -0.12621 0.83673 0.55734 -0.91823 -2.3756 -0.63272 -0.012188 -0.61414 1.2567 0.28401 0.18275 0.75512 -0.36202 -0.18995 0.2047 -0.012656 -0.42589 -0.11437 0.27485 0.31424 0.52135 0.15661 -0.15838 -0.13921 -0.32543 -0.094816 -0.51766 -0.46393 -0.55263 0.29712 0.019416 -0.89247 -0.0027269 -0.52328 -0.12917
0.73 -1.3459 0.32672 -0.9168 -0.094806 1.0558 0.053408 -1.232 -1.5841 -1.1174 0.6061 -0.7246 1.1962 -0.084259 0.11119 0.40858 -0.38478 -0.061339 -0.10841 -0.094127 -0.111 -0.084725 -0.19876 0.14846 -0.054865 0.096764 -0.54489 -0.071424 -0.38072 -0.18026 -0.2115 -0.15111 -0.53481 0.68035 0.26455 -0.77556 -0.058528 -0.40409 -0.2051
0.78451 -1.1088 0.16307 -0.76273 -0.4292 1.2907 0.21769 -1.1723 -1.737 -0.74092 0.62469 -0.14765 1.2984 -0.26277 0.042252 0.17046 -0.49694 -0.15606 -0.30289 -0.44635 0.292 -0.088559 -0.34947 -0.052922 -0.088905 -0.016475 -0.48896 0.031725 -0.057243 -0.058508 -0.0041469 0.28372 -0.29952 0.88509 0.58486 -0.35888 -0.28716 -0.11757 -0.2479
0.57533 -1.1588 0.42094 -0.79691 -0.038154 1.2401 0.44223 -0.79291 -2.0611 -0.86305 0.56719 -0.7719 1.2675 -0.33669 0.14494 0.42363 -0.52817 -0.088687 0.37664 -0.56751 0.64727 0.59514 -0.50497 0.17826 0.14797 -0.09618 -0.19465 0.12948 0.32132 -0.01743 -0.192 0.56908 -0.20302 0.4629 0.98368 -0.11061 -0.48892 0.10811 -0.30357
0.3191 -1.1324 0.27161 -0.90584 0.14811 1.2809 0.015088 -0.39635 -1.5301 -1.0485 0.60697 -0.62615 1.2646 -0.45844 0.21211 0.63555 -0.39434 -0.17618 0.5105 -0.36577 0.86483 0.84518 -0.30538 -0.3151 0.15167 -0.1577 0.098823 0.32494 0.12769 0.075716 -0.51142 0.3432 -0.11578 -0.29491 1.1398 0.26182 -0.75719 0.13108 -0.3458
0.30516 -1.1543 0.39558 -1.2115 -0.40314 1.2589 -0.47897 -0.33736 -1.56 -1.0561 0.43812 -0.31582 1.1741 -0.33318 0.23621 0.71733 -0.46469 -0.40175 0.59038 -0.53439 0.46487 1.6123 -0.45394 -0.76415 0.031488 -0.33467 0.44137 0.42114 -0.16701 0.1966 -0.74425 -0.3845 -0.22282 -0.86415 0.80132 0.88886 -1.0872 0.091968 -0.46298
0.31999 -1.1173 0.64551 -1.4206 -0.30324 1.4072 -0.16215 -0.32742 -1.0814 -1.5382 0.54038 -0.3867 1.1384 -0.090851 0.53393 0.23073 -0.3863 -0.94608 0.25471 -0.69127 -0.20407 1.9052 0.14219 -1.1962 0.22432 -0.4685 0.63499 0.56701 -0.39312 0.46786 -0.62871 -0.77594 -0.49549 -0.85939 0.46799 1.3548 -0.83335 0.17228 -0.66022
0.39986 -0.99238 0.99591 -1.1056 -0.4181 1.9249 -0.12292 -0.021563 -0.22034 -1.1084 0.055437 -0.36956 1.0935 0.26064 0.68248 0.32455 -0.1679 -1.0848 -0.25177 -0.8437 -0.49442 1.8337 1.0517 -1.6977 0.28432 -0.70414 0.49873 0.82958 -0.46702 0.90553 -0.37094 -1.3152 -0.5718 -0.10414 -0.28409 1.5886 -0.36779 0.27633 -0.95673
0.37352 -0.83691 0.76399 -1.2863 -0.82691 1.8945 -0.42184 -0.66576 0.6601 -1.284 -0.64899 -0.3839 0.93942 0.36914 0.93174 0.14022 0.31951 -1.0001 -0.58898 -1.1864 -0.32254 1.7806 1.661 -1.6248 0.36693 -1.0597 0.24255 1.0697 -0.34184 1.1027 0.046761 -1.7347 -0.31372 0.57627 -0.9097 1.1986 0.47677 -0.067297 -1.2627
0.37103 -0.54626 0.24875 -1.3287 -1.2475 1.0837 -0.77572 -1.1496 0.49567 -0.42254 -1.0548 -0.42517 0.78489 0.31967 1.4198 -0.056667 0.84807 -1.0591 -1.5612 -1.4122 0.30174 1.0907 1.977 -1.3358 0.52081 -1.6119 -0.094616 1.3375 -0.25608 1.0993 0.46044 -1.4615 0.25691 1.0063 -1.4391 0.86645 1.3547 -0.49715 -1.2442
0.68832 -0.53038 0.83129 -1.2023 -1.2496 0.76259 -1.3973 -0.81321 0.81409 0.4436 -1.6907 0.053893 0.49585 0.30818 1.9499 -0.18187 1.1333 -0.86381 -2.483 -1.0247 0.47699 0.33691 2.0841 -0.36624 -0.056403 -2.089 -0.14241 1.2017 -0.045877 0.87373 0.9389 -0.83022 1.0362 1.3247 -1.5002 0.39885 1.9523 -0.96619 -0.78927
0.67536 -0.19523 0.73694 -0.67452 -1.4656 0.86556 -1.8233 -0.32968 1.1077 0.55425 -1.2335 0.17923 0.055037 0.12176 2.4067 0.03039 1.4466 -0.28584 -2.1639 -0.41976 1.0075 -0.53162 2.5755 0.55171 -0.57106 -2.2335 -0.10755 0.46448 -0.28058 0.50908 1.2912 0.3848 1.2709 1.0364 -1.1808 -0.22106 2.3992 -1.0672 0.17535
0.55767 0.52795 0.70734 -0.11061 -1.5492 -0.43129 -1.5424 0.6113 0.5278 0.5399 -1.1469 0.17381 -0.53495 0.21398 2.4441 0.0042553 1.6275 0.37325 -1.9142 0.35505 1.8353 -0.62785 2.155 1.5816 -1.1412 -2.0471 0.018125 -0.90838 -0.76665 -0.099216 1.0021 1.1105 1.1982 0.52369 -0.69652 -1.3955 1.7237 -0.23523 1.3231
0.68338 1.1063 0.5889 0.066749 -1.5676 -1.0979 -1.0872 -0.07572 0.43517 1.3165 -0.31538 -1.0035 -0.93959 0.17447 1.9438 -0.64722 1.5389 0.73969 -1.0999 0.39727 1.5819 -0.95439 1.4859 2.7914 -1.2034 -1.3497 0.34716 -2.337 -1.4387 -0.76576 0.4252 1.2351 0.58184 -0.15604 -0.045055 -2.6677 0.28005 0.8731 2.183
0.41561 1.5639 0.62482 0.19677 -1.0888 -0.30231 -1.0109 0.38354 -0.47749 2.4273 -0.067554 -1.1092 -1.0526 0.31239 0.65301 -1.1794 0.90842 0.50134 -0.85237 0.92324 1.1684 -0.9295 -0.19285 2.1779 -0.25612 -0.36628 0.42282 -3.0302 -1.6412 -1.0692 -0.056287 1.1728 -0.1976 -0.70928 0.59893 -2.951 -1.5732 1.8456 2.3758
0.90583 1.5388 0.4416 0.61688 -0.60888 -1.1341 -0.56712 2.033 0.081016 2.1024 1.0769 -1.4456 -1.0452 0.68661 -0.61888 -1.8739 0.40386 0.45145 -0.28905 0.44011 1.0193 -0.4466 -1.6355 0.84595 0.80284 0.50036 0.59798 -2.7878 -1.3121 -0.91898 -0.27296 0.63441 -0.58591 -0.99784 1.4 -2.4075 -2.8748 1.8043 1.8331
0.87392 1.0841 0.053812 0.7891 -0.54684 -0.0064899 -1.6156 1.194 -0.43495 1.6089 2.5884 -0.74731 -0.70183 0.70614 -1.3567 -2.2281 0.23562 0.42016 -0.035495 -0.055682 0.73667 0.44824 -2.2399 -0.79636 1.7186 0.91812 0.43046 -1.7678 -0.50846 -0.59324 0.012505 0.49061 -0.89637 -1.3032 1.5075 -0.81484 -2.9504 0.95631 0.96596
0.90491 0.34363 -0.60342 0.28383 -1.4914 -1.0017 -0.094808 1.1737 -0.3424 -0.7927 0.64278 0.4879 -0.36497 1.0364 -1.7276 -2.4006 0.19169 0.27872 -0.27535 -0.26646 -0.13414 1.423 -2.3513 -1.8414 1.5853 1.0087 0.056001 -0.65051 0.44188 -0.38264 0.42893 0.11689 -0.38146 -1.1544 1.0098 0.8315 -2.1862 -0.038812 0.14985
1.3759 0.21822 -1.2068 0.31774 -0.91606 -1.1365 -1.12 1.7743 -0.041197 -0.90256 -0.76847 0.68477 -0.2467 0.89925 -1.7604 -1.8069 -0.071119 0.61888 0.093052 -0.48737 -0.77095 1.4348 -1.4869 -2.7592 1.3442 0.95869 -0.2765 -0.026937 1.3795 -0.15764 1.0787 0.45149 -0.081443 -0.61303 -0.13121 1.8047 -0.54938 -0.92252 -0.28631
1.1937 0.24504 -1.289 0.54385 -0.58513 -0.65415 -1.2855 0.92657 1.3189 0.22832 -1.4113 0.57945 -0.26232 0.68779 -1.5134 -1.3352 -0.1418 1.1604 -0.13071 -0.095043 -0.45815 1.2806 -0.34712 -2.8275 0.88752 0.72135 -0.763 0.10339 1.9795 0.060392 1.4662 0.8819 0.48377 0.27101 -1.5542 1.4985 0.83267 -1.0514 -0.32932
1.7398 -0.034309 -1.5152 0.76477 -0.45426 -0.76245 -1.2342 0.6509 1.8942 0.028556 -1.2951 0.22524 -0.14334 0.38858 -1.5158 -0.39322 0.11637 2.0002 0.76808 -0.3022 -0.2971 0.26689 0.38359 -1.4757 0.10535 0.58806 -0.77369 0.027739 1.6629 0.23578 1.0997 0.69226 0.9868 0.71053 -2.4539 0.3 1.863 -0.86016 -0.14552
1.6943 -0.48457 -1.0796 0.40284 0.21881 -0.57379 -1.4054 0.79665 1.3305 -0.022658 -1.6723 0.56405 0.052918 -0.06286 -1.6837 0.29572 0.21219 2.3321 1.1034 0.59201 0.12417 -1.3297 -0.27775 -0.71505 -0.028704 0.64977 -0.68567 0.10221 1.2016 0.33717 0.23692 0.49337 0.90898 0.45124 -2.697 -0.47858 2.1033 -0.50048 0.098434
1.3469 -0.68686 -1.592 0.28114 0.40799 -0.66281 -0.89649 0.82864 0.79767 0.11883 -1.8655 1.1472 0.11882 -0.099008 -1.6358 0.23427 0.1881 2.0931 0.82199 1.1097 0.27385 -2.5467 -0.92751 0.14478 -0.028655 0.75154 -0.41256 0.59916 0.33133 0.40857 -0.85695 -0.16812 0.81902 -0.015123 -1.8118 -0.36865 1.8023 -0.48174 0.18808
1.3949 -1.2208 -1.0254 0.57247 1.2467 0.090394 -0.81279 1.2113 -0.29903 -0.66387 -1.74 0.44152 0.21162 -0.28591 -1.2892 0.41155 0.44468 1.5639 0.79999 0.9865 0.096358 -3.1263 -0.66606 0.83382 -0.11951 0.7966 -0.15788 1.0192 0.080244 0.37876 -1.3006 -0.43459 0.20922 -0.5331 -0.31448 0.54447 1.4333 -0.56635 0.11399
1.2815 -1.2662 -0.90025 0.86151 2.1122 0.39573 -0.36012 1.8179 -1.7492 -0.87198 -1.8883 0.46304 0.37177 -0.23309 -0.71645 0.10744 0.75353 0.7929 0.58593 1.1111 -0.33529 -2.7299 -0.17527 1.5809 -0.88386 0.81859 0.23166 1.1357 0.20179 0.3268 -1.6875 -0.40308 -0.12705 -1.0109 1.1808 1.1923 0.93163 -0.34236 -0.091788
1.4494 -1.291 -1.3554 0.77808 1.4314 -0.11212 0.16191 0.63303 -1.7262 -0.72985 -0.63219 0.4555 0.52226 -0.27737 -0.44327 0.48437 0.62815 0.56282 0.36731 1.0023 -0.61415 -1.8878 0.43276 1.6129 -0.81376 0.79873 0.48711 0.89647 0.34247 0.1481 -1.6821 -0.26879 -0.24401 -1.3796 2.1636 0.93997 0.37508 -0.0096231 -0.35456
1.4735 -1.3526 -0.92609 1.1702 1.2061 0.071312 -0.47763 0.66158 -2.6006 -0.44378 -0.10514 0.34106 0.71077 0.30595 -0.16345 0.53287 0.69965 -0.54763 0.24575 0.85127 -1.3278 -0.57481 0.91482 1.7339 -0.42283 0.59561 0.22305 0.56747 0.71725 -0.10686 -1.0907 0.26319 -0.30444 -1.1905 2.2502 0.2598 -0.41649 0.30773 -0.58417
1.2256 -1.1514 -1.2481 1.185 1.1564 0.098319 0.22098 0.38049 -2.3767 0.035558 0.30302 -0.58812 0.84044 0.3068 -0.071094 0.77663 0.74687 -0.89715 0.43969 0.63581 -2.0695 0.51739 0.67233 1.5519 -0.39114 0.32246 -0.40554 0.4527 0.73232 -0.53481 -0.41944 0.79124 -0.26242 -0.73807 1.7028 -0.39925 -0.95701 0.098022 -0.69971
0.95819 -1.402 -0.68644 0.97201 1.8522 0.12516 0.46541 0.43285 -1.9995 0.3296 -0.23339 0.32695 0.84127 -0.13121 0.040992 1.1859 0.5014 -0.50477 1.058 0.69483 -1.9079 0.97653 0.21805 0.72185 -0.46846 0.094692 -1.0866 0.47466 0.6958 -1.2746 0.46467 0.87422 -0.44 0.33483 1.034 -0.6713 -1.4458 0.068252 -0.68251
2.1891 -1.4274 -0.3802 1.7029 0.42536 0.65839 0.32568 -0.68966 -1.2903 0.01831 0.69948 0.10013 0.72971 -0.77953 0.20581 1.4085 -0.25108 -0.23353 1.5004 0.56368 -1.759 1.059 -0.033535 0.079329 -0.60553 -0.10226 -1.1511 0.67157 0.15359 -1.8839 0.42401 0.2246 -0.62796 1.6626 0.60281 -0.48621 -1.2898 0.19466 -0.5556
1.4656 -1.2618 -0.42965 1.7416 0.79871 0.68461 0.49198 -1.7677 -1.0439 -0.35226 0.72112 -0.013128 0.70014 -1.0793 0.48617 1.4045 -1.1377 -0.0044439 1.4166 0.021195 -0.86572 1.4274 -0.095026 -0.60934 -0.19287 -0.31528 -0.96718 0.88776 -0.34493 -2.048 0.17258 -0.94136 -1.0258 2.722 0.20366 -0.099736 -0.53902 0.2962 -0.50678
0.93192 -1.1834 -0.14192 1.1827 0.9441 1.2693 0.87481 -1.5782 -0.84904 -0.37447 0.31449 -0.40735 0.72037 -1.262 0.82419 0.91914 -1.8884 -0.3482 0.6933 -0.26327 0.5665 1.6303 -0.161 -0.53008 -0.14017 -0.38775 -0.45928 1.1817 -0.73708 -1.6598 -0.19243 -1.8362 -1.3555 2.9946 -0.27312 0.48825 0.23312 0.3312 -0.65406
0.25191 -1.0386 0.42882 0.42528 1.2259 1.9086 0.20834 -1.1583 -1.4664 -0.011907 -0.21376 -0.80471 0.6841 -1.6067 1.2118 0.82202 -2.436 -0.11754 -0.38198 -0.91017 2.1128 1.1641 0.070542 -0.12374 -0.098707 -0.59773 -0.21068 1.6381 -0.77709 -0.54094 -0.41832 -2.3506 -1.2833 2.1494 -0.79586 0.9839 0.99252 0.30038 -1.0808
0.38332 -0.68774 0.10089 -0.47337 1.3754 1.3534 0.25015 -0.15227 0.45934 0.20822 -0.87845 0.0068873 0.46159 -1.3319 1.8152 0.41439 -2.6454 -0.52825 -1.1908 -1.6376 2.4567 0.63052 0.85705 0.32906 0.023471 -1.0376 -0.29601 1.5221 -0.55743 1.3245 -0.19483 -1.8019 -0.59646 0.65702 -1.0796 1.1338 0.91476 0.30475 -1.5267
0.53956 -0.64224 0.1277 -0.77928 0.37955 0.54864 0.079633 1.1393 0.79111 -0.22211 0.0077099 0.42782 0.42533 -1.4196 2.7273 0.30252 -1.7488 -0.68724 -2.2364 -1.8167 2.2773 0.23421 1.3679 1.0694 0.33656 -1.7664 -0.42607 0.84449 -0.0004977 3.0926 0.13874 -0.47651 0.019795 -1.1118 -1.1917 0.71433 0.32425 0.15273 -1.4879
0.40572 -0.059264 0.4381 -0.75914 0.31453 0.0046749 -1.0216 1.574 -0.23114 -0.13313 1.3435 -0.47568 0.070906 -1.882 2.6088 0.20358 0.20279 -0.41909 -1.9031 -0.98395 1.7178 -0.21286 1.4643 0.81618 0.26263 -2.3105 -0.63198 -0.098929 0.34531 3.7852 0.36761 0.81757 0.75254 -2.1277 -0.92833 -0.015279 -0.41457 -0.076088 -0.94798
-0.41941 0.76712 -0.075702 -1.6601 0.45207 -0.24816 -1.4927 0.80016 -0.74584 1.1852 0.72745 -0.28236 -0.39655 -2.0888 2.2225 0.91331 1.8204 0.094629 -0.96178 -1.1987 0.33234 -0.96525 1.1958 0.31912 0.082241 -2.4049 -0.12487 -1.142 0.012678 3.0362 0.3938 1.8692 1.2125 -2.2867 -0.30382 -0.74505 -1.2593 -0.23142 0.027038
-0.90951 1.7709 0.54924 -0.70411 0.45467 -1.0279 -1.2188 1.5804 -0.56972 1.5429 1.3399 0.1159 -1.1841 -2.1195 1.895 0.69169 2.5219 -0.22533 -0.23748 -0.46686 -0.66384 -0.74998 0.90201 -0.18135 -0.030348 -2.2768 0.92477 -1.8603 -0.23508 1.2928 -0.15016 1.8647 1.0939 -1.5905 0.34702 -1.2131 -1.1025 0.028967 1.0907
-1.5947 1.0308 0.5119 1.2563 0.9802 0.20037 -0.26682 1.6058 -0.79099 1.4145 -0.095573 -0.07515 -1.5505 -1.5238 1.1646 0.06709 2.6686 -0.041387 0.57468 0.30932 -0.92902 -0.12388 0.13765 -1.1147 -0.024812 -1.7433 1.5686 -2.1016 -0.51758 -0.64807 -0.77437 1.05 0.75387 -0.78926 1.0191 -0.897 -0.41738 0.34486 1.7907
-1.1173 1.1479 1.2197 1.6478 1.0961 0.12905 -1.8631 0.28621 -0.66726 0.83225 -0.064069 0.35644 -1.5561 -0.52615 0.015086 0.20772 2.1553 -0.62347 0.96381 0.41328 -0.717 0.15043 -0.46095 -0.81608 0.35625 -0.85772 1.9318 -1.4664 -0.16732 -1.9 -0.75138 0.035102 0.046156 -0.268 0.99173 -0.2965 0.75058 0.53909 1.9282
-1.4649 1.5031 0.47995 1.4905 -0.77449 -0.12984 -0.70768 0.28466 -0.69049 0.77184 0.86458 -0.20557 -1.6584 -0.1054 -0.36432 0.24878 0.81737 -1.1436 0.48202 -0.15636 -1.174 0.82529 0.059793 -0.25499 0.59379 -0.18335 1.1829 -0.59127 -0.12101 -1.9978 -0.079922 -0.65392 -0.28097 0.13438 0.6356 0.37705 1.4266 0.31185 1.3897
-1.2779 1.5289 -0.052782 1.4854 0.82065 0.61311 -0.71046 0.3198 -0.54898 0.6368 -0.68749 -0.60576 -1.6829 0.59538 0.19662 0.29882 -0.037047 -1.0686 -0.12823 -0.14382 -1.0772 0.95677 0.33328 0.9823 0.77392 0.099702 0.4447 0.18698 -0.17672 -1.3652 0.98962 -0.72842 -0.25292 0.18276 0.25495 0.55685 0.97528 0.29265 0.60339
-1.0563 0.80574 0.65687 0.94323 -0.44142 0.56867 -0.85611 0.51909 -0.46085 1.1203 0.0077966 0.9915 -1.3627 0.011484 0.076627 -0.20055 0.10078 0.039867 -0.16165 0.034568 -0.51506 0.88241 0.48987 1.0179 0.40172 0.051802 0.028152 0.36507 0.21685 -0.37291 0.88363 -0.55269 0.13247 0.42758 -0.30069 0.17101 0.27047 -0.18364 0.020438
-1.3749 1.2226 1.2608 1.125 -0.75578 -0.53515 -1.526 -0.27561 1.0918 1.9133 0.96107 0.94108 -1.5475 0.20245 0.10087 0.11413 0.010881 0.63944 -0.14214 -0.18032 -0.72003 0.7063 0.43559 0.61904 1.0473 0.0094809 -0.15126 0.23376 0.069953 -0.059716 0.4732 -0.16827 0.40097 0.38345 -0.95021 -0.5004 -0.63986 -0.90864 -0.24769
-0.58779 1.5382 0.887 1.7092 0.00015043 0.16862 -0.73277 -0.45368 0.19034 1.2079 1.7088 0.70521 -1.4928 0.13941 0.28809 0.70212 0.11225 -0.34076 -0.59572 0.12186 -0.5578 0.33066 0.34286 0.49864 0.049815 -0.10912 0.16824 0.083627 0.044431 -0.44795 -0.24165 0.24264 0.70175 0.64312 -1.3092 -0.95449 -0.86977 -0.85674 -0.14617
-1.641 1.3596 0.19952 1.8094 1.166 0.0086067 -1.5068 -0.13974 0.25412 1.0447 1.104 0.072175 -1.6246 0.2616 0.4755 -0.045048 -0.14902 0.012627 -0.24532 0.60069 -0.34548 -0.79499 -0.61166 -0.12291 -0.98308 -0.23026 0.018875 -0.37427 -0.51067 -0.77293 -0.7249 0.69013 0.89894 1.1388 -0.87412 -0.60347 -0.66456 -0.64968 -0.00025241
-1.0419 1.5435 0.41085 1.0335 0.079736 0.13878 -0.58191 -0.65326 0.19799 1.2959 0.50687 1.5436 -1.633 0.27868 0.022462 -0.05754 -0.63818 -0.089852 0.35808 1.0239 0.50468 -1.1727 -0.91982 -0.46514 -0.40684 -0.072331 0.45391 -0.85439 -1.0609 -0.70483 -0.58377 1.1082 0.63233 1.0037 -0.021468 -0.072934 -0.47244 0.24422 0.33024
-0.96345 1.4622 1.5503 1.4064 -0.84975 -0.39764 -0.65658 -0.15479 0.047621 1.4577 0.071117 -0.53642 -1.6416 0.16471 -0.40008 -0.40063 -1.0294 -0.83097 0.72278 1.1364 0.90397 -0.40475 -0.15919 -0.31647 -0.11242 -0.013713 0.80814 -1.633 -1.5229 -0.49205 -0.77983 0.72445 -0.16777 0.52855 1.168 0.45823 -0.25816 0.60232 0.93411
-0.74666 1.4144 0.55218 0.68735 -0.39761 0.026229 -0.28096 -0.2377 -1.6607 0.22426 0.77434 -0.18268 -1.6072 0.99121 -0.71203 -0.96426 -0.73804 -1.0005 1.0783 1.0973 0.71414 0.12086 -0.040619 -0.41322 0.10754 0.3196 1.1561 -1.8712 -1.7091 -0.49747 0.043718 0.14754 -0.66453 -0.093477 1.4694 0.56262 -0.65126 0.96036 1.5341
-1.0347 1.3173 0.94405 0.70565 -0.011106 0.36306 -0.055295 0.71698 -0.3879 0.67373 0.94862 0.98727 -1.5726 1.3369 -1.8992 -2.2332 -0.99895 -0.97949 0.80338 0.23338 0.53765 1.1217 -0.13837 -0.70161 0.0063597 1.1007 1.1552 -1.798 -0.81863 -0.46667 0.94711 -0.43998 -0.43133 -0.58139 1.2092 0.25461 -1.3368 0.703 1.9475
-0.81429 0.98079 -0.2769 0.57266 -0.69557 1.3198 0.48059 0.84853 0.26321 1.5042 1.0704 0.4999 -1.5514 1.7411 -2.3689 -2.1041 -1.5632 0.07383 0.60024 0.16759 0.48587 1.2808 0.19297 -1.6617 1.5338 1.881 0.56075 -1.1268 0.31509 -0.46467 1.4572 -0.74431 0.17619 -0.92082 0.45188 -0.0069109 -1.4696 0.24512 1.7436
-0.15857 0.65605 -0.63216 0.92312 -0.56738 0.98266 -0.21282 0.16184 0.61851 1.0849 -0.42973 0.52117 -1.1963 1.8368 -2.59 -1.2568 -1.4701 0.40715 0.09719 0.75217 -0.11714 1.668 0.22666 -2.5399 0.63292 2.3938 -0.28289 0.12753 1.7694 0.064157 1.8004 -0.62332 1.0469 -0.89907 -0.61798 -0.36903 -0.86809 -0.48224 0.96288
0.61247 -0.7982 -1.3129 -0.53529 -1.9388 0.28812 -0.66448 -0.022165 1.7949 0.8493 -0.75748 0.67349 -0.22174 1.734 -2.2608 -0.92192 -1.3521 1.0333 -0.027394 1.1839 -0.74299 0.85896 -0.24736 -2.6244 0.28923 2.527 -1.3804 1.0808 1.8856 0.69204 1.7094 -0.03987 1.3552 -0.71253 -1.2428 -0.62888 0.21385 -1.2697 -0.1576
0.65953 -0.61632 0.063753 -0.86607 0.49032 0.34203 -0.013448 0.97666 0.40182 1.2669 -2.0583 2.109 0.25589 0.83716 -1.7466 0.21613 -0.98336 1.9085 -0.10538 1.7841 -0.59084 0.024996 -0.67199 -2.0707 -0.40701 2.3518 -1.9855 1.8808 1.3102 1.2968 1.5163 0.75544 1.1004 -0.49025 -1.4007 -0.61678 1.198 -0.89666 -1.2105
0.62386 -0.83061 -0.46044 -0.73137 0.46057 0.56405 1.5822 -0.35994 1.2071 0.47419 -2.1525 0.30404 0.47866 -0.20849 -0.98727 0.40052 -0.53281 2.5211 0.61808 2.3168 -0.66338 -0.55962 -0.635 -1.4447 -0.63897 1.6393 -1.7796 1.7346 0.41534 1.4459 0.20226 0.97082 0.064614 -0.32097 -0.82996 -0.31147 1.7174 -0.7671 -1.717
0.54352 -0.65226 -0.59234 -0.4374 0.86624 1.0273 1.5206 -0.36814 1.0554 0.82352 -2.0864 1.2063 0.5463 -0.71437 -0.083549 0.32985 0.50428 2.5008 1.2438 2.3498 -1.1179 -0.62683 -0.83245 -0.58427 -0.81072 0.84883 -0.88899 1.2347 -0.27012 0.90986 -0.78411 0.44806 -1.1702 0.046603 -0.55537 0.18348 1.614 -0.0008518 -1.6389
0.075578 -0.91599 -0.25401 -0.35416 1.2586 0.99908 2.1587 0.03073 0.2049 0.5181 -1.8695 -0.58264 0.73582 -0.64764 -0.19397 -0.27521 0.56163 1.1224 1.1879 1.0275 -1.1166 -0.58214 -0.80496 0.28288 -1.144 0.45937 0.038683 0.507 -0.26552 0.27762 -1.4162 -0.31541 -1.9317 0.46993 -0.33729 0.35675 1.2652 0.32774 -1.1122
-0.088351 -0.82013 -0.5006 -0.37265 2.0816 1.4344 2.0466 -0.86879 0.12136 0.23861 -2.8123 0.4552 0.63714 -0.52133 -0.082214 0.07455 0.14302 1.1524 0.47893 0.12613 -0.29825 -1.1356 -0.22766 0.49602 -0.17714 0.25072 0.63557 0.0083325 -0.062308 -0.20688 -1.4351 -0.70988 -1.7949 0.73831 -0.22305 0.67681 0.80103 0.59468 -0.64498
0.15075 -0.75679 -0.49601 -0.026206 1.6006 1.7393 2.4892 -1.3677 0.81843 -0.07097 -1.5908 0.53016 0.77135 -0.23799 -0.14569 0.056659 0.16083 0.5602 0.37911 -0.37182 -0.19746 -1.0044 -0.22898 0.70342 -0.28695 0.11069 0.62027 -0.0051605 0.27175 -0.032753 -0.96325 -0.6746 -0.82027 0.6293 -0.21808 0.72771 0.34149 0.18878 -0.39487
0.15024 -0.90891 -0.36956 -0.28363 1.4999 1.6427 1.2691 -0.62741 -0.41998 0.28651 -1.5261 0.012945 0.75466 0.2063 -0.10065 0.043122 0.3283 0.11165 0.25658 -0.48196 -0.18834 -0.86728 0.23281 0.90629 -0.0087042 -0.038561 0.47383 -0.093487 0.075403 0.18042 -0.80744 -0.44168 0.032267 0.11797 -0.014131 0.51497 -0.22186 -0.49221 -0.2988
0.029579 -0.83337 -0.41371 -0.67467 2.1573 0.80096 1.8913 -0.35959 -0.70905 0.58987 -1.4857 0.43096 0.72593 0.086928 -0.20031 0.19625 0.41225 -0.14699 -0.023665 -0.28263 0.0090273 -1.1571 0.42061 0.80085 -0.85183 -0.047707 0.1782 -0.0027344 -0.035496 0.19093 -0.4623 -0.15859 0.66257 -0.09866 0.26315 0.19738 -0.57633 -0.5371 -0.19634
0.12066 -0.89994 -0.44265 0.049404 1.5379 1.7972 1.2092 -0.60482 -0.54132 0.31852 -1.1818 0.16472 0.69284 0.1549 -0.21839 0.12163 0.3519 0.0069688 -0.18764 0.14441 -0.19901 -1.058 0.47475 -0.0282 -0.95135 -0.1643 -0.070384 0.11951 -0.27931 0.086205 -0.49685 0.25982 0.66594 -0.073092 0.68939 -0.23923 -0.61382 -0.62418 -0.12844
0.3199 -0.9875 -0.25411 0.20572 1.6365 1.548 1.9462 -0.87762 -0.90771 0.68332 -0.95634 -0.32301 0.65964 0.10215 -0.098307 -0.057114 0.50291 -0.24237 0.28599 0.61777 -0.404 -0.30684 0.037416 -0.059011 -0.96673 -0.15269 0.10175 0.39031 -0.46937 -0.2372 -0.60549 0.27186 0.36316 0.15678 0.98023 -0.18393 -0.56718 -0.078067 -0.2211
-0.040708 -0.97877 -0.33467 0.14838 1.741 1.4643 1.859 -1.1643 -1.4333 0.52171 -1.5467 -0.6487 0.66374 0.072304 0.041601 -0.32549 0.4446 -0.76003 0.60343 0.37725 -0.14479 0.23362 -0.067872 0.026786 -1.2856 -0.20102 0.24818 0.71311 -0.27847 -0.48219 -1.0509 0.047127 -0.49814 0.88904 1.0234 0.29187 -0.17745 0.6022 -0.43924
0.44155 -0.99718 -0.38506 0.062834 1.6102 1.2564 2.366 -1.257 -0.95241 0.64088 -1.7727 -0.59485 0.60332 0.30708 0.3165 -0.4035 -0.066149 -0.88561 0.10599 0.31474 0.25866 0.35345 0.31106 -0.43686 -0.86984 -0.39619 0.42922 1.1911 0.35386 -0.52804 -1.2677 -0.84584 -1.5755 1.3521 0.71104 0.83239 0.25127 0.93629 -0.84721
0.1045 -0.91993 -0.51373 0.15283 1.3068 1.983 1.9755 -0.71444 -0.70458 0.25121 -1.3001 -0.87967 0.61352 0.49096 0.76167 -0.19903 -0.24533 -1.6247 -0.011233 -0.6846 1.1471 0.86183 0.91565 -0.22029 0.24658 -0.76699 -0.26599 1.85 1.184 0.08362 -1.1084 -1.3925 -1.9494 1.0664 0.19981 0.93972 0.95052 1.3364 -1.4754
0.12675 -0.7398 -0.82689 0.15292 0.81912 1.901 1.9967 -0.46037 -0.057162 0.51469 -1.033 -1.2557 0.48946 0.65239 1.5297 0.4771 -0.11806 -2.1679 -1.0637 -1.9512 1.5133 0.95202 1.2124 0.59568 0.21659 -1.2629 -1.1506 2.0638 1.7094 0.8696 -0.30558 -1.4303 -2.0259 0.15986 -0.30068 0.38154 1.625 1.1788 -1.7735
0.70699 -0.5685 -0.62598 -0.050908 0.4813 1.5853 1.7673 -0.44376 -0.54102 1.109 -2.1305 -0.79391 0.20981 -0.57361 2.5266 1.2644 0.62744 -2.1794 -1.5361 -2.3251 1.2445 0.39925 1.3644 1.5294 0.96251 -2.1907 -1.4556 1.5512 1.6373 1.1015 1.1033 -0.97267 -1.2906 -0.70033 -0.65972 -0.60736 1.4437 0.95478 -1.4428
0.72919 -0.11943 -0.22121 -0.17031 -0.4495 1.2296 0.7533 0.92435 0.20608 2.0738 -1.2552 0.5281 -0.19264 -1.2027 2.8838 1.8016 1.0972 -1.1707 -1.9298 -2.8509 0.49259 -0.035117 0.84505 2.1421 1.232 -2.5961 -1.4097 0.45991 0.6869 1.078 2.1 -0.070262 -0.017143 -0.82321 -0.44624 -1.3413 0.66033 0.76842 -0.63972
0.63013 0.77334 0.33079 0.1378 -0.861 -0.37669 -0.91823 0.6465 -0.040787 1.5858 -0.26263 -0.95079 -0.63918 -1.1643 2.6758 1.9512 1.1725 -0.056474 -1.4829 -2.7741 0.29467 -0.042634 -0.13464 2.0747 1.7272 -2.47 -0.52796 -0.7867 -0.53151 0.62437 2.2288 0.6015 1.1214 -0.57128 -0.19161 -1.4896 -0.42506 -0.059615 0.53461
-1.0255 1.7141 0.80519 1.3814 -0.79447 0.17849 0.03663 0.1367 -0.5646 1.8265 1.0146 0.79728 -1.7526 -1.5537 2.2185 1.3059 1.5917 0.69748 -1.2331 -1.761 0.39037 0.23761 -0.75068 1.7245 1.4304 -2.1764 0.2019 -1.6354 -1.5441 -0.021206 1.2313 1.2628 2.034 -0.1281 0.17323 -1.0642 -1.004 -0.53028 1.4117
-1.0331 1.6145 0.86534 1.3757 0.527 0.17403 -1.552 -0.37101 -0.63752 0.82313 1.4641 0.27232 -1.6608 -1.3359 1.5347 0.5817 1.5297 1.0537 -0.71565 -0.66461 0.17966 -0.12056 -0.84911 0.83039 0.71701 -1.5285 0.63192 -2.1794 -1.2186 -0.66682 0.069784 1.1823 1.8714 -0.076104 0.19943 -0.32837 -1.2118 -1.2604 2.0146
0.0022625 1.479 0.85426 0.9344 0.7764 0.41689 -1.1267 0.42224 0.14188 0.52628 0.41767 1.384 -1.5984 -0.7604 0.70844 -0.19185 0.88303 0.57991 0.14648 0.094992 0.28189 0.41116 -0.95209 0.62471 0.60035 -0.75695 0.74627 -2.019 -0.58128 -1.0994 -0.73219 0.98755 1.3523 -0.20058 -0.21933 0.085388 -1.2257 -1.3789 1.8585
-0.75198 1.6403 0.49819 1.8564 0.54634 -0.3647 -0.30778 1.1097 0.23825 0.9596 0.012481 1.0856 -1.9085 -0.4419 -0.22637 0.58374 0.30617 0.14038 0.13011 -0.021454 0.18018 0.33468 -0.70581 0.04284 -0.53091 0.11843 0.26332 -1.4162 -0.086421 -0.92053 -0.9982 0.57027 0.54208 -0.49553 -0.57319 0.11885 -0.65235 -1.2872 1.2019
-0.83852 1.8433 0.5499 1.7702 0.12913 -0.19826 -0.6029 0.93537 -0.52108 1.3019 0.62863 0.43238 -1.7811 -0.67886 -0.2894 0.28846 0.1887 -0.20444 0.26651 0.57703 -0.016724 -0.43355 -0.6606 -0.49309 -0.8682 0.042479 0.078479 -0.5925 0.32017 -0.59403 -0.47267 0.44673 -0.19782 -1.0425 -0.98217 -0.07189 -0.1628 -0.45131 0.52296
-0.8056 1.821 0.32588 1.411 -0.36779 0.32615 -0.71752 0.26087 0.58441 0.071023 1.8947 0.24983 -1.7148 -0.91133 -0.34531 0.17914 0.19048 -0.40915 0.33215 0.16012 -0.64205 -0.90869 -0.76571 -0.002133 -1.2782 0.037675 0.18219 -0.015355 -0.17151 -0.34004 0.051705 0.40708 -0.44799 -1.0477 -0.67114 0.071278 0.4731 1.0378 -0.066844
-1.6001 1.1039 2.1685 1.6617 0.27495 0.52361 -0.73914 -0.039469 -0.39217 0.71959 0.79422 0.13733 -1.4645 -0.38808 -0.23136 0.54977 -0.14619 -0.019572 0.91207 -0.38553 -1.3243 -1.0641 -1.0773 0.29735 0.0034238 0.13635 0.53911 0.21605 -0.091367 -0.19657 0.43734 -0.017914 -0.77592 -0.52043 0.18008 0.75411 0.403 1.6176 -0.10472
-1.0327 1.3525 0.49209 1.3957 0.74983 0.36919 -0.51623 0.20177 -1.4393 -0.27321 -0.45548 -0.2722 -1.7422 -0.26579 -0.28802 0.14383 -0.14721 0.15227 0.59653 -0.42205 -1.1933 -0.77285 -0.36417 0.65074 1.1964 -0.042468 0.69733 0.45404 -0.30576 -0.20844 0.27451 -0.60335 -0.1197 0.44642 1.1023 1.5224 0.063341 1.1398 -0.14793
-1.0177 1.3762 0.59516 1.6375 -0.22378 0.30636 -0.62234 -0.044149 -0.94373 0.078293 0.71256 -0.071492 -1.7499 -0.047183 0.036896 0.13518 8.5108e-05 0.33884 0.093741 -0.65884 -0.75976 -0.079305 0.64762 0.034446 1.2776 -0.093502 0.40378 0.42467 -0.19623 -0.2035 -0.43224 -0.79215 0.78761 1.0145 1.106 1.8692 -0.02707 0.1531 -0.03657
-1.1731 1.7487 1.2623 1.6619 0.35389 0.98855 -1.1382 -1.1183 -1.3322 -0.16761 1.4364 1.6522 -1.7009 0.15323 0.27412 -0.15451 -0.26191 -0.068239 -0.44228 0.06071 -0.093545 1.02 1.4288 0.26062 0.4624 -0.094296 0.38499 0.22599 -0.035718 -0.17092 -0.5033 -0.43774 1.01 1.0557 0.30109 0.9855 -0.3595 -0.71541 0.1703
-1.2065 1.3511 0.67183 1.321 0.094624 0.54641 -1.211 -0.75555 -0.9007 0.97589 2.4347 1.9654 -1.7555 0.11686 0.19192 0.34702 -0.45902 -0.70812 -0.12074 0.92184 0.043183 0.46857 1.7818 0.43135 0.67171 0.097927 0.29294 -0.10434 -0.69014 -0.25028 -0.44456 0.0045209 1.1243 1.1489 -0.37481 -0.34465 -0.34752 -0.94541 0.19807
-1.0872 1.5936 1.2753 1.5429 0.52908 0.27795 -1.521 -0.47784 0.67921 1.0942 0.28891 0.94752 -1.6746 0.33334 0.0060557 -0.036991 -0.22802 -0.25566 -0.1565 0.77389 0.40153 -0.36234 1.0439 -0.31605 -0.026999 0.13662 0.40631 -0.1252 -1.1045 0.1117 0.12019 0.60547 0.2981 0.79315 -0.9524 -1.5034 -0.45791 -0.5529 0.11789
-1.2433 1.4 1.3811 1.1583 0.16576 -0.32467 0.24716 0.4634 0.56052 2.2265 0.33963 -0.39715 -1.649 0.38067 -0.010737 -1.1279 -0.47292 -0.38925 -0.045925 1.1957 1.1672 -0.16866 0.13537 -0.42008 -0.488 0.11136 0.33544 -0.036976 -1.4491 0.23665 0.39221 0.55849 -0.53923 0.34409 -0.58026 -1.8759 0.036761 -0.21387 -0.033619
-0.71214 1.7055 0.49987 0.86473 -0.96797 0.79905 0.88198 -0.23598 -2.0314 1.2645 1.1667 1.5483 -1.659 0.74029 0.15883 -1.3366 -0.046537 0.0044621 0.69685 0.50959 0.83846 -0.6938 -0.78729 -0.29139 -0.14211 0.087872 0.015608 0.070581 -0.70943 0.22956 0.28776 0.35661 -1.1296 -0.33062 0.19593 -1.4256 0.45996 0.29578 -0.054122
-0.76443 1.4089 0.80907 1.7776 0.11756 0.42847 -0.90217 -0.13455 -1.8396 0.69105 0.93874 0.7823 -1.5937 0.50667 0.046687 -1.5174 -0.11195 -0.098413 0.53739 -0.0073674 0.45974 -0.59151 -1.0922 0.49377 0.25834 0.0628 -0.39151 -0.027511 0.54837 0.24913 0.38127 -0.33269 -1.2995 -0.68584 0.87464 -0.39633 0.24019 -0.012923 -0.026873
-0.96805 1.6663 -0.31618 0.6667 0.060566 0.8057 0.25536 0.97923 -0.22169 0.21861 1.2605 1.3328 -1.6339 0.29645 0.088645 -1.0799 0.016282 0.14377 0.2425 -0.84737 0.099672 0.3056 -1.2248 0.20218 0.20138 0.067785 -0.65737 -0.070832 1.0847 -0.11869 -0.090751 -0.86324 -0.41621 -0.53796 1.1253 0.52966 -0.067566 -0.37199 -0.015279
-0.24022 1.564 -0.14473 1.6024 0.41478 1.245 -0.99012 0.33982 -1.1552 0.56634 0.98954 1.0865 -1.6576 -0.093266 -0.028632 -0.32311 -0.043604 0.26044 -0.4739 -0.68268 0.20152 1.2592 -0.45466 -0.15929 -0.7078 0.072963 -0.47589 0.013328 1.1346 -0.18651 -0.26045 -0.70979 0.24071 -0.32064 0.77718 0.81452 -0.35698 -0.49052 -0.0074851
-0.8424 1.5825 0.21666 1.0907 -0.18891 0.23252 -0.50383 0.23196 -0.19455 0.4634 0.95264 0.58737 -1.573 -0.12707 0.070947 -0.074985 -0.2952 -0.33649 -0.48852 0.027903 -0.084605 0.85174 -0.049287 -0.11209 -0.4627 0.053358 -0.24747 0.023287 0.66183 -0.24006 -0.42148 -0.37529 0.62586 -0.15902 0.14329 0.68918 -0.13499 -0.24743 -0.012105
