39 224
0.34709 1.0953 1.0041 1.1782 1.0338 2.1924 -0.68414 2.1309 0.12705 1.1232 0.064731 -0.48025 -0.87005 2.0544 0.20173 -0.51767 -0.91594 -0.61434 -1.6085 -0.17244 -2.0003 0.43816 -0.78713 -1.6166 0.39631 0.79779 -0.9388 -0.37053 0.26996 0.67349 0.26714 -0.23889 0.56817 0.20375 -0.52097 -0.14756 1.3391 -0.22572 -0.26944
0.41231 0.73973 0.65462 0.95234 0.90296 0.63668 -1.1619 1.8074 1.1837 0.033399 -1.5865 -0.74762 -0.69235 1.132 -0.16303 -0.40548 -0.51572 -0.32758 -2.0086 0.075678 -1.9857 -0.13659 -0.76125 -0.74753 -0.2021 0.60242 -1.5467 -0.45397 0.30647 1.1849 0.27882 0.33093 1.0812 0.93349 -0.67248 0.07182 2.0073 0.20312 -0.50951
3.999 1.6349 -0.17613 0.15174 0.20102 0.32265 -0.5232 -0.065182 1.0909 0.08247 -1.2673 0.16741 -0.0684 0.70854 -0.21152 -0.013262 0.071371 -0.26086 -1.8731 0.87342 -1.5489 -0.37065 -1.0583 0.74302 0.23471 0.47561 -1.9676 -0.2663 0.62082 1.4338 0.31913 1.6546 1.3451 1.306 -0.80503 0.47532 2.1253 0.11757 -0.79251
2.022 1.1562 0.95093 0.52298 0.55035 0.7255 -1.0102 -0.0031413 0.098092 0.64677 -1.1825 -0.054689 -0.28565 -0.22105 -0.32149 -0.13554 0.66918 -0.27253 -0.81277 1.5426 -0.30095 -0.5724 -0.51952 1.3674 0.90724 0.17912 -2.1753 -0.10542 0.80353 1.0846 0.4383 2.4416 0.82889 1.4572 -0.46123 0.89347 1.2684 0.015214 -0.94806
0.26597 0.59302 0.67912 1.1535 1.0386 -0.22243 -0.35967 0.60641 -0.54432 0.30385 0.10674 -1.3442 -0.63832 -1.0078 -0.14701 0.61738 1.0042 -0.048413 1.0775 1.8814 -0.16901 -1.0378 -0.058183 1.7317 0.094047 -0.1946 -1.3833 0.24725 0.41937 -0.09014 0.38746 2.1598 -0.38777 0.87276 0.027638 1.1067 -0.13206 -0.49525 -0.7227
1.2552 0.93188 1.0766 1.4306 0.66639 0.022197 0.94193 0.87139 0.02339 -0.58849 1.1593 0.32711 -0.45946 -2.1385 -0.36446 0.91869 0.92183 0.38109 1.358 1.2844 0.30175 -0.77352 0.33235 1.4072 -0.092015 -0.49971 -0.14466 0.42907 -0.0044877 -1.2449 0.076747 1.0637 -1.4081 0.20072 0.3162 1.2657 -1.1135 -0.88306 -0.26123
0.52712 0.77902 0.17143 1.5312 0.41073 1.1107 1.2047 1.9364 0.063883 0.44365 0.07677 1.0424 -0.57406 -0.97435 0.20809 0.32228 -0.19854 0.13274 1.3256 0.18228 -0.047134 -0.21198 0.4887 0.50147 -0.28644 -0.28436 0.5546 0.061129 -0.90745 -1.7043 0.065894 -0.3201 -1.7622 -0.20451 0.24604 1.2474 -1.6518 -0.87934 0.065693
0.87795 1.1289 1.4747 1.2475 0.60361 2.3763 1.1171 -0.17157 -0.56965 0.068634 -0.35383 -1.2621 -0.58982 -0.5539 0.19156 0.017542 -0.88576 -0.22004 1.1772 -0.55225 0.090796 -0.32006 1.4628 -0.251 -0.72899 -0.18357 1.2344 -0.12684 -1.0583 -1.1506 -0.15485 -1.0853 -1.23 -0.38537 0.19403 0.46411 -1.1096 -0.46694 0.27407
0.26769 0.98682 1.2818 0.9344 0.98362 1.3579 0.32244 0.11261 -0.51567 1.0344 0.55737 0.020766 -0.63169 -0.80336 -0.32629 -0.75249 -1.0491 0.37505 0.54245 -0.88187 -0.42512 -0.74688 1.5999 -0.77626 -1.4062 -0.27012 0.69788 -0.50742 -0.56053 0.013464 -0.12677 -1.4386 0.066614 0.78963 0.42597 -0.24391 -0.3561 0.67462 0.18801
0.11024 1.1403 0.97704 0.41078 0.79485 1.4039 -1.1311 0.5438 -0.26784 0.85359 -0.12491 -0.95897 -0.67215 0.049106 -0.3009 -0.66938 -0.64481 -0.027345 -0.39067 -0.75719 -0.23426 -0.097867 0.60661 -0.17948 -0.4941 -0.11189 0.97388 -0.3866 0.75429 0.64393 -0.058867 -0.97034 0.99073 0.22233 0.72862 -1.474 -0.14843 1.5257 0.67742
-0.064481 0.67067 0.38553 0.66358 0.34956 0.99996 0.11372 1.5554 -0.95257 1.9262 0.39892 -1.5079 -0.75349 -0.010103 -0.36151 -0.45316 -0.28201 -0.19869 -0.73024 0.41049 1.7514 0.57314 0.48717 -0.21521 1.0058 -0.054282 1.0562 -0.56822 1.8838 0.31617 0.05315 -0.5077 1.6833 -0.45473 0.89257 -1.8142 0.025694 2.2726 1.7738
0.21729 0.45719 -0.28097 0.66968 1.242 1.4024 0.50019 0.065027 -1.1868 1.2051 -0.41323 -0.7171 -0.71683 0.83341 -0.41231 1.4078 -0.13341 -0.042094 -0.099246 0.8512 -0.50137 0.55293 -0.59863 -0.78674 1.2429 0.70815 0.27575 -0.94535 1.711 -0.89125 0.67755 -0.13125 1.2266 -1.7535 0.39393 -1.582 0.22219 1.7023 2.6218
1.126 0.82975 0.41003 1.0058 0.11143 1.0333 0.037814 0.82529 0.34151 0.52773 -0.11506 0.27159 -0.61874 0.743 -1.1842 2.0329 -0.74022 0.48165 -0.60014 1.8055 -1.1559 0.80567 -1.0204 -0.37091 2.455 1.9631 -0.45702 -1.328 0.25583 -1.8662 0.94672 -0.22161 0.31254 -2.1058 -0.14911 -1.1979 0.8808 0.1212 2.7627
0.19721 0.86183 1.6352 0.66677 0.65985 1.0819 1.6508 2.6759 0.44465 1.1992 -0.1534 0.41193 -0.66815 0.14576 -1.4098 1.5623 -1.9556 0.89192 -0.70734 1.0861 -2.2547 0.61466 -1.4496 0.40288 2.3261 2.7939 -1.4646 -1.6944 -2.4762 -2.2625 0.96382 -0.56375 -0.47161 -0.66628 -1.0028 -0.48955 1.0919 -1.264 1.6893
1.4577 0.4386 3.3562 0.42977 1.0429 1.2865 0.33781 -2.027 -0.18954 0.098128 -0.55129 0.88414 0.36595 -0.56886 -1.9985 0.0015508 -2.6102 1.0939 -0.8567 0.9308 -1.554 0.22851 -1.2139 1.0446 0.72418 3.0287 -1.2942 -1.2684 -4.1521 -1.3696 0.51273 -0.43248 -1.1804 0.27775 -1.4936 -0.73075 0.64281 -2.5232 0.25297
0.56289 -0.75641 2.0082 -0.57889 1.3063 0.0633 2.2527 -0.098255 0.49932 0.093585 -0.18217 1.7347 1.4702 -1.3049 -2.7303 -2.5693 -3.1284 1.4432 -1.0788 0.29377 -1.5918 -1.2684 -1.3684 0.79286 -0.50956 2.692 -0.95786 -0.45429 -3.8754 -0.082683 0.038818 -0.60469 -1.195 1.5302 -1.1165 -1.1527 -0.0072288 -2.3322 -1.0812
-0.16089 -0.66754 0.67765 -1.3145 1.4728 0.34187 1.2001 -1.5566 -0.5237 0.006668 1.0792 1.074 1.5963 -1.0061 -2.5639 -4.2831 -2.5276 1.1592 -1.2624 -0.26872 -0.8799 -1.3954 -2.3566 0.80084 -1.3611 2.3774 -0.26193 1.0085 -1.3963 1.0588 -0.4189 -0.39747 -1.4555 1.0847 -0.26294 -1.6841 -0.63432 -1.1672 -1.7742
-0.25733 -1.2253 -0.60245 -1.3703 1.9387 0.44384 1.5423 -0.31101 -0.14937 -0.43081 0.56134 -0.30418 1.5776 -1.4785 -1.8575 -4.1176 -2.1275 0.93185 -1.6934 -0.81504 0.53247 -0.92267 -2.9246 0.55898 -1.4686 1.4827 0.34518 2.0122 1.7001 1.7379 -0.71202 -0.18609 -1.0049 0.89252 0.99853 -1.2194 -0.83155 0.29963 -1.5921
-0.741 -1.8017 -1.8676 -1.8481 1.5287 -0.42076 0.45705 -0.29825 -2.1497 -1.0032 0.20548 -0.26059 1.459 -1.0183 -0.81233 -2.0333 -1.2516 0.57165 -1.3281 -1.558 -0.38709 -0.49762 -3.4274 -0.089718 -1.2131 0.95745 0.15538 2.1484 3.4748 1.5618 -0.61705 0.20084 -0.51102 -0.11941 1.1825 -0.0015132 -0.56201 1.7241 -1.1543
-0.16453 -1.6135 -1.77 -1.4268 2.0559 -0.46077 1.221 -0.060245 -1.3261 -2.4347 0.44811 -0.70325 2.0862 -0.69524 -0.3689 -0.24154 -0.72365 0.41438 -1.4062 -1.1666 0.0045538 0.38364 -2.998 -0.41739 0.047125 0.99914 0.11442 1.6966 3.4312 1.3101 -0.44614 0.76162 0.1114 -0.7937 1.0843 1.1352 -0.029839 2.1938 -0.57731
-0.92707 -1.6062 -0.73551 -2.0921 2.069 -1.5084 -0.5001 -1.5405 -0.62611 -3.5117 0.26946 0.19289 2.1941 -1.1505 0.14813 0.82014 -0.49372 0.27184 -1.0002 -1.1698 -0.80653 0.43949 -2.3183 0.18604 1.4712 0.87277 -0.091544 0.85764 1.7768 0.58292 -0.32954 0.84287 0.43503 -0.12369 0.83064 2.2525 0.54555 1.8127 -0.64054
-1.0833 -1.3224 -0.35467 -1.9691 1.8024 -1.0843 0.10668 -0.94489 -0.24824 -3.4889 0.26112 0.17714 2.3168 -1.2422 0.39188 1.4089 -0.20945 0.25322 -0.34132 -0.79016 -0.80332 0.8902 -1.4555 0.40899 1.7552 0.64364 0.34273 0.29161 -0.015492 0.42278 -0.22958 1.0586 0.64111 0.65994 0.49994 2.6038 0.60943 0.58743 -0.87725
-1.0163 -1.2793 -0.3227 -1.9552 2.049 -1.1125 -0.060563 -0.75523 -0.12646 -2.8911 0.57618 0.70926 2.3349 -0.96128 0.18726 0.74912 -0.47917 0.040354 -0.18359 -0.85343 -0.18234 0.99676 -0.18737 0.66446 1.7071 0.15899 0.84715 -0.34478 -1.135 0.1477 -0.40833 0.66272 0.68829 1.1017 0.4065 2.0901 0.32112 -0.39804 -0.84682
-2.1627 -1.4543 -0.64429 -1.8882 2.0996 -0.92738 -0.28481 -1.2317 -0.88856 -3.2903 0.70306 1.5584 2.2059 -0.1909 0.081001 -0.22275 0.019513 0.10398 0.28945 -0.0029835 1.0679 1.1569 0.57265 0.6417 1.1578 0.024949 1.1444 -0.46053 -1.29 -0.013648 -0.69719 0.49005 0.80734 0.76044 0.26602 1.1938 0.008187 -0.92752 -0.56356
-1.9609 -1.4103 -0.23237 -1.9221 1.8979 -0.991 -0.40493 -1.2934 -0.59198 -3.4547 0.63235 1.3997 2.2819 -0.13013 -0.25063 -0.64461 -0.33723 -0.41182 0.0046938 -0.14335 0.52097 1.1614 0.38991 0.77699 0.9511 -0.10334 1.0487 -0.25539 -0.8081 0.074803 -0.81899 0.63789 1.1087 0.23425 0.45486 0.59679 -0.45355 -1.2265 -0.18058
-1.1253 -1.4212 -0.67726 -2.315 2.1009 -1.2983 -0.56867 -0.50684 1.1281 -2.9223 1.1848 1.2808 2.2961 0.44637 -0.12958 -0.48819 -0.29068 -0.8157 0.54292 0.52263 0.42241 1.3675 0.38369 0.41856 0.21434 -0.085989 0.55478 -0.21288 -0.39585 0.1313 -0.73129 0.83846 1.0664 -0.12532 0.42202 0.67846 -0.93752 -1.0001 -0.16588
-1.0252 -1.3878 -0.97442 -1.8589 2.0584 -0.91969 0.054845 0.25839 1.247 -2.6277 0.72286 1.4363 2.2584 0.64454 -0.11787 -0.73769 -0.18016 -1.0211 0.96075 1.179 0.66048 1.8484 0.97299 -0.10464 -0.36116 -0.072194 0.45692 -0.1677 -0.072968 0.6469 -0.60267 1.004 0.92506 0.010425 0.0065382 1.0773 -1.5023 -0.67421 -0.24344
-1.7404 -1.6831 -1.095 -2.4221 1.0574 -1.1606 -0.19051 -0.95206 0.80999 -3.0637 1.3167 1.6032 2.1805 0.41885 -0.32742 -0.9621 0.18337 -0.94974 1.4796 1.543 0.7957 1.7013 1.4923 -0.79024 -0.25576 -0.25523 0.66515 -0.18451 0.4345 0.76022 -0.59104 0.4262 -0.021489 -0.04554 -0.51727 1.3027 -1.5288 -0.19683 -0.45042
-0.75301 -1.3625 -0.67816 -2.0803 1.2659 0.0023767 0.85455 -0.7292 1.2531 -2.6063 0.85196 1.091 2.2281 0.69699 -0.42108 -0.54061 0.56682 -1.4642 1.5322 1.2594 0.40463 1.0083 1.7562 -1.6492 -0.20642 -0.3996 1.0737 0.28174 1.0345 0.69832 -0.61753 -0.40228 -1.2401 0.19202 -1.4091 1.4622 -1.4045 0.0052026 -0.92488
-1.5027 -1.6083 -1.5618 -2.0383 1.0953 0.16627 1.3059 -0.29384 2.2295 -1.9673 0.35348 0.99134 2.1692 1.6245 -0.27437 0.30653 0.67443 -1.692 1.1092 0.42475 0.50818 0.69922 2.3138 -1.8939 -0.26382 -0.61348 1.1746 1.0514 1.4387 0.17105 -0.53556 -1.4809 -2.1902 0.22591 -2.1481 1.3292 -0.55775 0.20707 -1.4181
-0.99935 -1.8389 -1.5007 -1.7689 1.1803 0.54359 1.4256 0.307 2.5719 -1.2613 -0.16127 1.2419 1.9942 2.0131 0.30922 0.73449 0.80501 -1.7971 0.35777 -0.85648 1.2394 -0.6153 3.1676 -2.3828 -0.33818 -1.2956 0.71526 1.836 1.379 -0.17025 -0.10683 -1.8647 -2.2009 0.10637 -2.4744 0.60882 0.75373 0.43711 -1.7
0.14533 -1.8402 -1.1688 -1.6535 0.14753 0.20536 0.7497 -0.06144 2.062 -0.85545 -0.64475 1.2419 1.8797 1.9217 0.99904 1.3243 0.37595 -1.778 -0.8567 -1.9717 0.8816 -2.0066 3.1554 -1.5177 0.24846 -1.9491 -0.26759 2.2389 0.6424 -0.21132 0.25391 -1.4289 -1.2256 -0.47342 -2.1254 -0.3738 1.8035 0.47999 -1.5055
1.0555 -1.5843 -0.11892 -1.4614 -0.21954 0.081919 0.15639 0.20603 1.5451 -0.13579 -0.78082 1.1457 1.6236 1.8468 1.8959 1.7537 0.43286 -1.6192 -1.1683 -2.1374 0.48101 -2.8451 2.4227 -0.24318 0.4537 -2.2963 -0.97617 1.9475 -0.16699 0.34838 0.922 -0.45119 0.23183 -0.9619 -0.67078 -1.3258 2.3291 0.16922 -0.79601
0.55167 -0.98374 -0.29371 -1.7498 -0.728 -0.60621 -1.403 0.5726 -0.81027 0.96821 -1.228 0.86127 0.75598 1.1607 2.5341 1.1106 0.50571 -1.3086 -0.94843 -1.4993 -0.014557 -2.6579 2.0256 0.78224 0.34561 -2.3861 -1.5667 0.67884 -1.0986 1.2203 1.6599 0.40681 1.5946 -0.84091 1.085 -1.9064 1.9162 -0.54073 0.33585
1.0535 -0.28527 0.38628 -1.8171 -0.1112 -1.0878 -1.2014 0.29731 -1.0917 1.0877 -0.40761 1.6981 0.40127 0.51628 2.6748 0.51825 1.3609 -0.31808 -0.48138 -0.62297 -0.19598 -1.701 1.3783 1.2906 -0.02704 -2.2863 -1.5376 -0.67774 -1.1845 1.4753 1.5503 0.93353 2.0293 -0.70909 2.1208 -2.2626 0.80038 -1.1412 1.3021
0.70176 0.084595 0.034656 -1.3292 -0.54129 -0.84526 -0.87 0.33831 -1.0323 0.48002 0.32142 1.6909 0.19883 -0.3991 1.7019 -0.26499 2.0524 0.65626 -0.38657 0.5778 -0.42027 -0.29576 0.29052 1.6924 -0.62644 -1.4665 -1.3006 -1.7504 -0.41496 1.3391 0.60701 1.2008 1.1947 -0.28652 1.9569 -2.5154 -0.1479 -1.3555 1.6626
0.94171 0.48065 -0.48695 -1.1105 -0.65837 -0.30491 -0.30124 -0.060198 -0.71305 1.3003 0.39298 1.4307 -0.01782 -0.30476 1.2222 0.060745 2.2444 0.27943 0.40712 1.0358 -0.69163 0.43606 -0.7304 0.99147 -1.423 -0.81987 -1.0697 -2.6757 0.42476 0.5504 -0.098269 1.0359 0.2843 -0.1484 1.0973 -1.8745 -0.86223 -1.0252 1.8099
1.1702 0.68813 -0.1183 0.034298 -0.20115 -0.4808 -0.47919 -0.20828 -0.36239 0.96859 0.22855 0.74232 -0.2325 -0.91521 0.44517 0.5148 2.4116 -0.479 0.9929 0.14545 -0.29312 0.3909 -1.3904 0.67769 -1.7643 -0.64277 -0.91361 -2.4829 0.88103 -0.26204 -0.14862 0.7096 -0.66259 -0.24451 0.2412 -1.0843 -0.68866 -0.31056 1.3391
-0.18461 -0.25043 -0.44493 0.2316 0.68791 -1.1006 0.4915 0.032716 0.38115 0.32599 0.82496 0.14666 0.24495 -1.2785 -1.0004 1.0019 2.1542 0.067409 0.88784 0.17215 -0.50839 0.26438 -1.1114 0.07957 -1.5798 -0.00088019 -1.0107 -1.7166 0.42624 -1.2347 0.51181 0.14178 -0.98595 -0.25767 0.015563 -0.27896 -0.20835 0.23819 0.85137
0.54802 0.72754 0.39963 -0.15898 -0.93801 -0.0020683 -0.41624 -0.3787 -1.0545 -0.11152 -0.34635 -0.46343 -0.2151 -1.6721 -1.1802 1.0607 1.6543 0.48656 0.78611 -0.38272 -0.95385 0.29753 -1.4436 0.78574 -1.1851 0.11558 -0.3398 -0.21969 -0.12557 -1.6778 1.0931 -0.19714 -0.67356 -0.67932 -0.071454 0.36097 -0.10443 0.21022 0.31263
-0.38457 0.22164 1.0373 0.62178 -1.1479 0.48008 -1.4559 0.16407 -0.58557 -0.88347 1.0417 0.24118 -0.367 -1.8685 -0.72608 0.66437 0.48451 0.74814 0.79942 -0.76562 -0.82967 0.51545 -1.1958 0.55939 -1.2096 0.061379 -0.078022 0.88338 -0.824 -1.4441 1.3713 -0.55266 -0.3012 -0.346 0.15271 0.58466 -0.16049 0.5957 -0.20364
-0.86237 -1.3782 0.63406 0.85382 0.10657 0.1308 0.24898 -0.72881 -0.32448 0.1406 0.22922 -0.086148 0.42037 -1.3027 -0.044985 0.44424 0.33556 1.2122 0.65505 -0.80087 -1.4482 0.11498 -0.70187 0.27276 -1.5045 -0.22115 0.74282 1.2896 -1.1308 -1.6176 0.91148 -0.86795 0.49405 0.21216 0.3937 0.87153 -1.3283 1.0347 -0.19177
-1.0938 -0.20933 0.4117 0.72321 0.53642 0.22008 -0.9722 -1.547 0.22307 -0.53675 1.6489 -0.27347 -0.081961 -1.6542 -0.14665 -0.34157 0.30998 2.2531 -0.13253 -0.25877 -0.90715 0.67692 -0.43799 0.056132 -0.17434 -0.15373 1.5128 1.2484 -0.55281 -1.7183 -0.49672 -0.86229 1.0095 0.66697 0.4399 0.50838 -1.3412 1.9399 0.053407
-1.6107 0.17949 0.41098 0.092684 0.78405 0.080147 -1.3912 -0.60109 0.64509 -0.85734 0.43777 -1.3746 -0.13958 -0.42909 0.6048 -0.70851 -1.0643 1.4282 -0.45801 0.37946 -0.43943 1.0451 -0.26787 -1.6365 0.45504 -0.080292 1.6888 0.26512 0.15824 -2.1885 -2.0077 -0.66113 1.3812 1.1987 0.52233 0.21544 -0.95826 2.6008 0.77036
-1.2141 0.16578 0.53695 0.52628 0.99918 0.13406 -0.76236 -1.9437 -0.80637 -0.66236 0.57123 -1.9038 -0.23227 0.49054 0.9575 0.13745 -1.797 -0.2824 -0.34293 0.73294 0.055536 0.9759 -0.50416 -1.1863 1.8491 0.055084 1.8617 -0.5996 0.75525 -2.0179 -2.7642 -0.21853 0.92492 0.56333 0.021032 0.32282 0.052871 2.362 1.2765
-2.0703 -0.0099934 0.16908 0.61561 1.1939 -0.094756 -0.89734 -0.72059 0.29009 -0.79027 0.0072132 1.0842 -0.35023 0.75123 -0.1702 0.53932 -2.412 -1.2503 -0.54039 1.5657 0.52853 1.0644 -0.28126 -1.0213 2.8953 0.81341 1.0555 -1.4654 0.7252 -1.3836 -2.0665 -0.11658 0.10607 -0.0010396 -0.39427 0.61308 1.3492 1.7232 1.5495
-0.46525 0.13187 0.0042816 -0.79516 0.3608 -0.31883 0.058762 -0.55733 1.7238 -0.75882 -1.17 0.88376 0.073701 1.2065 -0.72326 0.57638 -2.5198 -1.5435 -0.51576 1.0607 -0.20981 0.71146 0.14724 -0.094034 3.5208 1.2971 0.4222 -1.2211 0.2799 -0.79803 -0.94606 -0.20339 -0.44205 -0.61235 -0.8437 0.96713 1.9096 0.015491 1.3083
-0.18154 -0.030462 1.2131 -1.0685 -0.43135 -0.20411 0.98494 -1.2907 1.0085 -0.72459 0.28549 1.8406 0.46429 1.1502 -0.9116 0.55312 -3.101 -1.7806 -0.59417 0.42345 -0.25949 0.34774 0.5013 0.63207 3.2073 1.6057 -0.29829 -0.14302 -0.098312 0.19525 0.089014 -0.47023 -0.95474 -0.72456 -1.2023 0.92334 2.0659 -1.1882 0.33931
-0.81866 -0.35131 1.0072 -1.7617 -0.6033 -0.57881 0.56625 -0.62529 1.5582 -1.1566 0.63992 2.1518 0.61468 1.0392 -0.63563 0.71116 -2.83 -1.7747 -0.71047 0.37086 -0.73155 -0.44097 0.82923 1.9506 1.7334 1.6044 -0.70016 0.63913 -0.46269 0.94616 0.97353 -0.84614 -0.72543 -0.086201 -0.91418 0.67054 1.0113 -2.0226 -0.52668
-0.099365 -0.64757 0.76908 -1.6847 -0.26677 -0.49925 -0.60473 -1.7177 0.43003 -0.2916 0.15775 2.3514 0.94232 0.2303 -0.44367 0.28773 -1.9031 -0.96886 -1.3658 -0.089912 -0.61717 -0.88905 1.0245 2.2402 1.3286 1.1525 -0.56152 1.067 -0.77761 1.8023 1.525 -0.98154 -0.53831 0.27754 -0.48463 0.33183 0.0019799 -2.3277 -1.1426
-0.12025 -0.72822 0.78022 -2.3695 -0.76925 -0.75435 -0.21073 -1.775 -0.088673 0.07484 0.93939 2.9173 1.101 0.30735 0.071277 -0.21196 -1.4561 -0.13995 -1.7969 -0.2058 -0.15483 -0.59365 1.0827 1.224 0.26619 0.71823 -0.59969 1.0484 -0.80429 1.8174 1.1914 -0.70499 -0.5104 1.0348 0.27607 -0.16021 -0.77058 -1.9366 -1.47
-0.2637 -0.26922 1.0628 -2.4671 -1.1613 -1.1786 0.61389 -1.1495 0.61471 0.075475 1.9187 2.8572 1.1789 0.41737 0.45178 -0.54321 -0.63296 0.23616 -1.9859 -0.42186 0.059202 -0.59564 0.96911 1.0485 -0.88692 0.31991 -0.18096 0.84337 -0.34878 1.7337 0.63413 0.46542 -0.50409 1.1793 0.47441 -0.59864 -1.0202 -1.8377 -1.4068
-0.22656 -0.31435 0.6783 -2.5825 -0.78186 -2.3671 0.36629 -1.4418 0.41782 0.23765 1.4004 2.4836 1.1389 -0.22477 0.60344 -0.4852 -0.28377 -0.1629 -1.7879 -0.5387 1.0589 -0.0068535 0.5762 1.016 -1.1741 -0.19892 -0.10885 0.20627 -0.18078 1.7188 0.43767 1.6335 -0.76637 0.63792 0.16254 -0.94813 -1.2035 -1.0712 -1.2597
0.052127 -0.087906 0.93003 -2.5001 -0.29051 -2.3866 0.26157 -1.2628 0.276 0.27546 1.2525 1.9728 1.0961 0.11209 0.64728 -0.26635 0.54613 0.22138 -0.44062 -0.98586 1.195 -0.1843 0.21713 0.30206 -1.761 -0.51388 -0.01045 -0.21292 -0.20753 1.4619 0.2052 2.5402 -0.76386 0.2309 0.29531 -0.95164 -1.3115 -0.068111 -1.1152
-0.086565 -0.15994 -0.068837 -2.1298 -0.22067 -2.7545 -1.1232 -0.97484 0.056239 0.24519 1.5242 0.88825 0.96943 0.21111 0.30574 -0.70137 0.96374 0.68114 0.67261 -1.5322 0.60848 -0.45737 -0.22363 -0.82082 -1.5141 -0.76927 0.20269 -0.25463 -0.13513 1.3493 -0.05224 2.6464 -0.25519 -0.75974 0.56471 -0.84682 -1.371 0.75371 -0.88588
-0.73707 -0.14165 0.48146 -2.283 -1.2381 -2.3466 -1.0523 -0.31835 0.37835 0.60885 1.7033 1.7948 0.75872 0.13529 0.25853 -0.8402 1.305 0.19589 1.821 -1.5283 0.79771 0.25092 -0.31955 -0.6724 -0.8503 -1.0828 0.024424 0.081623 0.38171 1.1823 -0.5298 1.9948 0.61798 -0.85511 1.111 -0.78034 -1.0603 1.3391 -0.67781
0.32465 0.15065 0.91423 -1.8253 -0.5676 -0.79043 -0.74772 -0.34047 -0.29079 0.10892 1.5621 0.84245 0.67199 0.099665 0.38862 -0.45694 1.7022 -0.24676 2.3287 -0.8117 -0.21978 0.96366 -0.65757 -1.2581 -0.055461 -1.2585 -0.18641 0.30343 1.022 1.1522 -0.23584 1.1206 1.406 -0.82223 1.0186 -0.86836 -0.61971 0.69448 -0.28345
0.0095127 -0.092677 -0.23332 -1.5888 0.13032 -1.0058 -1.5361 -1.1281 -0.061592 -0.4028 0.30465 1.163 0.45854 0.16915 0.73754 0.39793 2.2512 -0.29865 2.6888 -0.072498 -0.059803 1.4427 -0.94975 -1.6037 0.29997 -1.3013 -0.75507 0.11333 0.99794 0.61219 0.14444 -0.47333 1.6111 -0.76739 0.11646 -0.53167 -0.085112 0.19165 0.1576
-0.11198 -0.021645 -0.41294 -1.3149 -0.65258 -0.45501 -1.8826 -0.32621 1.2894 0.098353 0.91168 1.4475 0.054462 -0.20033 0.55472 0.76084 2.5124 0.49064 2.4655 0.65411 -0.5656 1.0899 -1.449 -1.5765 -0.63827 -1.1009 -1.0686 -0.2286 0.5611 0.0074406 0.62835 -1.5217 1.2797 0.027348 -0.90534 -0.31006 0.75169 -0.30909 0.46129
-0.0291 0.40488 0.55083 -0.6916 -0.91655 0.11544 -0.83706 -1.8713 1.7872 -0.57447 0.040442 1.7237 -0.062921 -1.1769 0.35817 0.58355 1.9804 0.096033 0.82382 1.0799 -0.52202 0.4328 -0.86537 -0.63863 -0.15259 -0.94124 -0.85971 -0.63378 -0.4663 -0.93594 1.053 -2.3346 0.8624 0.02459 -1.6948 0.24598 0.42277 -0.80097 0.78559
-0.12082 0.693 1.0246 0.060694 -0.95271 0.6799 -1.0495 -0.097372 1.8898 -0.80769 0.18547 1.3198 -0.20953 -1.2782 0.21098 0.5995 1.8641 0.72392 0.25677 1.2633 0.11564 -0.43629 -1.2471 -0.15066 -0.4632 -0.76293 -0.057836 -0.99765 -1.4678 -1.9092 0.56427 -2.4382 0.10363 0.37413 -1.3689 1.3821 0.45225 -0.58367 1.1255
-0.88744 0.19814 1.4993 -0.018884 0.16252 1.0494 0.33259 -1.3118 0.78833 -1.5254 0.090543 0.099739 -0.11524 -0.95053 -0.10968 -0.44975 0.95757 1.5418 -0.82053 1.4054 -0.30165 -1.3603 -0.60887 -1.4009 -1.4435 -0.30851 0.98628 -1.3693 -1.8244 -2.4991 -0.09135 -1.6477 -0.41168 -0.054516 -0.081403 2.1769 0.49939 -0.44699 1.6929
-1.5232 0.27112 0.31253 -0.32233 -0.36449 -1.0053 0.070019 -1.2936 -0.10413 -0.52418 0.89545 1.3232 -0.25642 -0.46661 -0.81575 -1.676 -0.29033 0.81672 -1.5312 0.69417 0.12535 -0.89384 0.88571 -0.21921 -1.1973 0.2542 1.5735 -1.5695 -1.6228 -2.7034 -1.563 -0.89079 -0.91206 -0.44151 1.4206 2.7299 0.51333 0.025248 2.2041
-1.4187 0.098009 0.028228 0.35565 0.76981 -0.52775 -0.4882 -0.50154 0.13479 -2.0862 0.062662 0.92866 -0.45147 0.22455 -1.3307 -1.9534 -1.2847 -0.11965 -1.5359 0.49444 -0.58707 0.49026 1.945 0.46839 -0.70605 1.0721 1.724 -1.5355 -0.42278 -1.9622 -2.4691 0.53478 -0.86061 -0.47061 2.2245 1.9717 0.68329 0.094427 2.3479
-0.706 0.12719 -0.66107 -0.43933 0.60786 -1.1527 0.55973 -1.4365 -0.1565 -0.18 -1.665 -0.73759 -0.13219 1.0439 -1.7028 -1.9157 -1.7133 -1.3492 -1.1408 -0.19296 -0.57948 1.6274 2.3365 0.016007 -0.77133 1.8352 1.3306 -1.2252 0.50002 -0.98307 -2.5917 1.4242 -0.52147 -0.47124 1.4489 0.63139 0.049063 -0.15114 1.9164
-0.46433 -0.51121 -0.88387 -0.9426 -0.81046 -1.2177 -0.13254 -1.0628 1.2407 0.86816 0.93277 0.57104 0.37014 1.4866 -2.1358 -1.1702 -1.7376 -1.9627 0.05126 0.044332 -0.84552 2.0595 2.1775 -0.068791 -1.4522 2.4049 0.81015 -0.8979 0.86337 0.37941 -1.9096 1.8686 -0.25445 0.32506 -0.14801 -1.0205 -0.24639 -0.027651 0.77344
-0.2703 -0.93708 -0.61195 -1.2625 -0.87005 -0.84949 0.16741 -1.3342 2.6926 1.1873 1.2758 0.37437 1.0101 1.3561 -2.3837 -1.0418 -1.7639 -3.077 0.50308 -0.17934 -0.64297 1.37 1.8969 0.19901 -1.1301 2.4448 0.37904 -0.26885 1.0056 1.4283 -0.59686 1.7278 0.36466 0.74525 -1.8837 -2.3143 -0.96478 -0.14182 -0.57943
0.032726 -1.54 -1.0621 -1.5918 -1.3044 -1.1404 -0.27348 -2.2022 2.2838 0.80482 -0.41066 -0.59025 1.4819 1.545 -2.4341 -0.6298 -0.58455 -2.8035 1.3497 -0.055037 0.14721 0.30747 0.3538 -0.079124 -0.57598 1.9109 0.25037 0.43189 0.81108 1.9766 0.14052 1.0806 0.48388 1.0365 -2.8383 -2.6804 -1.3669 0.030114 -1.7181
0.33883 -1.7219 -1.1122 -1.4192 -1.8621 -0.67815 0.15032 -1.7856 2.246 1.2439 0.13143 -0.7652 1.6335 1.6818 -1.9857 -0.13774 0.21329 -2.0374 1.6388 0.60295 0.47103 -1.46 -0.86432 -1.9075 -1.4959 1.1976 0.3067 1.045 1.0492 1.8981 0.83849 0.59603 0.72506 0.90819 -2.4275 -1.8816 -0.98348 0.24446 -2.1461
0.42827 -2.163 -1.5149 -1.4844 -2.685 0.035216 -0.56128 -1.1098 1.3161 0.59877 -0.33896 -0.78661 1.6195 1.7492 -1.6397 0.032497 0.73263 -2.221 1.631 0.64763 0.72957 -2.4973 -1.2058 -1.7685 -1.1985 0.43687 -0.027587 1.4953 1.0364 0.96344 0.8109 -0.19125 0.38281 0.033211 -1.181 -0.41562 -0.11482 0.44689 -1.8582
1.5899 -2.4274 -1.2327 -0.93469 -2.6133 0.51876 0.72816 -1.0288 0.6043 0.63497 -0.5523 -0.52464 1.6546 1.7853 -1.0996 0.76329 0.8995 -1.8098 1.5506 0.96587 0.94012 -2.3352 -0.66625 -0.92325 -0.30279 -0.051453 -0.42309 1.8415 1.0412 0.22707 0.96957 -0.69917 -0.14575 -0.64632 0.75462 0.99387 1.3557 0.77126 -1.2657
1.5363 -2.5095 -0.58941 -0.88736 -2.688 0.60863 0.89522 -0.81174 -0.48855 -0.37642 -1.0441 -1.5774 1.6651 1.397 -0.47143 1.03 0.76515 -1.4101 1.0234 0.54753 0.028754 -1.7399 -0.4803 -0.75754 -0.23595 -0.26627 -0.95377 2.2782 0.82226 -0.29796 1.3591 -1.0686 -0.68828 -0.94965 2.1526 1.754 1.7422 0.51517 -0.82108
1.8201 -2.7012 -0.84974 -0.79096 -3.5091 0.70053 0.59832 -1.2214 -0.76563 -0.1585 -1.0135 -1.2981 1.5242 1.0191 0.39283 1.4835 0.60635 -0.64075 0.56666 0.33663 -0.42793 -0.25107 0.54518 0.41518 -0.36674 -0.36426 -1.3104 2.5959 0.42146 -0.17755 1.3791 -1.2403 -1.4471 -0.68215 2.4479 2.0937 1.9387 0.51138 -0.93492
2.2591 -2.5527 -0.18842 -0.85217 -3.3187 0.70697 1.036 -1.0002 -0.58401 0.76313 -0.93941 -0.52638 1.4592 0.2971 1.2791 1.3498 0.37339 -0.27969 0.015576 -0.48361 -0.44527 0.98964 1.313 1.1827 -0.08812 -0.65359 -1.5314 2.8311 0.48529 0.15764 1.9935 -1.1652 -1.3254 0.27197 1.6031 1.3292 1.5555 0.38343 -1.4765
1.834 -2.1464 -0.28517 -0.7363 -3.5753 0.73792 0.31404 -1.7855 -0.12465 0.45366 -0.56472 -1.1093 1.3852 -0.16955 2.2012 1.4703 0.79945 0.18799 -0.39261 -1.5441 -0.14422 1.4503 2.1659 2.1297 0.69386 -1.2753 -1.6907 2.507 -0.25485 0.52645 2.753 -0.91094 -0.75155 1.0612 0.051224 -0.51706 0.56423 0.6298 -1.974
2.0475 -1.7279 0.37786 -0.7186 -2.9606 0.886 0.39523 -1.3697 1.1986 1.361 0.34386 -1.4231 1.3238 -0.9285 3.1788 2.0326 0.95689 1.8802 -0.79564 -1.2844 0.48275 0.78228 1.078 1.6228 0.03849 -2.0402 -1.5618 1.483 -0.73386 0.57671 2.7562 -0.45336 0.23625 1.7203 -1.3045 -1.4733 -0.18793 0.94444 -1.8751
1.7971 -1.1065 0.35074 -0.51137 -2.9233 0.27132 0.10255 -1.3277 1.5129 1.766 0.36474 -0.83902 0.95571 -1.587 3.476 0.64136 1.2457 3.3952 -0.82293 -0.84052 1.2897 -0.039653 -0.25287 1.4008 0.88655 -2.6462 -1.3506 -0.034301 -1.4428 0.14313 2.0068 -0.22697 0.44934 1.6974 -1.721 -2.4087 -1.4259 0.65815 -1.0175
1.2246 -0.34448 1.0558 0.086375 -2.9171 -0.01472 -1.9171 -0.92536 0.71556 2.2701 1.1837 -0.25308 0.19516 -1.971 3.0276 0.29483 1.169 3.2386 -0.65857 -0.35648 2.3439 -1.0102 -0.094146 1.211 1.7858 -2.7951 -0.43584 -1.4923 -1.7235 -0.32649 0.36274 0.054615 0.33808 1.2344 -1.1593 -2.1063 -1.7985 0.354 0.37592
0.57904 0.548 1.7587 -0.046554 -0.8385 -0.30227 -0.15505 -0.58359 -0.41254 0.44229 -0.011322 -1.4794 -0.51741 -2.2286 2.2221 -0.56375 0.95641 3.2381 -0.90225 -1.0855 2.3854 -1.2744 -1.5285 -0.53833 1.1957 -2.4392 0.40623 -2.355 -1.0861 -0.83887 -1.134 0.44324 0.41829 0.10192 -0.21828 -1.161 -1.9098 -1.0287 1.7183
0.086057 0.73365 -0.64005 0.30583 0.57181 0.0077371 0.29082 0.36814 -0.37523 -0.041358 0.76802 1.0264 -0.82169 -1.4705 1.4057 -0.83545 0.54601 2.6332 -0.63963 -0.47102 2.4647 -1.0396 -2.0267 -1.0454 0.62753 -1.5961 1.1451 -2.4379 -0.50767 -0.64365 -2.2409 0.30587 0.0018307 -0.87576 0.76035 0.085778 -1.3356 -1.8381 2.4722
-0.51813 0.48691 0.43514 0.19476 -1.1618 0.14371 -0.30815 1.0557 -0.83252 1.6251 1.3171 0.86924 -0.83955 -1.119 0.49924 -0.97523 0.1086 1.5913 0.053332 0.074629 1.4835 -0.48424 -1.3476 -1.3369 -0.66342 -0.68573 1.4359 -1.9425 0.5148 -0.46773 -2.7803 0.32806 0.35665 -1.2336 1.043 1.5266 -0.67081 -1.8138 2.3363
-0.61989 0.38678 -0.15292 0.18183 0.16465 -0.88476 -2.4277 0.93391 0.11316 -0.72958 -1.0364 -0.7073 -0.75913 -0.42031 -0.032159 -0.51144 0.48454 -0.10146 -0.52261 -0.94569 1.0845 0.19446 -0.027745 -1.0784 -1.0953 0.018365 1.1215 -1.3865 0.68096 -0.11695 -1.7958 0.58201 0.58719 -1.5128 0.72195 1.3743 0.36872 -0.84581 1.7152
0.3457 0.65582 0.067179 0.16219 -0.43509 -0.63111 -0.53242 1.3554 -0.41281 -0.53877 -0.32914 -0.11325 -0.67 -0.10236 -0.18324 0.32988 0.18542 -0.56038 -0.30307 -0.11863 0.64599 0.30294 0.19192 -1.8478 -1.7031 0.24008 1.0062 -1.1599 0.75507 -0.29376 -1.2051 0.61775 0.84139 -1.1701 0.2534 0.99178 1.7377 0.61099 1.3682
-0.71554 0.47766 0.23807 0.13824 -0.38555 0.52592 -0.6009 0.26581 -0.62408 0.54546 -0.22119 -1.8235 -0.74428 0.08226 -0.48298 -0.096363 0.31729 0.37267 0.69902 0.83512 -0.10704 0.085727 -0.34751 0.014995 -0.60173 0.49648 0.81002 -1.491 0.045431 -1.0564 -0.49923 0.26359 0.90722 -1.01 0.087466 0.060482 1.6606 1.2871 1.5796
-0.08267 0.59008 0.35067 0.79979 -0.65346 -1.494 -1.5429 1.3266 0.013172 0.69501 -0.58951 -1.3068 -0.60248 0.4744 -1.1408 0.35875 -0.30626 -0.88452 0.67372 0.92295 -0.22271 0.10325 0.58083 1.7274 0.36733 1.1104 1.1022 -1.8509 -1.1033 -1.47 -0.63833 -1.0337 0.4801 -0.43183 0.36775 -0.67376 0.94748 1.9243 2.086
-0.43308 0.32044 -0.13973 0.18399 -0.57429 -0.045093 0.24386 1.5493 -0.041567 0.49754 -1.3046 -0.35612 -0.63308 0.76761 -1.9513 -0.4194 -1.0974 -0.86656 -0.48094 0.40929 -0.46131 0.4783 -0.11034 0.58705 0.55183 1.9354 1.2665 -1.5213 -1.6569 -1.67 -0.4491 -2.0249 -0.057522 -0.5013 0.6889 -0.81826 -1.1539 0.91537 1.9431
-0.38463 -0.24092 0.13628 0.44915 -0.0018299 1.1606 0.057438 0.41541 -0.72426 -0.29472 1.6234 -0.087773 -0.21452 1.5798 -2.426 -1.7252 -1.656 -1.1264 -1.7512 1.0808 0.0047479 0.88036 -1.1209 -0.14255 1.7261 2.632 1.2159 -0.3203 -2.0297 -0.83596 0.69071 -2.3123 -0.67744 -1.0582 1.1668 -0.65565 -2.7524 -0.33887 1.0842
0.68664 -0.81001 0.55342 -0.50856 -1.6026 -0.64944 -1.102 0.68134 0.31442 0.21325 0.92527 -0.50002 0.54152 1.8629 -2.2871 -2.3905 -1.9051 -0.34042 -2.0891 0.62348 -1.1787 1.1466 -0.94795 -1.3663 0.62876 2.6328 0.86337 1.0986 -1.4027 0.20229 1.2424 -1.5121 -0.89873 -1.5386 1.3666 0.54614 -2.8718 -1.0081 -0.3028
1.0224 -1.3532 -0.85065 -0.98172 -1.3517 -1.7552 0.15335 0.49387 0.26644 -0.22313 -0.83448 -0.33934 1.2073 2.1651 -1.4877 -2.7456 -1.346 0.13632 -3.0916 -0.60743 -1.9411 2.224 -0.16243 -2.8889 -0.36703 2.3711 -0.10387 1.8772 -0.33637 0.98422 2.0876 0.070723 -1.087 -1.9108 0.99334 1.1129 -1.8363 -1.3845 -1.5346
1.3394 -1.7544 -2.3297 -0.98814 -1.5295 -2.6102 1.0603 1.0754 1.0816 -0.92121 -1.0237 0.86467 1.5537 2.0515 -0.65294 -2.7312 -0.88629 0.81102 -2.7961 -0.63056 -2.5307 2.6818 0.38619 -3.8776 -0.48791 1.5959 -0.85671 1.6152 0.57549 1.1156 1.7716 1.3056 -0.75606 -1.035 0.0997 0.85858 -0.066617 -0.63737 -2.0128
2.008 -1.338 -2.1997 -0.86713 -0.18362 -2.9857 -0.76889 -0.58528 1.5459 -0.22485 -2.2249 -0.82867 1.363 1.246 -0.22301 -2.2204 -0.43632 2.1774 -1.2495 -0.56797 -3.1094 2.2027 0.19591 -2.602 -0.58374 0.83381 -1.6373 0.48321 1.2237 0.80856 1.0331 2.4875 0.29538 0.53715 -1.4411 -0.026107 1.5942 0.065195 -1.7199
2.1109 -1.0358 -2.6022 -0.85018 -0.28448 -2.7653 -1.2486 -1.5124 3.304 0.49349 -2.9011 -0.99363 1.4873 0.66946 -0.3209 -1.4747 -0.40184 1.9314 -0.41728 -0.98321 -2.6249 1.367 0.40447 -1.5973 -0.57893 0.36803 -2.0216 -0.72708 1.3759 0.69062 -0.29163 2.3872 1.4621 2.5691 -2.7767 -1.1538 2.1523 0.85296 -0.71917
2.4626 -1.1615 -2.265 -0.73086 0.069282 -2.5777 -0.91022 -2.4394 3.0345 0.23536 -1.826 -0.50092 1.4638 -0.26244 -0.87607 -0.88464 -0.16535 1.4962 0.65181 0.1709 -0.76527 -0.15065 -0.21374 -0.71215 -0.17793 0.39069 -1.7943 -1.1661 1.3315 0.90948 -1.2452 1.548 2.4097 3.8503 -3.4694 -1.5344 1.5363 1.2461 0.13575
1.9545 -1.5552 -2.445 -1.4042 0.69565 -2.5782 -0.86022 -2.237 2.7935 -0.21249 -2.1202 -0.85957 1.6241 -1.0345 -1.4956 -0.60218 0.19551 0.61021 0.98755 2.0311 1.5089 -1.9839 -1.4572 -0.36158 1.0894 0.72339 -1.3843 -0.72042 1.1168 1.1374 -1.2465 0.86939 2.6255 3.3811 -3.0979 -1.2227 1.0588 1.0605 0.47637
1.7718 -2.0794 -3.4373 -1.3795 0.32313 -2.8108 -0.65777 -1.5293 1.7526 -0.097627 -2.8899 -0.37669 1.668 -1.3153 -1.5111 0.050429 0.86376 0.52471 1.1208 2.9286 2.6097 -3.4216 -1.5985 -0.021604 1.1792 0.84371 -0.65146 0.21028 0.94225 1.0067 -1.1345 0.10625 1.4726 1.3764 -1.8695 -0.16339 0.89275 0.20503 0.19788
0.96228 -2.5102 -3.1764 -0.73051 0.30917 -1.5927 1.2242 0.50159 0.71186 -1.2047 -2.0151 0.20003 1.8796 -1.4477 -1.1618 0.33068 1.0795 0.10141 1.0776 3.091 2.5309 -3.5156 -1.0739 0.27699 0.95399 0.83975 -0.025692 1.0122 0.96952 0.29711 -0.78263 -0.29912 0.028288 -0.91719 -0.16641 0.96066 0.9544 -0.92868 -0.32344
0.84522 -2.464 -2.5353 -0.44828 0.33407 -1.8354 1.9051 0.48777 -0.95961 -1.8 -3.0495 0.41421 2.1012 -1.3235 -0.70429 0.56895 1.1609 -0.35702 0.82536 2.6937 1.5389 -3.3184 -0.69174 0.84765 0.32389 0.61322 0.61935 1.2593 0.56063 -0.76452 -0.73369 -0.54583 -0.9196 -2.6353 1.2478 1.3537 0.65257 -1.3011 -0.73254
0.78922 -2.2889 -2.1086 0.039707 0.52063 -1.4731 2.5354 0.35779 -1.3404 -0.90818 -2.1409 0.29301 2.2233 -1.1231 -0.27045 1.1137 0.57833 -0.4027 0.55134 2.1945 0.25073 -2.3856 -0.19738 1.2092 -0.4042 0.3378 0.99351 0.94597 0.0076064 -1.4848 -0.52495 0.03782 -1.0772 -2.6604 2.12 1.4419 0.35305 -1.1103 -1.092
0.54808 -2.4248 -2.2141 -0.37153 0.31599 -1.6088 2.68 -0.25156 -1.5248 -0.8168 -1.2804 0.29079 2.1602 -0.35923 0.069342 0.80721 -0.20466 -0.58607 0.31158 1.4495 -1.4963 -1.3613 0.37547 0.89901 -0.83676 -0.019451 1.0836 0.64241 -0.31058 -1.7486 -0.43584 0.78055 -0.91299 -1.7243 2.2461 1.6753 -0.70496 -0.47373 -1.3088
0.080706 -2.5469 -2.6102 -0.57634 -0.015235 -1.8829 2.323 -0.26712 -2.0987 -1.1824 -1.7191 -0.70441 2.086 -0.10899 -0.026583 0.24153 -0.81209 -0.75904 1.4176 1.4577 -1.248 -0.033607 0.96165 1.0241 -0.76424 -0.497 1.0663 0.91141 -0.056566 -0.95498 -0.50783 1.2649 -1.075 -0.049468 1.8593 1.5931 -1.3721 -0.055782 -1.5538
0.11922 -2.5218 -1.9317 -0.64092 -0.17733 -1.6932 3.1129 -0.35496 -1.7796 -0.84283 -1.6405 -0.47948 2.0072 0.15942 0.20753 0.3916 -1.1781 -0.98826 1.9458 1.1484 -1.1271 0.23148 1.7133 -0.45579 -0.47216 -0.9474 0.52643 1.8094 0.53636 0.18909 -0.43896 0.85483 -1.6095 1.473 1.3797 1.2828 -0.8463 0.015565 -2.0083
0.89867 -2.2955 -1.9752 -0.72541 -0.20555 -1.021 3.6335 -1.5114 -1.7034 -1.0556 -1.577 -0.4373 1.9551 0.57502 1.1269 1.2218 -0.58595 -1.1448 2.2467 0.093972 0.016103 0.73 1.9719 -0.87703 -0.69425 -1.5436 -0.065381 2.6359 0.77423 1.2648 -0.090765 -0.47065 -2.8033 1.1629 0.6961 0.2367 0.015254 0.12536 -2.3344
0.64101 -2.4906 -2.3037 -1.1047 -0.3455 0.58821 4.1903 -0.56021 -0.76287 0.12676 -1.5785 -0.27051 1.5904 0.24263 2.4036 1.4163 0.025386 -1.2084 1.5976 -1.2325 0.88081 1.1597 2.1565 0.16381 -0.83128 -2.5229 -0.92243 2.6314 0.94545 2.1844 0.45739 -1.4695 -3.0991 1.2593 0.5032 -0.68732 1.3911 0.2935 -2.1743
0.727 -2.0174 -1.5747 -1.237 -0.69248 0.50667 3.5817 -1.1289 -1.4944 1.6814 -2.7355 -0.29735 1.2387 -0.31786 3.1158 1.3094 0.80431 -0.81717 0.66812 -3.201 0.13406 0.96685 1.1653 0.79459 -0.3161 -3.2248 -1.3851 1.7524 1.0266 2.3785 0.91812 -2.0023 -2.2976 0.79168 0.020304 -1.6066 1.5688 0.51512 -1.1779
1.062 -1.005 -0.59517 -0.68743 -1.1599 0.35903 1.6822 0.37725 -0.62267 0.70756 -2.0734 -1.3461 0.57247 -1.1705 3.4464 2.2743 1.9477 -0.3017 -0.16589 -3.6689 1.3937 1.1718 0.89813 1.6091 -0.043322 -3.3824 -1.0068 0.17995 0.8346 1.8152 1.2839 -1.125 -0.58575 0.56891 -0.36943 -2.2522 0.80277 0.40118 0.38897
-0.048764 0.17619 -1.0979 -0.35219 -1.2894 -0.71067 0.61429 0.68628 -0.29738 0.98256 -0.75501 -1.7285 -0.46152 -1.3634 3.4249 2.8833 2.6121 0.10834 -0.82734 -3.4841 1.3998 0.76666 -0.25257 1.6652 -0.009883 -2.8956 -0.40982 -1.3495 0.16299 0.75614 1.5979 0.17579 1.7502 0.40816 -0.53933 -1.2417 -0.25743 0.60351 1.8503
-0.089026 0.30226 -0.74233 0.18326 -0.61018 -0.59532 -0.99247 -1.9307 -0.56953 -0.18485 -0.68016 0.15972 -0.82519 -1.1694 2.5389 2.3317 2.2989 0.71501 0.12636 -2.3234 1.4404 0.4825 -1.1366 1.4231 -0.14276 -2.1203 0.6004 -2.3286 -0.72117 -0.59962 1.4964 1.1759 2.726 -0.23675 -0.42611 -0.34498 -1.212 1.0274 2.8004
-0.79192 0.60755 0.91142 1.0792 -0.38129 -0.23185 0.10765 1.3052 0.4389 1.0831 -0.13161 -0.31092 -0.8842 -1.1324 1.3992 1.6249 1.9602 1.6441 0.87824 -0.24295 0.98019 0.17668 -0.021764 0.40893 0.9956 -1.0979 1.1081 -2.4586 -1.3691 -1.6712 1.0373 1.3568 2.5117 -0.24011 -0.38676 0.69849 -0.98894 0.96015 2.7653
-0.79145 0.78549 1.2744 1.0337 -0.59076 -0.3029 -0.17104 1.1057 -0.34046 0.31467 -0.98058 -0.76398 -0.82356 -0.2033 0.71382 1.4597 1.2421 1.7114 1.3176 0.37276 1.1771 0.57018 0.17331 -0.1982 1.5965 -0.098946 1.2712 -1.9309 -1.7939 -2.571 -0.19745 0.19259 1.2104 -1.0547 -0.4323 0.83581 -0.19662 0.79424 2.1272
-0.22316 0.68878 0.69928 0.63293 -0.19851 0.95535 -0.062452 0.77279 -0.85914 -0.29379 -1.2781 -1.41 -0.83582 0.18948 0.38295 0.56537 0.24112 1.538 1.2713 0.38404 1.0984 -0.090973 0.33926 0.49773 1.1234 0.22346 1.074 -1.2847 -1.7491 -2.5969 -1.4531 -0.84979 -0.17287 -1.5161 -0.36221 0.07624 0.81231 0.12256 1.254
-0.94585 0.71123 0.44791 1.3495 0.86081 0.79102 1.3284 1.0584 0.033877 1.3261 -0.92553 0.65194 -0.80964 0.51178 -0.058518 -0.75152 -1.3093 0.4016 0.31933 -0.12986 -0.68866 -0.29329 0.17393 1.0247 1.4516 0.39208 0.46991 -0.84369 -1.3321 -1.8168 -2.1279 -1.8243 -0.60602 -1.6017 -0.42191 0.049853 1.3558 -0.46074 0.54476
-0.13339 0.99837 0.79439 0.89962 0.53782 0.47038 -0.070435 0.98253 1.0056 0.74241 -0.5248 1.3495 -0.63879 0.48191 -0.28074 -0.79198 -1.277 -0.40072 -0.29676 -0.36447 -1.084 -0.15373 0.11782 1.5117 1.3308 0.52053 0.36963 -0.55505 -0.53828 -0.8225 -2.2169 -2.0495 -0.67474 -1.0268 -0.18206 -0.2273 0.92173 -0.87303 0.24377
-0.14298 0.65871 0.61087 0.54972 0.86755 0.98214 -0.54324 0.26752 -1.3355 0.33149 0.41098 0.72515 -0.66644 0.48823 -0.31106 -0.54074 -1.1521 -1.2727 -1.5018 -0.52758 -0.90084 -0.2862 0.37698 2.1231 0.54371 0.55327 0.7534 -0.016304 0.22012 0.42455 -1.1475 -1.1843 0.052208 0.40206 -0.075185 -0.27869 0.10925 -1.4893 0.11056
-0.26425 0.47439 -0.056899 -0.70271 -0.95527 -0.3818 0.072871 0.48963 -0.25273 1.0358 0.41756 0.54198 -0.47776 0.85072 -0.38321 -0.61392 -1.2576 -1.7438 -1.8673 -0.83475 -0.80944 -0.47763 -0.16234 1.887 -0.2283 0.49239 1.5282 0.58643 0.56907 0.93398 0.16989 0.11759 0.64411 0.99244 0.45051 -0.35025 -0.90015 -1.4139 0.11199
-0.10259 0.4757 0.27215 0.22448 -0.80788 -0.13719 -0.4324 -0.47016 -0.69747 -0.038456 -0.014911 0.44727 -0.34279 1.6974 -0.03311 -0.38082 -0.56551 -1.0586 -1.2317 0.20103 0.031327 -0.28957 -0.17747 1.11 -0.85477 0.55597 1.576 0.9819 1.084 1.689 1.9935 1.7124 0.83173 0.72318 0.50435 -0.35719 -1.1021 -0.8981 -0.0062773
0.20023 0.50171 0.10198 0.14161 -0.78911 -1.1648 -0.085553 0.26321 -0.66907 1.2168 1.3641 0.042797 -0.38502 2.702 0.524 0.29343 0.07117 -0.19161 -0.19078 0.59923 0.49349 0.7958 -0.22372 0.22205 -0.8993 0.67114 0.56814 0.95818 1.4254 1.7733 2.4612 2.3217 0.92655 0.4227 0.58442 0.21109 -0.89219 0.11184 -0.23916
0.49839 0.46909 -0.10799 0.026689 -0.69716 -1.4849 -0.51466 0.25826 -0.22402 0.79768 1.1261 1.2017 -0.36121 2.477 0.81519 1.2122 1.141 1.6558 1.0583 0.47404 -0.049793 0.13822 -0.22345 0.74556 -0.97852 0.43855 -0.62554 0.70182 1.4131 1.1175 1.6939 1.9645 0.35732 -0.25211 0.10312 -0.1241 -0.75688 0.65746 -0.45035
2.6884 1.0419 0.51129 0.087141 -0.31147 -0.11778 0.39624 1.0779 -0.32138 0.0068252 0.55351 -0.40149 -0.053478 1.4831 0.73435 1.4866 0.99353 1.4727 1.5922 0.94476 0.12984 0.53806 0.24042 0.28943 0.074064 0.17662 -1.8737 0.036592 0.69556 0.26017 0.32799 1.1189 0.14069 -0.3484 -0.35129 -0.16796 -0.34046 0.74684 -0.65857
3.1383 1.1006 0.86729 0.18161 0.037303 0.801 0.56617 0.49242 0.34917 0.28562 0.32672 -0.58131 0.047221 1.0879 0.99104 1.8949 0.93468 1.2572 1.7743 0.75922 -0.24409 0.056212 -0.62602 -0.42611 0.03261 0.11215 -2.6005 -0.60774 -0.41501 -0.48071 -0.97312 -0.056628 -0.21357 -0.11134 0.086264 0.0095935 -0.5618 0.66582 -0.72545
1.7375 1.1619 1.5779 1.0703 1.0966 0.63666 0.2723 -0.55845 -0.79731 0.77046 1.7215 -0.45809 -0.20256 -0.16586 0.49533 1.3732 0.64135 0.61764 1.6747 0.7366 -0.06009 0.097627 -0.31695 0.15903 0.15491 -0.1689 -2.5378 -1.0538 -1.5608 -0.61761 -1.0686 -1.0169 -0.84364 -0.24498 -0.14003 -0.15205 -0.49464 -0.024871 -0.69844
0.96046 0.97982 1.6268 1.0547 0.15359 0.93878 1.0166 0.19366 0.39493 0.86659 0.51257 1.5339 -0.343 -1.6256 -0.042507 0.4442 0.49276 0.27565 0.91316 0.12057 -0.12919 0.5399 0.07657 -0.29181 0.37249 -0.49219 -1.9581 -1.3356 -2.2711 -1.0359 -1.1987 -1.8748 -1.1059 0.20672 -0.057363 0.026006 -0.71921 -0.46524 -0.5342
2.3722 1.6869 1.9911 0.53968 0.27156 0.36361 0.57988 0.36122 -0.84452 -0.30826 0.68738 -0.079891 -0.18542 -1.9695 -0.44364 -0.92968 0.15152 -0.021721 0.017804 -0.50522 -0.37051 0.0015572 -0.37709 -0.74262 -0.13941 -0.58423 -0.84806 -1.0922 -2.1494 -0.91611 -0.44795 -1.9888 -1.2524 0.21864 -0.43141 -0.3528 -0.73878 -0.74665 -0.1664
1.0451 0.85148 1.1112 0.39718 -0.11391 1.3488 0.80861 0.68201 0.28424 0.18218 1.2563 0.59362 -0.39761 -1.7312 -0.68742 -1.5316 -0.61245 -0.64999 -1.1008 -0.93508 0.37587 -0.016489 -0.54542 -1.4005 -0.77866 -0.49697 0.45615 -0.47263 -1.0054 -0.20591 0.20732 -1.358 -0.78492 0.47142 -0.41835 -0.28713 -0.072789 -0.18555 0.15478
0.50978 0.94413 0.99175 0.85662 0.49403 1.3166 0.39029 0.36482 0.93987 0.55801 -0.19345 -0.5877 -0.49615 -1.7498 -0.93863 -1.9707 -0.38928 0.24857 -1.2474 -1.3559 0.17608 -0.53191 -0.62926 -0.75197 -0.81259 -0.43191 1.4741 0.53731 0.45434 0.37849 0.80154 -0.42933 -0.022909 0.70687 -0.030652 0.39763 0.51856 0.5268 0.40983
-0.13431 0.55759 -0.27087 0.75847 0.45264 0.16533 -0.54379 -1.0078 -0.82049 -0.091828 0.13018 -0.42722 -0.60874 -0.9235 -0.55488 -1.0537 0.4178 0.5262 -1.1345 -1.1011 0.59414 -0.073621 -0.30384 -0.38729 0.33174 -0.35225 2.3522 1.282 1.6473 0.88113 0.66814 0.38402 0.63196 0.9171 0.17274 0.67345 1.2388 0.87433 0.57505
-0.4894 0.56974 0.38804 0.21076 -0.31984 -1.4027 -0.65828 0.88592 -0.67219 0.050654 -0.054596 -0.43706 -0.66241 0.34974 0.35478 -0.23525 0.30964 0.88002 -0.80706 -0.48283 0.9901 -0.034412 0.21374 -0.1372 0.40801 -0.058121 2.9651 1.4445 2.1486 0.48547 0.29921 0.98197 1.2466 0.60457 0.77695 0.42795 1.1004 0.54891 0.97099
-0.35419 0.29919 -0.42497 0.54298 0.74269 -0.013856 -0.65501 0.68591 -0.63948 -0.5121 0.1417 0.5924 -0.5988 1.5908 0.72845 0.94637 0.58743 0.27625 -0.55248 -0.068917 1.861 0.098164 0.23534 0.88046 0.43568 0.16229 2.1205 0.60864 1.1413 -0.22607 0.40115 1.5478 1.3976 -0.67598 0.6627 0.09704 0.61649 -0.25733 1.1784
1.7053 1.2708 1.2916 1.2796 0.82713 -0.12491 -0.48942 1.2291 0.085566 -0.28306 0.75265 0.5167 -0.522 2.5155 0.74363 1.3887 0.38561 0.92999 0.41383 0.7103 0.80682 1.0169 -0.13331 0.91887 0.28397 0.75057 0.46011 -0.49899 -0.18772 -0.9594 0.0044832 1.2635 1.2481 -1.631 0.56401 0.23867 0.036905 -0.51817 1.0357
0.98136 1.267 0.51627 0.64369 1.0238 0.7077 0.38015 1.3104 0.66144 1.2687 0.4081 0.30783 -0.47397 1.9304 0.23014 0.45681 -0.00068694 1.2471 1.3274 1.1989 -0.62316 0.79502 0.046578 0.39745 -0.13274 0.99408 -1.9803 -1.4655 -1.6428 -1.503 -0.38544 0.71372 0.52302 -2.2617 0.20842 0.21614 -0.72342 -0.43798 0.28403
2.2217 1.3828 1.8537 1.4577 0.16165 -0.63397 -0.4352 2.0686 -0.12467 0.18935 0.8391 -0.55291 -0.39645 0.99932 -0.19833 -0.35548 -1.055 0.4034 0.76254 1.4686 -0.99572 0.8038 0.73695 0.22901 -0.37618 1.0628 -3.5625 -1.6112 -1.3357 -0.86968 -1.2131 -0.27653 -0.75468 -1.4661 -0.25476 0.11953 -0.71389 0.14032 -0.74963
2.6833 0.86256 0.92512 0.46628 1.5793 0.14255 0.50118 -0.57092 0.6912 -1.0577 0.99667 0.30046 0.28042 -1.4137 -1.1575 -1.4891 -1.2985 -0.17621 0.69436 0.62785 -1.733 0.64318 0.18896 -0.20848 -0.13603 0.41606 -3.6407 -1.0366 -0.21818 0.011477 -1.1256 -0.50108 -1.4377 -0.33383 -0.10563 0.19354 -0.23288 1.0193 -1.485
1.1921 0.50443 0.10422 0.18532 1.4243 1.183 1.1526 0.25941 0.30568 0.32204 0.026405 -0.119 0.17852 -2.5456 -1.1539 -0.32481 -0.46781 -0.61199 0.19112 -0.58823 -1.5349 0.55674 0.012391 -0.1925 0.58529 -0.10018 -2.3792 -0.042759 0.71198 1.2661 -0.72387 -0.52137 -1.7365 0.71389 -0.47831 -0.12926 -0.24725 0.79869 -1.7788
1.4033 0.60663 -0.43327 -0.29555 0.80614 0.71606 1.3952 0.092819 1.0192 1.2488 0.82801 0.32479 0.25346 -3.1771 -0.95911 0.014867 -0.26075 -0.33624 0.62937 -0.77867 -0.97501 0.69628 0.75741 0.17988 1.5123 -0.6666 -0.083248 0.80791 0.96354 1.5522 -0.35474 -0.81675 -1.0751 0.92433 -0.81087 -0.22124 -0.31508 -0.40003 -1.1362
-1.1639 0.13014 -0.20341 0.33088 0.21338 0.54375 -0.3357 -0.57253 1.1458 0.024071 0.4109 0.12141 -0.58621 -2.6305 -0.3659 0.34692 0.64641 -0.86118 -0.22891 -1.4563 0.10914 -0.22916 0.22706 -0.42296 0.46712 -1.0785 1.1918 0.8564 0.62377 1.0289 0.029632 -0.77529 0.17366 1.1246 -0.82112 -0.58069 -0.57447 -2.0291 -0.22233
-1.571 0.31948 1.7323 0.91835 0.1687 0.025274 -1.2651 -0.0039415 0.94647 0.60959 0.44378 0.97606 -0.49108 -1.5721 -0.25147 0.13813 0.86346 -0.71032 -0.70435 -1.1892 -0.64828 -0.67001 -0.30766 -0.69007 -0.89989 -0.81411 2.3393 0.84483 0.19335 0.31489 0.58372 -0.41034 1.481 1.0827 -0.7662 -1.1316 -0.091619 -2.6272 0.87791
-0.67884 0.3135 1.4235 0.6935 0.89584 0.80984 -0.45599 0.13925 0.99062 0.60531 1.3958 1.7971 -0.61916 -1.1551 -0.1297 0.88955 0.77692 -0.36943 -0.66867 -0.034388 0.61084 -0.48783 -0.48377 -0.88607 -2.4161 -0.37567 2.135 0.37697 -0.70184 -0.90472 0.77872 0.46182 2.3214 0.21394 -0.071679 -0.82876 -0.050707 -1.6522 1.3065
-0.48697 0.47902 -0.071096 0.69382 0.6424 0.092492 -0.70551 -0.30234 -0.32562 -0.62222 -0.47926 -0.29177 -0.54198 0.43275 0.28216 0.14915 0.23638 0.50298 0.045096 1.5807 0.99918 -0.78655 -0.89591 0.27268 -2.496 0.28217 1.0275 0.14211 -0.71932 -1.3361 0.19738 0.52025 1.6812 0.042885 0.215 -0.53697 0.051645 0.15081 1.0486
-0.96295 0.10503 -0.45154 0.70727 0.060594 0.049389 0.0074414 -0.94493 -0.35467 0.76157 -0.56782 -1.9516 -0.49074 0.33105 -0.025924 -1.0632 -0.60344 -0.020398 0.31887 1.9786 -0.23534 -0.32175 -0.94882 -0.95922 -2.1593 0.31613 0.19202 -0.18092 -0.67142 -1.1733 -0.46039 0.43062 0.47231 -0.74978 0.54429 -0.30364 0.55681 1.9795 0.43956
-1.4965 0.34176 1.9185 0.69862 0.083868 -0.36747 0.90167 1.5153 1.2582 0.21599 0.32321 -2.4254 -0.35406 -0.43063 -0.074366 -0.32547 -0.76169 -0.51762 -0.15993 1.2914 -0.089659 -0.30072 -1.0261 -0.49858 -0.70684 0.39602 -0.64551 -0.39862 -0.1652 -0.56649 -0.64681 0.25244 -0.97299 -0.71535 0.71255 -0.090923 0.088781 2.8869 -0.21
-0.28989 0.61567 0.54531 0.81758 1.3643 1.0668 1.4941 0.56177 -0.49289 -1.5077 1.6171 -1.0674 -0.30638 -0.40743 -0.24206 -0.21627 -0.7555 -0.71413 0.29459 1.0806 -0.30199 0.41441 -0.95456 0.69001 0.80991 0.21045 -0.51933 -0.36375 -0.059347 0.11718 0.02775 0.24729 -1.7708 -0.52638 0.14169 0.50347 0.34177 2.1829 -0.38457
-0.87186 0.10149 -0.28753 -0.10362 -0.030668 0.55143 1.1918 -1.366 0.60802 -0.10466 -1.5585 -0.47184 -0.29793 -0.45448 -0.25059 -0.5938 -0.66146 -0.35156 0.56522 -0.0088827 -0.35557 0.34455 -1.0505 -0.3209 2.0253 0.0042566 -0.49558 -0.33325 0.11432 0.40773 0.42563 0.26354 -1.3595 -0.21249 -0.15218 0.78311 -0.096617 0.38489 -0.41915
-1.5758 0.25513 0.62606 0.0090571 -0.0079939 -0.2292 0.58419 0.13835 -0.33641 -0.97495 0.56947 0.30266 -0.26062 -0.67659 -0.52254 -1.0345 -0.43579 -0.051404 0.45408 -1.0707 -1.1107 -0.3463 -0.036714 -0.29842 1.018 -0.080453 -0.20725 0.094852 0.50332 0.66922 1.0839 0.20653 -0.63537 0.4025 -0.61671 0.70407 0.1876 -1.1681 -0.23237
-1.1686 0.050754 -0.4663 0.25686 -0.52554 0.46852 1.1561 -0.66062 0.78962 -1.2122 0.55844 -0.89478 -0.4064 -1.271 -0.46978 0.32942 -0.19734 -0.057645 0.2903 -0.47622 -0.062917 -0.2406 -0.087659 -0.15337 -0.0030797 -0.10284 0.38706 0.49585 0.61472 0.72886 1.2018 0.027904 0.10434 0.63921 -0.31425 0.88487 0.066242 -1.8049 -0.13579
-1.7307 -0.0027311 0.017358 0.24504 0.28841 0.95093 0.11823 -0.047794 0.65393 -0.50239 -0.89598 0.42266 -0.46895 -0.43279 0.020513 0.35453 0.19243 1.1534 0.84916 -0.021424 0.40982 -0.59064 -0.17927 1.0399 -0.59449 -0.1003 0.98968 0.77397 0.036569 0.6561 0.98588 -0.41105 0.60262 1.2166 0.00015215 0.6276 -0.55138 -0.9612 -0.11174
-1.8671 -0.086349 0.44 0.27852 0.84012 0.54654 -0.49773 -0.39065 -0.42348 -0.17959 0.80998 -1.333 -0.3329 0.10581 0.27589 -0.030624 0.30836 1.2796 0.43115 -0.32924 0.21794 -0.19452 0.59912 -0.80519 -0.9101 -0.20532 1.4828 0.61281 -0.71476 0.53133 0.0080791 -0.61242 0.60478 0.58381 0.24777 0.76159 -1.0502 -0.43696 -0.15434
-2.2153 0.054011 0.83671 0.16666 0.54839 1.1649 1.7381 -0.18522 -0.74634 -1.8075 0.28602 -0.52093 -0.37017 0.44862 0.35001 -0.76592 0.46848 1.1123 -0.42189 0.097423 1.2429 -0.36906 0.74058 -1.0537 -0.51737 -0.21267 0.98643 0.18881 -0.36591 0.42358 -1.1931 -0.80966 0.49547 0.36314 0.5543 0.66981 -1.4083 0.37159 -0.23773
-1.1463 0.29331 -0.11119 0.061783 1.064 1.1792 0.9237 -0.53356 -0.13852 -0.26173 0.2999 -0.88375 -0.40217 1.0277 0.35162 -0.54113 0.60428 -0.021654 -0.2784 0.71049 0.743 0.1699 0.81146 -1.2104 -0.94132 -0.29397 0.60033 -0.041796 0.35692 0.32709 -1.3598 -0.65566 -0.14201 0.21392 0.19921 0.53169 0.35482 0.74358 -0.19903
-1.2659 0.49537 0.039381 0.61997 0.98094 -0.010125 -0.51933 0.45486 0.24516 -0.04891 -0.98198 -1.0946 -0.60477 0.91376 0.28676 -0.11555 0.7963 -0.41248 -0.39077 0.47727 0.92635 0.39339 0.91035 -1.5953 0.20127 -0.4283 0.03816 -0.22938 0.97663 0.048373 -1.4049 -0.45555 -1.0281 -0.42454 0.012045 0.35347 1.4403 0.88376 -0.079508
-0.85741 0.13164 -1.7022 0.7784 0.78926 -0.0088309 1.3153 1.2839 0.057705 -0.091216 -0.95931 -0.99415 -0.61205 0.95584 0.24069 0.38056 0.7281 -0.48429 -0.87421 -0.82774 0.85544 -0.15664 1.4643 0.24197 0.28356 -0.41182 -0.33364 -0.21792 0.79617 -0.3275 -0.63707 0.080091 -1.3705 -0.44454 -0.3886 -0.14098 1.7973 0.54735 0.14517
-0.67972 0.24691 0.71234 0.6673 0.10273 1.0868 1.2012 -0.06079 0.34529 0.38429 -1.3006 -1.3755 -0.64442 0.51169 0.036905 0.76278 0.50441 -1.2664 -1.0176 -1.2868 0.38298 -0.1805 1.0472 1.2215 0.71442 -0.28887 -0.21202 0.10481 0.31935 -0.51962 0.023837 0.55146 -1.0831 -0.47326 -0.29915 -0.66901 1.1449 -0.16245 0.38862
-1.1786 0.2772 0.82303 0.90573 0.48944 0.1484 0.76244 0.57299 -0.35479 0.023778 -0.36253 -0.32742 -0.71893 0.55783 0.12641 0.64432 0.19292 -0.77802 0.20181 -1.2736 0.17079 -0.36084 0.49652 1.1146 -0.052579 -0.16198 -0.11279 0.17161 -0.575 -0.37002 0.49415 0.56436 0.068971 -0.22478 -0.11708 -1.0395 -0.43065 -0.20154 0.42525
-0.49493 0.51208 0.65545 0.68395 0.36284 -0.30695 -0.52884 0.77154 -1.0515 0.64141 1.2539 -0.24335 -0.7602 0.67018 0.51289 0.41295 0.17172 -0.22087 0.1712 -1.5675 0.36706 -0.13398 0.20842 0.3643 0.039977 0.013451 0.11422 0.10998 -1.0221 -0.15283 0.82353 0.78685 0.8898 -0.13314 0.1381 -0.95114 -1.2238 -0.056326 0.32127
-0.56349 0.27194 -0.0073934 0.7308 -0.614 -0.74974 -1.6835 0.14986 0.39204 1.2235 0.66728 -0.30317 -0.69514 0.62033 0.27914 -0.5927 0.26303 -0.088374 -0.3431 -0.55673 0.46109 -0.42629 0.038754 -0.16313 0.2102 0.058597 -0.033354 -0.1734 -0.60054 0.065785 0.45935 0.57478 1.5998 -0.51075 0.066672 -0.57713 -1.1638 0.65286 0.14207
-0.43981 0.49501 0.070768 0.92461 0.46937 1.2632 -0.71253 1.2025 -0.40248 -0.083219 -1.0397 -2.014 -0.75496 0.65037 0.13785 -0.671 0.21651 -0.080507 0.82082 0.19426 0.019658 0.14275 -0.41161 -0.59915 0.47415 0.066552 -0.18652 -0.29787 -0.14254 -0.31471 0.04348 0.78884 1.7904 -0.75476 -0.29171 -0.08216 0.021745 0.97526 -0.074758
0.090076 0.76824 -0.27331 0.91124 0.49882 0.42779 -0.00094867 1.2112 -0.056046 0.19602 -0.85211 -0.48281 -0.5305 0.46059 0.035401 -0.013509 0.29872 0.0058061 1.0231 1.1632 -0.63245 -0.35897 -0.21583 -0.74036 1.0948 0.0085188 -0.26665 -0.062572 0.52452 -0.80352 -0.4163 0.34882 0.68476 -0.85209 -0.26004 0.43934 0.51102 0.95491 -0.18006
-0.33293 0.35129 0.54605 0.96891 -0.12778 -0.37564 0.55887 0.17068 -1.1126 0.56115 -0.46665 -0.26576 -0.6891 0.35534 0.15601 -0.15029 -0.38114 -0.1867 1.058 1.2869 -0.55342 -0.78145 0.19384 0.74655 1.632 -0.089516 -0.47186 0.025183 0.51359 -0.92522 -0.54503 -0.50242 -0.42478 -0.4624 -0.41959 0.27437 0.69808 0.14028 -0.27475
-0.23233 0.41883 -0.24891 0.97008 0.2702 1.3293 -0.10533 0.61218 0.1149 -0.39363 0.30542 0.66294 -0.72674 0.22269 0.1698 0.22224 -0.82515 -0.80836 0.2371 0.30959 -0.91521 -0.51135 0.52183 0.26061 1.6233 -0.14924 -0.2351 0.17235 0.35079 -0.44611 -0.20551 -0.43613 -1.1941 0.012768 0.37313 -0.2225 0.16985 -0.80573 -0.18497
0.13435 0.49793 0.61212 0.94968 -0.056328 0.77735 0.51747 -0.39427 -1.516 1.0667 0.082587 0.62014 -0.75261 -0.16112 0.11155 0.26431 -0.82067 -0.68571 0.22741 -0.27621 -0.71875 -0.66393 -0.2881 0.38041 0.5095 -0.28239 -0.019031 0.090488 0.52987 0.42618 0.2261 -0.57234 -0.97984 0.16601 0.79638 -0.45407 -0.31682 -1.5726 -0.0079217
-0.16746 0.61542 -0.66941 0.096297 -0.54313 1.266 0.32212 0.3572 -0.79007 1.001 0.79636 0.66577 -0.76809 0.2329 0.33528 0.50316 -0.24555 -0.1261 0.58323 -0.55416 -0.47477 0.3673 -0.3664 -0.16007 -0.0097575 -0.18828 -0.041844 -0.026628 0.087278 0.9161 0.88247 -0.19688 -0.57933 0.392 0.886 -0.18818 0.23704 -1.6851 0.139
-0.022673 0.79904 0.69273 0.19811 -0.27174 0.70404 -0.24546 0.24089 -1.0186 0.18805 -1.8707 0.015537 -0.80069 0.26998 0.21923 0.79536 0.085434 -0.10724 -0.23992 -0.33404 -0.3907 0.45479 -0.16551 0.35651 -0.81059 -0.097804 0.063334 -0.17155 -0.13873 1.1124 1.0803 -0.32514 -0.26357 0.36538 0.69818 0.62294 0.27603 -0.99808 0.28833
-0.51875 0.562 0.22498 0.447 -0.33766 0.094073 -0.21056 -0.11021 -1.4115 -0.5967 0.57156 0.31116 -0.86494 -0.11594 0.07353 0.14782 0.33209 0.54263 0.089211 -0.88052 -0.24219 0.79342 0.13005 0.80751 -1.2094 -0.049082 -0.093488 -0.35303 -0.89512 0.40633 0.43539 -0.25889 0.13475 0.68375 0.3304 0.7769 0.33346 -0.41399 0.29842
0.33237 0.6714 1.0906 1.177 0.096425 1.5344 -0.32357 -0.47231 0.54044 0.26269 -0.24482 0.16995 -0.86409 0.087696 -0.033133 0.17605 0.84304 0.98783 -0.16105 -0.67468 -0.051497 0.59196 0.57609 0.5115 -0.95615 0.06433 -0.061245 -0.10634 -1.1435 -0.46534 -0.16627 -0.082913 0.33076 0.77738 0.36683 0.37992 -0.8677 -0.031455 0.21148
0.25027 0.65115 0.54909 0.81592 -0.12093 0.66459 -0.096008 0.061077 -0.044435 0.33341 1.21 -0.43479 -0.76922 0.104 -0.10602 -0.9827 0.097405 0.13584 0.039489 -0.11626 0.77891 0.99385 0.64908 0.49503 -0.78893 0.16211 -0.10797 0.12396 -0.79973 -1.1353 -1.394 -0.51263 0.46151 0.75084 -0.076961 -0.38895 -1.169 -0.096734 0.054684
-0.55084 0.61357 -0.087343 0.63459 0.42275 0.99573 -1.0933 -0.44616 -0.74162 1.7121 0.62989 -0.96844 -0.80761 0.0005012 0.13835 -0.93722 -0.59477 -0.21233 -0.37098 -0.04051 0.71018 1.1264 0.25507 -1.2169 -1.078 0.097715 -0.44136 0.18985 -0.10798 -0.95783 -1.538 -0.34076 0.34481 0.50432 0.0916 -0.81428 -1.1692 0.017441 -0.1289
0.054637 0.63551 0.039079 0.95355 0.56124 0.48529 -0.61942 0.62024 -0.10727 0.75538 -0.21311 -0.22115 -0.70421 -0.31957 0.18758 -0.89816 -0.91425 -1.447 -0.81248 -0.24974 0.93506 0.36425 -0.39707 -0.67547 -1.3413 0.00027448 -0.26876 0.11366 1.0578 0.26413 -0.65944 -0.17598 0.26404 0.33835 -0.26169 -1.1732 -0.58484 0.60711 -0.16782
0.049001 0.57879 -0.58722 0.17381 -0.78761 0.61959 0.027636 1.1277 0.79604 0.023959 -0.79625 -0.72519 -0.69059 -0.5737 0.12585 -0.069979 -0.3071 -1.0781 -0.40145 0.096983 0.93317 1.0995 -0.34507 -1.251 -0.63561 -0.063919 -0.10021 -0.17597 1.3732 1.0308 0.55814 0.39934 0.47886 0.40848 -0.82178 -0.92782 0.66907 1.1047 -0.10381
-0.31587 0.82962 -0.20086 0.14553 -0.37503 -0.043703 -0.36179 -0.10662 1.0037 -0.11329 -0.60419 -1.1855 -0.86163 -0.158 0.083452 0.73731 0.42747 -0.65617 -0.28545 0.35175 1.3967 0.45666 -1.1336 -0.63773 0.25932 -0.024598 0.25293 -0.2497 1.0994 1.1494 1.8614 0.91066 0.61896 -0.033431 -1.438 -0.27578 0.99416 1.1807 0.056107
-0.19318 0.8435 0.11335 0.36528 -1.8277 0.45957 -1.0659 0.78323 0.12326 0.33765 0.32698 -1.9311 -0.84524 -0.31295 -0.092254 1.0366 0.54462 0.4298 0.16431 0.64273 1.3495 -0.64894 -1.0229 0.18482 0.42495 -0.061416 0.62195 -0.17008 -0.097731 0.28333 1.4764 0.64786 0.54316 -0.42596 -1.7079 0.067234 0.92013 0.7816 0.23361
-1.0852 0.61383 0.34736 0.77969 -0.17866 0.33122 0.0068514 1.1487 1.5108 0.85342 -0.53238 -0.65642 -0.79053 -0.019593 -0.10463 0.78637 0.67681 1.2581 0.71574 0.75303 0.70906 -1.7871 -0.54449 0.69359 0.58959 0.067205 0.60196 -0.0296 -1.0247 -0.60195 0.56354 0.092517 0.19281 -1.243 -0.49809 0.59636 -0.25096 0.22179 0.22785
-0.084246 0.65258 0.78388 1.3233 0.10935 0.51192 -0.38611 1.8298 -0.58722 -0.65572 -0.58166 0.23266 -0.73912 0.48029 -0.053301 -0.27754 0.075607 0.70868 0.38877 1.0142 0.47041 -1.3722 -0.51577 0.018582 0.83125 0.22447 0.62 0.19422 -1.0583 -0.94027 -0.78306 -0.36515 -0.38651 -1.6018 0.7534 0.78496 -0.82378 -0.39891 0.11886
-0.28963 0.48977 0.79312 0.79134 0.58939 0.67345 0.92556 2.1609 -0.91375 -1.0992 -0.055623 -0.21366 -0.79072 0.53104 0.01676 -0.66323 -0.37369 0.25199 -0.2063 0.55447 -0.61202 -0.22976 -0.32205 -1.02 0.5251 0.15811 -0.010544 0.055537 -0.80011 -0.7932 -1.2395 -0.51529 -0.60265 -1.2988 1.6207 1.1165 -0.64093 -0.99406 -0.10703
-0.096963 0.68071 -0.074507 0.4413 0.022608 1.4458 0.57433 0.5217 -1.8926 -0.055854 0.31557 -0.9603 -0.6778 0.53128 0.15987 -0.36405 -0.5555 -0.52171 -0.089355 -0.075588 -1.1592 0.15752 0.26654 -0.59798 -0.36343 0.055394 -0.54661 -0.080601 -0.069477 -0.077776 -0.99711 -0.096691 -0.71564 -0.7161 1.3525 1.1068 0.050276 -1.0066 -0.23839
0.28058 0.87338 -0.74703 0.19026 -0.69923 -0.13414 0.4371 0.54796 -0.083999 -0.21321 -0.70879 -0.38889 -0.6447 -0.1094 -0.12148 -0.77375 -0.37665 -0.42932 -0.05711 0.030347 -1.0366 0.85801 1.0547 -0.2629 -0.87016 -0.024638 -0.61456 -0.22013 0.36386 0.46952 -0.45831 0.043868 -0.26299 0.77549 0.54486 0.19345 0.73856 -0.30638 -0.17679
-0.070332 0.66712 -0.090407 0.46543 -1.0622 -0.026269 -0.47251 0.4556 1.0358 0.20709 -1.5432 -0.69984 -0.73275 -0.27028 -0.11344 -0.34817 -0.044946 -0.80298 0.13098 -0.22656 -0.70685 0.92957 0.76896 -0.20785 -0.55421 -0.057467 -0.39587 -0.28102 0.4879 0.41833 0.23777 0.32464 -0.025643 1.35 -0.32753 -0.32431 1.198 0.54815 -0.059264
-0.25493 0.71139 0.76453 0.68752 0.10701 0.70356 0.059542 0.43647 0.46611 0.46979 -0.65718 -0.64607 -0.76552 -0.26654 -0.20029 0.079228 0.20294 -0.45851 -0.22139 0.069513 0.76941 0.53058 -0.22487 0.34796 -0.007905 -0.066429 0.24334 0.0025549 0.72839 0.25248 0.56689 0.40226 -0.052387 0.54838 -1.212 -0.42266 0.83923 1.0074 0.057844
-0.39129 0.2941 -0.61086 0.79316 0.02457 0.79007 0.60248 1.0599 -0.54201 0.20875 0.015339 -1.1947 -0.77826 -0.17793 -0.25237 0.2107 -0.10262 -0.064839 0.64371 -0.1615 0.69979 -0.36795 0.33368 1.6013 0.35241 -0.02849 0.50154 0.14314 0.47948 -0.0081924 0.45569 0.092818 -0.44302 -0.67306 -0.87755 -0.01149 1.4451e-05 0.93733 0.078017
-0.51755 0.59912 -0.0035648 0.30623 -1.0835 1.0074 0.5371 0.50149 0.10995 -0.052984 -0.20434 -1.0025 -0.77278 0.25678 -0.047501 0.43436 0.10579 0.25543 0.49112 -0.12419 -0.5887 -1.0433 0.52472 0.60188 0.7776 0.031658 0.28768 0.26752 0.24463 -0.0068613 0.16442 -0.42386 -0.98842 -1.6711 -0.26719 0.39641 -0.98948 0.50085 0.046694
-0.052914 0.64647 -0.27507 0.54849 -0.90109 -0.1017 0.29667 1.7163 -0.31545 -0.61857 0.056845 -0.38312 -0.67983 0.3652 0.040825 0.45848 0.0028792 -0.31275 -0.033301 -1.065 -1.3309 -0.12991 0.378 -0.28573 1.0086 -0.0054828 -0.12364 0.21635 0.13593 0.32963 0.19859 -0.91323 -0.77083 -0.95723 0.13952 -0.0059609 -1.0687 0.059014 0.01395
-0.05808 0.49977 -0.0088271 0.089123 -0.55861 0.99551 -0.58915 0.92342 0.028685 1.1271 0.76505 0.2039 -0.72393 -0.042499 0.083847 0.46464 0.15176 -0.028583 -0.7138 -1.5495 -1.5237 -0.15066 0.46241 -0.68775 0.71272 -0.023863 -0.53042 0.112 -0.03559 0.18852 0.55908 -0.16828 -0.13197 0.1443 0.45188 -0.4284 -0.46762 -0.59547 0.006645
0.15627 0.59391 1.0763 1.0913 0.085391 0.95803 -0.21137 -1.2093 -1.224 1.0266 -1.4838 -0.04714 -0.75052 -0.30495 0.030373 0.48504 0.46247 0.44663 -0.55356 -1.0666 -0.70679 -0.52077 0.3585 0.10461 0.5156 0.0042522 -0.26705 0.24021 -0.18841 0.18385 0.89427 0.42496 1.0707 1.067 0.065317 -0.8627 0.19834 -0.89449 0.10928
-0.081727 0.58919 0.44813 0.54936 -0.67842 0.44974 -1.3385 -0.67167 0.59402 0.23182 -0.44267 0.11377 -0.81257 -0.44853 0.13828 0.36371 0.21811 0.91506 0.42633 -0.41107 -0.56144 0.10282 -0.22333 -0.50279 -0.20492 0.02082 0.23434 0.10739 -0.61506 -0.19222 0.43638 0.97145 1.7382 1.6874 0.44917 -0.8794 0.90846 -0.81445 0.12744
-0.89038 0.43166 -0.5447 0.66573 -0.66145 -0.67049 -1.3458 -0.016171 -0.96391 0.33297 -0.44579 -0.68378 -0.76768 0.022311 0.4004 0.14254 0.30369 0.87757 0.24616 0.58192 0.38127 -0.11926 -0.80949 0.077413 -0.38285 0.12007 0.49427 0.01774 -0.5667 -0.44757 -0.083319 0.95589 1.7159 1.0484 0.47533 -0.43232 0.19788 -0.55735 -0.0053631
-0.62461 0.74034 0.87846 0.76473 -0.48311 0.40338 -0.43765 0.85054 -0.90807 0.27433 0.72379 0.22198 -0.68251 0.18932 0.071984 -0.5933 -0.090347 0.56726 0.81778 1.2322 1.3723 0.59362 -0.51367 1.2371 -0.522 0.093359 0.45836 -0.20755 -0.039192 -0.45646 -0.38689 0.32283 0.96566 0.40804 0.12479 -0.27727 -0.3319 0.22977 -0.16606
-0.29199 0.74074 0.30917 0.55687 0.81351 1.5906 -0.32236 0.29567 0.40916 -0.27122 -1.0862 -0.55268 -0.67502 0.2596 0.092458 -0.16785 -0.14988 0.46617 1.1514 1.6711 0.48244 0.23388 -0.2611 -0.31067 -0.47565 -0.055989 -0.059194 -0.40454 -0.05681 -0.40114 -0.43097 -0.4934 -0.4122 -0.55882 -0.06878 -0.12876 -0.43479 0.57839 -0.25291
0.41489 0.97167 0.59509 0.82122 0.34315 0.99096 0.44452 0.067172 -0.88854 0.40183 0.25614 -0.20163 -0.64384 0.24888 -0.041204 0.45425 -0.33718 0.40233 0.62107 1.0418 0.25724 0.18877 -0.98649 -0.94005 0.32698 -0.15604 -0.32372 -0.13845 0.19531 0.060039 -0.28324 -1.2653 -1.548 -0.56323 -0.21901 -0.1891 0.12302 0.66755 -0.14681
-0.041004 0.33033 -0.39947 0.79224 -0.1622 1.3652 0.93067 0.66304 0.63367 0.10555 0.34666 -0.85042 -0.7597 -0.16312 -0.19334 -0.48151 -0.25856 0.1597 -0.62407 -0.19396 -0.13475 -0.061595 -0.79785 0.32378 0.40245 -0.15033 -0.36914 -0.016434 -0.27233 0.14086 -0.091348 -1.2032 -1.8375 0.30108 0.44025 0.08218 0.73857 0.8481 0.052664
-0.51809 0.70685 0.12108 0.20116 -0.53331 1.072 0.47486 -0.023687 0.013748 -0.18388 -1.3186 -0.51605 -0.9179 -0.25163 -0.0074174 -0.026895 0.082172 0.19465 -0.79121 -1.0711 0.59846 0.28052 -0.57741 1.2211 0.43397 -0.095502 -0.053742 0.14716 -0.092399 0.36815 0.051403 -0.8444 -1.2237 0.54244 0.60041 1.007 0.66273 0.66942 0.24542
-0.5905 0.50404 0.99541 0.43194 0.34215 0.095163 -0.1134 0.87155 -1.2668 -1.4029 -1.117 0.54449 -0.81791 -0.22772 0.049529 -0.46338 -0.1005 0.40073 -0.51623 -1.1109 0.96617 1.1143 -0.31518 0.17177 1.241 -0.023238 0.20617 0.032788 0.012594 0.18866 -0.14249 -0.41425 -0.1869 0.095224 0.34204 1.5524 0.16682 0.067945 0.25701
-0.49904 0.65611 -0.31228 0.64371 0.35598 0.070025 -1.0118 0.20659 -0.28667 -0.33002 1.8259 0.37517 -0.72281 0.13576 0.074483 0.27294 0.23901 0.37778 -1.0963 -1.0603 0.84611 0.86408 0.56782 0.54352 1.3066 0.13241 0.19279 -0.093514 -0.5445 -0.12123 -0.81853 -0.0034288 0.73912 -0.99827 -0.38298 1.4136 -0.38901 -0.75813 0.11648
-0.064199 0.86054 0.37903 0.90464 0.92892 0.99713 -1.3327 1.1853 1.241 -0.41184 0.41135 -0.5627 -0.74864 -0.014254 -0.18115 -0.59136 0.0053874 -0.19617 -1.2834 -0.60136 -0.017873 0.36624 1.3954 1.0536 0.11542 0.10509 0.0027189 -0.22121 -0.13574 -0.088454 -1.3295 0.34453 1.1506 -1.0907 -1.6499 0.44245 -0.053386 -1.0068 -0.032401
-0.091979 0.6936 -0.63796 0.42914 -0.038503 0.47831 0.033152 1.3676 1.3433 0.16696 -0.53247 1.6764 -0.75483 -0.040908 -0.042103 -1.0494 -0.16854 -1.0274 -0.40619 0.19999 -0.86609 -0.1513 1.0861 0.031846 -0.57018 -0.00098004 -0.21366 -0.24414 0.034847 0.10054 -1.0467 0.77804 1.0708 -0.68757 -1.8121 -0.54904 0.25698 -0.97496 -0.15861
-0.27632 0.31877 0.78351 0.83152 -0.084459 -0.76823 -0.67437 1.1365 0.86673 0.60592 0.23704 0.54816 -0.69944 -0.1788 -0.24761 -0.06211 -0.037372 -1.3666 -0.171 0.64134 -0.32008 -1.8494 0.217 0.36722 0.095896 -0.021049 -0.027459 -0.052256 0.81931 0.71672 0.24073 0.73229 0.17284 -0.22146 -1.2349 -1.0105 0.53765 -0.71826 -0.12471
-0.94453 0.50708 -0.71874 -0.0016342 -0.48929 -1.0836 -0.80888 -0.66362 -1.1531 0.96268 0.3411 -0.71565 -0.83462 -0.22763 -0.2846 0.093385 0.44917 -0.98139 -0.10397 0.53466 -0.33504 -1.8409 0.18459 1.4625 -0.70104 -0.058238 0.16116 0.10816 0.7835 0.65294 1.273 0.59145 -0.23849 0.23851 0.080298 -0.20591 0.56365 -0.37442 -0.042362
-0.35837 0.69579 -0.78541 0.61302 -0.54057 0.57628 -0.037494 -0.16133 -0.96794 -0.54546 -0.00010336 -0.15962 -0.76537 -0.016964 -0.14356 0.50867 0.95931 0.22861 0.023467 -0.42181 -0.67905 -1.3873 0.05294 1.4894 -1.3032 -0.069177 0.37746 0.18611 0.50378 0.12627 1.4665 0.36396 -0.19914 0.34281 1.7225 0.4178 -0.71025 -0.24051 0.048097
-0.4351 0.41094 0.35725 0.90849 -0.87444 0.45562 -0.20565 1.1518 -2.3305 -0.11427 2.4383 1.1034 -0.7204 0.13624 0.08025 0.26421 0.48473 0.54079 0.67572 0.22211 -0.15797 -0.21347 0.80615 0.67522 -0.64036 -0.056357 0.56443 0.12425 0.30686 -0.73815 0.94481 -0.0036352 -0.16706 0.12403 1.9224 0.47774 -2.0299 -0.019724 0.085043
-0.3239 0.44692 0.3857 1.3277 -0.067628 0.2798 -0.22844 1.1047 -0.026915 0.48922 0.96939 -1.2535 -0.84007 0.30343 -0.13027 0.88582 0.17847 0.59769 0.16793 0.37009 0.32959 0.96108 0.65371 -0.646 -0.42598 0.034184 0.40341 0.037788 -0.12469 -1.1039 0.47298 -0.28599 -0.061236 -0.22601 1.4889 0.11882 -1.8422 0.53257 0.084485
-0.31687 0.3896 0.16585 1.2438 0.42843 -0.76805 -1.3847 -0.5033 -0.94351 0.68109 0.78469 -0.17736 -0.80582 0.62738 -0.090977 0.53995 -0.43347 0.59013 -0.17517 -0.22203 -0.54078 1.0296 0.73832 -1.5817 -1.1725 0.0016436 0.071414 0.059815 -0.086278 -0.7157 0.2694 -0.0027479 -0.36426 -0.67655 -0.031885 -0.85461 -0.34825 0.92345 0.046756
-0.48108 0.58772 0.25912 0.48708 0.026216 0.36357 0.25187 0.27471 -0.13466 1.9704 0.7621 -0.63994 -0.78141 0.45035 0.003235 0.13325 -0.49221 1.0833 -0.10905 -0.34017 -0.89243 1.1238 0.30249 -1.1093 0.077433 0.012548 -0.16602 0.14706 -0.43413 -0.411 -0.28333 0.85973 -0.03912 -0.012802 -0.79531 -1.1892 1.1793 0.97781 0.0089946
-0.33651 0.35691 0.2272 0.22694 -0.32463 -0.28546 0.19125 0.1572 0.0096976 0.24965 -0.67962 -0.75661 -0.74895 0.15234 0.11011 0.48062 -0.41386 0.79904 0.81699 -0.19404 -0.85707 -0.36197 -0.53421 0.24205 1.0346 0.0086249 -0.35758 -0.068192 -0.5672 0.25557 -0.53858 1.0728 0.11707 0.7005 -0.93745 -1.2669 1.5926 0.56751 -0.011147
0.85361 0.51845 0.29726 0.66948 0.025562 0.61862 -0.94792 -0.25532 -0.15224 0.10975 -0.47978 -1.3252 -0.7676 0.18472 0.0061384 0.052196 -0.53418 -0.032775 1.3821 0.26171 0.51137 -0.016532 -0.82121 0.90861 0.51008 0.028246 -0.28759 -0.1613 -0.77717 0.4563 -0.71416 0.70009 0.083144 0.52003 -0.79635 -0.40815 1.2752 -0.06644 -0.027614
-0.34875 0.35853 0.61494 0.91843 1.1162 -0.22537 -0.99356 0.16077 -0.0058773 0.83837 2.0546 1.509 -0.77322 0.044315 -0.20172 -0.5519 0.046495 0.14784 1.2114 -0.29219 0.21427 -0.37267 -0.94927 0.72294 -0.20165 -0.038849 -0.33238 -0.20934 -0.86871 0.3563 -0.76081 -0.43772 0.30626 0.64746 -0.2369 0.44517 -0.33869 -0.016061 -0.034162
-0.4896 0.64619 0.92022 0.83561 0.79297 1.3531 -0.51424 -0.77409 -1.5391 -0.043935 0.95685 -0.17299 -0.85777 -0.0801 -0.099908 -0.90747 0.08647 0.082307 1.088 -0.13094 -0.3338 -0.54641 -0.21177 1.3133 0.56568 -0.021046 -0.11475 -0.047398 -0.3957 0.39763 -0.6762 -1.0097 0.15782 -0.21147 -0.50102 0.82256 -1.7012 -0.12719 -0.00577
0.01679 0.3391 -0.33135 -0.050951 -0.6573 1.1796 0.08562 1.0874 -0.09247 0.22891 1.2774 -0.26032 -0.70911 -0.38382 -0.17321 -0.78164 -0.089619 -0.67174 0.10571 0.62693 0.91588 -0.59552 -0.04275 -0.6055 0.98159 -0.033876 -0.01888 0.10996 0.086625 0.32412 -0.41499 -1.7087 0.10888 -0.3973 -0.10762 0.82183 -1.6191 0.049965 0.048215
-0.2309 0.21329 -0.59455 0.67182 0.20475 1.4349 -0.46033 0.17622 -0.52208 0.19106 0.20224 -1.7184 -0.83963 0.13883 -0.083961 -0.61852 0.24047 -0.87901 -0.055843 0.11778 -0.21501 -0.95931 0.19303 -1.8653 -0.33765 0.001177 -0.018555 0.15332 0.35532 0.50869 0.31166 -1.6745 -0.43576 -0.76685 0.036291 0.15371 -0.78024 -0.33941 0.049818
0.049276 0.38609 -0.52348 0.6644 0.2483 0.75311 -0.78146 -1.0941 -1.0363 -0.031632 1.3349 1.1841 -0.75764 -0.14512 -0.032409 -0.50661 0.54798 -0.14216 -1.5913 -0.20281 -0.5941 -0.39271 0.31453 -0.95772 0.36196 0.0063898 0.072894 0.19942 0.282 0.25795 0.73136 -0.70733 -0.61819 -0.47418 0.65347 -0.11746 1.1753 -0.34992 0.090325
-0.33184 0.3463 0.12777 0.74042 -0.3796 0.065596 0.25042 1.8977 -1.2398 0.50528 -0.74454 1.2825 -0.83839 -0.27881 0.076723 -0.31186 0.66786 0.39709 -1.3705 -0.63621 -1.0704 -0.5715 -0.11272 -0.060987 0.17848 0.017574 -0.14823 0.15993 0.19276 -0.29622 0.26971 -0.053429 -0.017108 1.3236 1.4374 0.013073 1.646 -0.45284 0.060606
-0.2343 0.3876 0.06856 1.0945 0.064073 0.58517 -0.96217 -1.3306 -2.1715 0.90504 0.068464 -0.56378 -0.77237 -0.082661 0.067632 -0.3501 0.15983 0.049653 -0.62909 -0.29601 0.4401 0.58546 -0.094556 0.95054 0.0046797 0.077404 0.19418 0.24154 0.17267 -0.57798 -0.21365 0.86182 0.1702 1.7014 1.59 0.043965 0.89379 -0.98238 0.029188
-0.63633 0.49685 -0.52374 0.86974 0.22671 -0.99252 -0.49661 -0.86731 -0.87826 -0.020493 0.49371 -0.26779 -0.81069 -0.21522 0.12368 -0.29237 -0.06824 -0.4733 -0.63449 0.11582 1.977 1.5759 0.4251 0.6037 -1.0917 0.040596 0.19532 0.2924 0.39029 -0.6449 -0.44837 0.46127 0.14376 1.8469 1.4002 0.12852 -0.49629 -0.44828 -0.045558
-0.23841 0.25158 -1.1607 0.67744 0.025466 0.088157 -1.215 -0.14145 -0.85638 -0.18258 1.419 -0.28884 -0.70161 0.14315 0.33305 -0.15257 -0.077873 -0.10349 -0.24487 -0.23743 1.3503 1.879 0.1281 0.59115 -1.0358 0.022704 0.20583 0.19333 0.79035 -0.41601 -0.18014 0.21474 -0.2941 0.54798 0.18225 0.22328 -1.2186 -0.087856 -0.051569
-0.1582 0.34025 -0.60643 0.84793 0.19694 0.91774 -0.56864 1.225 0.5455 0.26147 1.3374 -0.19269 -0.77567 -0.069512 0.41476 0.39323 -0.32382 -0.35901 -0.64114 -0.37916 2.2351 1.7277 0.008855 -0.84957 -0.22448 -0.039307 0.086487 -0.1112 0.87914 -0.20766 0.25296 0.021438 -0.21346 -0.99569 -0.93219 -0.18008 -0.85663 0.33016 -0.0043316
-0.55563 0.61265 -0.17385 0.61139 -0.96589 -0.97304 0.096767 2.534 0.94418 1.2844 0.52116 0.027846 -0.76703 0.18642 0.23348 0.91995 -0.42396 -0.34176 -0.19242 -0.67374 1.4615 0.89299 0.51503 -0.77179 -0.60331 0.024114 -0.089467 -0.53433 0.30385 -0.023006 0.53463 -0.052036 0.064909 -2.0838 -1.6338 -0.4228 -0.34673 0.64122 0.10608
-0.037738 0.76082 0.019845 0.93469 0.10253 -0.092707 -0.95069 1.0525 0.52168 0.37985 -0.32412 -1.0792 -0.82413 -0.11899 -0.0050203 0.96378 -0.24361 0.11633 -0.61005 -0.12335 -0.030028 0.10753 -0.084441 -0.42176 -0.61384 0.017465 -0.077868 -0.71733 -0.39724 0.28502 1.1999 0.84072 0.44273 -3.2985 -1.7315 -0.85751 0.6358 0.628 0.13975
-0.72143 0.73442 0.065973 0.56256 -0.17122 -0.99773 -1.9236 0.54624 0.25669 0.14196 -0.49102 -0.53515 -0.80401 -0.044599 -0.31618 0.1912 -0.14455 0.65271 -0.35521 -0.24315 -1.6549 -0.74851 -0.5731 -0.28446 0.49921 0.13742 -0.16076 -0.39431 -0.83273 0.14807 0.99697 1.1126 0.68351 -2.1537 -1.0142 -1.0072 0.64035 1.2829 0.02597
-0.027116 0.38774 0.089864 0.25383 -0.22991 -0.38936 -1.3634 1.364 0.41014 0.68707 1.0469 -0.93182 -0.69469 -0.14472 -0.46388 -0.031102 0.046798 1.3739 1.1129 0.31432 -2.7853 -1.0948 -0.96822 0.25912 0.53713 0.097619 0.099727 0.090591 -0.7763 -0.028244 0.51291 1.3876 0.65086 -0.32129 -0.064826 -0.14841 0.19227 1.4639 -0.098007
-0.5651 0.1505 0.014473 0.70161 0.20417 -0.30807 -0.28315 0.32987 -0.33923 -0.27158 1.261 -0.75209 -0.72154 -0.14705 -0.17096 -0.25196 -0.29755 0.88245 1.1571 0.51746 -1.4392 -0.63984 -0.83042 0.24946 1.4947 0.0070381 0.13708 0.54051 -0.31822 -0.057448 0.096623 0.81269 0.45735 0.71349 0.57867 0.64431 -0.48837 0.71327 -0.2134
-0.29851 0.24576 -0.43147 0.77785 0.598 -0.20324 -0.70935 -0.48299 -0.35268 0.073319 -0.072422 1.2411 -0.64966 0.07496 0.06849 -0.36988 -0.20281 0.95498 1.389 0.83842 -0.73411 -0.083245 -0.21551 -0.24554 1.9378 -0.080204 0.31984 0.60882 -0.15681 0.00071699 -0.51042 -0.22471 0.017232 1.7049 0.39815 1.6309 -0.69973 -0.47838 -0.20592
-0.78086 0.38727 0.066502 0.72491 0.87412 0.97066 0.06796 -1.5132 -0.86981 -0.2541 0.21802 -0.41198 -0.77033 0.058406 0.28748 -0.26831 -0.10634 1.0422 1.1239 0.43401 -1.1975 -0.036802 0.20098 -0.98416 1.2889 -0.10953 0.11208 0.31254 0.26424 0.3187 -0.78511 -0.48858 -0.16085 1.5157 -0.051112 1.4063 -0.38344 -2.0308 -0.18144
-0.25937 0.7451 -0.28334 0.18126 0.59025 0.71942 -1.3764 0.36247 -0.011546 -0.76798 0.0087949 0.96157 -0.85531 0.30854 0.28663 -0.32542 -0.034023 0.34605 0.69286 0.37898 0.56898 -0.55868 1.4216 -0.50938 -0.34566 -0.16874 0.054781 -0.05527 0.68475 0.39143 -1.1877 -0.85184 -0.44137 1.6663 -0.25118 0.6857 -0.29762 -1.8791 -0.02501
-0.39429 0.5061 -0.39217 0.27732 0.64249 0.4778 -0.21504 0.4406 0.46924 0.66877 0.15405 1.775 -0.80366 -0.097936 0.22311 0.27475 0.18709 -0.27147 0.54612 0.39936 1.0041 -0.50971 0.85697 -0.35559 -1.5745 -0.23663 -0.10406 -0.2877 0.81651 0.44855 -1.2223 -1.0274 -0.3182 1.2106 -0.26958 -0.16984 0.074256 -1.1735 0.093634
-0.087362 0.42363 -0.19457 0.55701 1.2124 0.90054 -0.24764 -1.2277 -0.38009 0.7018 0.12888 -0.065854 -0.73784 0.21147 0.012169 0.75789 0.34628 -0.59471 -0.00028148 -0.076057 1.5628 -0.37532 0.68055 -1.1209 -0.52627 -0.070079 -0.241 -0.15756 0.63796 0.21523 -0.83283 -1.1413 -0.60787 0.1162 -0.022834 -1.2942 0.17573 -0.029514 0.15318
-0.25868 0.43036 -0.59986 0.92993 0.4211 0.3973 0.32269 1.1732 -2.1173 1.7034 0.31257 -1.2459 -0.90584 -0.13295 -0.037683 0.85578 0.49887 -0.75815 -0.55529 -0.013851 0.7875 -0.69572 0.27363 -0.47715 -1.0508 -0.034417 -0.15751 0.029197 0.022872 -0.2229 -0.48201 -1.2383 -0.68669 -0.12028 0.24601 -1.1927 0.62494 0.95813 0.15214
-0.95566 0.66054 0.45794 0.78546 0.19284 1.1081 -0.39184 0.050964 -0.63438 -0.10258 -0.75401 -0.82245 -0.95327 -0.17095 0.16398 0.68876 0.19876 -0.95767 -1.0076 -0.69287 0.96015 -0.51376 -0.5848 -0.039319 -0.6607 -0.056143 -0.16925 0.14811 -0.44959 -0.53062 0.03044 -0.8732 -0.46397 -0.7268 0.54379 -0.96514 1.1524 0.9473 0.10109
0.016491 0.46757 0.98898 0.61721 0.1639 0.65728 -0.93641 1.2679 -0.5164 0.23817 -1.1836 0.80641 -0.77896 -0.24698 0.19457 0.37017 -0.11414 -0.98518 -1.3934 -0.73478 1.1131 0.077083 -0.6277 0.43375 0.4914 -0.031443 0.065106 0.097801 -0.52199 -0.5735 0.32304 -0.45546 -0.32109 -0.66366 0.72538 -0.4821 0.82947 1.151 0.1164
-0.56678 0.6107 0.10264 0.62416 -0.077473 -0.63796 -0.88111 0.78292 -0.93801 0.28773 0.41319 -0.1112 -0.85512 -0.0938 0.13469 0.10613 -0.25855 -0.42418 -1.3017 -0.69446 -0.011094 0.38238 -0.58139 0.83504 0.67885 0.064057 0.10559 -0.037074 -0.36062 -0.31156 0.43782 -0.12955 0.015133 -0.78766 0.49848 0.012534 0.50049 0.68596 0.12266
