39 258
0.12681 0.84679 0.78949 1.1157 0.20627 0.6034 -1.0075 1.3771 -0.392 0.9869 -0.14218 -0.33507 -1.3351 -0.12242 0.29401 -0.64064 0.095412 0.46649 0.12586 0.70303 0.27163 0.41592 -0.58777 0.588 -0.081129 0.011766 0.032593 -0.082938 0.74415 -0.018781 -0.28365 0.3359 -0.097462 -0.50988 -0.40509 0.22665 -0.043392 -0.19964 0.036745
0.11566 0.91964 -0.59621 1.2597 0.30743 -0.23192 -1.0695 0.86896 0.27987 1.3429 0.40317 0.86568 -1.3073 -0.031898 0.24723 -0.14809 0.13539 0.34243 0.51092 0.57859 -0.20003 0.16783 -0.47435 0.42466 -0.27812 0.055718 -0.018486 -0.22547 0.86469 -0.048286 -0.48189 0.31979 -0.40498 -0.47323 -0.44389 0.094554 -0.27696 0.022081 0.068138
0.44244 1.1164 0.30044 1.3181 0.64067 0.59746 -0.34162 1.8979 -0.32225 0.24732 0.54175 -0.19194 -1.2794 -0.094308 0.16685 0.60857 0.025631 -0.0591 0.53981 0.56145 -0.43947 -0.25325 -0.19973 0.56117 -0.36059 0.053844 -0.015645 -0.31277 0.69413 -0.019204 -0.50288 0.3669 -0.53734 -0.57733 -0.48055 0.10146 -0.58223 0.37371 0.073617
-0.3376 1.1966 0.36841 1.0795 0.8409 1.0946 0.041432 1.692 0.084166 0.086935 0.44998 -0.98498 -1.3573 -0.15906 -0.054218 0.46908 0.024764 -0.23965 0.49464 -0.0097217 -0.25077 -0.1184 -0.59466 0.0098003 0.12304 0.10986 -0.035716 -0.37541 -0.31273 0.080048 -0.19686 -0.068474 -0.58519 -0.82431 -0.14798 0.55404 -0.69805 0.73231 0.0061652
0.26369 0.98919 0.9483 1.2847 0.33044 1.1532 -0.71362 0.59115 -0.4273 0.79229 0.11965 -0.524 -1.2387 -0.076086 -0.12707 0.44715 0.10013 -0.25179 0.7996 -0.03589 -0.77689 -0.38139 -0.32703 -0.42761 0.48432 0.11344 0.18915 -0.27155 -0.79192 0.20214 -0.083435 -0.40753 -0.66563 -0.67646 -0.23623 0.51063 -0.56127 0.55589 0.0046321
-0.011996 0.97317 1.4968 1.0954 -0.22288 0.71996 -0.39401 0.76985 -0.74673 1.059 0.84084 -0.34265 -1.2858 -0.095962 -0.29243 -0.66603 0.23508 0.018081 0.21635 -0.24601 -1.5701 -0.059742 0.67256 -0.54357 0.78097 0.036321 0.028095 -0.084667 -0.9318 0.058527 0.24872 -0.51836 -0.0282 -0.35447 -0.59183 0.21478 -0.28525 -0.23311 -0.09454
-0.063185 0.7495 0.051207 1.2673 0.1077 0.63063 -1.3341 1.3799 0.12375 -0.294 -0.28575 0.86247 -1.1692 0.24162 -0.2103 -0.37201 0.2881 -0.39048 -0.13231 -0.59533 -1.0403 -0.74637 0.16526 -0.34184 0.43998 0.098326 -0.13706 0.048057 -0.68544 -0.2117 0.31385 -0.53078 0.40751 0.50874 -0.41077 -0.4037 -0.21675 -0.8802 -0.11738
0.18386 0.99709 0.025662 1.4429 0.43579 1.2457 -0.31704 0.024293 -0.41188 0.64163 -0.092696 1.0007 -1.2045 -0.25299 -0.16632 -0.94663 0.027057 0.26608 -0.062008 0.19678 -0.7735 -1.0934 -0.41921 -0.64186 -0.29953 -0.048869 -0.15717 0.23486 0.26567 -0.42449 0.1542 -0.014913 0.63185 0.98149 -0.27202 -0.89986 -0.10998 -1.0572 -0.082407
0.0016496 0.77529 -0.42868 1.4577 0.98186 1.0363 -0.3843 -0.25589 -0.27457 1.5572 -0.12372 -0.293 -1.3377 -0.24291 -0.10056 -0.7497 -0.21016 0.18589 -0.10751 0.4909 -0.20489 -0.66884 -0.56577 -0.84554 -0.7113 -0.050329 -0.51654 -0.14875 0.66491 -0.55591 -0.14452 -0.091773 0.6908 1.2047 0.74904 -1.0082 -0.10654 -0.66883 0.20778
0.27898 0.93234 1.0717 1.3114 -0.69172 0.75919 -1.4139 0.50799 -1.4498 -0.0096124 0.18748 -0.62931 -1.1444 -0.13682 0.084663 0.07022 -0.33214 -0.015528 0.14142 0.38199 -0.12767 -0.63212 -0.71422 -0.53794 -0.73242 -0.03435 -0.43157 -0.55435 0.87758 -0.71384 -0.70117 -0.55966 0.42837 1.2603 1.6196 -0.89457 0.33755 0.34562 0.85678
-0.48395 0.69202 -0.39149 1.112 0.88002 0.87541 0.076015 -0.17987 -1.7635 -0.040105 -0.86898 -0.56789 -1.3573 -0.7747 -0.60696 0.45805 -0.59696 -0.56969 -0.44313 0.59433 0.91699 0.48129 -1.6509 -0.63291 -0.65769 0.4552 -0.52149 -1.0079 -0.049374 -0.8159 -0.33516 -0.57202 0.69451 0.3852 1.8856 -0.48244 0.91885 0.6154 1.2604
-0.27406 0.8415 0.029572 0.88829 -0.0053903 0.52382 0.065468 1.2367 -0.32518 -0.12235 -0.66453 -0.34433 -1.2635 -0.7857 -0.92773 0.20936 -1.1426 -0.74688 -0.99557 0.93258 1.0505 1.4883 -1.6186 -0.068715 0.38364 1.2012 -0.29049 -0.86903 -0.27964 -0.52374 -0.25359 -0.379 0.23315 -0.81109 1.6764 0.14187 1.6876 0.74914 1.2837
0.11601 1.0393 0.16086 1.1977 0.36061 1.4012 -0.93362 0.2811 -0.55502 -0.78666 -0.80661 0.30713 -1.1788 -0.886 -1.4403 -0.8961 -1.3608 -0.13516 -0.66395 1.5049 -0.0562 1.9466 -1.0517 0.80168 -0.021066 1.543 -0.017942 -0.15484 0.1215 0.16784 0.55173 0.33499 -0.45919 -1.9897 0.30959 0.83836 1.4406 0.80448 0.53685
-1.3362 -0.29693 0.8323 0.76819 -0.64171 0.30486 0.80364 1.1407 0.26311 -1.2189 -0.70469 -0.87864 -0.47969 -0.61474 -1.0901 0.2142 -0.95409 -0.76261 -0.50501 0.34621 -1.1549 1.9026 -0.73437 2.2167 0.46439 1.6737 -0.058079 0.51461 0.27297 0.7915 1.0008 0.74039 -0.87853 -1.8584 -0.48765 0.88083 0.22806 0.70269 -0.51613
-0.77282 -0.27524 -0.067463 -0.093104 -0.52099 -0.56826 0.42028 1.1393 0.83442 -0.78214 0.29179 0.41879 0.24069 -0.88174 -0.80812 0.71738 -0.38841 0.45742 -0.083665 0.0017704 -1.7125 0.87512 -0.45522 1.1855 0.92748 1.1604 0.28086 1.4964 0.23629 0.98385 1.2483 1.0655 -1.2445 -1.0637 -0.52206 1.1157 -0.89629 1.3559 -1.4362
-1.0364 -0.76596 -1.1001 -0.087668 0.12282 0.63641 1.2392 -0.46903 0.091152 -1.378 1.1087 -1.1351 0.20098 -0.88479 -0.29909 -0.035496 -0.14762 0.83984 0.09211 0.0078413 -1.6065 1.0697 -0.19628 0.19236 1.3318 0.48648 0.85824 1.461 -0.88704 0.78242 1.1163 0.90596 -0.73686 0.34775 -0.12103 1.6471 -1.9866 0.72293 -1.7421
-0.97152 0.14086 0.83254 0.61777 -0.58796 0.57372 -0.42277 -1.5435 0.8865 -0.78039 2.2559 0.93157 0.09129 -0.2112 0.90854 -0.28206 0.080536 1.4227 1.0353 -0.69221 -1.8197 1.3417 0.85791 -0.058796 2.2709 -0.38372 2.0729 0.95636 -1.7738 -0.064483 -0.060531 -0.69666 -0.75002 1.169 0.48816 1.9493 -2.0093 -0.20824 -0.84207
-1.5021 0.068531 1.5647 0.91322 1.3106 0.81111 -0.39687 -0.28316 0.33442 -1.0753 -0.81762 1.3223 -0.32656 0.67443 0.73101 -1.0227 0.27547 0.85998 0.62906 -0.71602 -0.43403 1.4303 1.824 -1.289 1.2555 -0.61111 2.731 -0.093443 -1.8373 -0.80587 -0.83303 -2.3266 -0.21096 1.5644 -0.19306 1.2622 -1.5913 -1.7329 0.4569
-1.5667 0.090374 -0.70111 0.61214 0.8395 0.83343 0.18369 -0.94708 1.2895 -1.3522 -0.9926 1.5289 -0.38594 2.2448 0.43127 -2.2827 -0.7361 0.28889 -1.7148 -1.0703 -0.085791 1.6442 2.339 -2.2487 0.57051 0.2314 2.2875 -1.0911 -1.0253 -1.2021 -1.8064 -3.525 0.34753 1.1618 -1.2601 0.051648 -0.22625 -2.675 1.5418
-1.096 0.896 -0.16982 0.086861 1.0627 1.095 0.096404 -1.0068 2.2717 0.75905 0.65613 2.4255 -0.54565 3.0298 -0.23025 -2.6547 -1.2763 -0.23763 -3.0037 -0.22086 0.48381 0.5389 1.5275 -2.0228 -1.2552 0.98014 0.93472 -1.5826 0.88131 -0.99675 -1.8369 -2.4184 0.7266 0.18978 -1.9112 -0.90244 0.91627 -2.2716 1.7887
0.88182 0.013052 -2.1023 0.23472 0.17789 0.11911 -0.47952 0.45235 1.7971 1.6695 -1.0621 0.54306 -0.15524 2.9206 -0.60924 -1.4766 -1.4291 -1.5451 -3.9045 -0.30468 -0.079182 -0.67381 1.1096 -0.17863 -1.7908 1.5253 -0.93334 -1.7349 2.4593 -0.258 -1.5821 0.14439 0.9344 -0.46117 -2.0032 -1.4157 1.2906 -0.97094 1.182
2.3088 -0.14342 -2.8551 -0.77428 0.27219 -2.1321 -1.0789 -1.7441 1.7695 1.1221 -1.9379 -0.0079759 0.84243 2.1047 -1.6481 0.34153 -1.2756 -1.7984 -2.922 0.25092 -0.067373 -1.1421 0.68142 -0.44759 -2.076 1.8798 -2.3983 -0.99527 3.1342 -0.076508 -0.8161 2.3476 0.48782 -0.84843 -1.0041 -1.0971 1.4822 1.3024 0.26658
2.0371 -0.12865 -0.74147 -0.23512 -0.22631 -2.4338 -0.18358 -0.14075 0.72594 -0.17672 -1.2637 -0.51177 0.93383 0.96617 -2.0384 1.1131 -1.2382 -2.016 -1.5144 0.4353 -0.66545 -1.4261 0.0037704 -0.38553 -0.936 1.855 -2.9815 0.11305 2.2985 -0.08049 0.15595 3.4597 0.31825 0.17968 0.12696 -0.74783 1.2819 2.2659 -0.6972
1.0963 -0.59156 -0.29067 -0.58943 -1.0688 -2.702 -0.36997 -0.74811 -0.31392 0.23648 -0.16306 -0.30754 0.97232 -0.48632 -1.3385 2.2816 -1.5306 -1.614 0.24403 0.30874 -0.8072 -1.0468 -0.056455 1.1277 0.93648 1.2826 -2.3731 1.5206 0.53196 -0.35288 0.89309 2.5117 -0.23278 0.84738 0.96769 -0.34441 1.2567 1.98 -1.1966
1.0083 -1.9859 -0.44046 -0.88302 -1.5011 -0.8506 0.93411 -1.0726 1.346 0.94736 -1.3387 -0.70731 1.4935 -1.3728 -0.55535 2.1287 -1.468 -1.3794 1.0761 0.24632 0.64167 -0.47674 0.022786 1.6665 1.2444 0.60025 -1.1216 2.3153 -0.57797 -0.12623 1.8236 0.85651 -0.42923 1.7584 1.3576 -0.13755 0.49894 0.31118 -1.1745
1.2533 -1.4745 -0.051232 -1.2709 -1.7337 -0.69864 -0.16325 -1.608 0.73747 1.4778 -0.57931 1.3811 1.5235 -1.1718 0.39911 0.90879 -1.8417 -0.44088 0.53856 -0.11348 0.88673 0.26808 0.0029217 1.1071 0.80473 0.40739 0.050419 2.3346 -1.3007 0.39781 2.3805 -0.92142 -0.37008 1.5037 0.69712 -0.096515 -0.28436 -1.4557 -0.86996
0.90609 -1.0108 0.20168 -1.7392 -1.561 -0.95096 -0.80489 -0.88266 0.42364 0.87594 0.42803 1.6988 1.4259 -0.78598 1.3382 0.67532 -1.3354 0.86319 -0.062363 -0.18285 1.81 0.56199 -0.29147 0.63802 -0.22886 0.23155 0.60303 1.612 -1.1266 0.94856 2.5386 -1.4428 0.19859 0.18187 0.19257 0.088886 -0.54429 -2.2576 -0.51077
0.12547 -0.31179 0.42297 -1.9627 -1.6146 -1.935 -0.20492 0.23192 0.7796 -0.012152 0.58291 0.62896 1.3725 -0.67289 1.9954 0.45204 -0.85956 1.8017 -0.97799 -0.19442 1.4517 -0.20912 -0.084847 1.035 -1.2111 -0.059845 0.61839 0.4852 -0.64932 1.4665 1.7726 -0.75073 0.83992 -1.1902 -0.33184 0.56085 -0.28619 -1.7068 -0.34874
0.25582 0.11222 0.26665 -2.0657 -0.82927 -1.9886 0.071363 0.8025 0.78808 -0.046728 -0.022541 -0.2026 1.398 -0.47732 1.6027 0.14576 -0.1812 2.3405 -0.95112 0.64111 0.71425 0.1346 0.24274 0.55798 -2.2318 -0.062713 0.68375 -0.42389 -0.57671 1.1519 0.53075 0.33059 1.0728 -2.4971 -0.70172 0.89935 -0.024143 -0.22957 -0.22768
0.32199 0.14865 0.33976 -1.7711 0.2518 -1.6482 -0.13892 0.80059 1.0504 0.73088 -0.092289 -0.86269 1.4907 -0.1523 1.1577 -0.09202 0.33763 2.1881 -0.48279 1.0379 -0.79282 -0.16854 0.83237 0.53645 -1.579 -0.057767 0.68231 -0.80744 -0.28395 0.68097 -0.67695 0.99833 1.0314 -2.4373 -0.63964 0.44928 0.043992 1.2308 -0.13576
0.43164 0.32584 0.11823 -1.8607 0.75095 -1.5734 0.24391 -0.50793 0.65091 1.5128 0.66163 -1.1425 1.4252 0.25035 0.98155 -0.17437 0.22814 1.6489 0.28637 1.2034 -1.755 -0.83019 1.0066 0.8186 -0.48261 -0.16937 0.45158 -0.53871 0.028652 0.18306 -1.5712 0.69292 0.3482 -1.3753 -0.77125 -0.38013 0.1791 2.0694 -0.20338
0.50075 0.50729 0.29853 -1.5607 1.0773 -2.0345 0.4598 -0.71475 0.74198 1.2392 0.65643 -0.96981 1.3801 0.25721 0.82748 0.070469 0.20812 0.80333 0.27298 1.4489 -1.8884 -0.97751 0.41216 0.97692 0.39043 -0.24512 0.12727 -0.3869 0.21336 -0.023507 -1.6968 0.15161 -0.35088 0.19716 -0.10923 -0.94859 -0.19533 1.6199 -0.20644
0.27683 0.55745 0.15439 -1.5313 0.76539 -1.8677 0.8585 -1.3423 0.20162 1.1681 1.2719 -0.27157 1.3159 0.17841 0.78188 0.14229 0.21512 -0.031362 -0.041695 1.072 -1.3138 -0.96846 -0.2858 0.68946 0.93282 -0.32629 -0.16393 -0.42682 0.17573 -0.055748 -1.4479 -0.19583 -1.0195 0.9749 0.44722 -0.64646 -0.72246 0.84523 -0.1405
0.5774 1.1246 0.17734 -2.0245 0.53935 -1.4003 1.5766 -1.1867 -0.19619 1.0132 1.1878 -0.30007 1.1752 0.13492 0.5498 0.19341 0.28541 -0.27774 -0.063724 0.42206 -0.6296 -0.31543 -0.36872 0.17825 0.96578 -0.34192 -0.10649 -0.53828 0.068862 -0.092738 -0.68836 -0.15052 -1.5023 1.136 0.71697 0.066779 -0.95913 0.17652 -0.044764
0.67708 0.94607 0.488 -1.6748 0.6541 -1.5924 1.7359 -1.2012 0.037333 0.66205 0.97275 -0.016247 1.2248 0.015678 0.33953 0.13337 0.069854 -0.63769 0.047185 -0.22531 -0.53673 -0.29171 0.13901 -0.29516 0.93656 -0.36789 -0.15593 -0.65536 0.024455 -0.039933 -0.15886 -0.09763 -1.5906 0.8329 0.68569 0.55017 -0.78183 -0.10731 0.024014
0.50717 1.0049 0.39352 -1.3972 0.38658 -1.9282 0.72864 -1.0961 0.056702 0.72008 0.96756 0.17203 1.1323 0.15066 0.063492 0.23238 0.091228 -0.2596 -0.092592 -0.75469 -0.12595 0.079879 0.33271 -0.53341 0.76114 -0.30328 -0.19548 -0.43298 0.16867 -0.16289 -0.003671 -0.07008 -1.1374 0.66262 0.34459 0.44274 -0.28721 -0.049908 -0.027041
0.57692 0.90164 0.29948 -1.4633 0.61134 -1.8554 0.66392 -1.5185 0.60846 1.2037 0.91754 0.090282 1.0334 -0.11025 -0.17473 0.19227 0.22246 -0.38802 -0.24754 -1.3583 0.014808 0.16861 0.43919 -0.59061 0.8414 -0.3039 -0.17496 -0.060753 0.61033 -0.25801 0.12713 0.067878 -0.50101 0.64308 0.27715 -0.058192 0.17792 -0.20916 -0.13319
0.35655 0.95757 0.37288 -1.7103 -0.17774 -1.7941 0.42644 -1.669 -0.12543 1.5335 0.32883 0.64836 0.95049 -0.15721 0.014778 0.51917 -0.11297 -0.45166 -0.0841 -1.1757 0.35455 0.12372 0.34738 -0.28685 0.93416 -0.42178 -0.1358 0.37897 1.0822 -0.21607 -0.034434 0.24802 0.07507 0.73893 -0.07049 -0.50438 0.55988 -0.26684 -0.26472
0.77351 0.80199 0.51576 -1.6713 0.65942 -1.6867 0.4432 -1.1769 0.11305 1.2593 0.722 0.70319 1.009 -0.14691 0.254 1.2203 -0.32985 -0.33915 0.13829 -0.9794 0.44616 0.2241 0.020895 -0.069185 0.4531 -0.54274 0.0079902 0.52087 0.83493 0.061226 0.18983 0.39017 0.17592 0.76327 0.0070292 -0.76117 0.61324 -0.709 -0.32273
0.33119 0.90477 0.51935 -1.5672 -0.14961 -1.8195 -0.24738 -1.0068 0.12083 1.1815 0.30604 0.87529 0.85813 -0.073981 0.54524 1.8836 -0.055179 -0.3923 0.15338 -0.82269 1.0619 -0.088322 -0.43911 0.3452 0.44325 -0.64873 -0.0011876 0.4257 0.069914 0.56992 0.16616 0.87264 -0.11211 0.23207 0.13758 -0.60774 0.38654 -0.98255 -0.38553
0.39806 1.0724 1.299 -1.6872 -0.01439 -1.8757 0.051082 -0.72468 0.38666 0.98472 0.85929 1.3223 0.69034 -0.12471 0.51626 1.1854 0.29494 -0.094582 0.34368 -1.2232 1.1105 0.2854 -0.64936 0.34306 -0.30743 -0.75707 -0.1038 0.032146 -0.82295 1.1083 -0.18656 0.97944 -0.32522 -0.27159 -0.037125 -0.27754 0.41769 -1.0942 -0.48985
0.32569 1.387 1.9608 -1.8465 0.025586 -1.6759 -0.64183 -1.0223 0.52795 0.9608 0.85451 0.26049 0.45726 -0.1584 0.66543 0.69616 0.63715 -0.29636 1.4432 -1.2852 0.47193 0.35853 -0.50005 0.28782 -0.62567 -0.99145 -0.35067 -0.61051 -1.5424 1.4084 -0.44788 1.0786 -0.17293 -0.68062 -0.15222 -0.35452 -0.15083 -0.94152 -0.51425
0.56671 1.5537 2.5067 -1.4674 -0.1823 -1.6148 -0.17307 -0.10803 -0.068493 0.70842 1.2379 1.1069 0.35064 -0.28755 0.25431 0.20444 1.4037 -0.788 1.3271 -1.3813 0.24272 -0.074696 -0.4872 0.80472 -1.1753 -1.2313 -0.58821 -0.94151 -1.7482 1.4651 -0.219 0.92538 0.69949 -0.55804 -0.3348 -0.63991 -0.29748 -0.032997 -0.31054
0.23373 1.2694 0.78199 -1.2789 0.080409 -1.3041 -1.5386 -0.2919 0.37439 0.57329 0.51412 -0.052856 0.21788 -0.63918 -0.44135 -0.661 2.0373 -0.94912 1.6845 -1.0897 0.2275 -0.20817 -1.2089 -0.21636 -0.98104 -1.3143 -0.87648 -1.1891 -1.4087 0.99815 0.67272 0.3638 1.2753 -0.54297 -0.57693 -0.80835 -0.47762 0.73289 0.04346
0.44897 1.654 1.2371 -0.90103 -0.11501 0.37157 -1.2566 -0.98639 0.74028 0.66296 1.0523 0.077854 -0.16134 -0.9772 -0.65462 -1.579 2.3488 -0.23147 1.9537 -0.022304 0.19513 -0.087334 -1.5402 -0.038918 -0.17521 -1.1409 -0.82841 -0.86511 -0.35739 0.16053 1.6409 0.054313 1.708 -0.18468 -0.41789 -0.51935 -0.6691 1.3381 0.46002
-0.27675 1.0351 1.33 0.013038 -1.8316 -1.1538 -1.9107 -0.63805 -0.18966 0.45765 1.9788 -0.67908 -0.61938 -1.448 -1.0583 -1.1823 2.0362 0.67734 1.7896 0.41956 -0.51349 -0.7636 -1.5473 -0.29703 0.35699 -0.96079 -0.54273 -0.4627 0.34669 -0.7829 2.0374 -0.54562 1.5898 0.55931 -0.01755 0.21618 -0.31774 0.81529 0.86973
-0.50452 0.43817 0.89547 0.21735 -0.87481 0.020579 -0.97335 -0.2792 0.23217 -1.2164 -0.29904 0.21765 -0.68995 -1.4273 -1.0215 -0.22206 1.6933 1.5131 1.344 1.0639 0.27838 -0.61517 -1.3281 -0.55766 0.84605 -0.60132 -0.093026 -0.056755 0.5854 -1.415 1.729 -0.43907 1.0872 0.8297 0.46392 0.74595 -0.4073 -0.081796 1.0789
-0.84364 0.97046 -0.11715 0.44393 0.58661 0.55599 -0.010591 -0.44537 0.36712 -0.95061 1.2954 0.70713 -0.53878 -1.4216 -1.1046 -0.6315 0.8715 2.0556 0.91474 1.3443 1.2514 0.018573 -0.89062 -0.63296 0.15545 -0.058557 0.45723 0.29353 0.13741 -1.5355 0.76152 -0.44308 0.53473 0.80219 0.84737 1.0747 0.13431 -0.78716 0.98749
-1.44 0.1574 0.99476 0.34262 1.1433 0.3505 -0.3996 -1.2389 -1.2454 -0.89699 0.52633 1.334 -0.62614 -1.153 -0.73403 -0.67341 0.24342 2.3631 1.5197 1.5449 0.8871 0.42367 -0.41106 -0.73216 -0.21726 0.3006 0.68713 0.21273 -0.2005 -1.3572 -0.54594 -0.66206 -0.42362 -0.11232 0.76724 0.95934 0.31442 -1.1017 0.57622
-1.3173 0.35733 1.0022 0.51697 1.6365 0.45704 -0.52557 0.31758 0.42543 -0.71432 -0.099577 0.4713 -0.53496 -0.71402 -0.66249 -0.66337 -0.15441 1.6751 0.82271 1.1671 0.70475 0.36713 0.092819 0.049278 -0.66158 0.3204 0.89118 0.36162 -0.035275 -0.66441 -1.4846 -0.7929 -0.68418 -0.65773 0.71472 0.83027 0.45893 -0.3596 0.11129
-1.5328 0.11109 0.23064 0.14151 1.2639 0.76184 0.42585 1.0483 0.86269 -0.5594 0.81147 -0.71076 -0.3362 -0.47806 -0.8511 -0.5824 -0.37249 0.61116 0.093353 0.33386 0.35302 0.70437 0.053861 -0.26717 -0.92335 0.21977 0.72967 0.5237 0.41268 -0.20226 -1.6862 -0.87399 -0.55139 -0.46638 0.44183 0.21879 0.50704 0.74329 -0.2002
-1.8564 0.06919 0.1296 0.42898 1.4155 1.0062 0.53963 -0.11676 0.13097 -0.97009 0.14239 -0.42618 -0.33275 -0.072756 -0.38171 -0.7259 -0.090214 0.033814 0.081757 0.63998 0.29318 1.2696 0.49891 0.065072 -0.18864 0.1767 0.49751 0.57534 1.0807 0.42174 -0.87316 -0.35116 -0.375 -0.158 0.13454 -0.035185 0.2374 1.3455 -0.20958
-1.2991 -0.19871 -0.26597 0.031329 2.0808 0.99822 0.81555 0.053884 0.34675 -1.1907 0.46554 0.26228 -0.36598 -0.09074 0.086976 0.19657 -0.18514 -0.10183 0.18939 0.74892 0.22784 0.83144 -0.18469 0.28997 1.0497 0.02078 0.45701 0.38613 1.4363 0.81953 -0.26065 -0.3586 -0.27012 0.37525 -0.07005 0.3805 0.46695 0.99695 0.00271
-1.7628 -0.30559 -0.085524 0.059946 1.3033 0.093649 -0.46627 -0.51539 0.66346 -0.62437 0.67721 -0.23013 -0.39566 0.039078 -0.075483 1.1094 0.53445 0.31003 0.070941 0.23254 0.4827 0.56312 0.14619 0.24299 1.057 0.051764 0.20444 -0.15322 1.1741 0.70303 -0.4065 -0.72457 -0.73347 0.18057 -0.30983 0.59093 0.18624 -0.20701 0.20815
-1.3743 -0.020107 0.5165 0.52633 1.1238 0.64641 0.77289 0.18139 1.0328 0.21394 0.24813 1.0937 -0.39959 0.33671 -0.29497 1.3668 0.84932 -0.070353 -0.61919 0.0082791 0.9773 0.918 0.97502 0.59097 0.46342 0.28657 0.20882 -0.4742 -0.25375 0.25639 -0.27793 -0.63955 -0.70954 -0.41574 -0.45819 1.0196 0.098939 -1.3018 0.35777
-1.6453 0.73244 1.2451 0.069985 1.5072 1.1569 1.1453 1.4379 1.6202 -1.7905 0.69752 1.4611 -0.43186 0.10972 -0.4701 1.0364 0.70659 -0.80585 -0.9298 -0.39253 0.27105 0.61894 1.0743 0.28106 -0.28815 0.40859 0.067476 -0.46581 -1.4342 -0.47851 -0.1853 -0.29834 -0.76312 -1.1354 -0.85948 0.61137 0.21204 -1.4331 0.27489
-1.5669 -0.53481 1.3005 1.0831 2.1444 0.89235 0.53642 0.86254 0.64964 -0.24557 1.0144 0.027519 -0.16547 0.27836 -0.58343 -0.24874 0.19892 -0.12052 -0.56395 -0.29627 -0.43608 -0.093273 1.3425 0.45684 -0.85484 0.46967 0.030294 -0.35338 -1.5113 -0.7009 0.28357 0.35981 -0.74533 -1.2406 -1.1478 0.098491 0.11895 -0.53103 0.112
-1.01 -0.61161 1.199 1.1083 1.1125 -0.3584 0.22537 0.52486 1.2497 0.7282 1.0059 0.17401 0.045121 0.20716 -0.78358 -0.90354 -0.058777 -0.063342 -0.5597 -1.0739 -0.93482 -0.6109 1.1575 0.72991 -1.123 0.4421 0.048129 0.2563 -0.79298 -0.79959 0.57034 0.8408 -0.18421 -0.098888 -0.3488 -0.60943 0.075262 0.78324 -0.046598
-1.5067 -0.71285 0.55379 0.29649 0.098786 -0.40072 -0.35791 -0.37518 1.1913 0.20452 0.57197 -0.24762 -0.0274 0.35705 -0.78448 -0.63677 -0.1066 0.061822 -0.15218 -1.0762 -0.74196 -0.70919 1.1282 0.59383 -0.15831 0.46591 -0.20992 0.67041 0.16683 -0.56505 0.20616 1.122 0.38578 0.61871 0.11371 -1.4874 -0.26761 1.1899 -0.13093
-1.3019 -0.49956 -0.56876 0.18377 1.8181 0.3117 0.001934 -0.69052 0.52227 1.2378 1.3111 -0.71163 0.013303 0.17293 0.10168 -0.31977 -0.66573 0.158 0.43362 -0.36989 0.25062 0.24349 -0.0044344 0.34949 0.94676 0.3283 -0.30419 0.81841 0.97346 -0.047907 0.046745 0.99387 1.0308 0.83541 0.27337 -1.7708 -0.61722 0.91035 -0.19696
-1.1885 -0.62137 0.2724 0.60656 1.4208 0.66312 -0.3656 0.21587 0.50457 0.35996 1.5164 0.25704 0.026024 -0.086749 0.20424 -0.18905 -0.57954 0.12333 1.0449 0.058961 0.14847 -0.30157 -0.97469 0.074784 0.50473 0.29643 -0.48863 0.48852 1.3855 0.22555 -0.61784 0.12287 0.80872 0.017506 0.51694 -1.7057 -1.1265 0.061248 -0.29226
-1.0506 -0.73083 1.318 0.51126 1.845 0.8139 -0.38244 0.8431 0.705 -0.1094 1.5033 1.2844 0.26065 -0.13025 0.22365 0.82245 0.072869 -0.046207 0.70296 0.28174 0.20512 -0.28434 -1.242 -0.30598 0.38222 0.18085 -0.42394 -0.067641 1.007 0.46223 -0.87936 -0.64022 0.21654 -1.0131 0.47473 -0.87542 -1.2675 -0.67177 -0.30268
-1.2831 -0.29531 0.70796 0.27579 1.5121 0.49764 0.19978 0.90607 1.6817 0.18633 1.0936 1.1575 0.24467 -0.39716 0.051464 1.5584 -0.064049 -1.0665 -0.08663 0.10255 -0.67351 0.56025 -1.577 -1.4273 0.26654 0.026436 -0.26363 -0.078606 0.30144 0.32821 -0.85131 -0.75949 0.059019 -0.93247 0.57176 -0.051655 -0.70068 -0.74984 -0.34931
-1.4257 -0.42861 0.10548 0.052404 0.38372 0.67477 0.12327 -0.58167 0.33248 -0.88071 0.73899 -0.33255 0.29781 -0.45614 0.05557 0.8228 -0.064427 -0.98056 -0.25558 -0.0035033 -1.2325 0.73576 -1.4079 -1.5399 -0.25415 -0.068177 0.18813 0.01671 -0.78877 0.064162 -0.12999 -0.15347 0.10424 -0.37633 -0.030456 0.69715 0.29651 -0.65628 -0.28204
-1.6668 -0.44791 1.4951 0.60421 0.88366 0.62 -0.02545 -0.31146 0.4267 -0.94505 0.43424 0.033707 0.026709 -0.40691 0.14568 0.42906 0.094936 -1.089 0.041766 0.29279 -0.87507 0.30085 -0.98975 -0.7763 -0.65285 -0.19235 0.76706 0.33145 -1.6393 -0.074015 1.0705 0.47312 0.14956 0.58375 0.043365 1.7308 1.3593 -0.067255 -0.19774
-1.693 -0.62031 1.9371 0.22352 0.3355 0.22782 -0.16179 -1.1651 1.7017 -0.94382 -0.74332 0.5637 0.050119 0.24019 0.20865 -0.15476 0.1003 -0.32701 0.31201 0.36308 -0.38967 -0.217 -0.1732 -0.036901 -0.44717 -0.20501 1.3248 0.27277 -2.0068 -0.39739 0.87298 0.49578 0.22857 0.9585 0.20428 2.0077 1.1809 0.41071 -0.10532
-1.5912 -0.54079 1.1339 0.57353 0.4931 0.56164 -0.4251 -0.40134 1.5739 -1.6677 -0.034804 0.58881 0.12509 0.70782 0.58393 -1.1799 -0.30056 0.62386 0.49773 0.18116 0.016578 1.1183 1.184 0.61406 0.24924 -0.25249 1.8346 -0.3467 -2.0525 -0.90905 -0.014871 -0.041633 -0.24679 0.94953 0.12887 1.9478 0.11118 0.66595 0.3701
-1.6115 -0.22965 1.2214 0.40182 0.16443 0.98344 0.75381 0.22557 0.86241 -0.95342 1.0952 -0.009028 0.094277 1.4873 0.3379 -2.3281 -0.63183 -0.19984 0.4278 0.46316 0.13855 0.72261 1.4236 0.18873 0.13467 -0.22331 1.8171 -1.0725 -1.2308 -1.3535 -1.141 -0.74552 -0.57028 0.19895 0.10196 1.1024 -1.3777 0.84714 0.98347
-0.6802 -0.0044033 -0.21304 0.20797 1.0457 0.84227 0.6825 -0.36457 0.56695 0.053905 0.9212 -0.1783 -0.0029911 2.4282 -0.55295 -2.5302 -1.2709 -1.2233 -0.12962 -0.24256 0.66076 0.079493 2.0133 -0.67789 0.40536 0.46573 1.3999 -1.6156 0.042525 -1.2885 -1.6001 -1.3236 -0.66049 -0.3661 -0.29683 -0.50483 -2.1647 1.1597 1.4958
-0.62387 0.24708 -0.73799 -0.24569 1.6279 1.1271 -0.25987 -1.0013 2.5145 0.82584 1.0865 0.55023 -0.12976 2.8057 -1.1872 -1.8973 -1.9862 -1.6402 -0.83013 -0.52022 -0.32454 0.49835 1.5648 -2.2594 1.1854 1.161 0.23642 -1.3366 1.3545 -0.86003 -0.98365 -1.3254 -0.31168 -0.31268 -0.339 -1.8064 -1.3864 1.5573 1.581
0.44132 -0.56819 -0.64749 -0.0074775 -0.63236 0.6583 0.64736 -0.19294 1.5125 0.16347 -0.7185 0.60452 -0.19286 2.6906 -1.6134 -1.29 -2.0723 -1.7759 -1.4316 -0.59239 -0.42819 0.6484 0.13148 -2.6581 2.0582 1.6794 -1.0418 -0.46136 1.8559 -0.073817 0.13594 -0.75816 0.76427 0.14882 -0.89783 -2.7901 0.32637 1.1608 1.0205
1.7241 -1.8072 -0.97637 -1.2682 -2.0657 -0.11791 -1.0202 0.33593 1.3402 1.3173 -1.731 1.2504 1.146 1.8124 -1.5804 -0.24335 -1.8704 -1.8576 -1.4829 0.030431 0.10725 -0.22611 -1.1558 -1.7075 2.4358 1.9433 -2.0386 0.57734 1.4885 0.57332 1.4597 0.048086 1.1313 0.93703 -1.4039 -2.4717 2.5194 0.14875 0.13797
1.7056 -1.5457 -0.82277 -1.5099 -1.018 -0.088632 -0.28569 -1.171 1.8334 -0.065384 -2.3939 2.0359 1.4987 0.97979 -1.2006 0.34122 -1.4826 -0.89507 -1.2831 0.90288 0.73771 -1.3128 -2.0653 -0.2975 2.1166 1.8646 -2.6112 1.3433 0.82403 1.0715 2.298 0.53483 1.2845 1.0966 -1.2142 -1.4235 3.4392 -1.2412 -0.94226
1.668 -1.567 -0.72005 -1.5219 -1.0766 -0.46772 0.44863 -0.51811 1.5696 -0.83287 -1.3884 2.691 1.5759 -0.15639 -0.33393 0.2575 -1.2121 0.68517 -0.84673 0.84493 0.86891 -1.2627 -2.1546 1.7529 1.4734 1.31 -2.2231 1.4834 0.099774 1.2349 2.1502 0.35751 0.5828 1.056 -0.37931 0.068139 2.6736 -2.3585 -1.4729
1.178 -1.4564 -0.63021 -1.519 -1.046 -0.4211 0.60381 -0.18007 0.69469 -1.2065 -0.49357 3.1325 1.6603 -1.2183 0.22709 0.11329 -0.39127 1.3309 -0.7638 1.4019 1.2677 -1.205 -2.1427 2.7066 0.083354 0.34244 -1.5668 1.238 -0.15427 1.1537 1.2749 -0.0056754 -0.36863 0.51971 0.67719 1.3694 0.82946 -2.7912 -1.4011
0.96185 -1.5106 -0.20185 -1.5957 -0.38627 -0.26658 1.1646 0.65191 0.65545 -1.8571 0.18015 2.9188 1.7197 -1.2528 0.42627 0.08931 -0.097163 1.1233 -1.0949 0.85956 1.8427 -1.0229 -0.98148 2.3018 -1.2331 0.11977 -0.72356 0.69502 -0.0066421 1.0348 0.39209 -0.39759 -1.0196 -0.19798 1.3035 2.2672 -1.0775 -2.7071 -0.87618
0.79632 -1.4282 -0.75199 -1.7846 -0.31604 -0.60632 0.65965 0.89221 0.10976 -1.8366 1.0665 2.2888 1.64 -1.4033 0.69006 0.14064 0.12541 1.2961 -1.204 0.18056 1.2418 -0.11452 0.021628 1.125 -2.079 0.0010796 -0.1779 0.39143 0.21732 0.78061 0.27442 -0.46733 -1.6017 -1.4293 1.4822 2.5174 -1.9403 -2.1113 -0.32671
0.0054849 -1.4769 -0.99082 -1.7121 0.04688 -1.1708 1.0269 0.95337 0.65788 -1.6326 1.1481 1.2025 1.5999 -1.411 0.71001 0.25167 0.4704 1.4147 -1.4189 -0.4866 0.52198 0.73203 1.1877 0.29621 -2.8264 -0.05698 -0.056005 0.35551 0.57383 0.73722 0.64688 -0.12187 -1.209 -2.248 1.0527 1.7827 -1.9078 -1.2251 -0.30922
0.30851 -0.81145 -0.44119 -1.4636 0.35529 -1.4622 1.1057 0.96469 0.8239 -1.4062 0.24815 0.69777 1.7005 -1.4613 0.80419 0.48372 0.78555 1.671 -1.5271 -0.96455 -0.74937 0.80608 1.6851 -0.32285 -3.3123 -0.14283 0.13832 0.3598 0.57235 0.37403 0.60986 0.41912 -0.53032 -2.0612 -0.28004 0.59365 -1.2885 -0.33251 -0.43166
-0.3826 -0.70614 -0.32631 -1.3239 0.58089 -1.5651 0.55269 0.95194 1.2859 -0.79563 0.1596 0.47008 1.5948 -1.3169 1.0223 1.0758 0.9514 2.1381 -1.1998 -0.8672 -1.3801 0.56749 1.6663 -0.93913 -3.0405 -0.35122 0.093253 0.39061 0.24031 -0.14454 0.25423 1.021 0.11591 -1.5963 -1.5626 -0.65769 -0.78928 0.32538 -0.59653
-0.72822 -0.85847 -0.18576 -1.045 1.0758 -1.735 -0.12248 0.56345 1.3452 0.3194 0.40593 -0.71534 1.6288 -1.1784 1.1949 0.88367 0.57731 2.0655 -0.54837 -0.64898 -1.6739 -0.58151 0.94282 -0.94124 -2.615 -0.60957 0.32269 0.35595 -0.14718 -0.48995 -0.17499 1.3073 0.53366 -0.72517 -1.9503 -1.2371 -0.46576 0.8665 -0.62241
-0.96312 -0.62962 0.099604 -0.93894 2.0475 -2.0347 -0.12886 -0.57352 1.063 -0.17352 0.25427 -1.8815 1.4858 -1.3651 1.2321 0.54885 0.28711 1.6645 0.0046737 -0.44593 -2.0074 -1.6256 0.27885 -1.0459 -2.5055 -0.87065 0.59873 0.18262 -0.61929 -0.52934 -0.6454 1.2087 0.73964 0.29782 -1.6696 -1.4866 -0.40036 1.5285 -0.46878
-0.97974 -0.047579 0.44712 -0.88825 2.6507 -2.0252 0.067749 -0.59822 0.6821 -0.023161 -0.38887 -1.6515 1.1366 -0.8188 1.3532 0.47655 0.17765 1.5292 0.32957 -0.18916 -1.7878 -1.9052 -0.031103 -1.2516 -1.8305 -0.97555 0.96474 -0.081934 -0.65694 -0.17049 -0.87245 0.87669 0.81443 1.2451 -0.87263 -0.99856 -0.27593 2.3671 -0.16498
-1.4186 0.24411 -0.07419 -1.2865 2.4128 -1.5972 0.62511 -0.69595 -0.20057 -0.88865 -0.46191 -2.0071 0.96208 -0.35979 1.2794 0.073252 0.13676 1.1228 0.63211 0.27723 -0.74987 -2.0308 -0.74321 -1.6308 -0.36255 -0.99114 1.0507 -0.53979 -0.364 0.13896 -1.1902 0.34669 0.83527 1.7448 -0.15757 -0.61644 0.018639 2.6554 0.18073
-1.7856 0.61088 0.20241 -1.0794 2.1346 -1.3451 0.092516 -1.3821 -0.8482 -0.72215 -1.297 -2.6647 0.78483 0.14343 1.0225 -0.1592 0.31605 0.61617 0.77568 0.50478 0.05359 -2.0842 -0.49092 -1.2383 1.057 -0.8392 0.88963 -0.90059 0.14764 0.32741 -1.5955 -0.42592 0.67852 1.5877 0.30052 -0.013525 0.5272 2.1833 0.32576
-1.2467 0.57795 0.35984 -0.9033 2.9888 -1.4096 -0.21301 -1.1261 -0.21203 0.0075715 -1.1257 -2.0746 0.64916 0.1397 0.4095 0.16649 0.46616 -0.2103 0.40867 0.76172 0.36859 -1.8464 -0.69077 -1.0328 1.3694 -0.62216 0.71311 -0.92591 0.53756 0.2581 -1.6507 -1.0788 0.23991 1.1281 0.2874 0.96112 1.3556 1.2287 0.22915
-1.027 0.5324 -0.14733 -0.7903 2.9848 -1.2935 0.51785 -0.25289 -0.8996 -1.1624 -1.8324 -1.0034 0.59399 0.61484 0.13888 0.74348 0.61726 -0.91527 -0.40504 0.82771 0.65404 -1.4141 -0.080983 -0.47889 1.6801 -0.5889 0.55076 -0.78574 0.39969 0.12435 -1.8728 -0.67042 -0.66541 0.71553 0.24109 1.4749 1.9275 0.25874 -0.017043
-0.68806 0.80267 0.045469 -0.62306 2.9115 -1.2516 0.91305 -0.58158 -1.5785 -0.78797 -1.1932 -0.017268 0.50469 0.7563 0.025522 0.70805 0.45951 -1.3287 -0.86888 0.54799 1.0859 -1.8082 0.92901 0.77477 1.7978 -0.71465 0.66895 -0.62529 -0.078708 0.066973 -1.6544 0.49043 -1.8247 0.60955 0.85403 2.0305 2.3179 -0.18518 -0.21962
-1.4266 0.37825 0.7892 -0.67171 1.5423 -1.5745 1.3274 -0.3743 -1.659 -1.4297 -1.9195 -0.59167 0.43325 0.88194 -0.22421 0.38299 0.54002 -2.469 0.10186 -0.66287 1.0544 -1.6359 1.5783 1.8261 1.3794 -0.82327 0.62088 -0.56146 -0.48785 0.1398 -1.2188 1.6368 -2.3171 0.33366 1.2974 1.654 1.8923 -0.58336 -0.19307
-0.55282 0.58508 1.0272 -0.64858 0.82993 -2.207 1.1562 -0.33103 -1.7125 -0.38386 -1.05 -0.47194 0.23026 1.275 -0.55361 0.21178 0.61702 -2.6578 1.0564 -1.953 1.3284 -0.072325 2.4424 2.5904 1.1706 -0.89072 0.68513 -0.27008 -0.65308 0.35582 -0.50916 2.0765 -1.7798 -0.16641 1.5889 0.59148 0.87506 -0.67122 -0.040012
-0.52645 0.70414 0.76666 -0.54449 1.1651 -2.2327 0.061707 0.16627 -2.8036 1.4729 0.3064 -0.016351 -0.11413 1.534 -0.5992 0.045972 0.78834 -2.6371 1.7196 -2.3102 1.1735 0.24615 2.3909 2.5086 0.85011 -0.84002 0.25354 0.091262 -0.66412 0.29705 0.67143 1.4802 -0.41676 -0.6252 1.3207 -0.73191 -0.45761 -0.48477 0.16353
0.22707 0.11083 0.13473 -0.18231 -0.43775 -0.29772 -1.3397 0.48911 -1.8005 1.2964 1.2482 0.38047 -0.20691 1.7295 -0.28055 -0.39647 0.99333 -2.266 2.248 -2.0037 0.72591 0.34751 1.679 2.2248 0.74359 -0.7769 -0.27096 0.60476 -0.481 0.022471 1.1888 0.40381 1.1637 -1.0415 0.58054 -1.9262 -1.6168 -0.55901 0.32321
0.7412 -0.16248 0.19092 -0.12384 -0.3949 0.10931 -1.5734 1.3513 -0.49174 1.4379 1.2612 1.0557 -0.28541 1.1431 -0.19198 -0.6078 0.89881 -1.4154 2.2947 -1.4433 0.19169 0.72766 0.53531 1.0437 0.64608 -0.59368 -0.82298 0.80024 -0.20432 -0.39656 1.5131 -0.94454 1.7171 -1.019 0.018812 -1.8411 -1.9694 -0.36042 0.31766
0.82934 0.18764 0.82098 0.14007 -1.0684 -0.04334 -1.0741 0.19887 -1.8826 1.5917 1.2105 0.43267 -0.31906 0.97354 0.35276 -0.39341 0.58993 -1.024 1.5048 -0.21263 -0.12817 0.81652 -0.38374 -0.040118 0.17763 -0.44723 -1.1453 0.60426 -0.29818 -0.5575 1.5565 -1.6496 1.3462 -0.41127 -0.51916 -1.2883 -1.6852 -0.19471 0.24635
0.86265 0.40048 0.36768 0.28246 -1.5707 0.08409 -0.76037 0.23213 -1.6913 0.65227 0.94548 0.053005 -0.48287 0.37808 0.55243 -0.3394 0.22646 -0.38974 0.25586 0.011293 -0.30468 0.045401 -0.16579 -0.45132 0.43432 -0.44792 -0.8894 0.37423 -0.18821 -0.52761 1.483 -1.5028 0.68977 0.46097 -0.61747 -0.5245 -0.70393 0.17541 0.11819
0.72167 0.39763 -0.082975 0.15772 -0.21133 0.12622 -1.3462 0.062673 -1.1257 1.1001 0.72968 0.86152 -0.50916 -0.027399 0.4563 -1.1005 0.26184 0.17312 0.0876 -0.21308 0.21276 -0.3271 -0.48022 -0.53221 0.48136 -0.41797 -0.604 0.057568 -0.1208 -0.43647 1.51 -0.80996 -0.30841 0.74288 -0.53485 -0.05408 0.054018 0.23269 0.075714
1.1483 0.99013 0.10771 0.051645 -0.83053 0.088435 -0.62448 0.55746 -1.3946 1.0109 0.65931 0.39496 -0.6162 -0.015075 0.44367 -0.60619 0.051673 0.79671 0.10336 -0.16271 0.90161 0.091928 -0.43665 -0.18508 0.86459 -0.40136 -0.14787 -0.054966 0.34753 -0.37922 0.56983 -0.18231 -0.25588 0.68617 -0.21766 -0.20564 0.13007 -0.50422 0.10045
0.78543 0.31449 -0.15233 0.056708 -1.3102 0.093447 -1.8385 0.4626 -1.3633 1.3384 0.84242 1.6234 -0.6936 0.04759 0.51414 -0.47837 -0.16165 1.2453 0.0023576 -0.72711 0.67967 -0.2531 -0.35106 -0.080254 0.44717 -0.33809 -0.015461 -0.05918 0.92558 -0.25412 -0.30296 0.17238 0.067659 -0.26444 -0.13878 -0.0041041 0.03535 -0.85897 0.035535
0.6172 0.41686 -1.1453 0.42861 -0.15126 0.15923 -1.5296 1.4479 -1.5117 0.43406 0.46365 1.1936 -0.71007 0.07494 0.42424 0.059142 -0.2926 0.12822 -0.08327 -0.23415 0.76611 -0.41916 -0.62871 -0.42701 -0.53427 -0.31204 -0.087966 -0.0040984 0.82135 0.15378 -0.85678 0.45059 0.63907 -0.81995 -0.084759 -0.13901 -0.20151 -1.0642 -0.046344
0.93956 1.041 0.70837 0.15142 0.017265 0.087338 -0.71359 0.9432 -1.7527 0.6942 1.0896 1.2815 -0.79618 -0.089309 0.35902 0.42182 -0.060473 -0.11741 0.47554 -0.06987 -0.20447 -0.34525 -0.38948 -0.35687 -0.51272 -0.4007 -0.25173 -0.10753 0.75322 0.59239 -0.80549 0.73851 1.0102 -0.92246 0.45182 -0.12406 -0.1102 -0.54915 -0.059453
0.99393 1.1324 -0.64678 -0.1139 0.67765 0.081439 -2.3628 0.61526 -1.6774 0.32762 0.58784 0.47954 -0.84089 -0.099736 0.5152 0.59217 0.27733 -0.21199 0.69196 0.69341 -0.18686 -0.030295 -0.68583 -0.48233 -0.7585 -0.45178 -0.79955 -0.58245 -0.31089 0.51587 -0.095362 0.033163 0.64957 -0.97855 1.4853 -0.53803 0.14536 0.040217 0.47336
0.93018 0.86052 0.237 -0.25324 -1.4263 -0.020256 -1.0262 1.2949 -1.5458 0.41182 -0.22104 -0.20183 -0.86079 -0.32583 0.27304 0.76858 0.65835 -0.17599 0.98899 0.69358 -0.56733 0.43095 -0.56174 -0.29928 -0.51604 -0.37294 -1.1041 -0.86 -1.0431 0.092432 0.52814 -0.93254 0.85011 -0.89765 1.9556 -1.0308 0.56545 -0.2629 1.2567
0.7381 1.0643 0.4663 0.33022 -1.3229 1.0042 -1.0128 -0.13085 -1.8248 0.79752 0.55921 0.77486 -1.1501 -1.2967 -0.5989 -0.70924 0.30838 -0.067943 -0.31084 0.58865 -0.88152 2.0874 -1.5892 -0.17389 -0.43199 0.50418 -1.0965 -1.0848 -1.3382 -0.36738 1.094 -1.7017 0.60235 -1.2681 1.6112 -1.2582 0.9751 -0.49896 2.0615
0.49791 0.91477 0.034306 0.70254 -0.54416 0.75458 -0.62646 1.0203 -1.2705 -0.28582 0.18267 0.79778 -1.156 -1.5529 -0.65878 -0.97334 0.084339 0.78443 -0.83551 1.5651 -1.5339 2.4081 -1.9455 0.63976 -1.1802 1.3258 -0.46802 -0.80222 -1.323 -0.98171 1.1222 -1.9299 0.78421 -0.75247 0.90102 -0.93292 0.94561 -0.77113 2.2401
0.31183 1.038 0.36794 0.98368 0.4708 1.1095 -0.58499 0.5456 -1.0107 -0.29006 0.4319 0.33567 -1.0081 -1.534 -1.0058 -1.1675 -0.14411 1.3701 -1.675 1.3732 -2.0775 2.1215 -2.4451 1.0463 -1.4016 2.3155 0.5757 -0.19564 -0.39342 -1.171 0.37251 -0.9205 0.3106 -0.19401 -0.45026 0.10818 0.60063 -0.63566 1.4171
-1.1865 -0.04715 -1.2383 -0.40259 -0.3264 -1.4034 -0.79618 -0.61468 1.4302 -1.9953 0.67819 0.14152 0.28943 -1.0743 -0.99249 -1.6027 -0.98459 1.2216 -2.0434 1.7597 -1.3728 2.1687 -1.9506 1.0278 -1.5495 2.6514 1.3105 0.11458 0.34613 -1.3307 -0.94192 0.14007 -0.65901 0.5576 -1.2194 1.0494 -0.34409 0.71381 0.14031
-0.71598 0.50008 -1.4637 -0.10345 0.9858 -0.48674 0.59436 -1.2712 0.35681 -1.7717 1.3701 -2.1018 0.64136 -0.44233 -0.78916 -1.1531 -1.3841 0.38799 -1.4964 1.0568 -1.3145 1.3257 -1.373 0.85572 -1.4953 2.3272 1.8148 0.36539 1.4885 -0.99512 -1.7301 1.424 -1.236 1.2337 -1.8596 2.2578 -1.2365 1.5194 -1.2342
-0.7624 -0.34439 -0.24955 0.15812 -0.1434 -1.2151 0.81549 -1.3655 -0.12049 -2.3996 1.272 -1.0366 1.4709 0.37541 -0.55559 -0.27367 -1.8244 -0.57834 -0.6918 0.46081 -0.8532 0.4242 -0.43221 0.0045825 0.31131 1.5657 1.66 -0.091341 1.9961 -0.51447 -1.9385 1.6637 -1.8729 1.479 -1.5209 2.5369 -1.8415 1.99 -1.7156
-0.33669 0.20641 -1.7479 -0.5696 0.81453 -0.69639 1.2879 -0.56301 0.81661 -1.3765 1.6799 -0.47636 1.1375 1.1625 -0.553 1.1384 -1.6187 -1.0999 0.33066 -0.32766 -0.0025768 -0.63699 1.2019 -1.0184 0.72005 0.6925 1.1395 -0.5526 1.2833 -0.19621 -1.289 1.1986 -1.3494 1.375 -0.50215 2.0602 -2.0875 0.95657 -1.4681
-0.14098 0.075728 -1.0551 -0.72945 -0.044627 -0.70323 -0.20918 -0.50786 0.39285 -2.3159 0.94862 -1.4392 1.0479 1.254 -1.2765 1.2277 -1.8536 -1.8053 0.1816 -1.0989 0.76764 0.17995 1.7125 -1.863 1.3339 0.45829 0.48683 -0.87533 0.40018 0.49678 -0.49014 0.53399 -0.21016 0.59917 0.10405 1.0592 -1.6404 -0.73689 -0.63254
0.27664 0.0027105 -0.17994 -1.646 -0.94138 -0.49379 -0.23576 -1.4038 0.28898 -1.1625 0.14482 1.5306 1.0321 1.2711 -1.4401 0.65999 -1.7545 -1.52 0.31848 -0.72721 0.47578 0.46528 1.5754 -2.547 -0.077605 0.30465 -0.12621 -0.8099 -0.86984 1.0675 0.31819 0.42354 1.3051 -0.29411 0.41933 0.21084 -0.59697 -1.4296 0.071022
0.38667 -0.90194 0.30308 -1.744 -1.4738 -1.006 -0.55839 -0.83996 0.1784 -0.023007 -0.56349 -0.59094 1.3713 1.2478 -1.715 0.77945 -0.83215 -1.3531 0.29852 0.24432 0.048111 0.073102 1.4495 -2.6429 -0.73978 0.64935 -0.52315 -0.35416 -1.4885 1.755 1.163 0.87924 2.1241 -0.57643 -0.28519 -0.37568 0.5607 -1.9883 0.24632
0.94775 -1.4735 -0.058498 -1.5276 -1.4532 -0.38838 -0.23241 0.092627 0.66038 0.02894 -0.8463 -0.20339 1.5393 0.94066 -1.8168 -0.34004 -0.12677 -0.75599 1.0458 1.4412 -0.18363 0.23154 1.7474 -1.882 -1.0751 0.72116 -0.83442 0.15174 -1.2895 1.6436 1.4537 1.1972 1.9366 -0.19772 -0.57241 -0.71454 1.5034 -0.88488 0.10345
0.87559 -1.6208 -0.59741 -1.7534 -1.4549 -0.77732 0.46285 -0.81192 0.88954 -0.92639 -1.9377 -1.648 1.626 0.44855 -1.7359 -1.2006 0.63416 0.0075921 1.4606 1.8013 0.025149 -0.26248 0.89657 -1.0545 -2.1142 0.6818 -1.0388 0.63164 -0.89774 0.8917 1.4299 0.82229 0.95946 0.14188 -0.71437 -0.74247 1.8683 -0.027608 -0.25403
1.3832 -1.4121 -0.63827 -1.3015 -1.0166 -0.17453 1.3633 -0.79073 0.4986 0.21549 -1.6662 -1.3185 1.7098 0.11534 -1.1501 -0.88402 0.60352 0.55377 1.9864 2.1253 0.12787 -0.48656 0.46107 -0.25029 -1.1356 0.46952 -0.90403 0.7864 -0.2179 0.27095 0.74204 -0.10233 -0.22903 0.55799 -0.65996 -0.23984 1.809 1.1148 -0.40645
0.93425 -2.1754 -1.0945 -1.1737 -1.663 0.80865 1.3814 -1.2973 0.43477 0.59454 -1.3779 -1.4621 1.7622 -0.27892 -0.88912 -0.70637 0.4732 0.70044 1.3622 1.691 0.17215 -0.96442 0.64734 0.38696 -0.74425 0.32906 -0.49912 0.71012 0.10079 -0.29595 -0.08352 -1.265 -1.0594 0.45216 0.15875 0.4141 1.344 1.9874 -0.51879
0.70839 -2.4498 -1.3146 -1.0708 -0.98641 0.74398 1.6801 -0.77962 -0.28791 0.14192 -1.2814 -2.0082 1.8976 -0.38176 -0.79726 -0.99792 0.45135 0.28288 0.86572 1.0444 0.80586 -0.70792 1.4069 1.1204 0.48458 0.18398 0.1381 0.74968 0.18889 -0.35652 -0.60928 -2.1701 -1.9807 0.30189 0.65299 0.47218 0.49361 1.7949 -0.69464
0.76853 -2.2405 -0.35946 -1.2612 -0.57063 1.1393 2.2708 0.12309 0.10375 0.27734 -1.0024 -1.8534 1.9028 -0.2284 -0.60917 -0.92296 0.13676 -0.059642 -0.42551 0.32442 0.54995 0.15495 1.234 1.0214 1.0616 -0.086075 0.58597 1.5646 0.5044 -0.063516 -0.69861 -2.0489 -2.4065 -0.478 1.1792 -0.038591 -0.11575 1.2396 -1.1017
0.65753 -2.3958 -1.324 -1.1658 -0.59343 0.37639 1.9699 -0.23063 -0.26188 0.51671 -0.79324 -1.4054 1.865 0.36165 0.085567 -0.38044 0.083815 -0.28018 -1.2922 -0.94557 0.51994 0.22469 1.0914 0.43473 1.5633 -0.54208 0.15906 2.5974 1.0024 0.36299 -0.14481 -1.3035 -2.1832 -1.6721 0.81865 -1.054 -0.19636 -0.086893 -1.5589
0.61199 -2.4511 -2.2646 -1.0838 -1.5367 0.23449 1.9395 -0.15236 0.25477 1.8064 -0.28946 -0.40707 1.7977 0.46231 1.5389 0.0053288 0.52266 -0.40385 -1.5002 -1.8708 -0.57181 0.86682 0.73259 0.47163 1.2101 -1.2413 -0.90496 3.0578 1.5449 1.0304 0.78011 0.30317 -1.1178 -1.3684 0.52511 -1.6685 0.36666 -1.1332 -1.7472
1.1346 -2.3987 -1.5937 -1.115 -1.4014 -0.41475 1.5847 -0.71627 0.89242 1.7548 -0.40839 0.060659 1.5521 -0.41617 2.8912 0.5451 0.92995 0.13441 -1.1168 -1.9938 -1.7676 0.53027 -0.39528 0.97037 0.25733 -1.9739 -1.9285 2.3974 1.8055 1.3915 1.7435 1.4371 0.33788 -0.86905 0.30635 -1.9139 1.033 -1.1435 -1.3457
1.4617 -1.9792 -0.99416 -1.0755 -1.7066 -0.36285 -0.37819 -0.28393 0.0040631 1.1885 -1.2917 0.030208 1.0941 -1.5274 3.5944 1.6965 1.6463 1.1916 0.030845 -1.2788 -0.86902 1.0236 -1.274 1.4933 -0.52623 -2.4361 -2.1857 0.66827 1.4851 1.1545 1.9275 2.224 1.4412 0.2584 0.26493 -1.313 0.95413 -0.42554 -0.35769
1.0581 0.28254 -0.79863 -0.36365 -0.86717 -0.59638 -0.27053 -1.4545 0.94233 0.56286 -0.23293 -1.1524 0.39856 -2.2542 3.4537 2.3725 2.1368 2.2336 0.64877 -0.62462 -0.95441 0.74098 -1.6353 2.0419 0.17014 -2.3061 -1.3525 -1.2203 0.79486 0.35808 0.9609 1.8499 2.0346 0.93083 0.44012 -0.23207 0.035111 0.48828 0.75882
-0.65666 1.2771 -0.11757 -0.28263 -0.085301 0.044915 0.4378 -2.3947 0.3345 -0.42592 0.99639 -1.6 -0.2943 -2.7126 2.484 2.0552 2.0862 2.2121 1.8241 0.14152 -0.47932 1.2754 -1.2054 1.8907 0.42498 -1.7032 -0.12138 -2.7802 -0.28864 -0.74925 -0.4518 1.0268 1.159 1.0112 -0.34238 0.5182 -1.396 0.78733 1.5115
-1.6809 1.0139 0.15532 0.74114 0.77288 0.60765 0.96725 -0.16182 1.4957 -0.2834 1.4348 -1.3095 -0.56421 -2.3522 1.2111 1.9617 1.3723 1.4305 1.4803 1.1117 -0.19776 1.2601 -0.87946 0.82554 0.77636 -1.0094 1.0783 -3.2418 -1.1706 -1.4178 -1.3986 0.071229 0.21528 1.312 -0.89299 0.72511 -2.5187 0.35595 1.657
-1.5417 0.71153 0.72134 0.91074 1.2187 0.53079 0.80844 -1.6526 1.0671 0.27462 2.0226 1.4316 -0.31237 -1.6943 -0.37881 1.3509 0.5986 0.68209 1.5391 0.017984 0.66859 0.093211 -0.63858 -0.80486 0.76198 -0.43289 1.8573 -2.5257 -1.8954 -1.7539 -1.6671 -0.98891 -0.71019 0.49456 -1.5166 0.66699 -2.1156 0.023785 1.2631
-1.65 0.25486 0.79329 0.60586 0.80084 1.7361 0.69313 -1.1673 2.2743 0.10153 0.81009 0.10422 -0.13048 -0.72552 -1.0555 0.42621 0.18746 0.26633 0.89297 -0.17707 0.95384 -0.41299 -0.50184 -1.8388 0.73223 -0.034505 1.8194 -1.1538 -2.1713 -1.2402 -1.0398 -1.2847 -1.0218 0.40709 -0.93264 0.82979 -0.56917 -0.79178 0.62817
-1.3805 0.51423 1.3383 0.12225 -0.22933 0.47325 1.1724 -1.121 1.1198 -0.61175 -0.59703 -0.14307 -0.28865 -0.024634 -1.0108 -0.91168 -0.64961 -0.45457 0.19779 -0.57299 -0.11151 -0.84972 -0.090669 -1.1718 0.51488 0.025007 1.3155 0.32746 -1.4078 -0.38863 -0.35435 -1.4399 -0.35367 0.089465 0.1593 0.89978 1.0487 -0.49629 0.049169
-2.0299 0.32692 0.54562 0.38401 0.63956 1.3968 -0.61197 -0.72255 0.33198 -0.82043 -0.67721 -0.95061 -0.49437 0.24307 -0.58636 -1.1883 -0.36132 -0.043316 -0.33308 -0.53909 0.97126 -0.090847 0.46764 -0.18701 -0.65953 -0.13664 0.63465 0.78558 -0.46468 0.33812 -0.012335 -0.88693 -0.11637 0.07853 0.76678 1.0404 1.7643 -0.27657 -0.22366
-2.0025 -0.19467 0.20912 0.5162 1.0152 1.0745 1.0232 -0.41079 0.36523 -0.87008 -0.62311 0.26644 -0.40448 0.30489 -0.011661 -0.6102 0.1244 0.11329 -0.62774 -0.48781 0.84102 0.23997 0.63425 0.51967 0.488 -0.29597 0.48034 0.90843 0.78263 0.90733 0.12366 -0.40914 0.35904 0.37477 0.29518 0.39315 1.1499 0.11052 -0.29412
-1.2993 -0.31707 -1.1382 0.0025939 -0.053825 0.69156 0.095062 -1.3725 1.1068 0.53501 1.2038 0.93606 -0.33432 0.31412 -0.1136 -0.62427 0.425 -0.08335 -0.41974 -0.4591 0.63813 0.53509 1.1675 0.94604 0.21422 -0.26686 0.63132 0.7766 1.0417 0.76825 -0.25547 0.11431 -0.099333 -0.26187 -0.85533 -0.077925 0.022435 0.069314 -0.3536
-1.0579 0.21977 0.1488 0.5791 1.2389 0.4412 0.16288 0.067792 1.9423 0.9679 1.3602 -0.64762 -0.37019 0.85434 0.41945 0.37802 0.65727 -0.23871 -0.57321 0.043823 0.77318 -0.58979 0.32887 0.62147 0.3189 -0.42633 0.71967 0.48877 0.69471 0.51678 0.061415 0.38701 -0.32119 0.42316 -1.7447 -0.51505 -1.041 -0.65911 -0.45161
-1.4685 0.64222 0.99562 0.62286 0.25407 0.89702 0.14243 -0.16997 1.9014 -0.16459 -0.036315 0.87156 -0.6373 1.1665 0.62304 0.40254 0.80949 -0.40075 -0.17645 -1.0122 0.52505 -1.3475 0.47107 -0.21025 -0.4163 -0.69226 0.87667 0.43027 -0.14714 0.14024 0.036016 0.34113 -0.25785 0.78514 -1.9011 -0.80525 -1.3783 -0.22741 -0.4355
-1.4102 -0.050311 -0.11992 0.6297 -0.26743 0.28198 0.027524 -0.46078 0.50636 0.67386 0.30141 -0.57734 -0.66229 1.2428 0.51738 0.27392 0.89427 0.3481 -0.045447 -0.83681 1.7068 -2.2252 -0.019325 -1.0741 -0.49148 -0.87603 0.57353 0.12678 -1.2199 -0.16486 0.022923 0.2044 -0.27688 0.73196 -0.73723 -0.10581 -0.51495 -0.17976 -0.10797
-0.57386 0.70176 0.75585 1.1703 0.83851 0.85546 0.14635 0.35435 -1.069 -1.0058 0.42045 0.33254 -0.95476 1.7789 0.62757 -0.84276 0.55718 -0.3495 -0.067186 -0.52495 1.6619 -2.3589 -0.22615 -1.0759 0.18604 -0.80651 -0.016977 0.15517 -0.55304 -0.37306 0.059266 0.16401 0.34444 0.45769 0.76225 -0.13483 0.38861 0.06035 0.28293
0.08164 0.3916 -0.21584 1.0394 0.021617 0.70386 -1.0373 -0.41233 -0.095203 1.1583 -0.20567 -0.22389 -1.0866 1.6377 0.65104 -1.3956 0.45763 -0.26227 -0.27214 -0.74185 1.5952 -1.5253 0.47383 -0.029567 -0.32057 -0.55906 -0.74152 0.039706 0.22072 -0.54012 -0.26151 0.035073 0.51672 -0.37372 1.743 0.26829 0.78148 0.16795 0.59572
0.25358 0.52438 -0.30832 0.97088 1.2671 0.44259 -0.81518 1.989 -0.49535 0.58314 -0.18852 -0.19638 -1.2618 0.9493 0.8421 0.16247 0.30863 -0.023597 0.21558 -0.43043 1.4551 -0.21344 -0.035747 0.05255 -0.36097 -0.35475 -1.5286 -0.19545 1.3798 -0.2597 0.29229 0.13575 0.72278 -1.0196 1.5465 0.12243 0.47493 0.6546 0.67447
1.0339 1.335 -0.53814 1.1151 -0.32374 0.47818 0.091457 1.7433 -0.44775 -0.22274 -0.65713 0.36224 -1.2031 0.27676 0.48437 0.22965 -0.016281 -0.3599 -0.15404 0.070006 1.1195 0.099463 0.41144 -0.040637 0.1375 -0.057115 -1.7128 -0.57365 1.6754 -0.40752 -0.090669 0.1653 0.78205 -2.1365 1.2598 -0.0047451 -0.06374 0.6098 0.58489
0.066696 1.0061 -0.99621 1.107 -0.45525 0.42376 -1.0925 0.82024 -0.35949 0.81241 0.72997 -0.24356 -1.1372 -0.40001 0.35413 1.0996 0.28914 0.21951 0.098545 0.41167 -0.0065507 -0.15723 0.046543 -0.10678 1.2835 0.12547 -1.0482 -1.235 0.77539 -1.0315 -0.40133 -0.15253 0.39489 -2.1489 1.1006 0.63881 -0.10973 0.24633 0.69082
-0.1606 1.0216 1.4533 1.1434 0.61774 1.0091 -0.39228 1.2486 -0.2218 -0.21698 0.34342 -1.1399 -1.1113 -0.89321 -0.15497 1.4767 -0.31692 -0.60026 0.067511 0.29138 -1.6825 0.90142 0.42615 -0.10049 0.094299 0.22661 0.10665 -1.4002 0.31181 -1.9658 -0.7108 -0.13957 0.4465 -1.1981 1.2596 0.44296 -0.31504 0.31387 1.0943
0.23094 1.0347 0.29617 1.0192 0.20198 0.3826 -0.026814 1.7384 -0.84606 0.61527 -0.3509 1.2711 -1.0746 -0.42266 -1.1004 1.0964 -1.5044 -0.71741 -0.22017 0.18329 -1.1758 1.5296 1.2055 -0.16323 0.17251 0.71502 1.1465 -1.4998 -0.66884 -2.5287 -1.2533 -0.33366 0.023241 0.048834 1.0417 0.43261 -0.0305 -0.026507 1.5673
-0.34604 0.82333 0.77318 1.4624 0.84646 0.72839 -0.53137 -0.11571 -0.20943 1.1651 -0.66989 2.0554 -1.021 0.50059 -1.3534 0.87009 -2.8482 -1.3007 -0.29493 1.0059 -0.53816 1.7103 0.6986 -0.6828 1.3396 1.5677 1.3879 -0.98573 -0.45128 -1.9526 -0.81884 -0.14599 -0.49636 1.152 -0.18678 -0.5473 0.28819 -0.35168 1.5873
-0.75837 0.56166 1.15 0.2389 -1.0605 0.39729 -0.13348 -0.29369 1.118 0.53444 -0.045383 -1.61 -1.0082 1.069 -1.7943 0.098583 -3.2374 -1.883 -0.39063 0.078169 -0.47405 1.4676 0.75675 0.10254 0.62832 2.2044 0.7385 -0.072773 0.30926 -0.25788 -0.56098 0.15765 -0.95013 1.3309 -0.98716 -1.2845 0.58276 -1.0109 0.80928
0.75725 -0.38307 0.30756 -0.89052 -1.576 0.19927 -0.10314 0.68627 1.2905 1.9155 -0.16076 0.59498 -0.078851 0.98049 -1.6133 1.1024 -3.154 -1.6345 -0.15976 -0.61188 0.14774 0.56513 -0.41417 0.34399 -0.81493 2.2665 -0.34653 1.0455 0.5902 2.3419 0.80593 0.53334 -1.3724 0.92166 -1.9849 -1.0387 0.47388 -0.96144 -0.94687
0.83584 -0.45826 1.1083 -1.9598 -1.4016 0.43922 0.84814 0.82824 1.0263 0.78887 -0.49249 2.4369 0.86715 0.73687 -1.1024 1.614 -1.853 -1.6716 -0.021197 -0.81909 0.99891 0.17351 -0.74052 0.51003 -0.74687 1.7851 -1.3853 2.2784 0.27414 4.3464 2.2379 0.67178 -0.79978 0.06193 -2.3111 -0.79299 0.10393 -0.46469 -2.7476
1.3139 -0.97239 1.2449 -1.4078 -1.5834 0.46254 -0.93708 0.66544 0.64699 0.9079 0.47167 -0.071052 1.0958 0.027799 0.21837 1.3028 0.87012 0.10179 0.50334 -1.1529 0.47285 -1.5178 -0.57587 0.074902 0.12926 0.11565 -1.7342 2.6155 -1.2354 4.8929 2.6837 0.30231 -0.057233 -0.77836 -1.8966 0.28261 0.19078 -0.020441 -3.6344
0.65251 -0.47776 2.0567 -1.519 -1.6096 0.26029 -1.3279 1.1011 -0.37445 -0.21539 -0.2489 -0.37992 0.81213 -1.045 1.4675 0.56254 2.9484 1.5115 0.5248 -1.1792 -0.50729 -2.0025 -0.70625 0.43331 -0.75058 -1.5414 -1.5279 1.9956 -2.3361 3.3437 2.3581 -0.04379 1.0152 -0.76406 -0.87383 0.63528 0.070221 0.23803 -3.1599
0.075561 -0.37151 2.8773 -0.24323 -2.4095 0.68623 -1.1296 0.83416 1.3156 0.41238 0.32003 -0.11713 0.46454 -1.3742 1.8972 -0.79869 3.6758 1.894 0.10965 -0.5598 -0.55143 -2.0497 0.12259 0.75821 -0.83349 -2.4474 -0.30769 0.61203 -2.8102 0.63968 1.0007 -0.36969 1.5967 -0.10896 0.62239 0.80728 0.16293 0.5177 -1.4374
-0.18488 0.97141 1.558 1.0784 -0.25918 0.99441 -1.0859 0.39122 -1.1242 0.62135 -0.30197 0.098212 -1.1482 -1.4202 1.7176 -1.9431 3.0475 1.9262 0.058051 0.77818 0.085711 -1.2682 0.15195 0.29488 0.22981 -2.4779 0.79516 -0.77728 -2.2718 -1.8837 -0.28245 -0.57416 1.4315 0.56391 1.1684 0.38855 -0.11861 1.2359 0.43708
-0.34554 1.2344 0.512 1.5237 1.1355 0.65384 -1.166 -0.064279 -1.0532 0.67428 0.66563 0.58708 -1.1862 -0.35046 1.2166 -2.9917 2.0149 1.7772 -0.0023693 0.85853 -0.015976 -0.67369 0.57218 0.46238 0.69241 -1.9384 1.3779 -1.9082 -1.0404 -3.3523 -1.3065 -0.62143 0.68133 0.81789 2.1415 -0.54025 -0.2922 0.88877 2.1007
-0.66656 1.1701 0.25763 1.2415 0.35328 0.2477 -0.21669 0.48194 -1.2288 0.85226 0.98561 0.079512 -1.186 -0.050914 0.38456 -2.8214 0.20536 0.98456 -0.54821 0.79037 0.2991 -0.41405 -0.17054 0.31714 0.97275 -1.0294 1.3585 -2.2824 0.44598 -3.2844 -1.5835 -0.63618 -0.39238 0.91977 2.0044 -0.76298 -0.38681 -0.36377 2.7175
-0.65083 0.63709 -0.41988 1.1533 0.012793 0.57315 -0.038316 1.5175 -0.24242 0.35577 0.14366 -0.103 -1.3026 0.54171 -0.93246 -2.4 -1.2513 -0.19028 -0.80638 0.69852 0.89405 1.6979 -0.76709 0.12394 0.58876 0.51366 0.66225 -2.1505 1.4628 -2.0948 -0.98016 -0.75216 -0.97118 0.4176 1.6114 -1.0158 -0.7461 -1.2777 2.6584
0.5605 1.0805 -0.93162 0.79191 0.33859 0.57142 -0.55168 0.56211 -0.49216 0.85654 0.4038 1.1128 -1.345 0.69786 -1.3898 -1.3342 -1.5395 -0.17802 -0.78722 0.098398 1.3746 1.4533 -0.66374 -0.35473 -0.42381 1.0635 -0.044576 -1.2731 1.7235 -0.26731 -0.22369 -0.77336 -0.90052 -1.0176 0.9741 -0.85449 -0.58183 -1.5538 2.0308
-0.42706 0.47979 -0.45271 0.39852 -0.36553 0.037236 -0.20895 0.7377 -0.10549 -0.054545 0.68076 1.5305 -1.1416 0.53139 -1.8364 -0.81582 -1.0849 0.43115 -1.3513 -0.64645 0.24502 1.5332 -1.1597 -0.76369 -1.1383 1.6789 -1.071 -0.24935 1.3113 1.0315 0.28589 -0.50418 -0.52859 -2.0765 -0.21796 -0.57722 0.010475 -1.0735 0.86706
0.59812 -0.25884 -1.9122 -0.084337 0.29668 -0.10715 -0.14936 1.5036 1.0252 -0.53733 0.13068 0.39967 -0.23282 -0.11736 -1.4955 -0.17748 -0.39722 0.20154 -1.7846 -0.25489 -1.279 1.5657 -1.638 -0.46127 -1.2436 1.9506 -1.1983 0.4075 0.75027 1.1513 -0.1255 0.59002 0.14797 -2.2845 -1.0398 -0.1095 0.63848 -0.3713 -0.093105
0.20252 -0.38776 -0.54078 0.12371 0.87588 -0.30252 -0.93095 2.1003 -0.0098246 0.30685 0.29338 -1.0561 -0.032366 -1.0506 -1.3352 -0.35906 0.11216 0.12783 -1.3032 -0.14142 -1.6746 1.2136 -1.403 0.18013 -1.1228 1.591 -1.034 0.95134 1.096 0.88431 -0.82268 1.9221 0.47996 -1.3384 -1.8893 0.76521 0.79206 0.27396 -1.2674
-0.132 -1.1712 -0.87256 0.43029 0.67404 -1.2902 -1.0715 0.22159 0.84418 -1.1011 -0.6509 -1.4567 0.50351 -0.75009 -0.89201 -0.055011 0.022981 -0.30979 0.27981 0.10479 -1.9526 -0.41827 -0.75294 0.47527 -1.152 0.94373 -0.21287 0.96284 0.75498 0.35712 -0.65727 2.8095 0.3976 0.31391 -1.7708 1.3124 0.36794 0.93553 -1.9553
-0.64608 -0.39942 -0.76995 0.82461 -0.23456 -1.1704 0.04206 -1.16 1.6262 -1.8939 -0.012483 -0.16182 0.47222 -1.0826 -0.39291 1.3156 0.36155 -0.93766 1.2477 0.058489 -1.9244 -1.1634 -0.10714 0.38762 -0.61704 -0.041689 0.73824 1.1557 0.88023 -0.018679 -0.050745 2.8881 0.23127 1.6719 -1.4401 1.5777 -0.050775 1.4525 -2.0399
-1.2579 -0.55328 -1.7474 0.51067 0.35758 -0.49384 -0.68404 -0.94648 0.57898 -0.68017 1.4941 0.48335 0.088695 -0.48911 -0.20029 0.50213 0.13853 -0.57201 2.2635 0.37467 -0.55052 -0.70339 0.27634 0.17729 0.39056 -0.66402 1.0451 1.034 0.45172 0.032816 0.97183 1.6746 -0.18503 2.364 -0.52769 1.1775 -0.35028 1.2328 -1.6216
-0.48331 -1.0068 -0.59649 -0.20375 -0.74182 1.0595 0.059407 -0.27075 -1.0904 -0.83977 0.86534 -1.2621 0.1117 0.21794 0.43884 1.1275 0.0047852 0.11931 3.1784 0.13959 0.78386 -1.4562 1.1621 0.20535 1.0245 -1.1846 1.7706 0.92756 -0.69245 0.028605 1.0707 -0.17291 -0.25118 1.8747 0.48873 0.72801 -0.44746 0.70404 -0.65799
-0.84441 -0.79599 0.87773 0.69072 -0.5709 0.86983 -0.79815 -0.20142 -0.22829 -0.19913 -0.15935 -1.4072 -0.25874 0.57507 0.58889 0.95511 0.24906 0.98904 2.4738 -0.30464 1.1555 -1.3043 0.91161 -0.17688 0.50739 -1.3303 2.047 0.34521 -1.6619 -0.18126 0.28289 -2.2146 -0.59078 0.46894 1.0495 0.5237 -0.41222 0.24706 0.5702
-0.40495 -0.81541 -0.83048 0.5105 0.60707 1.4227 -0.32515 1.0182 0.36663 -0.1431 0.034657 0.12961 -0.54827 1.7236 0.91416 -0.2619 0.34603 0.29935 0.77878 -0.095448 0.76392 0.087513 0.99777 -0.37958 0.74967 -0.86343 2.2041 -0.85513 -2.8382 -0.95228 -0.61128 -3.2171 -0.34049 -0.36293 1.3227 -0.056538 -0.97827 -0.18935 1.9558
0.026831 0.014491 0.40098 0.57786 0.63627 2.0185 -0.4805 -0.014211 -0.62988 -0.10428 0.28973 1.1835 -0.74474 2.6156 0.19629 -2.0752 -0.38887 -0.15991 -0.79397 -0.64163 0.35483 0.5693 1.3826 -0.40165 1.0413 0.17542 1.6161 -1.9037 -2.4628 -1.1069 -1.2751 -2.8495 0.32914 -0.65526 0.76731 -0.84575 -1.4224 -0.33842 2.7712
-0.32093 0.26921 -0.33939 0.94071 1.2079 1.3061 -0.57507 -0.041235 -0.36627 -0.70086 0.68016 0.0087344 -1.0485 3.3505 -0.93079 -2.9601 -1.4898 -0.52405 -1.3568 -0.35388 0.51383 0.18455 0.81906 -1.7245 0.4001 1.4937 -0.055935 -2.6418 -1.3393 -0.6222 -0.76513 -1.7702 1.1451 -0.19362 -0.48241 -1.979 -1.56 -0.78362 2.72
1.9644 0.051311 -2.2584 0.34339 -0.74493 0.29769 -0.54438 0.26495 0.39267 1.182 0.65215 0.39063 -0.46489 2.8097 -1.9765 -2.5546 -0.93869 -1.094 -1.9266 0.42502 0.059951 0.14115 -0.64578 -2.4654 0.027306 2.3529 -1.6852 -2.1017 0.44114 0.48571 0.049611 -0.48758 2.1429 -0.039984 -1.5117 -2.7523 -1.0386 -0.62531 1.7929
3.1113 -1.564 -2.5698 -0.76331 -1.2107 0.096568 -1.3323 0.42197 -0.24064 1.2032 -0.75319 -0.18014 0.72316 1.5336 -2.8403 -2.6549 -0.56898 -0.74739 -2.0648 1.51 0.55968 -0.64246 -1.845 -2.5932 -0.2865 2.8198 -3.0806 -0.78606 1.7661 1.4692 0.94257 0.27444 2.2685 -0.54799 -2.032 -2.6725 0.37082 -0.31818 0.27185
3.2046 -2.0693 -2.6369 -0.83605 -0.063713 -0.029774 -0.81677 1.0552 0.17084 0.093445 -3.4139 -0.064028 1.3871 0.37042 -2.6997 -1.3327 0.054119 0.0051611 -1.4039 2.4462 0.26941 -1.9692 -2.6505 -2.1343 0.15731 2.6576 -3.0936 0.89037 2.1243 1.5962 1.3189 0.90736 2.0882 -0.73816 -1.7542 -1.1811 1.678 -0.19884 -1.1279
2.2354 -2.5509 -2.8616 0.47128 -0.50664 -0.15221 1.0492 0.2417 0.048888 -2.3033 -2.2438 1.1013 1.5125 -1.205 -2.0085 -0.050709 0.77536 0.69741 -1.1289 2.8921 -0.60955 -2.7273 -3.3881 -1.1417 -0.27937 1.8179 -1.9882 2.0038 2.1254 1.1565 0.77786 1.0997 1.1123 -0.7588 -0.81703 0.76932 2.4926 -0.37124 -1.8931
1.131 -2.7661 -2.7794 0.34073 -0.091494 -0.48283 1.6668 0.57297 -1.9684 -2.5331 -1.9011 0.014295 1.8104 -1.6204 -0.75893 0.37351 1.3907 0.67851 -0.69835 3.6506 -0.73203 -2.2416 -2.175 0.26103 -0.35262 0.8746 -0.54614 2.0266 1.2019 -0.060192 -0.042806 1.0385 -0.41588 0.037831 0.48728 2.4675 1.9738 -0.74385 -1.7996
1.3044 -2.6255 -2.4022 0.61007 0.50678 -0.52942 2.2304 0.30187 -2.3839 -2.5718 -1.6462 0.18688 1.7709 -1.1939 -0.13631 0.7243 0.9335 0.37015 -0.35454 2.9848 -0.35505 -2.1031 -0.57964 1.3462 -0.7519 0.38938 0.79686 1.3335 0.3196 -1.0751 -0.9375 1.1009 -1.6965 0.5811 1.5667 2.747 0.90387 -0.43585 -1.2094
1.3279 -2.8049 -2.4249 0.29804 -0.4278 -1.0968 2.2474 -0.67396 -2.3089 -2.4592 -1.6837 -0.45731 1.8429 -0.64896 0.080299 0.68225 -0.15299 0.044427 0.15537 1.5958 0.22611 -1.3336 0.76037 0.68559 -1.0702 0.2141 1.0713 0.45791 -0.097814 -1.4749 -1.168 0.96077 -2.4127 0.65565 1.7892 1.5589 0.029502 -0.21056 -0.57684
1.2678 -2.4841 -2.1707 0.70651 0.10657 -0.28405 3.7929 0.14254 -1.7562 -1.5441 -1.5672 -0.34654 1.8494 -0.18159 0.017618 0.44919 -0.49837 -0.83088 0.50966 0.70121 0.017855 -0.12791 0.50451 0.49684 -0.76983 0.025853 0.88981 0.1008 -0.17573 -0.91505 -0.76625 0.78026 -1.9615 0.76513 1.6743 0.42269 -0.28015 0.39855 -0.26546
1.2751 -2.36 -1.8639 0.54334 0.39102 -0.3599 3.3467 0.84026 -2.2457 -1.6949 -1.1046 -0.52674 1.8289 -0.10183 0.0049194 0.33825 -0.69437 -1.0097 0.66766 0.22385 0.32832 0.25838 0.326 0.728 -0.74341 0.043875 0.73149 -0.039561 -0.40663 -0.19487 -0.52334 -0.05685 -1.3935 0.49537 0.95251 -0.40505 0.059726 0.60986 -0.19593
0.78752 -2.7186 -2.2762 0.043375 -0.64157 -0.056106 2.725 0.5228 -2.3403 -1.7064 -1.365 -0.62444 1.8482 0.21627 0.087621 0.5691 -0.53904 -0.61873 0.84317 -0.047306 1.0467 0.36428 0.46463 0.72681 -0.099706 0.0083144 0.74534 0.20914 -0.58787 0.21048 -0.2561 -0.95498 -1.0026 0.40897 0.61908 -0.47738 -0.13434 0.74811 -0.28054
1.1112 -2.8206 -2.2147 -0.1906 -1.4215 -0.17097 2.439 -0.068102 -2.2391 -2.3927 -1.2445 -1.0451 1.8122 0.53842 -0.025738 -0.16242 -0.51515 -1.1103 -0.15389 -0.6771 0.65681 0.27558 -0.0069495 0.6754 -0.16807 -0.12131 1.1172 0.77392 -0.41033 0.63126 -0.11817 -1.455 -1.4389 0.24518 1.0903 0.02217 -0.54709 0.83156 -0.65083
1.3945 -2.5291 -1.8796 0.00791 -0.78726 -0.076149 2.9408 0.37137 -1.7693 -1.9571 -0.48058 -0.89569 1.8716 0.91062 0.41777 -0.44431 -0.2046 -1.3152 -0.93481 -0.75851 0.63611 1.0683 -0.25734 0.22653 0.45557 -0.38419 0.8604 1.6829 0.23777 0.88643 0.18299 -1.1426 -2.1394 -0.091042 1.2505 0.79491 -0.70957 0.34895 -1.3489
1.7519 -2.4573 -1.4414 0.11431 -0.5957 0.15186 3.04 1.4398 -1.6475 -1.0613 -0.83815 -0.11229 1.852 1.6619 1.2599 0.052919 0.31682 -0.93078 -1.2522 -2.1532 1.0078 2.0305 0.73294 -0.17222 0.65852 -0.90218 -0.24797 2.425 1.3633 0.91703 0.85928 0.13165 -2.2893 -0.34076 0.7206 1.4543 -0.94753 -0.18822 -2.0538
1.8783 -2.5326 -2.8964 0.14944 -1.6086 -0.89396 2.5463 1.0169 -1.8483 -1.9629 -0.62499 -0.87213 1.6204 1.283 2.5309 0.95356 0.70552 -0.39854 -0.82077 -3.3627 0.71259 1.9233 1.6477 -0.33581 0.20362 -1.9683 -1.6326 2.3213 1.8207 0.80697 1.5267 1.1356 -1.7286 -1.1968 -0.56112 1.1554 -0.88536 -1.1275 -2.2248
2.2471 -1.8175 -2.5489 0.025614 -2.1002 -1.5359 1.7182 1.1925 -0.8641 -2.5626 -1.2677 0.31815 1.3071 -0.10146 3.364 1.8609 0.74815 0.042156 0.0060426 -3.7109 -0.01004 1.2509 1.8795 -1.0221 -0.39728 -2.933 -2.7683 1.3267 1.8197 0.50348 1.7874 1.7031 0.05304 -1.3826 -1.7094 0.3748 -0.33628 -1.2537 -1.575
3.3603 -1.0077 -1.6223 0.3622 -1.9521 -1.0498 -1.0915 1.357 0.38744 -0.14947 -1.6787 -0.11748 0.71257 -1.2625 3.622 2.2802 1.0901 1.093 0.56753 -3.2586 -1.0949 0.36047 1.4254 -1.1986 -1.2457 -3.2727 -2.6308 -0.29994 0.76115 0.132 1.6117 1.6243 1.9071 -0.9051 -2.0827 -0.38101 0.52124 -0.82847 -0.23126
2.3308 0.73158 -0.23518 0.75068 -1.0395 -0.38887 -1.3594 0.6867 -0.51054 0.22569 -1.0258 -1.2542 -0.63299 -2.2538 3.1476 3.0162 1.0615 1.7195 1.2673 -2.1253 -0.67803 -0.52571 1.5778 -0.45513 -1.0979 -3.0138 -1.5815 -1.6764 -0.38913 -0.034882 0.57205 0.51982 3.0421 -0.13797 -1.3948 -0.76806 1.4545 0.3897 1.1965
0.30098 1.1904 0.37574 0.7306 -0.32843 0.3377 -0.56025 0.7181 -1.0409 0.38033 -2.1783 -1.2147 -1.2369 -2.5709 2.0908 1.9051 0.78395 1.8208 1.6121 -0.58015 -0.64422 -1.2544 1.0582 0.44012 -1.0787 -2.3341 -0.05235 -2.6347 -1.3684 -0.26137 -0.50875 -0.34571 2.5616 0.3524 -0.13397 -0.52712 1.8003 1.6629 2.1963
0.12254 1.0521 -0.12305 1.2642 0.49796 -0.0784 -0.57528 -0.29318 -1.6556 -0.68688 -2.4305 -1.9985 -1.2515 -2.4061 1.0584 1.2984 0.82104 0.73656 0.44098 0.66501 -0.48229 -0.6657 0.56793 1.1484 0.31715 -1.3035 1.5167 -2.51 -1.8019 -0.1974 -0.85677 -0.85371 1.1749 0.14086 0.92526 -0.1567 1.4247 2.2358 2.3414
-0.42138 0.76668 0.47217 0.93292 -0.23857 -0.14379 -0.47282 0.91062 -1.7725 -0.21074 -0.65871 -1.2852 -1.2315 -1.2725 -0.16122 0.44871 0.70223 0.56385 0.28734 0.15541 -0.5167 0.16616 0.90503 1.7046 1.385 -0.27479 1.8975 -1.6429 -1.2676 -0.39014 -0.78693 -0.44035 -0.19857 0.15991 1.617 0.31913 0.38722 2.0471 1.7826
0.1021 0.84119 -0.41547 0.75056 0.10556 0.53759 -0.13446 0.57117 -1.2664 -0.10682 -0.56221 -0.93766 -1.2228 -0.041621 -0.32565 0.19497 0.71507 0.65793 0.26755 -0.29817 -0.46392 0.56613 1.3515 1.8408 2.1517 0.064109 1.5425 -0.75025 -1.0376 -0.61959 -0.21747 0.44215 -0.29478 -0.1418 1.5182 0.10811 -1.0872 0.5254 1.0797
0.031055 1.0584 0.89476 1.6323 -1.2087 -0.75281 -0.54367 0.43158 -0.041813 1.3717 -0.079618 0.39043 -1.146 -0.17637 -0.22714 -0.033772 0.085485 0.30445 0.82495 -0.49297 -0.33968 1.2812 1.2916 0.87613 2.1088 0.10932 0.60514 -0.16437 -0.51404 -1.0074 -0.48132 0.37831 0.75774 -0.4989 0.66122 -0.54388 -1.5752 -0.65986 0.63971
-0.15662 0.58373 0.35103 1.4633 0.84471 0.62107 -1.1766 -0.41393 -1.0039 1.1671 0.54294 0.29562 -1.1744 -0.044307 -0.28238 -0.49532 -0.055566 0.40593 0.98126 0.41342 -0.82494 1.7355 0.58822 -0.7048 1.024 0.39837 0.0046526 -0.18853 -0.32149 -1.5971 -0.87928 0.24687 1.513 -0.82317 -0.18123 -1.1905 -1.1518 -1.2954 0.63029
0.24834 0.7886 0.27753 1.5283 1.132 0.52841 -0.73202 0.054922 -1.0385 1.3307 -0.47519 1.3064 -1.202 -0.12224 -0.48266 -0.20368 -0.83023 -0.278 0.61784 1.2081 -1.2625 0.86848 0.22864 -0.29954 0.65269 0.68005 0.058062 0.017535 0.18059 -1.5452 -1.2609 -0.59267 1.5697 -0.84749 -0.75658 -1.1267 -0.27089 -1.3051 0.55119
-0.60875 0.69257 -0.31923 0.76025 -0.05149 0.86438 -1.0538 -0.06191 0.053121 0.45149 -1.0822 0.38016 -1.0943 -0.047806 -0.54197 -0.33609 -1.859 -0.78418 0.80778 1.6836 -1.5391 0.41601 -0.43627 0.02742 0.31547 0.88419 -0.23085 0.22096 0.59778 -0.8458 -0.87915 -0.99103 0.336 -0.091477 -1.0115 -0.90918 0.74133 -0.84556 0.078762
-0.11348 0.42062 -0.32261 0.86028 -0.085965 0.90056 1.0767 -0.13028 0.77354 0.57486 -1.6835 -0.26588 -0.60568 -0.053407 -0.063722 0.26545 -1.9467 -1.5678 -0.25263 1.8111 -1.565 0.46206 -0.39091 -0.069053 -0.12066 0.83308 -0.25557 0.46067 0.98529 0.91186 0.51418 -1.276 -1.2053 0.87707 -0.6997 -0.27144 1.0066 -0.68561 -0.57963
0.091849 0.31664 0.23031 0.12771 -0.98188 0.41453 1.2599 -1.5904 -0.61085 1.0676 0.40225 0.88289 -0.42984 -0.50026 -0.085359 0.47558 -1.1097 -0.68225 -0.50749 0.7253 -0.83312 -0.037597 -0.87245 0.6946 -0.25613 0.45963 -0.27818 0.52073 0.81712 2.3199 1.6305 -1.2277 -2.3799 1.5598 -0.57361 0.13569 1.069 -0.38624 -1.1357
-0.11492 0.3336 0.53765 -0.31455 -1.3075 0.64987 0.72703 -1.6663 -0.16111 0.72719 0.46168 1.2148 -0.30833 -0.36398 0.1349 1.3638 0.5037 0.61805 -1.1919 -0.60512 0.048078 -0.27267 -0.079942 1.4302 -0.40913 -0.12506 -0.009742 0.3553 -0.083766 2.5476 2.1524 -0.069654 -2.3828 2.4821 0.29538 0.15132 0.55079 -0.46997 -1.2309
-0.26069 0.89039 0.48536 -0.30097 -0.62098 0.24374 0.84078 -1.7499 -0.53887 0.49459 -0.73566 -0.049462 -0.54717 -0.40296 0.31468 0.75483 1.2847 1.2171 -1.0978 -1.6151 0.60289 -0.33859 -0.32441 1.4701 -0.29057 -0.62977 0.59082 0.41878 -0.57333 1.6427 1.0629 0.59946 -1.1796 2.5498 0.86003 0.37893 -0.32279 -0.55047 -0.88515
-1.0348 0.52287 0.33955 0.79693 0.41472 0.13832 -0.36032 0.088199 -0.39227 -0.60867 0.034 0.57173 -0.86714 -0.10822 0.38899 -0.019154 1.6553 1.5807 -0.12439 -1.5308 2.4015 1.1859 -0.36709 0.66371 -1.0208 -0.78224 0.75522 0.16348 -0.74885 0.071901 -0.64405 1.2271 0.16294 1.8127 0.52417 0.28647 -0.56691 -0.28067 -0.26675
-0.64226 0.68643 1.7058 1.7622 0.77719 -0.64249 -1.1865 -0.086094 0.32831 1.2015 1.1626 -0.72142 -1.0932 0.49391 0.55668 0.052019 1.4038 0.83898 0.067831 -1.0556 2.8021 0.90798 0.012875 0.39145 -1.0283 -0.7652 0.96577 0.065868 -0.018951 -1.1635 -1.5897 1.2922 1.1249 0.11433 -0.32715 0.68667 -0.68546 0.25353 0.35487
-0.16459 0.70392 0.16882 1.4983 0.73395 -0.13339 -0.2469 -0.59675 -0.37077 0.19811 1.047 0.41699 -1.0622 0.61848 0.31503 0.25238 0.56567 -0.47376 0.53133 -0.59774 2.3731 0.12367 0.31284 0.77822 -0.57993 -0.52578 0.4571 -0.042271 0.22575 -1.723 -1.7538 0.94996 1.2531 -1.5217 -1.1114 0.22422 -0.82523 1.1533 0.60355
0.024296 0.87104 0.026358 0.9377 0.53709 1.0078 -0.55794 1.6767 1.3558 0.36412 0.76923 -0.52002 -1.0939 1.0601 0.47387 0.60252 -0.38313 -0.8556 1.0045 0.018938 0.84503 -0.44865 0.67755 -0.023702 0.015229 -0.13579 -0.36828 -0.33263 0.024018 -1.3379 -0.93732 0.41503 0.8452 -2.1243 -0.68372 -0.10533 -1.1765 1.0082 0.56107
0.44227 1.3362 0.99108 0.91955 -0.4297 0.33943 -0.5394 1.5726 0.19035 0.50615 -0.064892 -0.59462 -1.198 0.47952 0.35439 0.17391 -0.72103 -0.98749 1.1848 0.27418 0.52867 -0.30685 -0.25942 -0.8544 0.77902 -0.03842 -0.74584 -0.45577 -0.50154 -0.47371 0.077528 -0.31439 0.47924 -2.177 -0.792 -0.33488 -0.9575 0.57191 0.32263
-0.16862 0.88017 1.0773 0.81057 -1.0353 0.47013 -0.46448 1.1537 -1.0429 0.60832 1.0934 -0.55735 -1.2316 -0.11631 -0.071212 0.15985 -0.49493 -0.74912 0.49848 0.081763 -0.26117 -0.21353 0.096291 -1.2446 0.32425 -0.024888 -0.95167 -0.77074 -0.96927 0.094311 0.85494 -0.45335 -0.053809 -1.4199 -0.61275 -0.34327 -0.2257 0.010666 0.07162
0.67404 1.0766 1.6078 0.98595 0.13526 0.96842 -0.68526 0.11933 -0.45617 1.012 0.38743 0.85087 -0.96047 -0.18229 -0.24635 -0.49905 -0.28778 -0.4199 0.15069 0.25427 -1.1585 -1.5419 -0.046936 -0.6106 0.42706 -0.015592 -0.57482 -0.62415 -0.49745 0.20627 1.21 -0.41291 -0.073648 -0.73825 -0.60394 -0.11225 0.49501 -0.40943 0.05485
-0.13002 1.1029 0.71539 0.95342 -0.45791 0.8437 -0.33918 0.59122 0.64599 -0.021544 -0.32526 0.68246 -1.1776 -0.38463 -0.63701 -0.96055 -0.43587 0.46307 0.62287 -0.092608 -0.97105 -1.0295 -0.095448 -0.63119 0.23287 -0.021962 -0.32641 -0.32445 -0.24137 0.12808 0.95871 -0.1654 0.093694 0.11637 -0.46925 -0.36246 0.93764 -0.24058 0.035891
-0.38383 0.4998 -0.20331 0.644 -0.43849 0.62002 -0.15544 0.092724 -0.054912 0.41907 -1.0186 -0.15594 -1.1247 -0.45404 -0.50527 -0.23055 -0.37514 0.6918 0.30106 0.20246 -0.49315 -1.08 -0.37975 -0.15594 0.028156 0.055937 -0.28018 -0.078104 0.56662 0.24902 0.52315 0.1392 0.018964 0.45209 0.25417 -0.007285 0.77967 -0.10991 0.10961
0.17868 0.88744 -0.00012045 0.59193 -0.59134 0.94792 -0.31062 0.62916 -1.779 0.47003 0.5738 -0.29589 -1.1838 -0.58149 -0.53497 -0.43166 -0.22356 0.4971 0.073777 0.26424 -0.36207 -1.3629 -0.44149 0.44877 0.064056 0.001904 0.021601 0.36709 0.96007 0.39271 -0.15501 0.098108 0.011604 0.13834 0.88091 0.17312 0.39916 0.14048 0.21335
-0.24526 0.31862 0.50385 0.45445 0.41619 1.206 -0.99015 0.065356 -1.2766 0.53411 -0.59745 0.082278 -1.2091 -0.59807 -0.43906 0.38024 0.062257 0.52735 0.6566 0.091535 -0.59936 -0.88231 0.11459 0.44337 0.31255 0.16437 0.35216 0.15638 0.34715 -0.29062 -0.7135 -0.10758 0.132 -0.32679 2.1635 0.41214 -0.70086 0.74034 0.60972
-0.6131 0.50113 1.6121 0.66021 0.26275 0.78898 0.16728 0.21822 -1.6015 -0.083505 1.1074 0.36005 -0.96305 -0.2599 0.0042284 0.65738 0.073129 0.2051 0.5981 -0.035326 -0.64481 0.58727 -0.002264 -0.12395 0.39134 0.29773 0.96793 -0.17891 -0.2811 -1.2833 -1.1859 -0.62143 0.48714 -0.35491 2.5301 0.36559 -1.5357 1.1185 1.271
-0.27233 0.52587 -0.042648 0.86813 0.39347 0.92819 -0.179 -0.33295 -0.96748 0.041422 0.22748 1.1419 -1.0681 0.058883 -0.48675 -0.066209 -1.0869 -0.57666 -0.20035 0.58104 -0.95411 2.1626 0.20716 -1.338 1.3621 0.97737 1.282 -0.70031 -1.1111 -1.9895 -1.0152 -1.1356 0.55918 0.089138 1.7843 -0.25654 -1.7557 0.8156 1.5856
-1.1975 0.38319 0.77716 0.87372 -0.20888 1.8186 -0.27391 -0.14841 -0.36705 0.58483 -0.4097 0.28418 -1.0007 0.92052 -0.83757 -0.74442 -2.0879 -1.274 -0.71692 0.91781 -0.83994 2.0477 0.22795 -1.8558 1.7913 1.8251 1.1967 -0.96004 -0.80694 -1.7891 -0.4067 -1.1772 0.39451 0.61485 0.0066588 -0.73031 -0.8862 0.19406 1.4941
-0.003908 0.77328 0.68692 0.42857 -0.28817 1.1583 -0.50352 -0.50277 -0.047914 0.43654 -0.91313 -0.042181 -0.77498 1.2322 -1.3003 -1.0994 -2.6305 -0.72796 -0.8856 0.6491 -0.32127 1.8654 -0.49812 -2.3411 1.2603 2.1822 0.81761 -0.31281 -0.28758 -0.55218 0.40166 -0.87989 -0.079226 0.97524 -1.3627 -1.3447 0.40506 -0.6271 0.59043
0.3358 -0.29752 0.024859 -1.255 -1.2424 0.28072 0.73218 -0.70351 0.84339 0.67278 -1.5519 2.7369 0.2333 1.4137 -1.3472 -0.40394 -2.5498 -0.54357 -1.3383 0.65432 0.20878 0.74593 -1.0712 -1.4742 0.84982 2.3164 -0.19008 0.51498 0.04616 0.86497 1.0392 -0.59587 -0.54476 1.0086 -1.4469 -1.3618 1.2937 -1.3421 -0.63821
0.96625 -0.81535 -0.084868 -1.5577 -1.1257 0.21828 0.65732 -0.88052 0.43556 0.30144 -2.3809 2.7326 1.0553 1.3604 -0.80382 -0.78527 -1.9136 -0.2113 -1.6017 0.54337 0.36985 0.15203 -1.7631 -0.70972 0.60195 1.7672 -0.85679 1.4337 0.29475 2.0065 0.97943 -0.17128 -0.94004 1.0491 -1.173 -0.84238 2.0013 -2.2079 -1.7045
0.63847 -0.836 -0.1786 -1.3386 0.017899 0.23304 0.63513 0.13567 0.38405 -1.3762 -1.7354 1.1894 0.98726 0.51149 -0.14042 -0.78901 -0.82636 0.42451 -1.5293 -0.076378 0.72552 0.078787 -1.7928 -0.014254 -0.53697 0.91238 -1.2164 1.6777 0.26457 2.0708 0.80743 0.25339 -1.3383 0.95272 -0.32971 0.28196 1.8759 -2.4666 -2.2138
1.1502 -0.67856 0.086858 -1.1881 -0.68546 -0.026801 0.19957 -0.023125 -0.29584 -0.87484 -1.5293 1.4452 1.0058 0.085891 0.72557 -0.3018 0.2846 0.62992 -1.1508 -0.77781 1.4076 -0.092364 -1.7775 1.0498 -2.4313 -0.10676 -1.1859 1.19 0.54286 1.2177 0.37876 0.34357 -1.344 0.56524 0.049322 1.5928 1.1073 -1.885 -1.8008
0.78994 0.010406 -0.23534 -1.17 -0.85888 -0.15668 0.43204 -0.068917 0.22865 -1.5494 -1.4514 1.1114 0.62048 -0.22195 0.96479 -0.10044 0.24944 0.54689 -1.1146 -1.2282 1.4958 0.22197 -0.51137 1.5074 -2.5347 -0.63119 -0.75685 0.32427 0.37656 0.11525 0.18237 0.24717 -0.79523 0.14612 0.024939 2.1669 0.17214 -0.66019 -0.88573
0.7062 0.25552 -0.68422 -1.1168 0.1774 -1.1243 -0.28887 0.14235 0.75275 -1.4424 -1.3074 0.34396 0.56501 -0.48852 0.82629 -0.032906 -0.16504 0.41404 -1.1879 -1.4346 1.0613 0.17372 0.7053 0.80107 -2.1398 -0.6209 -0.44915 -0.466 0.096547 -0.62661 0.25297 0.091088 -0.038281 -0.29491 -0.12024 2.2642 -0.60353 0.68185 0.054156
0.63865 0.075593 -0.12996 -1.1478 -0.5106 -0.69523 -0.15647 1.3313 0.52638 -1.8281 -0.15615 -0.81257 0.5018 -0.61097 0.40508 -0.15633 -0.39808 0.84122 -1.0735 -1.2672 1.1865 -0.0085438 1.1946 0.44742 -1.9796 -0.38501 -0.21763 -0.75625 0.18388 -0.35655 0.35929 0.27361 0.51718 -0.68832 -0.13451 1.3129 -0.45076 1.1143 0.52388
0.6473 0.086652 -0.055787 -1.309 0.069311 -0.73525 -1.1698 1.0831 0.39283 -0.32532 -0.33411 -0.95414 0.43842 -0.55123 0.15274 -0.061556 -0.58989 0.92732 -1.0318 -0.85053 1.02 -0.21461 1.788 0.31268 -1.3281 -0.13525 -0.064157 -0.46245 0.24985 -0.015369 0.38854 0.22458 0.9556 -0.99806 0.11986 0.26476 -0.12975 1.4261 0.46296
-0.0027462 0.19157 -0.18744 -1.5459 0.24414 -1.1802 -1.1999 0.92273 0.14156 -0.26468 -1.2836 -1.1158 0.33539 -0.5873 -0.083129 0.29924 -0.22612 0.93932 -0.705 -0.56531 0.23371 0.15077 1.5106 0.8005 -0.69695 0.044736 0.12229 0.066119 0.50778 0.33097 0.096317 -0.099964 1.2588 -1.2098 0.3926 -0.51367 0.10207 1.7318 0.20123
0.41408 0.020635 -0.45492 -1.5363 0.37631 -1.3411 -1.0171 1.2309 -0.12609 0.2876 -1.0329 -0.84154 0.57627 -0.60874 0.22422 0.25538 -0.29437 1.0703 -0.97798 -0.0041041 -0.32806 0.32494 1.0664 0.3374 0.08465 -0.023917 0.28172 0.40414 0.63443 0.69055 0.0063619 0.022198 1.0087 -0.8329 0.25835 -0.95056 0.29445 1.3229 -0.0049071
0.039827 0.4153 -0.49161 -1.7352 0.70255 -1.6454 -0.47206 1.2544 0.56804 0.38772 -0.61079 -0.81152 0.43853 -0.34034 0.49201 0.71235 0.065195 0.91296 -1.3251 0.66267 -0.40374 0.48465 0.55633 0.62744 0.78986 -0.088025 0.35006 0.39503 0.43569 0.6411 -0.21262 0.44111 0.44771 -0.12781 -0.26013 -0.82936 0.074462 0.47174 -0.10771
-0.051295 -0.10759 0.24425 -1.0301 1.2376 -1.5182 -1.2775 0.56496 1.173 -0.082918 0.90777 -1.1622 0.64254 -0.13332 0.60741 1.01 0.5549 0.91071 -0.71352 0.41714 -0.21621 0.11951 0.41397 0.98952 0.58851 -0.07789 0.46508 -0.22068 0.14007 0.52007 -0.64821 1.1961 -0.26285 0.68047 -0.62208 -0.39174 -0.10372 -0.27127 0.076411
-0.1893 0.55252 0.24345 -1.7633 0.8098 -1.72 -0.31599 0.92066 0.44892 -0.079544 -0.50826 -0.57585 0.29393 -0.15525 0.45082 0.80624 0.54625 0.56811 -0.030136 0.048057 -0.05003 -0.25692 0.22201 0.60971 0.012753 -0.11767 0.36241 -0.78941 -0.49503 0.01591 -1.1123 1.7823 -0.55587 1.2593 -0.5394 -0.24497 -0.71663 -0.70245 0.24245
0.21122 0.81667 0.75327 -1.2355 1.3199 -2.6189 -0.28347 0.51735 0.62375 0.75332 -0.18465 0.49662 0.29571 0.18455 -0.15819 0.50698 0.43344 -0.046135 0.6214 -0.2124 0.78861 -0.52081 0.47229 0.11297 -0.047671 0.12456 0.4121 -1.2156 -0.77903 -0.044053 -1.715 1.8802 -0.37496 0.72445 0.17913 -0.79504 -0.53162 -0.46438 0.22767
-0.071736 0.76108 0.64982 -0.83626 1.4893 -1.5475 -0.85944 1.0764 -0.099155 0.36638 0.19545 -0.81213 0.43989 0.19368 -0.57067 0.003975 0.14168 -0.79023 1.3722 -0.090564 1.4768 -0.25042 0.052117 -0.43532 -0.27325 0.23571 0.44797 -1.0561 -0.81877 0.3336 -1.9009 1.6612 -0.14398 0.076315 0.29386 -1.183 0.32637 -0.16618 -0.17014
0.074264 0.33214 0.11999 -1.1806 1.0001 -1.1007 -0.97117 1.2475 0.051783 0.41407 0.069534 -1.348 0.49144 0.47852 -1.1085 -0.11149 0.65964 -1.7509 2.1367 -0.24049 0.39665 0.46277 -1.0489 0.39366 -0.17468 0.14445 0.26929 -0.18927 -0.47683 0.78885 -1.2667 0.62462 -0.055479 -1.0366 -0.033413 -0.93883 0.96711 0.56074 -0.90164
0.3042 -0.24782 0.39985 -1.2425 0.49364 -0.91476 -0.91417 2.2211 0.57888 0.81348 -0.060923 -0.69175 0.70994 0.55146 -1.0084 -0.48587 1.0492 -2.278 2.3461 -0.22938 0.30234 -0.17837 -1.3218 1.1257 -0.23495 -0.42654 0.13826 0.7596 0.0055348 1.0581 -0.20253 -0.41586 -0.034193 -1.2715 -0.67136 -0.037169 0.83848 0.80001 -1.3048
0.071808 -0.49222 0.35146 -1.1729 -0.18053 -0.19516 -0.81683 2.2345 0.83858 -0.52357 -0.40872 -1.0342 0.7115 0.52369 -0.28478 -0.1719 1.4559 -1.7809 1.2915 -0.26763 -0.56249 -0.62496 -0.66905 1.3141 1.0724 -1.1267 -0.23167 1.4195 0.38084 0.70808 0.8405 -1.1373 -0.037935 -0.75023 -1.1435 1.141 0.048433 0.66861 -1.243
0.78325 -0.33439 0.3784 -0.59703 -1.6525 0.14232 -0.41925 0.12421 0.90963 -1.6001 0.54562 0.050743 0.18045 0.44297 0.41126 0.06615 1.7284 -1.2068 0.96764 -0.16151 -0.42396 -1.0192 -0.2076 0.82003 0.71983 -1.4184 -0.47871 1.2978 0.60206 0.30679 1.2642 -1.2792 0.055284 -0.23122 -0.75112 1.6879 -0.43512 0.44311 -0.58892
0.80022 -0.084876 -0.061571 0.3142 -1.1163 0.0042149 -1.0825 1.3741 -0.62135 -0.40705 2.1079 -0.66563 -0.3383 0.10971 0.78498 0.38812 1.6436 -0.7118 0.62294 -0.366 -0.63952 -1.3506 0.62207 0.62793 0.70238 -1.5409 -0.59341 0.60446 0.41713 -0.20727 1.3885 -0.66827 0.26425 0.91235 -0.31633 1.0335 -1.0105 -0.23251 0.29442
0.38443 0.52835 0.44842 0.33115 -0.2431 -0.41018 -1.4833 0.60063 -0.86522 0.27681 1.3993 0.79196 -0.77472 -0.12871 0.83695 0.44807 1.5207 -0.42286 0.20684 -0.096034 -0.081581 -1.2838 1.3272 0.55002 0.85458 -1.2531 -0.51508 0.019431 0.14938 -0.68269 1.0507 -0.2999 0.30479 0.40815 0.55131 -0.051503 -1.1382 -0.2559 0.8746
0.70819 0.45427 0.34231 0.1009 -0.82529 0.1622 -0.81708 1.7871 -0.30458 0.24049 -0.022425 -0.9056 -0.61764 -0.2931 0.61181 0.48465 1.1538 0.45591 0.36342 0.17775 0.99627 -1.1127 0.58183 -0.65978 0.56148 -0.69318 -0.1061 -0.40189 -0.37822 -0.63622 0.73192 0.15384 0.33932 -0.20488 1.1936 -0.73806 -0.65961 -0.80782 1.0787
0.24289 0.31501 1.1037 0.28598 -1.1138 0.10027 -1.2957 1.1239 -0.46245 0.89223 0.71127 0.49266 -0.74607 -0.3111 0.53493 0.33486 0.66908 0.18827 0.4914 0.12116 -0.4609 -0.065565 -0.28521 -0.90911 0.30007 -0.30822 0.15925 -0.49459 -0.77564 -0.52927 0.53271 0.2832 0.11707 -1.2266 1.4242 -0.57191 0.38139 -0.84085 0.78487
0.19179 0.47472 0.56687 0.79489 -1.5849 0.12915 -0.49966 1.2526 -0.62863 0.26293 1.3405 0.59309 -0.74064 0.013724 0.20082 -0.2837 0.85296 0.34847 0.73994 0.14504 -0.82274 0.36582 -0.0084474 -0.025599 -0.61182 -0.12111 0.17758 -0.49927 -1.1231 -0.67992 0.16665 0.13713 0.080225 -1.4539 1.549 0.012458 1.058 -0.91353 0.49
0.61972 0.51791 0.64321 0.98105 -0.11466 0.50883 -0.4834 1.8986 -1.1918 -1.1209 -0.12151 0.52798 -0.75555 0.029189 0.13737 -0.68363 0.65677 0.61352 0.52455 0.12097 -1.4679 0.75243 0.50967 1.0031 -0.21613 -0.16253 -0.10343 -0.50141 -0.88882 -0.81443 0.23469 -0.071052 0.47234 -0.90365 1.0871 0.4153 0.75607 -0.77254 0.39157
0.16135 0.92428 0.35488 0.73773 -0.5871 0.244 -1.5849 -0.21068 -0.40531 -0.13486 0.73232 -0.33025 -0.8391 -0.11751 -0.10307 -1.2104 -0.13899 0.52181 0.57426 0.30902 -1.224 1.4971 0.2114 0.5538 -0.98281 0.093276 -0.72384 -0.476 -0.59447 -0.93608 -0.29308 -0.25594 1.1863 -1.2264 0.44822 0.44497 0.54304 -0.34907 0.44462
0.65173 0.52518 0.054188 1.0647 -0.029961 0.67071 -0.92285 0.089946 0.10257 1.1151 1.1064 -0.88973 -0.82939 -0.42765 -0.2307 -0.94191 -0.38805 0.511 0.40465 0.90958 -1.9483 1.4865 0.41753 0.34632 -1.0355 0.2712 -0.97118 -0.74903 -0.35492 -0.52624 -0.45663 -0.0020485 1.967 -0.91867 -0.67746 0.0013265 -0.13934 0.081138 0.47287
0.50662 0.42223 -0.17702 0.6687 -0.60737 0.64244 -0.43422 0.15542 0.5894 1.2071 2.0243 -0.11846 -0.80636 -1.1055 -0.48615 -1.3115 -0.40759 -0.20604 0.27773 1.9671 -2.8781 0.87023 0.90817 1.4073 -0.87825 0.4417 -1.0081 -0.70267 0.40332 -0.048968 -0.41875 -0.095649 1.5162 -0.94296 -1.6807 -0.12337 -0.5686 0.82938 0.24346
-0.22506 0.15127 -0.48204 0.10449 -0.7172 0.68896 -0.53465 0.11231 0.96363 -0.11335 1.0037 -0.63817 -0.51241 -1.2891 -1.0425 -1.3154 -0.21753 0.057088 0.63482 2.9802 -2.3572 -0.25869 0.16659 0.26938 -0.086132 0.4925 -0.72461 -0.48657 1.0895 0.36666 -0.27931 -0.097305 0.18036 -0.27657 -1.7636 -0.10255 -1.3632 0.95904 -0.0066814
-0.25913 0.44907 -0.27989 0.7559 -0.12309 0.56755 1.0498 -1.3991 0.25356 -0.062973 0.87867 -0.89026 -0.44075 -1.5684 -0.98363 -0.20354 -0.33108 -0.09874 0.24268 2.112 -2.7816 -0.91206 0.098983 -0.60258 0.21774 0.40937 -0.016237 0.085135 1.7106 0.63535 -0.11322 -0.12397 -1.3574 0.55093 -1.1617 -0.041479 -1.6191 0.82688 -0.27675
-1.1309 0.039324 -1.2224 0.61059 -0.67841 0.75868 1.7145 -2.8016 -0.36345 1.0428 2.777 -1.0372 -0.35905 -1.5453 -0.87233 0.68398 0.25217 -0.12194 0.20252 1.1571 -2.5044 -1.0659 0.62483 -1.4872 0.35043 0.27523 0.5144 0.7362 1.6211 0.50739 -0.37329 -0.12767 -2.2 1.5102 0.18816 0.15329 -1.0352 0.42683 -0.45171
-1.104 -0.73195 -1.2346 0.64485 -0.23575 1.3 2.3389 -2.2613 -0.43584 0.61372 0.5567 -0.13954 -0.41897 -0.99577 -0.41373 1.0994 0.54371 -0.37633 0.22337 0.29958 -1.7548 -0.99547 0.60087 -1.0822 0.5737 0.064363 0.98948 1.0159 1.2838 0.44436 -0.17565 0.059566 -1.5546 2.5663 0.94683 -0.59695 -0.46614 0.15372 -0.48398
-1.2683 -0.52793 0.61708 0.35905 -0.54414 0.62007 0.86176 -2.6296 -0.38675 1.2633 0.20654 -0.25931 -0.42696 -0.59693 0.023402 1.2663 0.28945 -0.56417 0.3669 -0.28115 -0.015362 0.14715 0.21732 -1.6508 0.60791 -0.12795 1.0971 1.0681 0.66243 0.17362 0.012295 0.01349 -0.95876 2.2898 1.247 -1.0805 0.73184 -0.40979 -0.39066
-1.7636 -0.3809 0.68463 0.94009 -0.98843 0.78569 0.6154 -2.505 -0.16925 1.2832 -0.49422 0.14513 -0.39072 -0.17159 0.43214 2.0702 0.47557 -0.25751 0.23999 -0.11963 0.81678 0.32561 -0.85877 -1.5037 0.4161 -0.2386 1.0227 0.6005 -0.2831 -0.00099651 0.55479 0.3058 -0.27701 1.2633 1.2039 -0.76557 0.98851 -0.66548 -0.29752
-1.269 0.11045 0.31725 0.94798 -1.0335 0.96728 0.67788 -2.561 -0.51025 0.085874 0.47469 -0.34506 -0.40789 0.11567 0.66396 1.5321 0.59998 -0.19973 0.18585 -0.46083 0.53232 0.70334 -0.75003 0.21859 -0.36804 -0.25913 1.0036 0.23155 -0.7923 -0.10061 0.96543 0.073344 -0.30182 0.075397 0.56779 0.073298 1.0684 -0.63218 -0.24359
-1.2019 0.32725 0.42248 0.89781 -0.88651 1.2259 1.7543 -1.5303 0.53118 0.7332 -0.73929 -0.13094 -0.63491 0.58139 0.36815 0.42648 0.37226 0.46658 0.86296 -0.15286 0.36176 1.0721 -0.40585 0.0090105 -0.24576 -0.39247 0.62437 -0.094194 -1.3054 -0.43694 1.0192 -0.055187 -0.97712 0.068107 0.032987 0.9441 0.28225 -0.05758 -0.25417
-1.4264 -0.064796 1.6496 1.0163 -0.67524 1.0986 1.9381 -1.7846 -0.38095 -0.47604 0.35942 -0.10792 -0.63009 0.92402 0.4813 0.5392 0.13671 0.88877 0.16119 -0.8536 0.36681 0.87861 0.13652 -0.21596 -0.30217 -0.47881 0.24287 -0.29178 -1.0359 -0.44691 0.92529 -0.2601 -1.0816 0.97233 -0.93329 0.80836 -0.58558 0.10008 -0.19484
-0.94324 -0.023984 1.0319 1.1956 -0.65227 1.1468 0.30943 -2.1622 0.58462 0.34856 0.98537 -0.91476 -0.64628 0.60932 0.3523 0.0010805 -0.13268 1.1167 0.11298 -1.7854 1.0405 0.29939 0.54195 -0.72137 0.28865 -0.57513 -0.073222 -0.3376 -0.87671 -0.16703 0.26738 -0.53564 -0.5895 1.4769 -1.4867 0.52562 -0.64483 -0.57701 -0.029688
-0.54166 -0.013542 0.73453 0.7671 0.070464 1.8201 0.34963 -2.4533 0.98128 1.1735 -0.7356 -0.13722 -0.85722 0.5701 0.13855 -0.28666 -0.0062586 1.213 0.030736 -1.7037 2.0358 -0.73392 0.35534 -0.64619 -0.41518 -0.51007 -0.32086 -0.42905 -0.83316 0.062944 -0.31751 -0.32782 0.53608 1.3476 -1.6273 -0.21099 -0.53842 -0.75804 0.1178
-0.39376 0.72653 1.2078 1.1761 0.06051 0.51344 -0.42787 -1.693 0.38809 0.90153 -0.73204 -0.35793 -0.91136 0.63294 -0.077807 -0.87674 0.11385 0.77675 -0.12738 -0.85918 2.3197 -1.0249 0.51258 -1.1284 -1.3202 -0.42934 -0.096276 -0.23071 -0.56378 0.22221 -0.88793 -0.29147 1.2749 0.46516 -1.1296 -0.93992 0.44371 -0.50457 0.28722
-0.82291 0.49116 0.093649 0.61817 0.43811 1.3882 -1.0066 -0.27797 -0.32956 0.4728 -0.70341 0.45063 -1.1384 0.32159 -0.088607 -0.65174 0.11807 0.406 -0.37787 -0.32613 2.2764 -1.6368 -0.25756 -1.1449 -0.98989 -0.34543 -0.1441 -0.1091 -0.29599 0.14079 -1.1878 0.29972 1.2189 -0.76978 -0.21534 -1.3546 1.223 0.53176 0.2682
-0.5901 -0.033403 0.85624 1.1498 0.69155 1.2881 0.46312 1.1496 -0.73593 0.58152 -0.8376 -1.5558 -1.0857 0.56486 0.044462 -0.91248 0.2107 -0.22976 -0.27264 -0.090831 1.8084 -1.4558 -0.98202 0.42701 -0.41037 -0.15392 -0.10439 0.24073 0.1805 0.1514 -0.80325 0.50411 0.71391 -1.7244 0.43111 -1.0779 1.6518 1.3194 0.26829
-0.23875 -0.37533 0.32835 1.2736 -0.070778 0.91888 0.53246 -0.33802 -0.87943 0.5908 -0.8348 -2.674 -0.98187 0.34559 -0.12109 -0.83428 0.19702 -0.61052 0.64085 0.18997 0.85536 -0.94151 -1.5365 1.087 0.21132 -0.17763 -0.1377 0.498 0.1176 0.019498 -0.089609 0.4356 0.038022 -1.8194 1.1673 -0.41545 1.2896 1.4202 0.1313
-0.40454 0.30153 0.19001 1.0507 0.059827 0.82631 -0.76347 -0.22255 -0.70439 0.2484 -1.3469 -0.91718 -1.0984 0.43697 0.38116 -0.40682 0.34612 -0.30209 0.2905 0.20861 -0.20255 -0.53443 -0.94757 1.1536 0.73226 -0.042944 -0.39065 0.54477 0.35063 -0.026248 0.58594 0.097936 -0.21331 -0.99638 1.6499 0.18596 0.053992 1.0458 -0.064532
0.45712 0.64103 -0.38416 0.96823 -0.29378 1.287 -0.10756 -0.0044728 -0.68924 -0.51561 0.60767 0.42055 -1.0469 0.139 0.65733 -0.65055 0.072893 0.22777 0.13715 -0.42423 -0.12971 0.17678 -1.0823 1.1406 1.2928 -0.17096 -0.23213 0.35693 0.53348 -0.14857 0.35572 -0.78246 -0.15855 0.066179 1.4501 0.5744 -0.6859 0.23185 -0.052804
-0.58335 0.28461 0.17615 1.2893 -0.59137 1.835 -0.20616 0.18243 -1.0502 -1.5539 0.84848 -0.081109 -1.2713 -0.053587 0.65527 -0.28858 0.20886 0.43614 0.13188 -0.20594 0.43835 1.2009 -0.84369 0.49314 1.1559 -0.27089 -0.12719 -0.068074 0.67561 -0.3802 -0.39896 -1.2294 -0.13374 0.72198 0.93309 0.60528 -1.2816 -0.39258 -0.025045
-0.14175 0.65886 0.014209 1.1852 0.67839 1.3947 0.10364 -0.15172 -1.127 0.25093 0.11742 0.016968 -1.0633 0.16693 0.39757 0.18467 -0.029379 -0.33741 -0.8061 0.078282 0.67223 1.0169 -0.46546 -0.020247 0.48245 -0.15672 0.33733 -0.15575 0.74205 -0.51402 -1.1113 -1.5038 0.029259 0.58459 0.15848 0.75396 -1.264 -0.4306 0.16116
-0.3036 0.52302 -0.15731 1.2391 0.85546 0.86299 -0.29345 0.62127 -0.13429 -0.88256 0.19392 -0.8516 -1.2654 0.1962 0.38774 0.53525 -0.33542 -0.82893 -1.6164 -0.31484 0.76814 0.86291 -0.072812 -0.93568 0.37453 -0.09442 0.41293 -0.15144 0.48421 -0.59992 -1.4109 -1.1079 -0.18187 0.24523 -0.65374 0.27887 -0.56745 -0.021366 0.20198
-0.21949 0.70742 -0.12138 1.4087 -0.032372 1.0777 -0.25698 -0.042498 1.0291 -0.71143 -0.66929 -0.098385 -1.3295 0.65995 0.5071 0.42887 -0.64048 -1.3193 -1.8906 -0.33468 0.81845 0.65201 0.0053965 -0.77816 0.84477 0.023156 0.24194 -0.058004 0.19245 -0.39096 -1.0134 -0.29405 -0.23571 0.10111 -0.66013 -0.15363 0.012691 0.37023 0.11059
0.30353 0.9273 0.46536 0.71594 -1.3618 -0.11442 -0.45328 0.90935 -0.33989 -0.86766 -0.33348 0.73365 -1.179 0.48778 0.3244 0.56975 -0.63339 -1.8288 -1.4728 -0.36238 0.83956 0.10503 -0.53252 -0.32039 0.95254 -0.0068702 0.10292 -0.085199 0.042361 -0.14826 -0.63037 0.20274 -0.021927 0.036784 -0.52717 -0.37501 0.41719 0.30648 0.041579
