39 260
-0.51332 1.534 0.014151 1.1529 -0.66593 0.14286 0.014734 0.36342 -0.55042 1.4399 0.086376 0.45161 -1.4991 -0.071101 -0.16383 0.0182 0.19013 0.36209 0.095338 -0.038595 -0.68649 -0.11063 -0.29408 0.34497 -0.85592 0.0092275 -0.11252 -0.034954 0.030658 -0.038213 0.064662 0.24968 0.74551 0.52015 0.38336 -0.16924 -0.87134 0.082573 -0.074051
-0.32762 1.4836 0.04664 1.167 0.29176 1.1708 -0.20782 0.06734 0.61114 0.72884 0.36627 1.0855 -1.4205 -0.22638 -0.31536 0.070774 0.22553 0.6153 0.34481 0.64351 -0.3908 0.16062 -0.28338 -0.17491 -0.68211 -0.041703 -0.091797 0.14164 0.1932 -0.2002 -0.31668 0.092836 0.69697 0.95418 0.44639 -0.24064 -1.2412 0.33907 -0.1107
-0.36811 1.3739 -0.059456 1.5666 0.033865 0.030569 -0.18759 0.20576 0.0038243 1.2258 0.1387 -0.20905 -1.4412 -0.18274 -0.14191 0.044875 0.09759 0.3388 0.43425 0.94631 0.22246 0.47005 -0.65654 -1.1186 -0.76694 -0.090667 -0.011551 0.24862 0.27347 -0.42962 -0.79444 -0.054887 0.38756 1.2771 0.24183 0.2202 -1.0983 0.64258 -0.10574
-0.7963 1.4016 0.10049 1.2326 -0.71325 0.085963 0.16548 -0.77665 -1.4986 1.1895 0.62422 -1.0165 -1.5485 -0.16789 0.084705 0.3711 -0.14677 -0.22871 0.10344 0.70945 0.78692 0.432 -0.62065 -1.3749 -0.21037 -0.12871 0.14029 0.16533 0.17737 -0.74635 -0.75919 -0.023051 -0.2427 1.1488 0.2697 0.46585 -0.083349 1.4564 -0.02217
-0.77312 1.1836 0.12286 1.3899 0.38291 0.89555 1.0747 0.41259 0.20899 1.07 -0.61382 0.30029 -1.551 -0.11099 0.085466 0.38897 -0.44358 -0.70254 0.12413 0.62431 1.3007 0.20804 0.33938 -1.2253 0.20666 -0.12669 0.42275 -0.064117 -0.054435 -0.5404 0.051868 0.15228 -0.91288 0.59011 0.43836 0.5288 1.0419 1.6343 0.11615
-0.50645 1.5732 0.019334 1.1561 -0.33883 0.84723 0.78777 1.0523 0.53301 0.16029 -1.6544 -0.26651 -1.5652 -0.0042683 -0.1275 0.23445 -0.92661 -0.28542 0.46604 0.39099 1.3887 0.79756 0.20196 -0.29356 1.7609 -0.060549 0.5038 0.012459 -0.47601 -0.43344 0.76187 0.26419 -1.1611 -0.48943 0.0027134 0.26946 1.4457 0.45029 0.15093
-0.55528 1.6691 0.64822 0.93418 -0.81832 0.29626 0.13457 1.1862 0.24909 0.57173 -0.92544 0.77462 -1.5699 0.49315 -0.1414 0.0021605 -0.5432 0.44679 0.53892 -0.48762 1.1188 1.1054 0.048304 0.38435 1.5339 0.07435 0.35436 0.21073 -0.45619 -0.10797 0.84941 -0.11112 -0.81448 -1.3941 -0.47061 -0.093355 1.2833 -0.49996 0.10096
-0.49457 1.3622 0.31038 0.76085 -0.67966 1.0046 0.43058 1.361 0.17048 2.1756 -0.48968 0.60371 -1.5298 0.43113 0.22842 -0.35905 -0.92408 0.59028 0.38615 -0.76463 -0.091569 -0.0048828 0.093688 0.65878 0.039016 0.0292 -0.21633 -0.39025 -0.18343 0.12762 0.82095 -0.57569 -0.30746 -1.4363 -1.0669 -0.2485 0.64644 -1.3177 0.48237
-0.64745 1.039 0.058752 0.25468 -0.15925 0.52191 0.61584 1.2524 0.37217 1.1206 0.435 2.0796 -1.5429 0.30803 0.28959 -0.19964 -0.65245 0.41527 -0.03039 -0.21783 -0.74431 -0.25501 0.19657 0.81739 0.075761 0.001615 -0.99964 -1.4372 0.23014 -0.24949 0.81461 -1.4576 -0.064266 -1.3528 -0.87438 -0.36553 0.32667 -0.92813 1.2323
-0.0061723 1.3473 0.065748 1.0771 0.67153 1.3229 -0.22578 0.76044 0.57931 0.55531 0.27779 0.58093 -1.4469 -0.28463 -1.0273 -0.024305 -0.63118 1.2333 -0.29113 -0.27139 -0.54958 -0.49019 -0.39657 0.75482 -0.1411 0.79964 -1.1516 -2.0663 0.70382 -0.20641 0.47191 -1.6923 0.059736 -0.94548 -0.022628 -0.32876 -0.10689 -0.59528 1.8561
-0.3082 1.8996 -0.33541 -0.10445 0.68957 1.2579 0.30616 0.40906 0.14189 0.78795 -1.0917 -0.61031 -1.5918 -0.9077 -2.0556 0.27221 -1.1666 1.6165 -1.7728 -0.83366 -1.3545 -0.26356 -0.47795 0.97162 -0.22619 1.7922 -1.0142 -1.8167 0.88553 -0.45034 -0.20485 -1.67 0.34212 -0.68292 0.3891 -0.40389 -0.082224 -0.52068 1.8613
-0.28489 1.8753 0.41674 0.48976 -0.94849 0.075872 0.53131 0.31324 0.0086547 0.93125 -0.23356 0.82709 -1.575 -0.98863 -2.2574 0.75537 -1.062 0.84667 -1.8211 -0.33787 -1.6712 -0.035724 -0.26283 0.3633 -0.99293 2.3012 -0.39581 -0.62223 0.72304 -0.12469 -0.94158 -0.76432 0.83729 -0.29852 0.71379 -0.53069 0.6908 -0.52653 0.94333
-1.3117 -0.56136 0.6811 0.022028 1.5784 0.15838 -0.28062 1.0907 -0.4624 0.67207 0.85939 1.2521 -0.25235 -1.1244 -2.3108 1.1111 -1.2963 0.21311 -2.3032 0.43131 -1.5413 0.24469 -0.72264 0.84335 -0.5317 2.4268 0.81299 0.59906 -0.14529 0.26958 -1.5007 0.87246 1.0625 0.58207 0.77532 -0.71203 0.83246 -0.63717 -0.19424
-1.569 -0.95105 0.279 -1.1263 1.9774 -1.6194 -0.62445 -1.0373 0.44166 1.3425 1.2575 0.63323 0.50052 -0.86675 -1.9956 0.94366 -0.80578 0.17607 -1.4118 0.58363 -1.0425 0.58357 -1.3942 2.1712 -1.0334 2.0925 2.2455 1.6761 -0.99473 0.83118 -2.1471 1.1629 0.35866 1.4501 0.43332 -0.49088 0.49646 -0.022218 -1.1594
-1.0249 -0.1271 0.93882 -0.35617 0.3924 -0.52241 0.51374 -1.0532 0.6129 0.068371 -0.16755 -0.5469 0.3691 0.47945 -1.1153 -0.10807 -0.78372 -0.84188 -0.37783 0.58954 -0.48781 0.86856 -1.415 1.6988 -1.4728 1.5662 3.1267 1.8038 -1.3429 1.5458 -2.1689 1.1114 -0.57104 2.1036 -0.2737 0.048177 -0.4173 0.3562 -1.4965
-1.0953 0.038562 1.2568 -0.7028 0.33149 -1.1989 0.75592 -0.83631 0.58906 -0.61016 0.77997 -0.44674 0.41037 2.192 0.12705 -0.55833 0.26168 -2.6158 -0.65434 0.22802 0.72526 0.46111 -0.95262 0.90515 -0.55655 0.75469 2.86 0.95607 -1.5333 1.4849 -1.6213 -0.048371 -1.3412 1.8053 -0.47899 0.87898 -1.4199 0.99699 -1.1111
-1.4009 -0.13133 0.71504 -0.73029 0.59379 -0.27247 0.88356 -0.15263 0.49371 -0.8671 2.7193 -1.2131 0.20259 2.8877 -0.16334 -0.73232 1.1102 -2.4214 -0.64655 -0.38233 1.8097 -0.1939 -0.84167 0.64684 -0.045764 0.54391 1.4907 -0.13454 -1.1699 1.205 -0.35431 -0.3699 -1.8059 1.03 -0.26885 1.3358 -1.9514 0.84728 -0.49679
0.47022 -0.48012 -0.10864 -0.65454 -1.44 -0.45088 0.29699 0.12125 0.94835 -0.31817 1.9304 -0.098271 0.6407 2.9986 -0.76694 -1.7055 1.0715 -2.0511 -1.3575 -1.2775 1.4448 0.23503 0.17438 -0.1065 0.26191 0.70919 -0.30408 -0.73442 -0.7158 0.2207 1.3807 0.068604 -1.394 -0.1076 0.45694 1.2538 -2.2439 -0.078207 0.04292
1.3492 -0.6765 0.035364 0.32949 -1.4947 -1.8948 -0.62648 1.4455 0.10939 0.11173 1.1815 0.86221 0.9094 2.7232 -0.89889 -1.7953 1.103 -1.7963 -0.69273 -1.8228 1.2326 0.49075 0.84087 -1.6454 -0.17325 0.74242 -1.7958 -0.32067 -0.1837 -0.63347 2.3835 0.97498 -0.17634 -0.77484 0.89454 0.78618 -1.7827 -0.71033 -0.084487
1.4571 -0.66706 0.047809 0.52266 -1.0651 -2.1301 -0.34983 0.53376 0.31147 -0.53572 1.2156 -0.50224 0.92835 1.746 -0.80015 -1.4125 0.68327 -0.38933 -0.49789 -1.4918 0.8107 0.97128 0.85245 -2.3747 -0.63922 0.72961 -2.4828 0.10816 0.32384 -1.114 2.6161 2.4194 1.069 -0.86254 0.83212 0.07436 -0.71897 -0.54014 -0.37224
1.6844 -0.67082 -1.0505 0.52165 -2.1225 -1.8664 -0.39519 0.34049 1.3762 0.022032 -0.13927 -0.66736 0.91559 0.34678 -0.70755 -1.239 0.096419 1.1425 0.71023 -0.57185 0.58445 1.1004 0.47865 -1.737 -1.0087 0.39053 -2.2613 0.20617 0.38516 -1.2343 2.2204 2.748 1.4759 -0.80836 0.64374 -0.24363 0.33632 0.6697 -0.41673
1.3574 -0.94097 -0.80021 0.17851 -1.6095 -0.83921 -1.2458 1.1206 1.1379 0.56457 -0.20111 -1.0104 1.0193 -0.1958 -0.66251 -1.3656 -0.54775 1.3048 2.3623 -0.0076024 0.050592 1.4771 0.51252 -1.4842 -0.39274 0.25111 -1.3662 0.23882 0.46842 -0.80377 1.2368 2.3327 1.2265 -0.79925 0.091447 -0.23314 0.77355 1.4701 -0.32207
0.99891 -1.0736 -0.9621 -0.045122 0.13476 -0.92137 -0.67621 1.1445 1.762 0.293 0.06637 -1.3599 1.108 -0.29668 -0.59371 -1.0826 -0.63303 1.4496 2.8978 0.046601 0.0030831 1.4361 0.49673 -1.4364 1.0563 0.27176 -0.40284 0.36334 0.46539 -0.21981 0.16564 0.69717 0.81585 -0.96433 -0.18032 -0.15274 0.64457 1.2187 -0.1557
1.3549 -1.2274 -1.352 -0.10931 -0.028117 -0.16954 -0.32959 1.2772 1.6278 0.14712 -0.15353 -0.44984 1.0991 -0.33941 -0.42514 -0.59407 -0.48403 1.7298 2.6714 0.37161 -0.48988 0.97946 0.35143 -1.0099 1.2854 0.24057 -0.10724 0.42465 0.53935 0.19563 -0.5496 -0.82988 0.18928 -0.77796 -0.66634 -0.13619 0.66993 0.031715 -0.14297
1.3001 -1.2018 -1.4775 -0.11309 -0.29331 0.93265 -0.5523 0.78481 1.8592 0.58847 -0.79227 0.28554 1.131 -0.28432 -0.17336 -0.73393 -0.35595 1.2202 1.8355 0.68829 -1.0679 1.0222 0.2369 -0.71299 0.60551 0.13116 -0.25482 0.39318 0.51536 0.11219 -0.72368 -1.643 -0.33115 -0.4253 -0.82574 0.0065837 0.80838 -1.4395 -0.15534
1.1893 -1.1435 -1.3961 -0.17438 0.12615 1.2314 -0.46501 0.19508 2.506 0.21574 -1.0918 0.79599 1.1906 -0.38192 -0.11101 -0.50656 -0.31603 0.38603 1.3879 0.018417 -0.96246 0.45749 0.35508 -0.53477 -0.093393 0.078484 -0.44278 0.24333 0.46308 -0.12323 -0.41136 -2.0647 -0.73867 0.26779 -0.98703 0.056459 0.82121 -1.7582 -0.089471
1.0953 -1.1563 -1.5239 -0.15123 0.36768 1.1627 -0.32297 0.11947 2.2639 0.84837 -1.1738 0.15764 1.1766 -0.71645 -0.044934 -0.13919 -0.5056 0.76578 0.55096 -0.346 -0.60136 0.1755 0.50888 -0.090201 -1.1294 0.088778 -0.50437 0.088327 0.47364 -0.21321 0.26523 -2.0513 -0.8117 0.82623 -1.3815 -0.0076272 0.7608 -1.1095 0.010338
0.8454 -1.1846 -1.7025 -0.41457 0.65774 0.76897 -0.26759 0.072114 2.4221 0.62909 -0.41063 -1.217 1.1521 -0.8969 -0.049414 -0.0050624 -0.64586 1.1793 -0.44407 -0.39775 -0.17285 -0.41726 0.33469 0.28772 -1.3611 0.11009 -0.29776 0.072353 0.2951 0.013916 0.686 -1.8012 -0.1384 0.79839 -1.1404 -0.36372 0.56205 0.073918 0.086266
0.73053 -1.2909 -1.5995 -0.43797 0.24403 1.004 -0.75607 0.28409 1.9607 0.58482 -0.64466 -0.98081 1.1828 -0.90934 -0.039258 -0.07796 -0.59896 1.2981 -0.98184 -0.51868 0.2084 -1.0907 0.23109 0.36583 -0.97426 0.13395 0.20055 0.096917 0.039089 0.54897 0.184 -1.0349 0.55086 0.62127 -0.69779 -0.46853 0.18932 1.3489 0.07702
0.57879 -1.2249 -1.4008 -0.78476 0.99134 0.99984 -0.83673 0.47523 1.9277 1.0266 -0.64185 -1.1778 1.2192 -0.80246 0.022707 0.025454 -0.24497 1.3731 -1.1227 -0.12516 0.24788 -1.0134 -0.27359 0.33596 -0.012417 0.20402 0.61436 0.095022 -0.19558 0.89197 -0.37655 -0.45343 1.2125 0.277 0.032361 -0.41849 -0.10304 1.5288 -0.022699
0.2378 -1.1803 -1.4425 -0.85129 1.5624 0.34228 -0.82465 0.20756 1.585 0.79371 -0.71166 -0.72505 1.2855 -0.39908 0.099148 -0.085239 0.33676 0.99305 -0.98908 0.50103 0.44802 -0.81117 -0.17576 0.25054 0.91051 0.17416 0.85059 -0.021475 -0.37762 0.87484 -0.97304 -0.26687 1.5164 0.073122 0.52289 -0.31403 -0.22156 1.0156 -0.16447
0.23681 -1.1758 -1.6741 -0.73516 1.8498 -0.10174 -0.8095 0.41476 1.1125 0.56541 -0.6171 -0.56218 1.3091 -0.055345 0.058162 -0.3845 0.58198 0.61859 -1.2593 1.2403 0.27614 -0.49036 -0.34506 0.13458 0.77136 0.052226 0.89062 -0.064998 -0.30965 0.52066 -1.2075 -0.070657 1.1222 0.22506 0.6923 -0.062435 -0.32701 0.17332 -0.26322
0.24211 -1.1642 -1.5342 -0.27273 1.9167 -0.10284 -0.14326 0.40682 1.3948 0.23303 -0.36497 -0.37751 1.3625 0.23172 -0.086919 -0.60691 0.65065 -0.14186 -1.3921 1.4814 0.35387 -0.37765 -0.39588 0.022385 0.68012 -0.069756 0.49097 -0.092964 0.12364 -0.095308 -0.9858 0.16564 0.18012 0.438 0.77302 -0.20133 -0.51645 -0.35362 -0.24672
0.57823 -1.1315 -1.7911 0.099765 1.271 0.057351 0.16731 0.89358 1.5791 0.62961 -0.11917 0.004767 1.2797 0.46758 0.0085785 -0.31663 0.58702 -0.31056 -1.0419 1.3736 0.75949 0.057936 -0.29522 -0.20172 0.46056 -0.12207 0.1671 0.05765 0.57978 -0.43704 -0.74571 0.57321 -0.89039 0.74426 0.32539 -0.33765 -0.37885 -0.34802 -0.11746
0.63317 -1.2685 -1.9779 -0.10989 1.1967 -0.54123 0.44781 0.4845 1.3601 0.30179 -0.84339 -0.33364 1.2004 0.21784 -0.032845 0.11298 0.15072 -0.38317 -0.78744 0.76515 1.0983 0.3522 -0.62551 -0.60606 0.36742 -0.15859 -0.072852 0.16243 0.90486 -0.53324 -0.54141 0.62009 -1.1932 0.60975 -0.41662 -0.41316 0.10373 -0.21465 -0.0082598
0.61495 -1.3169 -2.0701 -0.31521 1.1473 -1.0345 0.49662 0.82932 1.2349 0.49447 -0.66842 -0.25849 1.1755 0.25701 0.14159 0.36685 -0.0020421 -0.65721 -0.50788 0.044872 1.4105 -0.24626 -0.94278 -0.30503 0.24044 -0.10276 -0.11435 0.15501 0.95599 -0.2586 -1.0485 0.73866 -0.97054 0.1953 -1.1824 -0.13718 0.887 0.11836 0.040104
0.68779 -1.0387 -1.5788 -0.065255 1.6488 -0.80517 0.43287 1.3998 1.6364 0.18561 -0.89324 -0.011191 1.2353 0.21791 0.14296 0.78919 -0.071894 -0.98689 -0.51985 0.059085 1.265 -0.98989 -0.94402 0.27038 0.37027 -0.092539 0.15551 0.21559 0.85017 0.084919 -1.6731 0.80194 -0.18296 -0.64714 -1.5195 0.60163 1.3027 0.1123 -0.0049607
0.31634 -1.2495 -1.3344 -0.45038 1.3009 -0.70927 -0.0050456 1.9337 1.7338 -0.66707 -1.2272 0.026341 1.1773 0.27503 0.20391 1.1817 0.20399 -1.9655 0.17987 0.031964 1.0809 -1.4527 -0.4254 1.0986 0.70675 -0.085727 0.21445 0.16638 0.54355 0.026393 -1.7594 0.47155 0.43589 -1.7196 -1.2134 1.6325 0.93714 -0.30961 -0.11433
0.85696 -0.94209 -1.3026 0.071378 0.42302 -0.42078 0.05919 2.1808 0.75626 -0.82289 -0.18168 -0.0078858 1.2565 0.49375 0.3267 1.338 0.20724 -2.8418 0.33964 0.46326 -0.022904 -1.8502 0.38565 1.2492 0.36974 -0.17461 0.18836 0.30746 0.31626 -0.26767 -0.95076 0.20004 0.27473 -2.3414 -0.24495 2.065 0.13961 -0.72999 -0.13645
0.91759 -1.1494 -1.0652 -0.11757 -0.25424 -1.0707 0.70017 1.8814 -0.0084085 -0.19505 0.14992 0.44332 1.0953 0.50827 0.35311 1.1339 -0.093477 -3.0023 -0.069316 0.62373 -1.3839 -2.0551 1.838 1.0428 -0.36956 -0.2558 -0.21464 0.35845 0.24939 -0.92648 0.52978 -0.14653 -0.62798 -2.1891 1.0834 1.339 -0.57315 -0.59915 -0.1225
0.86548 -1.0952 -0.61957 0.099588 -1.4294 -0.27627 0.49745 1.6484 -0.20056 0.19847 0.47531 0.61982 1.1113 0.44431 0.62208 1.4165 -0.43475 -2.2444 -0.022173 0.26048 -2.189 -1.1353 2.2827 0.56525 -0.54453 -0.2393 -0.65062 0.47404 0.20487 -1.2913 1.8799 0.074858 -2.0431 -1.1558 1.9989 -0.16034 -0.38691 0.15271 -0.0056669
1.175 -0.80409 -0.40054 -0.14305 -2.0234 -0.59893 1.0073 0.6398 -0.3805 1.0909 0.34846 -0.068532 1.0088 -0.070199 0.70043 1.617 -1.2406 -1.3001 0.10173 -0.95831 -2.2167 0.20184 1.4522 0.30415 -0.026782 -0.2614 -0.84972 0.54025 0.13878 -1.3113 2.693 0.14824 -2.7611 -0.044761 2.1814 -1.9714 0.33807 0.94695 0.057394
1.0172 -0.73491 -0.3938 -0.46243 -1.5835 -1.0239 0.67155 -0.27302 -0.43639 2.4108 -0.16749 -0.88351 0.99033 -0.35828 1.0024 1.4852 -1.6792 -0.23006 0.39888 -2.3283 -1.9134 0.72784 0.24021 0.84882 0.51483 -0.18052 -0.84735 0.42374 -0.14126 -0.84712 2.5468 0.054261 -2.541 0.84807 1.2738 -2.8008 1.0846 1.4634 0.066087
0.91482 -0.53387 0.37669 -0.92244 -1.3048 -0.4733 -0.069156 -0.30977 0.55925 1.3972 -0.21727 -0.29493 1.0041 -0.58393 1.1298 1.3609 -1.9694 0.95815 -0.001235 -2.9283 -1.5987 1.0576 -1.3015 1.5588 1.0093 -0.18632 -0.51169 0.35196 -0.33764 -0.076155 1.8932 -0.31101 -1.1404 1.1833 -0.077146 -2.3382 1.255 1.5853 0.0312
0.68555 -0.38155 0.55652 -1.5843 -1.4484 -0.34703 -1.0967 -0.065611 0.84499 0.3256 0.86567 0.94339 0.943 -0.78812 1.1675 1.2661 -1.6849 1.3234 0.1365 -3.2136 -0.78305 0.80131 -2.2516 2.0655 1.8812 -0.16314 -0.25427 0.21342 -0.56306 0.4607 1.0262 -0.68844 0.63049 0.92958 -1.3382 -0.79351 0.57201 1.1376 -0.065596
0.48996 -0.15368 0.5526 -1.9547 -0.94026 -0.287 -1.8014 -0.4118 0.34632 0.08255 1.704 1.3424 0.92293 -0.75075 1.2506 1.0696 -1.3848 1.4107 -0.32614 -2.5092 -0.39424 0.029084 -2.2367 2.1589 2.4783 -0.2159 0.0050984 0.13001 -0.54144 0.81915 0.2043 -0.70708 2.242 0.51435 -2.0526 0.76268 -0.43365 0.28295 -0.098258
0.39766 0.11354 0.86777 -2.0939 -0.25259 -0.67952 -1.9766 -0.85423 0.86489 -1.1282 2.2052 1.0968 0.88897 -0.71492 1.3288 0.53951 -1.0967 1.4265 -0.68616 -1.4143 -0.63714 -1.2279 -0.96685 1.6671 2.0711 -0.27666 0.17531 -0.046625 -0.20926 0.8134 -0.31852 -0.72745 3.2381 0.099502 -1.6859 1.506 -1.2685 -0.66502 -0.15637
0.33192 0.32242 0.97054 -1.9418 -0.34949 -0.60275 -2.0673 -0.47214 0.32436 -0.75197 2.0695 1.8326 0.84494 -0.60172 1.2879 0.67453 -0.70641 1.2684 -0.87139 0.13208 -0.6265 -1.72 -0.33415 0.89624 1.4919 -0.29621 0.27306 -0.1247 0.11578 0.92057 -0.69873 0.11907 2.7616 0.076499 -0.61024 1.6673 -1.8547 -1.4608 -0.35509
0.17044 0.47756 1.0274 -2.2688 0.24011 -1.4039 -1.9315 -0.67209 -0.21859 -0.28176 1.9825 2.6062 0.7721 -0.5427 1.0742 1.0542 -0.47796 0.78874 -0.90951 1.1792 -0.45438 -1.4378 -0.024418 0.1913 1.0517 -0.38876 0.40824 0.047504 0.10407 1.6704 -0.69526 1.1904 1.724 0.51398 0.54138 1.0823 -1.758 -2.1698 -0.9454
0.043196 0.80503 0.90007 -2.5745 0.26371 -0.91379 -1.8044 -1.1323 -0.99009 0.071832 2.1006 2.5793 0.70515 -0.34398 1.1648 1.0293 0.055956 0.42004 0.010944 1.0688 -0.31924 -0.98869 0.81103 -0.76294 0.07008 -0.76463 0.26225 0.093535 -0.50731 2.7556 -0.67095 1.9325 0.83333 1.0721 1.5237 0.93851 -1.3517 -2.4084 -1.5847
-0.0075361 0.86459 1.4888 -2.4695 0.15607 -1.2844 -0.8799 -0.87209 -1.0821 -0.66165 2.3915 2.6056 0.65719 -0.11175 1.4829 0.55657 1.6996 0.54757 1.0522 1.1655 0.25364 -0.58483 0.74488 -0.97251 -1.5572 -1.6542 -0.030822 -0.10829 -1.2732 3.1853 -0.65132 2.2059 0.69509 1.3687 1.7397 0.57707 -1.0462 -2.2018 -1.8397
-0.10551 0.85827 2.0555 -2.4126 0.1842 -1.448 -0.623 -1.0681 -0.57282 -0.58081 1.9427 2.1986 0.50705 -0.34345 1.2578 -0.060497 3.4478 0.13086 1.6807 1.6194 1.184 0.68049 1.262 -1.1912 -2.021 -2.3659 -0.35818 -0.5851 -1.8493 2.3579 -0.56016 1.7061 0.6698 1.1807 1.5281 0.31113 -0.80057 -1.0414 -1.3636
0.13969 1.4419 1.8396 -1.6099 0.27527 -0.10276 -1.4792 -1.0132 -0.070708 0.51812 0.70915 1.0043 -0.061623 -0.5877 0.84375 -0.86087 3.8869 -0.28843 2.2874 2.141 1.5539 0.95422 0.96809 -1.6623 -2.3061 -2.7254 -0.88079 -1.4047 -1.9879 0.095153 -0.32047 0.42465 0.82156 0.10981 1.173 0.066603 -0.25631 -0.0081355 0.24914
0.20552 1.9722 1.0509 0.81586 0.76713 0.70796 -0.78855 0.23545 -0.98515 0.43063 1.1276 -0.069888 -1.1607 -0.72988 0.45432 -1.8323 3.4482 -0.21502 2.5135 1.7737 1.4132 1.0768 1.3562 -2.0022 -1.6328 -2.5542 -1.1534 -1.9295 -1.5578 -2.3575 0.10139 -1.3155 0.72073 -1.1894 0.88172 -0.74702 0.62076 0.68027 2.1008
-0.59483 1.4666 0.71781 1.7832 0.13554 0.29628 0.33128 0.79096 0.71809 1.6436 0.93209 0.88288 -1.5025 -1.467 -0.59974 -2.395 1.8784 0.11105 1.4186 2.5482 0.37228 1.3949 0.83847 -1.0796 -1.7572 -1.1341 -0.95932 -1.9532 -0.47735 -3.8858 0.65647 -2.7717 -0.14269 -2.0447 0.90418 -1.2151 1.016 1.3972 3.5651
-0.71073 1.3467 0.23131 0.9539 -0.49413 1.6233 1.064 0.37839 -0.26752 0.15345 0.18802 -0.10848 -1.6285 -1.9346 -1.436 -2.302 -0.037328 0.1024 -0.27604 2.6982 -0.59944 2.0988 -0.24969 -0.26821 -0.92137 0.42317 -0.10729 -1.2971 0.82925 -4.0395 1.0285 -3.3586 -1.2339 -2.1336 -0.035808 -1.8935 0.72553 1.4286 3.8508
-0.65352 1.2382 -0.16896 0.75465 0.22613 1.2674 0.39258 0.33994 0.46423 1.2243 -0.31773 0.93596 -1.4961 -1.6727 -1.6688 -1.5522 -1.7688 0.75144 -1.3652 1.4413 -1.5307 2.1235 -0.79337 -0.53674 0.14938 1.8684 0.84557 -0.39253 1.9235 -2.7277 1.0197 -2.7003 -2.4471 -0.87277 -0.95475 -1.7433 -0.42031 1.2503 2.787
-1.8747 0.26731 -0.5822 -0.4416 0.86809 0.018559 1.8196 -1.2834 1.4347 0.73085 0.8932 -1.2396 -0.18188 -0.80705 -1.3046 -0.66158 -2.4191 1.3518 -2.2124 0.169 -1.9046 0.653 -1.8242 -0.853 0.28796 2.5145 1.2673 0.26833 2.624 -1.0343 0.3227 -0.69602 -2.5853 0.23244 -1.7199 -1.1422 -0.98885 0.33428 1.0965
-1.8878 0.41606 -0.86038 -0.50405 0.39098 -0.45038 1.3227 -1.0234 2.3108 -0.081462 0.78013 -0.061513 -0.043328 -0.52504 -1.3538 0.48586 -2.1247 1.3572 -2.5302 -0.4809 -0.71397 0.35747 -2.0536 -1.6226 0.15472 2.5754 1.3786 0.82484 2.8156 0.74252 -0.82736 1.5264 -2.0277 0.92172 -1.9555 -0.62655 -0.73641 -0.014725 -0.84332
-1.5133 0.431 -0.37468 -0.5852 1.6686 -0.77943 0.73826 -1.002 1.3414 -0.26482 -0.0195 1.2464 0.35344 -0.25659 -1.1092 1.7301 -1.8301 0.3804 -0.95485 -0.87765 -0.52844 -0.19463 -2.0301 -1.6801 -0.2436 1.9411 1.0414 1.2945 2.4139 2.1562 -1.4516 3.0215 -1.4439 0.68857 -1.22 0.3058 -0.18038 -0.4303 -2.2359
-1.0797 0.31728 0.18961 -1.4078 1.3788 -1.6334 0.53049 -1.5693 0.25599 -1.4071 -0.91128 0.89845 0.68753 0.50081 -0.29469 2.6724 -0.65204 -0.31043 0.7983 -1.5908 -0.35598 -1.0653 -2.0127 -1.581 0.39601 0.71747 0.77074 1.8757 0.87392 3.034 -1.5661 3.1494 -0.49638 0.0098114 -0.62523 1.267 0.97509 -0.61302 -3.1687
-1.4776 -0.2043 0.80412 -1.6293 1.2215 -0.8752 0.52764 0.15959 0.57985 -1.9951 -2.1937 -0.59181 0.8296 0.53218 0.47089 2.8913 0.94659 -0.51725 1.6427 -1.8039 -0.68875 -0.88687 -1.1991 -1.2369 -0.68489 -0.36977 0.45038 1.9687 -1.227 3.3099 -0.89613 1.8231 0.51527 0.31746 0.21435 2.4002 1.8625 -0.0022334 -3.3084
-1.6414 -0.14378 1.654 -1.6609 0.43669 0.50488 0.043392 -1.4737 1.3716 -0.70323 -0.8872 -0.29076 0.67067 0.45392 1.1925 1.5835 2.2599 -1.1088 1.9236 -0.8778 -0.60127 -0.44685 0.20511 0.067728 -0.84311 -1.6736 0.22248 1.4284 -2.724 2.552 -0.060238 0.1635 1.5976 1.0696 0.38008 2.8298 2.1954 0.60491 -2.5996
-1.1595 0.39243 2.1241 -0.57486 0.36495 0.9389 0.064388 -2.0655 0.35095 -2.4288 -0.27291 0.32804 0.32395 0.57345 1.6485 -0.096424 3.0119 -0.89526 1.816 -0.31347 0.24421 -0.10036 1.9268 1.1547 0.38184 -2.506 0.29089 0.50875 -3.2196 0.78713 0.46892 -1.0927 1.8199 2.2341 -0.22782 2.0853 1.5953 1.4476 -1.3985
-0.98932 1.3287 2.151 1.3823 0.53418 0.79539 -1.1036 -1.6946 0.96677 -1.3576 -1.4059 -0.4087 -0.60487 0.88356 1.6591 -1.0898 3.1708 -0.24926 1.0181 0.48987 1.3372 -0.74831 2.3969 1.5379 1.0856 -2.648 0.16742 -0.55301 -2.3525 -1.1227 0.79216 -1.4641 1.408 2.5542 -0.66444 0.96122 0.81447 1.133 0.1628
-0.87139 1.4157 0.71372 1.5271 0.28087 0.626 0.50727 -1.3534 0.12823 0.23934 -0.19207 0.13952 -1.2747 0.84177 1.1485 -1.9833 1.9873 -0.09553 0.1106 0.72935 2.8388 -1.151 2.1061 1.1612 1.2629 -2.2672 -0.18876 -1.2744 -0.87069 -2.4175 0.35854 -1.1346 0.95635 1.6414 -0.67882 -0.67724 0.27928 0.43397 1.4422
-0.68069 1.315 -0.071841 1.2376 0.16893 0.6971 0.40413 -0.0039268 0.51958 1.2412 0.13559 1.224 -1.4652 0.62573 0.46945 -2.0132 0.63319 -0.058967 0.114 1.0929 3.2405 -1.1445 2.1443 1.6602 0.99781 -1.5143 -0.5625 -1.747 0.65829 -2.1432 0.16026 -0.65266 -0.63737 0.35579 0.067887 -1.6424 0.1248 -0.40966 2.1513
-0.64283 1.0672 0.49946 1.8059 0.93005 1.0372 0.9732 1.5709 -0.15319 0.70203 0.035662 0.63992 -1.42 0.37821 -0.0097954 -1.3189 -0.32281 -0.34321 0.20672 1.0821 2.5998 -1.1519 0.62389 1.6356 1.306 -0.61175 -0.34963 -2.1695 1.3187 -1.025 0.29865 -0.56754 -1.7952 -1.1335 0.30064 -2.0347 -0.25464 -1.2879 2.39
-0.59165 1.2002 -0.038764 0.60191 -0.005375 0.71154 0.17283 1.1147 -0.26619 0.63022 0.61401 1.4898 -1.4812 0.12999 -0.85343 -0.15939 0.24422 0.15482 -0.21219 -0.7947 2.1836 -0.61548 -0.32832 1.5385 0.2532 0.19507 0.32218 -2.3001 0.89572 -0.069905 0.39544 -1.2267 -2.4174 -2.0122 0.5451 -1.963 -1.1941 -1.3603 2.3421
-0.38745 1.3253 0.085321 1.0612 0.39512 1.1035 0.90965 1.4516 -0.84409 0.45686 1.4758 0.89905 -1.4486 0.48088 -2.0314 -0.37476 0.22859 0.33394 -0.75326 -1.473 1.1051 -0.85236 -0.95177 0.71279 -0.93607 0.95603 0.89283 -1.977 0.33378 0.27627 0.40611 -1.0524 -1.7066 -1.8578 1.1472 -0.70767 -1.8507 -1.2384 1.9862
-0.66791 1.4114 0.22546 1.2827 -0.17189 0.89138 0.5385 1.1694 -0.2476 -0.048561 0.44697 1.6151 -1.4549 1.1542 -2.5929 -0.76508 0.22233 0.31794 -1.6352 -1.871 -0.037877 -0.27861 -1.2108 -0.23746 -0.59759 1.6981 1.2912 -1.0912 -0.13552 -0.48526 -0.61667 -0.64933 -0.40149 -1.7997 1.7841 0.032465 -2.3414 -0.41097 1.5668
-0.73217 -0.065252 0.38536 2.209 1.0056 0.11026 -0.89567 2.1942 -0.25874 0.48061 2.0597 0.30933 -0.96148 1.4555 -2.6398 -0.37892 0.21188 0.31047 -0.99314 -1.3701 -0.0053787 0.80974 -0.42835 -1.1283 -0.74065 2.0259 1.074 0.2753 0.087996 -0.99698 -1.2769 -0.25094 0.45409 -1.3842 2.3181 0.38778 -1.9799 0.0031071 1.009
0.26035 -1.1669 -0.73564 1.1758 0.85555 -0.12069 -0.95126 1.7354 -0.98471 -0.36245 0.20853 -0.45471 -0.26013 1.9368 -2.4772 -0.42462 -0.67319 -0.99108 -1.2684 -1.5391 -0.86032 1.8624 -0.52142 -2.1589 -0.65795 2.3338 0.20662 1.491 0.34034 -1.3804 -1.5424 0.13156 0.98775 -0.82443 1.788 0.41887 -1.3352 0.17551 0.22654
0.95592 -0.93286 -0.48297 1.4626 0.80173 -1.1018 -0.82679 0.83896 -0.37265 -1.1523 -0.332 0.95129 0.30205 1.9995 -1.5926 -0.38152 -1.2234 -1.3911 -1.3862 -0.82591 -1.2488 2.3744 -0.47796 -2.2326 -0.8893 2.3602 -0.99317 1.9931 0.52759 -0.95604 -0.84095 0.13296 0.7593 -0.098975 0.80137 0.35817 0.32835 0.39517 -0.45867
0.79029 -0.54963 0.0012547 0.77183 0.015108 0.69479 -0.47876 1.3276 1.1823 0.90243 -0.24141 0.67779 0.17281 1.2575 -0.46279 -0.11396 -1.6896 -1.7022 -1.1905 -0.39074 -1.0579 2.2552 -0.3019 -2.3221 -0.16109 1.9183 -2.0477 1.5617 0.61171 -0.15686 0.56858 0.57853 0.76762 0.90478 -0.70868 0.32254 1.5155 0.31391 -0.93348
1.5195 -0.93943 -0.21638 0.35754 -1.6599 -0.70039 -1.0262 0.11281 1.7119 -0.72871 -1.3713 0.0078826 0.75372 0.047827 -0.10238 0.47646 -1.1018 -0.9067 -0.78134 -0.59411 -0.092367 2.1033 0.2179 -0.4081 -0.18658 1.4522 -2.0891 0.47151 0.38051 0.45055 1.1841 0.78787 0.77872 1.2704 -2.0949 -0.26951 1.8358 0.74288 -0.96042
1.2075 -0.69424 -0.28286 0.30498 -0.92202 -1.3992 -0.9192 0.24518 2.138 -0.67082 -1.3593 -0.32534 1.0079 -0.70028 -0.44305 0.31922 -1.0347 -0.19735 -0.50737 -0.29017 0.39019 0.69304 -0.18852 -0.095138 -0.36971 1.1964 -1.3234 -0.27473 -0.006576 0.68563 1.3511 1.4914 1.5134 1.1285 -2.7167 -0.47149 1.9705 1.0166 -0.8385
0.68392 -1.1 -0.19266 -0.081495 -0.42518 -1.3646 -1.5033 1.3567 1.1651 -0.10118 -0.96265 0.22741 1.091 -0.70779 -0.75766 0.12913 -0.69539 0.03161 -0.28247 0.50822 0.58969 -0.71511 -1.1034 0.26059 0.71451 1.0838 -0.26067 -0.42962 -0.4833 0.3245 0.4684 1.7647 2.2709 0.36071 -2.5366 -0.67287 1.3021 1.3839 -0.70848
0.38958 -1.1674 0.029819 0.24701 0.15823 -0.67579 -1.3494 1.5734 1.59 -0.12009 0.23325 0.00123 1.2434 -0.69617 -0.61446 0.040899 -0.58983 0.31291 1.2886 1.7358 0.87876 -1.3571 -0.63628 1.2154 1.4365 0.67312 0.49628 -0.026934 -0.49722 0.24816 -0.18403 1.4865 2.3793 -0.35451 -1.0902 -0.47838 1.2409 1.1132 -0.62408
0.25989 -1.1586 0.07433 -0.026515 -0.098236 -0.88269 -0.57027 1.0301 0.8382 -1.0937 -0.95689 0.60252 1.3774 -0.4056 -0.77082 -0.32198 -0.70865 -0.31132 1.5476 2.4039 0.40014 -1.5597 -0.97827 1.4925 1.6949 0.50626 0.68496 0.29166 -0.51776 0.10839 -0.40237 0.72553 1.5993 -0.52088 0.04583 0.049044 0.93777 0.16636 -0.54732
0.64763 -1.4272 -0.051102 -0.28836 -1.316 0.079659 0.22535 1.4346 0.6337 -1.3259 -0.54321 1.6104 1.4011 0.036411 -0.4761 -0.41966 -0.55782 -0.38283 1.2971 2.9637 -0.21369 -0.89578 -1.2606 1.7242 1.3819 0.42158 0.5134 0.35092 -0.27469 0.15957 -0.0064014 -0.44332 0.19404 -0.41142 0.47714 0.31718 0.49205 -0.88792 -0.36625
0.79966 -1.3895 -0.37136 -0.39863 -0.86721 0.59501 0.83639 1.1574 0.3183 -1.2923 0.40676 1.4716 1.4662 0.14751 -0.30115 -0.64461 -0.50719 -0.38155 1.0448 2.7231 0.10336 -0.85417 -0.68761 1.8447 1.0857 0.27689 -0.11563 0.46391 0.12057 0.24348 0.77226 -0.91559 -1.0553 -0.10505 0.5326 0.75003 0.15692 -1.7414 -0.31865
0.32591 -1.6166 -0.69454 -0.66609 -0.75942 -0.031074 1.0604 1.2134 0.13974 -1.5066 0.83829 1.7039 1.5102 -0.054648 -0.21844 -0.33332 -0.38894 0.31982 0.73957 1.9314 0.21428 -0.81994 -0.11209 2.0002 -0.028435 0.164 -0.578 0.35024 0.44764 0.14908 0.85992 -0.82957 -1.9169 0.095739 0.23388 1.1095 -0.4962 -1.9803 -0.27891
0.6131 -1.4662 -0.29296 -0.42082 -0.32523 0.17104 1.4305 1.1384 0.65619 -1.7209 1.4726 1.5728 1.554 -0.55484 -0.068318 -0.1389 -0.33175 0.75024 0.16462 1.0761 -0.011832 -0.60507 0.030512 1.6555 -1.0804 0.092432 -0.41711 0.31095 0.74617 0.087318 0.79171 -0.35351 -2.007 -0.11887 0.0046001 1.229 -1.2162 -1.8041 -0.20807
0.52532 -1.3692 -0.64327 -0.33936 -0.64152 0.64482 1.6415 1.7815 0.30417 -1.0781 1.6757 1.5021 1.5299 -0.62519 0.037132 0.18411 -0.36389 0.62638 0.23234 0.42677 0.0489 -0.58068 0.72195 0.83392 -1.4943 0.038985 -0.11008 0.20521 0.57607 -0.042908 0.36912 0.08332 -1.6741 -0.2298 -0.27752 1.2189 -1.6141 -1.0825 -0.15428
0.30855 -1.5127 -0.13502 -0.73381 -0.075611 0.29732 1.5544 1.2295 -0.56303 -1.3734 1.0274 0.59571 1.5235 -0.29536 0.13099 0.52865 -0.35562 0.91405 0.66185 -0.043603 -0.03969 -0.95852 1.4894 0.025298 -1.7875 -0.014568 0.26725 0.086887 0.41184 -0.0059864 0.19626 0.4296 -1.216 -0.35463 -0.37217 0.83815 -1.4429 -0.39797 -0.094677
-0.074851 -1.5346 -0.45745 -0.813 -0.35958 0.39324 1.3762 1.1776 0.057036 -1.3799 1.9262 0.1161 1.5039 -0.36934 0.054197 0.43705 -0.46078 0.90469 0.65115 -0.44173 -0.22016 -1.1501 1.7312 -0.37055 -1.8346 -0.044719 0.27172 0.044924 -0.069821 0.2266 0.024316 0.41008 -0.6898 -0.43926 -0.17525 0.10602 -0.98275 0.36909 -0.055252
0.060001 -1.3714 -0.23846 -0.89708 0.055959 0.73708 1.3118 1.2506 -0.28429 -0.041305 1.4272 -0.116 1.5432 -0.20016 0.085494 0.52226 -0.29681 0.95795 0.74702 -0.61628 -0.5762 -1.0024 1.2949 -0.59106 -1.6977 -0.026259 0.21098 -0.034053 -0.36176 0.46626 -0.28103 0.20522 -0.16598 -0.30831 0.024232 -0.65975 -0.78023 0.75297 -0.065392
0.37214 -1.4211 0.16445 -0.87558 0.74722 0.94555 1.1613 1.2657 -0.91644 0.49779 0.84216 -0.26525 1.5036 -0.18228 0.14776 0.046614 0.035924 0.63307 0.94594 -0.48738 -0.55159 -0.87633 1.043 -0.80076 -0.789 -0.04846 0.16657 -0.1332 -0.44199 0.52176 -0.4061 -0.14589 0.37588 -0.13506 0.2918 -1.2905 -0.43703 0.60153 -0.11393
0.14411 -1.3948 -0.0028563 -0.89519 0.54091 1.0741 1.0928 1.0467 -0.74419 0.30336 1.1981 -0.66283 1.4946 -0.0058499 0.031951 0.020507 0.28142 0.5134 0.897 -0.29923 -0.47992 -1.0438 0.44111 -1.3037 -0.79052 -0.12328 0.0098818 -0.21926 -0.55885 0.32928 -0.57136 -0.82016 0.68632 0.028422 0.48348 -1.5247 0.06914 0.19337 -0.15212
0.13246 -1.353 0.0072015 -0.78317 0.52207 1.3723 0.98748 0.74654 -1.0976 -0.19659 0.80637 -0.90965 1.5082 -0.16202 -0.14721 -0.17005 0.24112 0.35903 0.31828 0.07508 -0.52653 -0.58258 -0.56547 -0.8826 -1.072 -0.18959 0.030773 -0.23824 -0.45906 0.092595 -0.55514 -1.5709 0.67739 -0.087277 0.48318 -1.569 0.23039 -0.24944 -0.13671
-0.17942 -1.3963 -0.42462 -0.6894 0.46144 1.3336 1.0707 0.50574 -1.2529 -0.16807 0.33409 -0.10189 1.4605 -0.18302 -0.1479 -0.45261 0.22526 0.021178 -0.42689 0.32425 -0.51885 -0.2477 -1.1187 -0.4219 -1.1582 -0.21423 0.20083 -0.066445 -0.40095 0.090099 -0.45858 -1.8583 0.47496 -0.02794 0.52494 -1.0827 0.39751 0.065049 -0.05534
0.15627 -1.4915 -0.22872 -0.4472 0.48958 1.5631 1.0965 0.90889 -1.1607 -0.1879 0.1926 -1.2452 1.3623 -0.02946 -0.17688 -0.60771 0.23815 -0.16458 -1.2492 0.40692 -0.69445 -0.37331 -1.4885 -0.79594 -1.0948 -0.23524 0.52131 0.047113 -0.25734 0.16742 -0.23335 -1.5845 0.022235 0.22539 0.287 -0.40238 0.050181 0.62566 0.003901
0.026013 -1.554 -0.12295 -0.79338 0.98646 0.8666 1.4958 0.63893 -1.0196 -0.61316 0.47613 -1.7784 1.3483 0.29296 -0.062938 -0.53955 0.4523 -0.089864 -1.7005 0.38457 -0.43919 -0.17009 -1.3824 -0.5723 -0.63837 -0.1939 0.56037 0.034095 -0.13808 0.13039 0.043903 -0.88044 -0.49676 0.57663 0.33665 0.11875 -0.32356 1.3806 -0.002315
0.11989 -1.4999 -0.46731 -0.62795 0.50997 0.2547 1.4103 0.46869 -1.1578 -1.2135 0.73344 -1.7105 1.3101 0.53206 -0.097917 -0.62868 0.44417 -0.03367 -1.9267 0.097759 -0.10115 -0.083438 -1.2828 -0.71651 -0.067406 -0.19214 0.42694 -0.035627 -0.18628 0.21335 0.3236 0.3354 -1.0127 1.0066 0.53861 0.83536 -0.19255 1.7375 -0.13874
0.033696 -1.5206 -0.85378 -0.51183 0.047226 -0.32836 1.3629 -0.17192 -1.461 -1.9474 -0.30767 -1.7443 1.291 0.5374 -0.11871 -0.71438 0.36832 0.020616 -1.6858 -0.38187 0.35465 0.23723 -0.97083 -1.1066 1.106 -0.23877 0.42745 0.012403 -0.1619 0.25358 0.61784 1.2932 -1.1086 1.0339 0.42273 1.5799 0.090316 1.4251 -0.36254
0.52482 -1.366 -0.57247 0.020981 0.61579 -0.23051 1.3441 0.48662 -1.2617 -1.5282 -0.027165 -0.9226 1.3312 0.61344 -0.20404 -0.88544 0.68414 0.36272 -0.63658 -0.97866 0.94165 0.42668 0.068899 -0.91582 1.5263 -0.44851 0.52552 0.23076 -0.078788 0.21446 0.41161 1.7271 -1.0073 0.64429 0.10678 1.9496 0.65123 0.76615 -0.62911
0.51927 -1.6443 -1.0559 -0.24865 0.62841 -0.6422 1.1219 0.86267 -1.1794 -1.4855 -0.6139 -0.45144 1.1957 1.0183 0.020304 -0.72933 0.81289 0.83904 0.021426 -1.0148 1.1274 0.36403 1.2763 -0.30272 1.4318 -0.68319 0.45475 0.833 0.26667 0.01197 -0.3498 1.4038 -0.87935 -0.32627 -0.16568 1.3842 0.99791 -0.23662 -0.86792
0.6489 -1.6615 -0.82841 -0.3252 0.74082 -0.3888 0.7302 1.4536 -0.5652 -1.518 -0.92592 -0.17304 1.0783 1.2311 0.25021 -0.77918 0.62799 0.30253 0.37797 -1.3451 0.81842 0.057562 1.7085 0.15588 1.3159 -1.0421 -0.24716 1.8038 1.1694 -0.068178 -0.86303 0.94105 -0.74458 -1.6164 -0.44745 0.13787 1.0003 -0.3905 -0.99612
0.60298 -1.7236 -1.3762 0.22332 1.3785 0.24259 0.38454 1.4896 -0.70256 -0.45066 -0.050946 -0.17563 0.82268 1.0429 1.1404 -0.25968 0.41707 -0.61302 0.37553 -1.7328 -0.22573 0.12191 1.1308 0.31447 0.74728 -1.4215 -1.3949 2.2511 1.725 -0.25225 -0.90224 0.57621 -0.51253 -2.065 -0.041889 -0.93544 0.82204 -0.55221 -0.92549
1.5095 -1.235 -1.317 0.55017 1.2838 -0.00047886 0.56107 1.2554 -1.206 0.37222 0.29426 -0.13631 0.62187 0.17367 2.4447 1.1275 0.75017 -0.52483 0.91105 -1.9166 -1.613 -0.27367 0.43268 0.73723 1.0962 -1.7776 -2.2177 1.868 1.8238 -0.45101 -0.2787 0.54654 0.52652 -1.3138 0.69814 -1.3308 0.44176 -0.62662 -0.57696
1.5379 -1.1921 -1.6227 0.17679 -0.030173 -0.037295 -0.13294 0.71679 -1.5364 -0.086788 -0.40373 0.27799 0.23319 -0.91096 2.9255 1.6359 0.26956 -0.43344 0.8141 -1.6175 -1.7885 0.45888 -0.060024 1.0172 0.44502 -1.8932 -2.5546 0.59847 1.0604 -0.54168 0.51934 0.41587 1.3833 -0.064137 1.1515 -0.94807 0.065164 -0.32878 -0.045166
1.4131 -0.032947 -0.47852 0.24038 -0.35983 -0.028429 -0.68095 0.21051 -0.56998 -0.80173 0.033919 0.082217 -0.13284 -1.7057 2.6804 1.782 -0.15883 -0.31941 1.1638 -0.46224 -1.0242 1.188 -0.50462 0.66639 0.22124 -1.7895 -1.7141 -0.74854 -0.26777 -0.49112 0.71527 -0.1826 1.7475 1.0309 1.1576 -0.33831 -0.37262 -0.4404 0.56551
0.008655 0.90217 0.81685 0.82252 0.77641 0.94694 -0.99305 -1.2137 -1.3925 -1.2256 0.27696 1.427 -0.62394 -2.5271 2.0927 1.4506 -0.16159 0.22906 1.0159 -0.011369 -0.63601 1.5292 -0.40139 0.47029 0.53604 -1.4917 -0.54238 -1.8386 -1.3439 -0.075231 0.43673 -0.96745 1.3441 1.1715 0.21967 0.10289 -0.69455 0.060287 0.97144
-0.53863 0.74605 0.35946 -0.10906 0.81961 0.70576 -0.66082 0.097079 0.54844 -0.76075 0.88875 -0.4144 -0.71301 -2.0411 1.5411 0.69794 0.028844 0.45133 0.4853 0.37 -0.10738 1.3406 -0.11058 0.26914 0.1782 -1.0128 0.6797 -2.1683 -1.9401 -0.18729 0.079237 -1.5594 0.5464 1.0534 -0.29664 0.31007 -0.89682 0.19843 1.1347
-0.54919 0.43421 -0.11751 0.13954 0.77924 1.6523 0.71246 0.89842 0.29908 -0.3772 0.60406 0.079908 -0.84418 -1.693 0.24088 -0.41823 0.030426 -0.026896 -0.60306 0.34584 0.11719 0.79592 -0.039803 -0.15955 0.59775 -0.62352 1.4519 -1.6723 -1.2196 -0.22218 -0.076041 -1.4806 0.045639 0.35135 -0.88445 0.08036 -1.1571 0.28928 1.0034
-0.93474 0.68183 -0.00054217 0.37817 0.82042 0.56052 -0.021595 -0.072623 0.050171 -0.29781 0.24217 1.2429 -0.83573 -0.9104 -0.23302 -1.0288 -0.61344 -0.061143 -0.86274 0.33463 0.72619 1.0123 -0.03092 -0.79236 0.59851 -0.28709 1.2587 -0.81479 -0.22681 -0.25074 0.093171 -0.86852 -0.225 -0.28821 -0.84557 -0.04673 -0.70421 -0.13258 0.76332
-0.33399 0.88848 -0.37116 0.36396 0.10096 0.27497 -0.50967 -0.0055999 -0.011191 -0.95973 -0.13 0.32046 -0.83319 -0.51391 0.020644 -0.042729 -0.26545 0.32821 -1.0025 0.10034 -0.33478 0.063074 -0.27153 -1.2851 0.91613 -0.14182 1.068 -0.00026978 0.54942 0.015659 0.36335 0.35198 0.36065 -0.34822 -0.62428 0.30196 0.055013 -0.7783 0.47585
-1.2313 0.37238 -0.29574 0.43807 0.041933 -0.62698 -0.6257 -0.30459 0.16667 -1.2425 0.22582 1.4723 -0.9424 -0.39404 0.21362 0.066922 -0.30259 0.42985 -0.89093 0.11039 -0.447 0.14873 -0.093253 -0.56254 -0.23639 0.049456 0.66987 0.23837 0.64433 0.51852 0.12635 0.67706 0.91395 -0.23771 -0.32871 0.7867 0.55523 -1.1079 0.15745
-1.2162 0.6361 -0.47859 -0.79565 1.4034 0.71406 -0.037433 0.7846 0.85865 -0.80127 -0.53665 1.2954 -0.93013 -0.051949 0.025249 0.086679 -0.097295 0.38372 0.061261 1.1065 0.017747 0.079041 0.62874 -0.17405 -0.53459 0.020892 0.64937 0.28848 0.13094 0.63965 -0.47334 0.87748 1.1487 0.038772 -0.28237 1.1297 0.8977 -0.9453 -0.12209
-0.90582 0.74618 0.63815 -0.017773 1.3329 -0.11464 0.21668 -0.40319 0.2675 -0.7471 -0.78404 0.53927 -0.84481 0.053514 0.19581 0.14216 0.28734 0.12858 -0.15144 1.454 0.085677 0.40273 1.1794 -0.26257 -0.88666 -0.098907 0.66303 0.25178 0.11178 1.0856 -1.0648 0.36158 0.23027 -0.26247 -1.0452 0.82373 1.0299 0.070983 -0.41401
-0.97223 0.80775 -0.37262 0.20669 0.87891 0.32289 0.58936 -0.018366 0.15421 -0.34922 0.36123 -0.23644 -0.72657 0.42094 0.54961 0.16589 0.655 -0.41353 0.23652 1.4642 -0.51046 -0.57979 1.4765 0.32456 -0.64328 -0.27496 0.78671 -0.12761 -0.65437 0.79292 -0.91815 0.2338 -1.0449 -0.16695 -1.0381 0.4352 0.67309 0.60849 -0.31822
-0.70802 0.6498 -0.1408 0.44477 0.65364 0.50497 0.83938 0.0072716 0.066879 0.39043 -0.071246 0.8694 -0.90548 0.55231 0.40637 0.23663 1.3854 -1.1585 -0.31083 0.35054 -0.69683 -1.4495 1.2215 1.2081 -0.029398 -0.5079 1.2133 -1.1174 -1.4217 -0.17415 -0.48419 0.40615 -1.7136 -0.007873 -0.55389 0.18562 -0.088054 0.63351 0.28994
-0.66714 0.95087 -0.2409 0.57176 0.13416 -0.5998 0.76572 0.22601 1.0516 0.18944 -0.72242 -0.52566 -1.0821 1.1003 -0.29829 -1.2279 0.86083 -0.68835 0.57563 -0.16733 0.086781 -0.90936 1.5263 0.40801 0.26689 -0.31648 1.2688 -1.4708 -1.7592 -1.0594 0.31523 0.6577 -1.6629 0.63782 0.80558 0.25526 -1.044 -0.51283 0.76024
-0.91368 1.0506 0.11659 0.62275 0.28431 0.51725 1.1096 -1.0673 -0.95757 0.71505 0.73922 1.3035 -1.257 1.8701 -1.3548 -1.9071 -0.14915 -0.64646 0.42803 -0.73282 -0.2159 -0.45088 1.5464 -0.48557 -0.061471 0.41742 0.60455 -0.7576 -0.83542 -1.1507 0.87009 1.0017 -0.78431 0.92733 1.4907 -0.025222 -1.4236 -1.2142 0.69508
-0.32969 1.0182 0.26235 1.3048 0.013907 0.051822 -0.092996 -0.21827 -1.3008 0.51905 1.119 0.83505 -1.3431 2.0166 -1.1714 -2.1588 -0.59624 -0.10249 1.0749 -0.90736 0.54203 0.41867 1.8529 -0.89214 -1.6449 0.56021 -0.73684 0.64376 0.91498 -0.29418 0.68874 0.31621 -0.077243 0.71086 1.5703 -1.0036 -0.87421 -1.2163 0.034626
0.69049 0.0068233 -2.0422 0.83542 0.64664 1.1709 0.3059 0.26231 -0.09527 1.665 -0.77328 0.22453 -0.81878 1.1735 -0.49318 -0.91414 -0.078476 0.14254 1.2748 -0.64629 0.94954 0.65228 1.005 -0.95267 -1.497 0.24042 -2.1104 1.9413 2.0561 0.43274 0.59849 -0.1658 0.69397 0.90892 1.1797 -1.3815 0.23655 -0.086979 -0.84023
1.3064 -0.89801 -2.6538 -0.58761 -0.37764 0.49468 0.0011683 -0.46042 0.2233 1.8314 -0.70046 -0.37135 -0.033536 0.15479 0.42138 0.032994 0.26344 0.17546 0.73721 -0.33286 0.94361 1.4522 -0.32104 -1.0876 -1.4431 -0.16795 -2.7386 2.4115 2.9708 0.8787 0.057828 -1.1851 0.7915 0.55866 -0.10816 -1.7911 1.2962 1.4761 -1.2915
1.0251 0.4041 -1.642 0.0011052 0.6729 1.6 0.092279 1.0893 1.1227 2.7474 -1.272 -2.1462 -0.85992 -0.92276 1.3017 0.9536 0.24258 0.30584 0.30271 0.21515 1.4204 1.2225 -0.28231 0.070009 -0.32635 -0.65085 -2.0303 1.4955 1.823 0.70143 -0.094798 -1.2859 0.54482 0.052729 -1.0102 -1.6391 1.1523 1.9756 -1.0344
-0.41891 1.2514 0.29105 1.4629 0.30002 0.94706 0.3285 0.73654 0.38147 0.42832 -0.5807 -0.80097 -1.4007 -1.7706 2.2183 2.6269 0.91365 -0.09348 -0.59237 0.068816 1.4407 -0.059875 -1.2836 1.1407 0.73916 -1.1964 -0.22763 -0.90525 -0.4531 -0.21193 -0.44832 -1.1538 0.17804 -0.99427 -1.4428 -1.0731 0.34391 1.723 0.37371
-0.68884 1.4188 0.038506 1.2961 0.44579 1.1885 0.3448 -0.1236 0.22461 -0.27061 -0.023991 0.31487 -1.471 -1.4459 1.2701 1.2962 0.92943 0.085203 -0.39766 0.12556 0.81967 -0.45458 -1.9731 0.19418 1.3824 -1.009 1.8876 -3.1284 -2.9825 -1.0413 -0.55604 -0.82158 -0.30744 -1.9992 -0.56913 -0.33984 -1.1781 0.0049041 1.9374
-0.47189 1.3885 -0.39227 0.7749 0.54659 0.48794 0.14194 2.4318 0.71651 1.6711 0.72187 0.27796 -1.4859 0.023439 -1.1609 -1.0177 -0.48547 -0.5603 -1.009 0.039019 -0.7387 -0.37281 -1.7403 -0.48045 1.1668 0.64959 3.0059 -3.9791 -4.0646 -1.4055 -0.15519 -0.33727 -0.27542 -2.2647 0.9511 0.58466 -1.8562 -1.7861 2.8588
-0.69526 1.6008 0.58433 1.2412 -0.076746 0.23759 0.25086 1.5702 -0.222 0.12059 0.044065 0.45843 -1.5469 1.5295 -2.5515 -2.9784 -1.0419 -0.50617 -0.97933 -0.2974 -1.4896 0.33237 -0.77113 -1.447 -0.51997 1.732 2.5936 -2.7747 -2.6919 -0.7315 0.34059 -0.094145 -0.20048 -1.9566 1.323 0.87805 -1.4432 -2.4332 2.5599
-0.094981 0.23734 -1.5859 0.59098 0.21837 0.84505 0.1764 0.26659 0.17808 -0.90156 -1.6332 0.30382 -1.1496 2.0694 -2.9233 -3.0757 -0.7781 -0.10136 -0.90848 -0.19081 -1.9372 1.3138 -0.65054 -1.7014 -1.8797 2.3108 1.2973 -0.54792 -0.61432 0.28667 1.1831 0.49882 -0.13999 -0.57234 1.2355 1.0446 -0.85219 -1.7811 1.1819
0.85497 -0.79046 -2.3696 -0.33289 -0.22555 0.13102 0.29768 -0.60832 0.72897 -0.089371 -1.4992 -0.58973 0.030645 2.1294 -2.764 -2.8691 -0.31871 0.46971 -0.6114 -0.098717 -2.4953 1.1575 -0.66475 -2.0447 -1.9614 2.5282 -0.20203 1.3013 1.5582 0.67204 1.1424 0.50144 -0.16328 0.86856 0.29977 0.76988 0.14528 -0.14603 -0.12509
1.1447 -0.86907 -2.9949 0.61096 -0.16059 -0.26551 -0.14673 -1.1389 0.85558 -0.44239 -1.5593 -1.2331 0.23843 2.0284 -2.0187 -2.2625 -0.30354 1.1249 -0.27486 -0.29303 -1.3717 1.5082 0.41129 -1.8674 -1.6724 2.2686 -1.1852 2.2193 2.4849 0.51729 0.59534 0.40251 -0.2339 1.8906 -0.76439 0.27211 0.79184 1.4202 -1.2349
1.394 -0.83553 -2.7042 0.43619 0.76798 0.060265 0.20641 -0.81588 2.2676 -0.15202 -1.2205 -2.0696 0.5255 1.2024 -0.68645 -0.38804 -0.002147 0.97851 -0.37331 -0.51999 -0.016238 0.79675 0.32291 -1.0859 -0.906 1.5407 -1.601 2.106 2.7906 0.033014 -0.13081 -0.072589 0.064972 2.4087 -1.262 -0.46695 1.5712 2.1687 -1.6554
1.5059 -0.92674 -2.8246 0.69069 1.0658 -0.1342 0.11949 -0.40339 0.99359 0.3103 -2.3454 -1.4287 0.68717 0.44584 -0.015896 0.46679 0.046129 0.7297 -0.28514 -0.37819 0.63065 0.08613 -0.56998 -0.6297 0.44986 0.69893 -1.5537 1.3683 2.2233 -0.19678 -1.2338 -0.75415 0.46927 1.6812 -2.2038 -1.2959 2.0603 2.3173 -1.4959
1.6623 -0.75482 -2.4924 0.3332 1.3084 0.43271 -0.16856 -0.60293 1.5351 0.14846 -3.1219 -1.2207 0.66856 0.09798 -0.020372 1.1386 -0.43282 0.40889 -0.73044 0.071923 1.3506 -0.46042 -1.1595 0.42199 1.3352 0.49016 -1.037 0.50916 1.1691 -0.46797 -1.9563 -0.97755 0.98678 0.67254 -1.9006 -1.3439 2.2784 1.6112 -0.96429
1.3838 -0.83761 -2.2362 0.11236 0.77206 -0.065219 -0.47238 -0.010352 1.0876 -0.67716 -2.3487 -1.0077 0.72399 -0.15837 0.084386 1.253 -0.46486 -0.88998 -1.4636 0.25071 1.3318 -1.9354 -1.5826 1.4274 1.8626 0.24295 -0.56335 0.13488 0.48342 -0.3023 -2.4285 -1.1239 1.1447 -0.2266 -1.5728 -0.70725 1.7922 0.39061 -0.49512
1.3999 -0.86371 -2.0989 0.11831 0.45445 -0.62718 0.0082603 -0.19002 0.99222 -1.2284 -1.5296 -0.11345 0.77034 -0.32045 0.17504 1.4659 -0.6395 -1.8485 -1.5589 0.91618 0.99582 -1.7034 -2.007 2.3636 1.6277 0.12467 -0.13771 0.29431 -0.005827 0.10219 -1.9576 -0.59697 0.59488 -1.1407 -0.81186 0.069494 0.31648 -0.51909 -0.50035
1.3574 -0.91234 -1.5509 0.18294 0.97943 -1.1633 0.31089 0.96779 0.83365 -1.7988 -0.53947 -0.00051578 0.84234 -0.33181 0.1339 1.2287 -0.42803 -2.6525 -1.9126 1.2283 0.3661 -2.1966 -1.6389 1.9203 1.097 0.038031 0.13448 0.48441 0.19866 0.50852 -0.69056 0.48297 -0.65987 -1.4713 0.10043 0.87503 -0.92856 -0.78258 -0.69286
1.3012 -0.67792 -1.4371 -0.04777 -0.68359 -1.6044 0.44987 0.75035 -1.0239 -1.5568 -0.2276 0.33911 0.77479 -0.049133 0.48526 1.1334 -0.25882 -2.3491 -1.5866 0.64396 -0.44316 -1.8257 -0.98464 0.79072 0.6878 -0.25994 0.10026 0.63636 0.33943 0.88349 0.46171 1.3196 -1.9271 -1.4319 0.25887 1.4406 -1.4949 -0.53389 -0.92297
1.1883 -0.6809 -1.1299 -0.30738 -1.4077 -1.2922 0.99936 0.32683 -0.36417 -2.3183 -0.36696 0.45682 0.77564 -0.046315 0.79698 1.796 0.31063 -1.9341 -0.56062 -0.76098 -0.88872 -1.6816 -0.24685 0.37765 0.77415 -0.74569 -0.31796 0.55374 0.56105 0.75084 1.8239 1.717 -2.0495 -1.0031 0.98308 1.4484 -0.72278 -0.61856 -0.78427
1.2383 -0.71315 -1.2464 -0.15517 -2.2175 -1.967 0.7831 -0.41885 -0.88902 -2.0331 -1.2104 -0.14639 0.69373 -0.27603 0.98082 1.8303 0.67072 -1.3696 0.18023 -1.4675 -1.2377 -1.475 0.33747 0.18377 0.72927 -1.057 -0.75477 -0.0077495 -0.035371 0.22729 1.8323 1.1488 -1.0085 -0.8499 0.97122 1.4343 0.098676 -1.2255 -0.10583
1.4627 -0.25946 -0.91054 -0.041393 -1.3958 -2.063 -0.12467 -0.51036 -0.63435 -2.0124 -1.1039 0.24644 0.38498 -0.77109 0.87684 1.9554 0.53425 0.21682 0.34398 -1.3099 -1.2369 -0.54567 0.75714 0.7928 -0.15335 -0.90036 -0.75278 -0.51475 -0.86807 -0.71455 1.414 0.59118 0.52417 -0.62427 1.7327 1.2862 0.050473 -1.6708 0.78305
1.2705 -0.045752 0.62517 0.89465 -1.3562 -0.92213 -1.0901 -0.55571 -1.182 -1.4606 -0.097376 1.4407 -0.081791 -1.0123 0.43975 0.9794 0.059893 -0.04992 0.06469 -0.84303 -1.962 -0.58933 1.5406 0.76953 -1.2947 -0.36218 -0.42941 -0.94678 -1.4099 -1.4747 0.65147 0.32167 1.4814 -0.35374 2.344 1.0699 -0.79467 -1.5471 1.46
0.79821 0.053713 0.27677 0.74657 -1.3399 -0.99163 -0.75797 -0.30841 -1.6952 -1.3012 -0.021628 0.80258 -0.13498 -1.0002 0.16232 0.54232 -0.74615 0.0066657 0.58368 -0.13687 -1.7667 1.0893 1.8662 0.17625 -1.5528 0.24365 0.14116 -0.96203 -1.7685 -1.8097 -0.041585 -0.0036474 1.5661 0.093178 2.5379 0.23586 -2.0288 -0.67884 1.5682
0.18303 -0.024198 0.49975 -0.081127 -0.57126 -1.4773 0.041643 -1.2049 -1.038 -0.90222 0.69017 -0.71514 0.21059 -0.91139 -0.3337 -0.18657 -1.4981 -0.075187 0.65532 0.56732 -1.67 2.0526 2.0411 -1.0805 -1.6619 0.86254 0.62953 -0.56409 -1.0888 -1.4093 0.25676 -0.2014 0.81228 0.96886 2.4063 -1.0138 -2.3687 0.84162 1.0385
0.31747 -0.55986 -0.92971 -0.50858 -2.6187 -1.8222 0.28865 -3.064 -0.99143 -0.18087 -0.5201 -1.9226 0.69631 -0.562 -0.43528 -0.87607 -2.1334 0.13613 0.050234 0.75533 -1.1831 2.8374 1.0048 -2.2847 -1.3201 1.1633 0.85431 -0.087846 -0.32731 -0.55662 0.36087 -0.6447 -0.35592 1.6668 0.67209 -1.9706 -1.771 2.1019 0.15471
0.58991 -0.26771 -0.2102 -0.95121 -1.6443 -0.8185 -0.093871 -1.9643 1.337 0.35519 -1.5175 -1.0703 0.77648 -0.10783 -0.25419 -0.41606 -1.931 0.34417 -0.027712 0.15435 -0.29641 2.9971 -0.16823 -2.6716 0.28647 0.95056 0.63262 0.52597 0.77528 0.22969 0.73417 -0.77832 -1.0994 2.2797 -0.92383 -2.312 0.037683 2.593 -0.67719
0.46 -0.42764 -0.26808 -1.2653 -0.9234 -0.59726 -0.17327 -1.9272 1.276 0.5574 -2.0401 -0.47755 0.90674 0.11924 -0.025139 0.020107 -1.5913 0.44849 -0.2425 -0.54318 0.90461 1.8677 -1.1881 -2.523 1.6968 0.46451 0.16209 0.66141 1.1729 0.71269 0.5388 -0.87572 -1.0095 1.6374 -2.3431 -1.6912 1.8058 1.4275 -0.99128
0.36421 -0.32266 -0.31962 -1.5635 -0.99479 -1.2781 -0.15296 -1.542 1.3266 -1.0881 -2.3586 -0.21153 0.88397 -0.12302 0.40268 0.85342 -1.3341 1.111 -0.60973 -0.70495 1.8745 0.83432 -1.7421 -0.89504 2.0378 0.057718 -0.11739 0.60861 0.81516 0.80733 0.26315 -0.83609 -0.56853 0.59461 -2.6326 -0.37284 2.6841 -0.72444 -0.84943
0.4404 -0.18814 -0.12287 -1.7147 -0.92048 -1.5519 -0.2069 -1.0408 1.5503 -1.7957 -2.5622 0.56853 0.85683 -0.25785 0.41807 0.74354 -1.0774 0.73352 -1.2478 -0.57832 1.0306 -0.41114 -1.7775 0.37461 0.67616 -0.080301 -0.11566 0.44801 0.43207 0.87538 0.1835 -0.24758 -0.2851 -0.53941 -1.74 1.2539 2.6501 -2.3613 -0.50117
0.39009 -0.29348 0.049831 -2.1242 -1.0067 -1.9251 -0.51829 -0.91513 0.7521 -1.8062 -2.4647 0.73684 0.80641 -0.11718 0.6123 0.78718 -0.65337 0.67231 -1.0418 -0.81511 0.8468 -0.72923 -0.66033 1.1566 -0.64503 -0.22509 0.076471 0.23239 0.01531 1.0248 0.061845 0.36008 -0.37789 -1.0813 -0.72081 2.234 1.5954 -2.7512 -0.27428
0.24073 0.0044465 0.38425 -2.1355 -0.79158 -1.8737 -0.60025 -0.37576 0.86975 -1.5522 -1.4104 0.60364 0.78537 -0.078512 0.67316 0.87984 -0.26756 0.9911 -0.46982 -0.97623 0.34868 -0.56433 0.91764 1.6612 -1.6847 -0.24806 0.1892 0.23033 0.043525 1.0382 0.29035 0.80768 -0.41939 -0.67749 0.1848 2.0912 0.38722 -1.8432 -0.23807
0.27151 0.085446 0.57176 -2.2514 -0.23856 -2.0524 -0.65675 -1.1808 1.0499 -1.6683 -1.1794 -0.74583 0.75634 -0.067606 0.69565 0.80865 0.20939 1.0803 -0.33374 -1.1575 0.058155 -0.41644 1.6253 1.595 -2.2863 -0.32532 0.15271 0.11773 0.0042642 0.86213 0.098437 0.59189 -0.19942 -0.41802 0.25864 0.98504 -0.66439 -0.51759 -0.234
0.38225 0.18974 0.38635 -1.9215 -0.10468 -1.8891 -1.0753 -0.72384 0.34743 -0.51745 -0.99824 -1.4093 0.6587 0.061872 0.79326 0.81056 0.4653 1.0505 -0.12046 -1.1317 0.078076 -0.21873 1.4933 0.9099 -2.1876 -0.43534 0.088232 0.05432 -0.19128 0.56373 -0.82593 0.34439 -0.014435 -0.02743 -0.18535 -0.82618 -1.4906 0.86309 -0.33519
0.30507 0.34761 0.74968 -1.8995 0.21585 -1.8567 -1.1688 -0.97666 0.99549 -0.13402 -0.65663 -1.7507 0.6393 0.092588 0.76931 0.82391 0.6191 0.80843 -0.12869 -1.0747 0.15597 -0.41657 1.1309 0.21614 -1.4208 -0.52966 0.077079 0.029275 -0.53366 0.5193 -1.1973 0.58737 0.24261 0.062275 -0.85344 -2.1715 -1.6228 1.7381 -0.55824
0.33184 0.40625 0.86583 -1.5387 0.22655 -2.1838 -1.5617 -0.76588 0.80289 0.046551 -0.858 -1.6551 0.49427 0.0072779 0.74089 0.49743 0.59849 -0.41787 0.064036 -1.0293 0.25756 -0.90056 -0.57879 -0.59215 -0.37704 -0.71671 0.019693 0.021302 -1.0471 0.90979 -0.75678 1.0867 0.34587 0.19899 -1.5664 -2.1247 -1.058 1.7786 -0.74999
0.43005 0.58694 1.1288 -1.7521 0.29377 -1.9762 -1.6099 -0.56614 0.42263 -0.3519 -1.2652 -1.7782 0.3485 0.10585 0.78196 -0.069439 1.1291 -0.41764 0.6536 -0.76789 0.10624 -1.6484 -1.9216 -0.85704 0.30291 -1.136 -0.010057 -0.064508 -1.2814 1.0896 0.2488 1.5023 0.38338 0.10049 -1.5713 -1.3402 -0.32522 1.1018 -0.72931
0.31828 0.7963 1.3362 -1.4142 0.38424 -2.0343 -1.6098 -0.46166 0.37668 -0.32865 -0.97932 -1.4512 0.27123 0.099872 0.83291 -0.76708 1.9399 0.2466 1.4787 -0.66256 0.51515 -2.4953 -1.4648 -0.64445 0.52616 -1.4106 -0.057461 -0.27844 -0.96777 0.87548 1.2857 1.4002 0.2333 0.092268 -0.87111 0.21549 0.36412 0.27798 -0.40402
0.28742 0.75535 0.7138 -1.4965 -1.4295 -1.7634 -1.8839 -0.98311 -0.43654 -2.9349 -2.1081 -1.45 -0.026428 0.03829 0.61701 -1.0197 2.0202 0.9203 1.9124 -0.56956 0.2417 -2.5208 -1.2547 -0.40594 0.34655 -1.4258 -0.085371 -0.50059 -0.2621 0.094101 1.4621 0.88414 0.019402 0.27399 0.33427 1.3683 0.62569 -0.31276 0.16006
0.58852 1.0059 0.14549 -0.07329 0.10112 -0.74644 -1.8718 -0.60871 -1.602 -2.4894 -1.6136 -1.0616 -0.62722 -0.050812 0.33748 -0.89878 1.8173 1.2762 1.9967 -0.70413 0.38786 -2.0699 -0.45737 -0.10868 0.16873 -1.26 -0.050091 -0.63601 0.56805 -0.83335 1.2887 -0.043854 -0.0065175 0.24147 1.4843 1.5112 0.79705 -0.67741 0.69749
0.36087 1.1891 0.017695 0.74935 1.3788 -0.088445 -1.9823 0.072468 -1.7333 -0.61082 -1.0905 -1.1939 -0.72851 0.039945 0.14961 -0.51487 1.3675 1.7572 2.0154 -0.69926 0.73264 -1.2356 0.46261 0.099106 -0.13495 -0.93725 0.056519 -0.57971 0.95026 -1.3278 0.10731 -0.97473 -0.016452 0.32042 1.848 0.97723 0.5615 -0.54825 1.0514
0.35789 0.89589 0.20304 0.21145 1.465 -0.26326 -2.1807 -0.66448 -1.7659 -1.6586 -1.5273 -1.4712 -0.75289 0.020216 -0.053747 0.069203 0.67793 2.1969 1.3554 -0.59549 0.76715 -0.38394 0.86618 0.66446 -0.58063 -0.46413 0.072465 -0.45935 0.99402 -1.2968 -1.1258 -1.6516 0.057756 -0.14772 1.4819 -0.12501 0.38243 -0.052583 1.0573
0.29092 0.90129 0.53115 -0.10826 1.2243 0.050872 -2.3782 -0.017744 -1.5454 -1.2046 -1.4371 -1.5019 -0.73591 0.11256 -0.20783 0.32167 0.060435 0.64219 0.46339 -0.63914 0.70798 0.06345 0.14615 0.30515 -0.3674 -0.029207 -0.37479 -0.30216 0.7727 -1.0078 -2.0114 -1.5944 0.63005 -1.3002 1.0371 -0.52939 0.365 0.42511 1.0323
0.46577 0.96824 0.53741 0.18024 1.7203 0.39616 -2.3508 0.35517 -1.1094 -0.83907 -1.2577 -1.538 -0.70229 0.050874 -0.2907 0.59262 0.00024287 -0.26623 -0.23157 -0.61883 0.11657 0.030127 -0.5629 0.53338 0.18991 0.090602 -0.52859 -0.14864 0.3179 -0.93114 -2.3216 -1.0061 0.92724 -2.2512 0.67594 -0.12801 0.2931 0.42341 1.0036
0.43048 0.79207 0.42031 -0.085222 1.9918 -0.0047346 -2.4309 -0.086055 -1.5265 -2.0904 -0.95524 -2.1774 -0.71065 -0.62865 -0.2599 0.70653 -0.21404 -0.75008 -0.091096 0.43512 -1.5387 0.48357 0.059916 0.87541 0.3423 0.54737 -0.41096 -0.097797 0.17813 -1.2768 -1.8856 -0.23114 0.87653 -2.2701 0.36773 0.74018 0.42086 -0.17588 0.99617
0.70807 0.92204 0.35423 0.60536 0.91222 -0.12299 -2.588 0.5505 -1.8271 -1.5045 -1.2035 -1.1057 -0.70174 -0.53455 -0.28329 0.48335 -0.95928 -1.4199 -0.19431 0.51322 -2.6149 0.66383 0.63921 0.94851 -0.076361 0.96053 0.13443 -0.10507 0.21076 -1.5769 -1.4097 0.4155 0.46834 -0.98343 0.46907 1.399 0.22961 -0.60066 0.93265
0.17326 0.75447 1.025 0.47566 0.95912 -0.56378 -2.7308 -0.48225 -1.6291 -1.5992 -0.44207 -0.82184 -0.62643 -0.31199 -0.37689 0.7135 -1.8922 -2.287 0.031397 0.35142 -2.4696 0.43397 1.1074 0.91831 -0.57647 1.2361 0.80967 -0.22823 0.18588 -1.4208 -0.67176 0.42183 -0.3451 0.87246 0.22967 0.73021 0.067204 -0.53031 0.4748
-0.75894 0.60353 1.2089 -0.7333 0.40029 0.18186 -1.1252 -3.4367 -0.55935 -1.0787 -0.53237 -1.3739 0.044242 0.14017 -0.41047 0.98922 -2.1642 -2.1231 0.47327 0.26109 -1.3789 0.92987 1.8661 0.95611 -0.5444 1.3382 1.1524 -0.34252 0.0045924 -0.38351 0.15042 0.28139 -0.56918 2.2989 -0.10807 -0.12838 -0.041373 0.27143 -0.10089
0.24576 0.71485 0.75846 -1.5271 -0.41693 0.049413 -2.2222 -2.487 -0.63168 0.073224 -0.2761 -2.2042 0.26505 0.47621 -0.5931 0.80572 -2.318 -1.658 0.35275 -0.032561 -0.39283 0.78239 0.98769 0.99603 -0.47635 1.1695 1.1891 -0.3353 -0.36777 1.0473 0.83102 -0.22576 -0.77862 2.7395 -0.57138 -0.69225 -0.1678 1.1752 -0.71097
0.52582 0.5379 1.3136 -2.0398 -1.1224 0.34978 -2.3775 -1.5593 -1.309 -0.18249 -0.17605 -2.5702 0.36314 1.12 -0.77479 0.43996 -1.4785 -1.4723 0.16649 -0.28297 0.97352 0.29637 0.42817 0.82029 0.42803 0.82271 0.55342 -0.27721 -0.60518 2.0124 0.74547 -0.56196 -0.19208 1.5018 -0.74205 -0.83461 -0.38039 1.5961 -1.0054
0.77876 0.42105 1.6472 -1.8025 -0.48092 0.39321 -2.2932 -0.71432 -0.46425 0.26612 0.13455 -1.8157 0.40896 1.3116 -0.78152 0.27319 -0.24365 -1.0908 -0.21877 -0.73338 1.8652 -0.30006 0.36539 0.64793 1.3035 0.28199 -0.046673 -0.064315 -0.70163 2.3559 0.55139 -0.71407 0.61129 -0.091779 -0.1617 0.14923 -0.88434 1.2057 -0.91542
0.72391 0.24125 1.3553 -1.8833 -0.96735 -0.12477 -2.5104 -0.68802 -0.88746 -1.051 0.19945 -0.98387 0.36036 0.71137 -0.79997 0.08297 0.62689 -1.0435 -0.25776 0.2871 0.51908 0.10443 0.41586 0.3733 1.7755 0.067732 -0.53472 0.13429 -0.76554 1.7805 0.33195 -0.85183 1.2744 -1.4298 0.11195 1.0587 -1.3548 -0.027459 -0.59409
0.99811 -0.11417 1.4305 -1.501 -1.0794 -0.13004 -2.2545 -0.99092 -0.90214 -0.83247 0.50455 -0.34537 0.42262 0.60772 -0.68646 -0.37418 1.1115 -0.86836 -0.72936 0.77209 -0.33697 0.58585 1.3089 -0.52958 1.2771 -0.013664 -0.52016 0.2314 -0.92695 1.0054 0.23116 -0.8486 1.6068 -1.5485 0.097595 1.2394 -1.2539 -0.81687 -0.203
1.0049 0.036514 1.2492 -1.2733 -1.4097 0.083249 -2.2904 -1.0595 -1.0627 0.53547 0.065114 -0.52815 0.3888 0.53567 -0.57587 -0.71791 1.231 -0.98556 -1.1237 1.2212 -0.78222 0.067389 2.1909 -1.2664 0.39655 -0.041935 -0.23419 0.29821 -1.1253 0.45887 0.34222 -0.70077 1.0449 -0.34829 -0.40152 0.21945 -0.34507 -0.65094 -0.013868
1.1187 -0.019825 1.037 -0.94196 -2.1302 -0.047794 -1.8017 -1.7053 -0.44219 0.78505 0.15979 -0.49946 0.35167 0.48897 -0.47479 -1.119 1.3659 -0.70828 -1.3254 1.6416 -0.57919 -0.09414 2.0938 -1.0089 0.36586 -0.0085048 -0.13928 0.15779 -1.0205 0.13709 0.46551 -0.20889 0.64995 0.50152 -0.87248 -1.3461 1.0938 0.1746 0.087652
1.2869 -0.17037 1.1049 -0.6921 -1.6256 -0.75665 -1.4685 -1.4325 -0.16388 1.5965 -1.1478 -1.0385 0.37081 0.36621 -0.36849 -1.7196 1.371 -0.50652 -1.2297 1.7053 -0.045988 -0.29197 0.48666 -0.074351 0.93666 0.042457 -0.018215 0.078911 -0.8174 -0.065583 0.61673 0.33569 0.065321 0.89058 -0.60032 -2.2488 1.9124 1.0107 0.10252
1.3166 -0.23406 0.68229 -0.42956 -1.6789 -1.2814 -1.0707 -1.5116 -0.961 2.4227 -1.2555 -0.9247 0.35968 0.45584 -0.50199 -1.8463 1.3003 -0.2627 -1.0492 1.6878 0.31431 -0.84255 -0.68001 1.0202 1.3674 0.094623 0.12607 -0.027642 -0.50622 -0.34873 0.39945 0.66443 -0.38532 0.82015 -0.23086 -1.9759 1.7896 0.96821 0.053223
1.288 -0.35042 -0.075176 -0.17943 -1.922 -1.5228 -0.79595 -1.3498 -1.3087 0.68692 -0.13562 0.31436 0.39547 0.52981 -0.41408 -1.9358 1.1368 -0.083307 -0.64132 1.3268 0.57128 -0.66275 -1.1683 1.4764 1.9321 0.082345 0.13741 -0.045357 0.047855 -0.66214 0.26746 0.69303 -0.58232 0.8048 0.46902 -0.80373 0.71598 0.17689 -0.010523
1.3958 -0.35969 -0.61546 0.22056 -1.9065 -0.91475 -0.60927 -0.94856 -1.0934 -0.51001 0.97747 1.1161 0.48363 0.64 -0.49288 -1.9927 0.81713 -0.19698 -0.39946 1.1663 0.77108 -0.32928 -1.249 1.7314 1.8193 0.063303 -0.099274 0.060648 0.52071 -0.81053 0.1467 0.85773 -0.47116 0.82255 1.0261 0.54904 -0.79546 -0.80119 -0.096051
1.6313 -0.45983 -0.52853 0.26708 -1.9851 -1.0124 -0.45397 -0.97095 -1.7973 0.28127 1.1347 0.6851 0.44362 0.52702 -0.44535 -1.5603 0.35017 -0.060744 -0.28225 0.95475 1.3537 0.32624 -0.92508 0.97185 1.0756 0.041129 -0.57899 0.054875 0.87623 -0.9913 0.083583 0.80321 -0.35202 0.69709 1.0037 1.3005 -1.6473 -1.2981 -0.2005
1.8056 -0.43091 -0.87353 0.37504 -1.977 -1.166 -0.3856 -1.0757 -0.52564 0.2183 0.71488 1.54 0.39332 0.29139 -0.37056 -1.0366 0.14878 -0.018835 0.34402 1.0582 1.5868 0.56884 0.35724 -0.30163 0.19994 -0.047656 -0.98524 0.11018 0.89514 -1.0336 0.11591 0.77102 -0.32349 0.25673 0.62785 1.0158 -1.7522 -1.0613 -0.25087
1.9851 -0.77141 -1.2403 0.18362 -1.7981 -1.718 -0.063804 -0.33216 -0.88871 0.61492 0.42192 0.83833 0.43358 -0.31042 -0.36969 -0.7312 -0.41797 -0.034046 0.46021 0.77493 1.5753 0.75259 0.77338 -0.7584 0.14999 -0.20324 -1.0967 0.052296 0.8778 -0.81049 0.10319 0.87588 -0.027504 -0.38797 -0.13204 0.36604 -0.69802 -0.723 -0.17918
1.6533 -0.62434 -1.2183 -0.056365 -1.8548 -1.5626 -0.015025 0.5133 -0.81077 0.3051 0.3204 0.74357 0.43039 -0.67453 -0.32703 -0.68821 -0.76819 -0.012173 0.64386 0.70051 1.1884 0.62638 0.045715 -0.8614 0.16499 -0.2415 -1.0495 -0.060518 0.84532 -0.3249 0.33516 1.0007 0.43065 -0.6774 -0.59244 -0.41195 0.44789 -0.80914 0.11188
1.5179 -0.64825 -1.2666 0.31406 -2.0508 -0.17983 0.47071 0.58125 -0.73014 0.73648 -0.025532 0.92229 0.35926 -0.92044 -0.36615 -0.048846 -0.73614 0.11054 1.1736 1.0989 0.78712 0.059851 0.0033106 -0.13052 -0.34583 -0.16664 -0.54697 -0.16604 0.987 0.27075 0.80813 1.0767 0.7197 -0.88308 -1.0995 -0.19005 0.72005 -1.2889 0.39123
0.97288 -0.74637 -1.2951 -0.47125 -1.9662 -0.4445 -0.034414 0.58297 -0.29875 0.71429 0.4469 1.5344 0.20527 -1.2505 -0.47154 0.24531 -0.31266 0.51281 1.8209 1.6679 0.63422 -0.17456 -0.12708 0.25839 -1.1638 0.12586 -0.21825 -0.31311 1.087 0.36624 1.324 0.67573 0.70313 -0.81586 -1.3523 0.27777 0.1917 -1.7052 0.60076
1.1463 -0.80086 -1.4488 -0.68717 -1.9266 -0.76966 0.32296 -0.044749 -0.8247 -0.023932 -0.16924 1.0017 0.21073 -0.9803 -0.58388 0.69818 -0.13249 1.1827 1.8438 1.5717 0.092905 -0.87519 0.45874 0.09153 -1.7589 0.28141 0.12013 -0.27326 0.82857 0.36368 1.317 0.24256 0.39465 -0.82052 -0.8073 0.2157 -0.75799 -1.3432 0.64029
0.95894 -0.94185 -0.78027 -0.31974 -1.6245 0.056154 1.2246 0.25826 -0.61402 0.48691 0.82718 0.4885 0.35284 -1.0209 -0.76558 1.0271 -0.37501 1.8856 1.5495 1.7154 -0.089097 -1.4023 0.40433 -0.6029 -2.5363 0.56025 0.3838 -0.079777 0.57147 0.0089087 0.88025 -0.12717 -0.1657 -0.87418 0.22608 -0.087145 -1.0653 -0.344 0.48442
0.35288 -1.2444 -1.019 0.090321 -0.9498 0.83664 1.9811 1.2952 -1.2985 0.45917 0.63309 -1.33 0.73541 -0.81293 -0.69584 1.1511 -0.014833 1.8451 1.76 1.7835 -0.48517 -0.81372 0.19293 -1.2002 -2.3417 0.70938 0.25353 0.057916 -0.11026 -0.38194 0.10434 -0.41333 -0.76318 -0.5746 1.6083 -0.5855 -0.85988 0.8028 0.22214
0.69559 -1.0723 -0.29579 -0.21529 -0.3046 1.073 1.2181 0.33164 -1.9376 1.4779 -0.062141 -0.90623 0.57819 -0.64543 -0.54895 1.1141 -0.35664 1.7943 1.6391 1.2841 -0.81838 0.21992 -0.17801 -1.2011 -1.5516 0.73919 0.14155 0.19589 -0.59394 -0.69198 -0.62039 -0.77338 -1.4703 -0.16757 2.3455 -0.63657 -0.044197 1.9165 -0.12202
0.15604 -1.4768 -0.2311 -0.83776 0.33556 1.2029 1.9852 0.13095 -2.069 0.86704 -1.093 -1.7255 0.82652 -0.70972 -0.58126 0.43601 -0.87078 1.4051 1.0534 0.45775 -0.68284 1.2972 -0.48574 -1.3103 -0.63162 0.57184 -0.21122 0.11309 -0.89824 -0.77813 -0.78287 -1.1884 -1.5134 0.58187 1.8845 -0.78984 0.74702 1.7479 -0.22593
0.279 -1.3373 -0.20255 -0.43794 -0.17644 1.2249 1.8767 -0.50732 -0.52479 0.15755 -0.91787 -0.84606 0.84733 -0.81231 -0.46712 0.23375 -1.2663 0.94112 0.50039 -0.19602 -0.31374 1.8901 -0.59977 -0.64277 0.46066 0.42182 -0.29323 0.20528 -0.78557 -0.22222 -0.77542 -1.0162 -1.3133 1.03 0.75512 -0.48252 1.3038 1.2466 -0.26006
0.52084 -1.3159 -0.096503 -0.98584 0.31464 1.4264 2.0611 -0.74906 -0.20527 -0.33267 -0.70931 -1.0628 1.0258 -1.0934 -0.52791 -0.14605 -1.0432 0.80653 0.16993 -0.1267 0.44318 1.8459 -1.2631 -0.016439 0.16624 0.48361 -0.17348 0.42436 -0.34493 0.43266 -0.35483 -0.56074 -0.80932 0.83475 -0.83006 -0.17626 1.0651 0.25672 -0.13404
-0.27267 -1.7123 -0.63411 -1.1995 0.33773 1.6145 1.7312 0.56402 0.60821 0.43215 -0.4794 -0.95917 0.97875 -0.96259 -0.20321 -0.115 -0.69549 0.64219 0.23548 -0.72162 0.69866 1.35 -0.80764 0.71118 0.55885 0.34064 0.10742 0.54457 -0.1855 1.0659 -0.13202 -0.16861 -0.42566 0.10375 -1.7613 0.019398 0.12898 -0.52744 -0.10648
-0.5639 -1.5999 -0.40633 -1.633 0.53845 1.3694 1.2897 0.82141 -0.094294 0.29985 -0.43195 -0.58445 1.0728 -0.93171 0.047943 -0.060524 -0.33474 0.88154 0.17126 -0.69031 0.49917 0.037742 -0.75373 0.10195 -0.15574 0.38474 0.66721 0.68638 0.040451 1.3548 -0.022967 0.13252 -0.054623 -0.86494 -1.9308 0.10203 -0.76167 -0.6805 -0.1423
-0.58046 -1.6886 -0.27956 -1.4329 1.026 1.1825 1.5232 0.38785 -0.19111 -0.85085 -0.67134 -1.2859 1.1392 -0.69331 0.21941 -0.17265 0.40618 0.64292 0.2004 -0.64976 -0.12065 -0.45886 -0.81344 -0.45592 -0.42527 0.29059 0.96481 0.47647 -0.020156 1.3344 0.040573 0.28462 0.58094 -1.042 -1.0866 0.15175 -0.84876 -0.79423 -0.14705
-0.61699 -1.4653 -0.26563 -1.2944 0.76423 1.7231 1.2668 0.38581 0.1915 -0.35377 0.013748 -0.46459 1.1581 -0.037835 0.48686 -0.045386 0.98264 0.7473 0.43742 -0.24508 -0.87026 -0.81653 -1.0448 -0.94047 -0.69543 0.26685 1.1114 0.19403 -0.23577 0.61862 -0.42554 0.077085 0.43991 -0.48805 0.043021 0.95374 0.23334 -0.022037 -0.31386
-0.51259 -1.1715 -0.3001 -0.79929 1.0834 1.524 1.3172 -0.22165 -0.43894 -0.97253 -1.1328 -1.4354 1.3175 0.30716 0.43094 -0.16754 1.1836 0.76805 0.62976 0.092027 -0.69508 -0.22735 -0.34175 -0.44666 -0.75302 0.14969 1.0285 -0.1343 -0.14415 -0.54223 -0.77321 -0.21264 -0.027943 0.27749 0.47525 1.6685 1.1259 0.71278 -0.49594
-0.53085 -1.38 -0.65789 -0.59152 1.0487 1.7762 1.2548 -0.31324 -0.44041 -0.87247 -1.2817 -1.6228 1.2338 0.54417 0.29463 -0.5236 0.45193 0.015063 0.1054 -0.27316 -0.18029 0.0083754 1.0234 0.54885 -0.025684 -0.079256 0.78101 -0.19362 0.19224 -1.2104 -1.5821 -0.34224 -0.82617 0.542 0.41067 1.7589 1.7477 1.3189 -0.83106
-0.38252 -1.2732 -0.52471 -0.22713 1.496 2.08 1.4163 -0.181 -0.5804 -0.91383 -1.5414 -1.594 1.2366 0.84502 0.085395 -0.21749 -0.36265 -0.43832 -0.013228 -0.67121 0.10414 0.01508 1.674 1.0083 0.67901 -0.38141 0.42312 0.64297 0.98656 -0.99167 -2.0911 -0.42696 -1.4926 -0.064838 0.061987 0.62527 1.2401 1.6384 -1.3141
-0.17703 -1.2343 -0.39487 -0.40846 1.6898 1.9635 1.5272 0.072913 -0.032331 -0.21306 -0.26186 -1.4848 1.2211 1.0847 0.32424 0.34398 -0.55024 -1.5939 0.1429 -1.304 -0.16924 -0.17088 1.6596 1.7652 1.2428 -0.8843 -0.47461 1.6003 1.5203 0.073364 -1.7432 -0.22175 -1.3989 -0.57572 0.2385 -0.53729 0.21535 1.3876 -1.8524
0.051354 -1.3501 -1.0354 -1.3527 0.30805 1.0666 0.86239 0.23267 0.034658 1.1047 0.70296 -0.59267 0.99891 0.79523 1.5652 1.294 -0.20498 -2.3138 -0.15954 -2.0062 -0.8179 -0.016224 0.65992 1.3789 1.9074 -1.6885 -1.3478 2.1858 1.1821 1.422 -0.50954 -0.17806 -0.83279 -0.23065 0.26551 -0.94091 -0.90312 0.77939 -2.0463
0.3919 -1.2623 -0.23478 -1.6849 0.18706 1.9734 0.35314 0.16232 -0.21842 1.4432 0.37949 0.29463 0.76945 -0.2608 2.4024 1.6447 0.51063 -2.2897 -0.21768 -2.0543 -0.86191 0.47222 0.39656 0.77969 2.1519 -2.5847 -1.8113 1.9702 0.52057 2.2073 1.3223 -0.44616 0.234 0.79129 0.34187 -0.91696 -1.5825 -0.034064 -1.5736
0.65617 -0.71963 0.2164 -0.75278 -1.1637 2.0301 -0.091166 -1.0051 -1.0953 0.18309 0.38266 -0.55486 0.30206 -0.8569 2.9329 1.4043 1.8115 -1.0498 -0.1495 -1.7483 0.00040939 0.19171 0.31974 -0.28501 1.7972 -3.021 -1.3617 0.81138 -0.70715 2.0346 2.2451 -0.80676 1.1405 1.4713 0.33016 -0.16877 -0.95774 -0.6089 -0.48953
0.0013986 0.69899 1.115 -0.21203 -1.3507 1.5405 -0.72828 -1.3955 -0.051354 -0.8316 -0.14291 0.91073 -0.67454 -1.2839 3.1445 1.286 2.6407 0.20498 -0.6677 -1.0074 1.0226 0.36467 -0.10551 -0.52656 1.24 -2.9014 -0.29222 -0.61509 -1.4377 0.8857 2.1496 -0.9637 1.6009 1.5528 -0.015894 0.19345 0.091742 -0.81954 0.82218
-1.1643 0.97125 0.99653 0.41593 -0.61105 1.6665 -0.22277 -0.47771 0.69943 0.59047 -0.019934 1.1039 -1.3731 -1.0924 2.642 0.10431 2.6006 0.5776 -1.3978 -0.50844 1.2056 0.65538 0.55485 0.13839 1.1531 -2.3642 0.64191 -1.9741 -1.5935 -0.74544 0.74701 -0.60344 1.7975 1.0217 -0.34754 0.30003 0.8198 -1.0573 1.8431
-0.75633 1.1346 0.31745 1.3867 0.69805 1.461 -0.33296 1.0702 -0.16146 1.5154 -0.13969 0.77805 -1.5153 -0.65022 1.4646 -0.48237 1.7999 0.85865 -1.3431 0.15741 1.6647 0.21772 0.68738 0.74072 0.84147 -1.5096 1.2436 -2.4553 -1.0829 -1.6194 -0.47955 0.26418 1.4434 0.044726 -0.84254 -0.13107 0.38723 -1.2371 2.2362
-0.85467 1.3884 0.64253 1.2631 0.20386 0.31364 -0.32989 1.4626 0.089263 0.677 0.18931 1.0192 -1.5286 -0.028336 0.27814 -0.78881 0.81099 -0.0105 -0.90426 0.84708 1.7427 -0.37131 0.55661 0.68758 -0.11258 -0.57189 0.74886 -2.3998 0.37303 -1.6008 -1.3688 1.0417 0.94259 -1.1415 -0.75152 -0.56845 -0.20265 -1.2677 2.0689
-0.2865 1.3041 -0.051537 1.4145 -0.2333 0.56323 -0.47085 0.065556 0.25907 1.4406 0.77987 1.6031 -1.4854 0.39399 -0.022111 -0.36063 0.45108 -0.40483 -0.42441 0.86921 0.85665 -0.67464 -0.38293 -0.046637 -0.59654 0.017991 0.015383 -2.1922 1.0826 -1.1114 -1.623 0.91751 0.3232 -2.1227 0.010873 -0.020769 -0.3622 -0.9091 1.7753
-0.4079 1.0198 0.26866 1.3233 -0.43761 0.65392 0.045443 0.6456 -0.68085 0.019949 1.1175 0.70321 -1.5032 -0.27991 -0.86462 0.75627 0.22582 -1.3403 0.05118 0.80851 -0.66841 -0.28263 -0.10966 0.12516 -0.65859 0.40219 -0.6885 -1.6611 1.2746 -0.80887 -0.71613 0.038718 0.064336 -1.7088 0.78582 0.26451 -0.16346 -0.42681 1.3398
-0.70778 1.043 0.33401 0.72295 -1.171 0.85664 0.57549 1.6151 0.053212 0.6863 0.11085 0.68959 -1.5056 -0.48743 -1.8458 0.82554 -0.025093 -1.4965 -0.13903 0.75929 -1.3772 0.20027 0.97677 0.30089 -0.69749 1.0327 -0.99414 -1.0284 0.71984 -0.88807 0.73859 -0.3863 0.12034 -0.93777 0.93799 0.33049 0.45932 -0.29311 0.92055
-0.64381 1.1201 0.48349 1.6983 0.036186 1.195 0.52047 1.1166 -0.42552 0.55007 -0.57624 0.088768 -1.3587 -0.79591 -1.7492 1.0686 -0.49265 -0.80637 -0.9681 1.029 -0.55701 0.65245 0.4351 0.18407 -0.9073 1.2073 -0.57453 0.12829 0.087412 -0.8428 2.3097 -0.38511 -0.067379 -0.43928 0.3915 -0.62926 0.49309 -0.23506 0.46199
-1.2516 0.052388 1.6576 1.7557 -1.5821 0.90394 0.12287 -0.52403 -0.26047 1.5992 0.84103 0.39947 -0.98214 -1.097 -1.3964 0.86446 -0.88217 0.67877 -0.61115 0.9845 -1.0683 0.60067 0.042279 0.82037 -1.0494 1.1867 -0.31191 1.2631 -0.37031 -0.94135 2.3841 -0.091452 -0.28588 -0.17245 0.077639 -1.4506 0.1633 0.13257 -0.21797
-0.99632 -0.68776 0.91753 0.85876 -2.0754 -0.3212 0.40439 -1.001 0.73615 2.368 1.2952 0.64539 -0.27087 -0.98175 -0.8535 0.89915 -0.95195 1.8302 -0.40698 0.591 -1.6916 0.24855 -0.97042 0.82836 -0.94348 1.1142 0.085594 1.9256 -0.93261 -0.58461 1.6359 0.68876 -0.39443 -0.14867 -0.36752 -1.3681 -0.45569 0.42911 -0.80963
-1.1245 0.045937 0.99357 0.43269 -0.62912 -0.57995 1.1844 0.78666 0.64402 0.43468 0.77761 -0.06153 -0.56278 -0.93653 -0.044266 0.19041 -1.5893 1.5811 -0.57818 0.48877 -1.1431 0.55268 -1.382 0.29236 -0.4033 0.70835 0.38126 2.0707 -0.68718 0.30659 0.20937 0.79927 -0.51042 0.47996 -0.59838 -0.93668 -1.3166 0.24528 -1.2338
-1.9589 0.11036 1.2396 0.10345 1.2839 1.007 1.3468 -0.18959 -0.33301 -0.35934 1.6208 -1.0651 -0.60829 -0.71493 0.99965 -0.39798 -1.2539 1.7537 0.27993 0.59628 -0.80514 0.0029733 -1.74 -0.45705 -0.35981 0.066294 0.49881 1.377 -0.50485 0.95301 -1.2558 0.42302 -0.89982 0.59303 -0.069946 0.49761 -1.1104 0.29819 -1.2214
-1.615 0.38755 1.6684 0.40035 1.3872 0.7483 0.67515 -1.2679 0.16531 -0.33498 0.25407 -0.2596 -0.37479 -0.54613 1.3595 0.18248 -0.14971 1.0882 0.51147 0.097131 -0.53544 -0.37729 -1.5497 -1.137 -0.83917 -0.3931 0.64316 0.36469 -0.15377 1.3223 -1.8686 0.096097 -0.6254 0.79631 0.15306 1.3674 -0.30307 0.32523 -0.84923
-1.742 0.56105 0.72374 -0.19377 0.14063 -0.19236 0.66997 -0.89821 0.68687 -0.11026 0.27236 0.30463 -0.52502 -0.28468 0.89611 -0.076027 0.14012 -0.26385 -0.17201 -0.78334 -0.79242 0.59084 0.16377 -0.65121 -0.11745 -0.41768 0.39783 -0.54956 -0.014004 0.95161 -1.6943 -0.16583 -0.21176 1.1021 0.041612 1.6859 0.52165 0.24611 -0.42174
-1.8587 0.6633 0.86872 0.062999 -0.1787 0.93133 1.1288 -1.4845 -0.048672 -0.084489 0.83584 -0.01421 -0.76938 -0.004019 0.66278 -0.27306 0.22838 -0.88473 -0.16871 0.091457 0.46155 0.54881 0.55228 -0.21519 0.13783 -0.49737 0.58432 -0.80351 -0.10599 0.42954 -0.57578 0.1289 0.32232 1.2601 -0.30073 1.4633 1.0379 0.23596 -0.052901
-1.5471 0.86854 1.5134 0.91372 0.2123 0.060026 0.8378 -0.2981 0.17143 -0.57147 -0.45091 -1.5066 -0.78478 -0.27236 0.38104 -0.20332 0.36622 -0.41191 0.32576 0.24007 0.92119 -0.37629 0.76725 0.10121 -0.3446 -0.60004 1.2537 -1.2572 -0.44001 -0.15225 0.012306 -0.075451 0.11724 1.2326 -0.9389 0.93725 0.89401 0.57147 0.58333
-1.8214 0.84453 0.95788 0.26942 0.079719 -0.29864 0.057093 -0.6206 1.4897 0.80044 0.7334 -0.072017 -0.97651 0.49125 0.19944 0.035732 0.55273 0.080236 0.50592 0.16648 1.1497 -0.44356 1.237 0.52248 -0.24224 -0.3912 2.1608 -1.649 -0.8798 -0.5955 -0.38453 -0.8104 -0.91965 0.095585 -1.263 0.64197 0.60299 1.007 1.2911
-1.8914 0.73553 0.97944 0.25505 0.34844 1.338 1.8641 0.088514 -0.01149 0.14119 1.1414 -0.2998 -0.91009 1.6955 -1.0948 -1.0846 -0.31395 -0.73992 -0.63872 -0.60078 1.3502 -0.64397 1.7996 0.73229 1.2285 0.52528 2.824 -1.6289 -1.1014 -0.69929 -1.119 -1.7729 -1.3744 -0.38724 -1.4257 -0.14592 0.11087 0.86332 1.7933
-2.0096 0.80405 1.1218 0.72976 0.33557 0.77977 0.64836 -0.40174 -0.56662 0.74654 -0.089396 -0.51387 -1.0017 2.8447 -1.5171 -1.5342 -0.56713 -1.4487 -1.1564 -1.0932 0.4517 -1.6482 1.3911 0.64861 1.3802 1.1433 2.3073 -1.1442 -0.83641 -0.51927 -1.1358 -2.1375 -1.5478 -0.64432 -1.2491 -0.91476 -0.36654 0.14327 1.6171
-0.65215 0.82177 0.81235 0.63589 -0.079202 0.46127 0.93602 0.51154 0.28357 1.6047 1.3626 -0.23667 -0.94922 3.5568 -1.6428 -1.5472 -0.407 -1.7346 -2.0687 -1.5356 0.50582 -2.406 0.38233 0.24853 0.58513 1.6927 0.92748 -0.063616 0.094092 -0.10431 -0.22264 -1.3552 -0.83715 -0.51054 -0.84242 -1.5305 -0.3335 -0.83883 0.80195
0.62062 -0.99887 -0.63459 -0.51031 -1.56 -0.85726 -0.14097 0.55694 -0.61959 2.1417 1.3049 1.7505 0.18386 3.6524 -1.5486 -1.3511 -0.39123 -1.5408 -2.6697 -2.0769 0.29157 -1.8677 0.015098 0.034775 0.377 1.7845 -0.94454 0.67346 0.77192 0.22177 0.82568 -0.17592 0.016635 -0.23559 -0.0049733 -1.3203 -0.48063 -1.0523 -0.10878
1.4661 -0.29627 -0.08611 0.21668 -1.4759 -1.4049 -0.55916 -0.33378 -1.5666 0.86866 0.33876 0.024192 0.27174 2.9423 -1.1838 -1.0009 -0.60255 -1.1223 -2.3457 -1.5688 0.41849 -2.0867 -0.74243 0.37466 0.058959 1.5736 -2.3651 1.5811 1.2965 0.46284 1.5368 1.2609 0.98494 -0.24115 0.76681 -0.58387 -0.16868 -0.68513 -1.2349
1.3826 -0.42754 -0.4863 -0.074923 -1.5743 -1.7597 -0.64941 0.33796 -1.9084 0.60597 1.2861 0.13682 0.53045 1.4907 -0.54348 -0.32573 -0.049339 -0.24317 -1.3306 -1.0336 0.035388 -1.8103 -0.83291 -0.36869 -0.45574 1.0182 -2.8972 1.4999 1.278 0.38626 1.5743 2.0995 1.5108 -0.021082 1.2686 0.36976 -0.00011081 0.079522 -1.6388
1.6298 -0.48475 -0.039822 0.17816 -1.0228 -1.306 -0.27115 0.45318 -1.9536 0.48351 0.64088 -0.056434 0.49732 0.4633 0.66836 0.43279 0.30092 0.44428 -0.43019 -0.30986 0.16277 -1.0086 -0.42587 0.11024 -0.36152 -0.029797 -2.4706 1.313 0.90791 0.28893 1.0863 1.5926 1.1183 -0.2533 1.7197 1.0886 -0.10051 0.64 -1.6718
1.4428 -0.36089 -0.12657 -0.26798 -1.2942 -2.0945 -1.0184 0.53531 -2.5054 0.45729 1.1206 0.033039 0.4192 -0.22401 0.19487 0.38892 -0.10985 0.5731 0.21022 -0.033318 0.38997 -0.051997 0.6373 0.15887 0.75701 -0.20841 -1.5949 1.212 0.53201 0.060859 0.3829 0.86898 0.82065 -0.30044 1.7758 1.0123 -0.050962 0.3639 -1.4433
1.3947 -0.38832 -0.10623 0.38882 -0.89309 -1.2021 -0.31283 0.33679 -1.6771 1.1221 0.69144 0.036802 0.43709 -0.56144 0.78494 0.38548 -0.024447 0.46366 -0.20304 -0.086867 -0.25434 0.22386 0.82006 -0.094919 0.74586 -0.66388 -1.4318 1.1287 0.69025 0.174 -0.017278 0.84756 0.76824 -0.74171 1.2858 0.038971 -0.79987 -0.51906 -1.1643
1.473 0.08129 0.045438 0.011681 -1.1372 -1.6526 -0.69837 0.36731 -2.2056 1.1222 1.3439 1.0664 0.064038 -0.8087 1.5569 0.71716 0.22708 0.43941 0.14909 0.31308 -0.3462 0.86688 0.68081 -0.37435 -0.26961 -1.1258 -1.6545 1.2882 1.1612 0.33767 -0.026882 1.2048 0.84411 -0.8363 1.0966 -1.016 -1.1031 -1.3426 -1.0851
1.0883 -0.36454 0.28993 -0.12552 -0.64535 -1.0852 -0.56203 0.45463 -1.5434 1.5896 0.59493 0.89615 0.27231 -1.7676 1.9983 1.5929 0.46155 0.46279 1.1545 0.8829 -0.94494 0.91855 -0.36529 -1.2059 -0.87832 -1.5563 -1.9129 0.26498 0.95279 0.29966 0.44644 1.7481 0.75208 -0.51725 1.2859 -1.512 -0.95764 -1.4344 -0.4617
0.73836 0.56764 -0.061212 -0.016377 -0.93443 -2.4012 -0.70197 -0.10257 -1.8524 1.2993 1.0704 0.65783 -0.25525 -2.5381 1.8821 2.0172 0.28776 0.50743 1.7372 0.98131 -0.93036 1.6371 -0.91422 -1.4655 -1.1118 -1.6122 -1.6975 -0.87314 0.067328 0.19407 0.99329 1.4629 0.59578 -0.58737 0.8273 -1.2904 0.01098 -0.6968 0.20025
0.76726 1.3141 1.0776 0.61286 -0.45046 -0.82914 0.13621 0.16327 -0.81037 1.1334 0.0024096 -1.2862 -0.78603 -3.0712 1.1007 1.5657 0.51348 1.2395 2.1996 0.91652 -0.98753 2.2255 -1.5735 -1.4428 -1.698 -1.2073 -0.61926 -1.8305 -1.0417 0.12405 1.2706 0.70951 0.18962 -0.13074 0.56199 -0.30902 1.2655 0.39914 0.91277
-1.0314 1.4558 1.9725 0.47202 -0.7148 0.097731 0.18047 -1.0436 -1.4818 -0.38531 -0.61694 -0.6908 -1.1309 -3.1503 0.46457 0.8544 0.56841 1.873 2.303 1.3586 -1.4909 1.7514 -1.4385 -0.24221 -1.2462 -0.95773 0.59125 -2.1824 -1.7904 -0.077392 0.89877 -0.51074 -0.29521 0.22503 -0.34541 0.3843 1.8741 1.4925 1.3409
-1.3345 1.0684 1.9549 0.38299 -0.2073 0.82655 0.5317 -0.44807 0.64908 0.37855 -0.58617 -0.27249 -0.97425 -2.5473 -0.53279 0.16053 0.55525 2.1152 2.174 1.0417 -0.91422 1.9083 -0.75527 0.66627 -0.00067616 -0.32556 1.7734 -1.703 -1.8153 -0.48515 -0.0032964 -1.664 -0.5466 0.94403 -0.86851 1.0284 1.9627 1.8432 1.2959
-1.7744 0.54475 1.0618 0.48932 1.0105 0.38529 -0.16785 -0.65203 0.35453 -0.76005 -0.045389 -1.0834 -0.73046 -1.7442 -1.1655 -0.73706 0.11746 1.7166 0.82669 0.41279 -0.50253 1.1631 -0.51216 1.1621 1.0418 0.2353 2.3006 -0.74305 -0.93614 -0.49261 -0.8624 -2.0687 -1.009 1.0063 -1.1667 0.65493 0.69119 1.0847 1.018
-2.129 0.45603 0.78623 0.69861 1.7711 0.84395 1.2501 -1.8982 -0.23603 0.23941 1.0826 -0.75743 -0.86907 -0.62698 -1.098 -1.1434 -0.1866 1.2953 -0.089127 0.44103 0.42581 0.9189 0.134 1.7117 0.86321 0.40774 2.03 0.40259 0.15497 -0.47901 -1.8112 -1.6608 -0.81985 0.35655 -0.75109 0.64381 -0.48835 0.048036 0.44986
-1.6053 0.61239 0.73819 0.98012 1.2934 0.48512 0.43661 -0.64967 0.70906 0.44523 1.4378 0.44628 -0.84995 -0.03051 -0.56314 -0.30401 -0.00041965 0.67054 -0.33043 -0.10331 -0.12834 0.093565 -0.50079 0.5881 0.50647 0.41313 1.3526 0.82883 1.0555 -0.32874 -2.1293 -0.76817 -0.43904 0.066274 -0.37355 0.67589 -1.2631 -0.49279 0.050137
-1.6811 0.26348 0.99294 0.38999 1.0291 0.48515 0.42955 -0.59874 0.1972 -0.45082 0.29874 0.20864 -0.63391 0.1969 -0.11143 0.23657 -0.29967 -0.73015 -0.26847 -0.12966 -0.37287 1.0597 0.59791 -0.016155 0.37362 0.35387 0.42959 0.64304 1.083 -0.10725 -1.4552 -0.01072 0.090335 -0.31108 -0.44591 0.46954 -1.5856 -0.63115 -0.13915
-1.9682 0.25808 0.70092 -0.057462 0.99233 0.15804 0.79832 -0.10441 0.42096 0.01268 1.5679 0.21337 -0.66954 0.24658 -0.1799 0.60109 -0.45385 -1.2278 -0.47655 -0.060972 0.042665 0.40811 0.68247 -0.46884 0.30909 0.34872 -0.059322 0.31633 0.33286 0.23111 -0.4 0.092341 0.3983 -0.35802 -0.56265 0.50135 -0.91165 -0.32486 -0.3025
-1.4067 0.44546 1.6008 0.84571 1.4144 0.51245 -0.0064341 -1.4946 0.64793 -0.96014 -0.27128 -0.43642 -0.43621 0.0042818 -0.14041 0.48526 -0.16613 -0.46512 -0.0274 0.59256 -0.27119 -0.056929 0.53345 -0.88975 -0.2929 0.20354 -0.22311 0.1146 -0.15598 0.79792 0.87723 0.14927 0.2144 -0.57415 -1.1104 -0.044049 -0.63055 -0.034434 -0.35047
-1.7832 0.49563 0.9682 0.15936 -0.1219 0.24596 0.33727 -1.8311 1.8424 1.3811 0.79204 -0.46236 -0.51629 -0.029361 0.02081 0.20704 0.3706 -0.21861 -0.27432 0.25036 -0.88488 -0.38272 0.58965 -0.77797 0.19888 -0.026765 -0.20495 0.27219 -0.48486 0.51512 0.98005 0.057662 0.12126 -0.35367 -0.81889 -0.22866 0.084956 0.34592 -0.38841
-1.6619 0.19223 1.5165 0.22088 0.10915 0.13588 1.3656 -0.72453 -0.37037 1.1557 0.81909 0.69189 -0.60271 -0.050051 -0.00026864 0.12683 0.80478 0.3724 -0.089104 0.10577 -1.0486 -0.59333 0.55144 -1.111 0.37006 -0.055267 0.043641 0.48887 -0.27463 0.36868 0.7299 -0.25384 -0.64593 0.09194 -0.34222 -0.72984 0.38807 0.61754 -0.3168
-1.6702 0.36127 1.18 0.69858 1.3436 0.67006 0.97327 -0.51889 0.52179 -0.016781 -0.33624 -0.22394 -0.59779 -0.079045 0.24118 -0.1603 0.039083 0.15087 -0.3323 0.40957 -0.26562 -0.83257 0.19095 -0.19884 0.68139 -0.18348 0.20755 0.63105 -0.18795 0.076786 0.3558 0.022675 -0.72142 0.31556 0.3101 -0.78632 0.71494 -0.05939 -0.23811
-1.8449 0.31091 1.0861 0.80007 0.79404 -0.21095 0.28498 -2.3124 -0.22721 0.043838 -0.26815 0.5326 -0.6681 0.11612 0.62503 0.13349 0.69928 0.68462 -0.45319 -0.61032 -0.38346 -0.45864 -0.80749 -0.42313 0.7141 -0.25756 0.28517 0.44992 -0.24011 -0.28773 -0.37398 0.1123 -0.49987 0.76555 0.74995 -0.29165 1.314 -0.41231 -0.23324
-1.8006 0.39153 1.2151 1.3305 1.6767 0.36497 0.5774 -2.0512 0.35698 0.91134 -0.16528 0.23815 -0.57492 0.26452 0.83607 -0.16465 0.56741 0.2674 -0.042694 -0.64774 -0.57127 0.13065 -0.39036 0.27785 -0.081826 -0.33084 0.23865 0.077029 -0.018864 -0.2418 -0.49208 0.40284 -0.15336 1.2935 0.83862 0.36948 1.1547 -0.6939 -0.18631
-1.4725 0.85056 1.3099 -0.05715 0.29828 -0.03998 0.89184 -1.3363 0.058767 0.087168 0.35957 0.52147 -0.66618 0.29247 0.5088 -0.33988 -0.0091584 -0.39435 -0.020845 -0.23175 0.65356 0.31988 0.22664 1.2299 -0.064462 -0.37849 -0.0033809 -0.46127 -0.18 -0.58321 -0.67317 0.3042 0.41158 1.5423 0.29923 0.59213 0.55175 -0.45369 -0.15729
-1.6578 1.0201 1.3477 1.4693 1.0317 -0.34984 -0.23824 -1.6616 0.7737 0.10215 0.24443 0.93434 -0.89013 0.26479 0.44415 0.033906 -0.069052 -0.2367 0.19452 -0.035955 1.8247 0.33709 0.45379 1.2402 -0.30993 -0.43987 -0.13777 -0.81471 -0.21332 -0.075173 -0.1922 0.11957 0.16564 1.0115 -0.2153 0.14278 -0.35495 0.15858 -0.024329
-1.3225 0.87549 1.0526 1.0755 1.0292 0.71162 0.88451 -1.4058 -0.37723 0.23462 0.76093 -0.22848 -0.93342 0.1198 0.010685 -0.31884 -0.094701 -0.32553 -0.0087254 -0.17804 1.5268 -0.0012659 0.020235 0.17416 -0.070929 -0.4704 -0.046563 -0.66351 -0.13516 0.36548 0.038684 0.024356 0.0076008 -0.093102 -0.63693 -0.0019424 -0.9546 0.085026 0.1025
-1.5446 0.5677 0.56848 0.44728 0.61033 0.28693 0.46113 0.03344 1.0906 0.56238 1.1927 -0.065844 -0.9165 0.11691 -0.35231 -0.59243 0.46499 -0.13907 0.17757 -0.36934 1.035 -0.10051 0.014262 0.09895 0.24966 -0.32543 0.16341 -0.19858 -0.057548 0.82989 -0.17022 -0.27803 -0.39267 -0.99963 -0.79333 0.048583 -0.77401 0.37627 0.10855
-1.5933 0.87675 1.679 0.87524 0.78871 -0.013127 0.31108 -0.0934 0.068696 1.1293 1.0639 0.37797 -1.0495 0.29382 -0.26212 -0.29334 0.41739 -0.38793 0.040278 -0.037976 0.87442 -0.63343 0.44238 -0.086933 -0.16345 -0.25991 0.60868 0.46541 0.13477 1.1727 -0.36875 -0.11063 -0.084299 -1.0148 -0.8846 -0.014739 -0.28099 0.3165 0.023679
-1.5431 0.54093 0.67655 0.86438 0.83796 0.15112 0.43776 -0.44402 0.25624 0.076947 -0.61024 0.53708 -1.0573 0.47666 0.23637 -0.095883 1.2524 -0.53688 -0.32889 -0.78346 0.15751 -0.80839 0.34534 -0.16113 0.50094 -0.35898 0.71878 0.79353 -0.070897 0.7147 -0.56979 0.072819 0.15971 -0.44737 -0.5665 -0.33743 -0.097196 0.35749 -0.12909
-1.2491 0.61993 0.50904 1.2995 0.23248 0.23226 0.015737 -0.55008 0.082365 -0.19272 1.0258 1.0941 -1.0324 1.0266 0.55034 -0.31349 1.7416 -0.82543 0.050938 -0.10566 -0.058355 -1.2778 -0.17633 -0.25694 0.44824 -0.41227 0.57256 0.68514 -0.37524 0.15946 -0.30425 0.2021 0.26478 0.13945 -0.013092 -0.39302 0.34202 0.54515 -0.16209
-1.1834 0.79031 1.1672 1.9764 0.70853 0.12294 0.29146 -0.35277 -0.41664 1.4275 0.51221 -0.46318 -1.1895 1.032 0.65767 -0.72512 1.1612 -0.9912 0.31328 -0.040678 0.61635 -0.82005 -0.38847 -0.015318 0.67078 -0.4685 0.20216 0.28313 -0.50375 -0.97768 0.14259 0.2937 0.61302 0.72991 0.93716 -0.39728 -0.12836 0.18837 -0.054134
-0.82947 1.1805 0.88829 2.3092 0.069485 0.15683 -0.21949 -0.68326 -0.86382 0.77836 0.92933 0.80927 -1.3268 1.0389 0.75111 -0.70805 0.76443 -0.74022 0.096039 0.070391 0.93773 -0.64507 -0.020112 0.50567 0.85477 -0.48069 -0.48321 -0.0092867 -0.48096 -1.7044 0.64932 0.21181 0.13357 0.88795 1.2924 -0.67374 -0.16998 0.14831 0.10888
-0.3485 1.1392 0.3894 2.4519 -0.5303 0.31089 0.69209 0.28539 -0.42177 -0.042735 0.4278 0.88637 -1.3419 0.83794 0.64654 -0.87562 -0.12206 -0.33194 0.19248 0.22124 1.1373 0.61654 -0.57116 -0.80307 0.68564 -0.41615 -0.82214 -0.28844 -0.064312 -1.6117 1.2134 0.22624 -0.057857 0.59645 0.85157 -0.51595 -0.091056 -0.51848 0.27365
-0.6947 1.3154 0.46821 1.7001 -0.24331 0.52389 0.15811 0.67828 -0.67239 0.061878 0.38381 1.5907 -1.5053 0.27849 0.5476 -1.1713 -0.86318 0.0303 0.5059 0.01218 1.4762 0.40262 -1.5069 -0.20564 0.74847 -0.25175 -1.0463 -0.40549 0.40867 -1.1965 1.189 0.23441 -0.38749 -0.10416 0.52212 0.012842 -0.13178 -0.95154 0.33089
-0.3438 1.131 -0.28237 1.8988 0.077174 0.10625 0.33495 0.36876 -0.42254 0.3284 0.81799 1.4741 -1.4543 -0.032526 0.25578 -0.62356 -1.0949 0.8529 0.52922 -0.099713 1.5571 0.239 -0.73397 0.15315 -0.30503 -0.1152 -0.79101 -0.4456 0.90206 -0.25481 0.65511 -0.076537 -0.60696 -0.70498 -0.12317 0.82841 0.45715 -0.91833 0.31948
-0.36352 1.3549 0.071588 1.3166 0.092439 0.51356 0.24114 0.75114 1.1809 -0.41897 -0.51689 0.92235 -1.4569 -0.36721 0.23516 -0.05257 -1.0287 0.85153 0.36346 -0.4375 0.53161 0.51684 0.088477 -0.23982 -0.54695 -0.065765 -0.36425 -0.34206 1.4107 0.43952 -0.12124 -0.13597 -0.53225 -1.2611 -0.29455 1.5224 0.088863 -0.48833 0.15021
-0.999 1.5296 -0.13494 1.1656 0.55814 0.93187 0.1308 1.5645 -1.0182 -1.0127 0.96356 0.77125 -1.4646 -0.22884 0.020261 0.29744 -0.52642 0.45352 0.13232 -0.60858 0.20747 0.33823 0.37966 0.1062 -0.49713 0.036797 0.020416 -0.18011 0.92773 0.54099 -0.92267 -0.12308 -0.33832 -1.4601 -0.46056 1.1648 0.10203 0.31873 0.039779
-0.56195 1.3051 0.27512 1.194 0.96301 0.76843 -0.034453 1.4998 -0.62641 0.053984 1.1731 0.51129 -1.4435 -0.25799 0.066578 1.081 -0.31292 -0.010741 0.46456 -0.65656 -0.36721 -0.18539 1.1495 -0.015108 -0.12401 -0.070551 0.47995 -0.091343 0.31878 0.46078 -1.1515 0.028254 0.20879 -1.0689 -0.058671 0.5881 -0.046956 0.4944 0.0072451
-0.86878 1.3791 0.39103 1.0599 0.23346 0.58487 0.15689 0.38632 0.71945 0.56315 -0.59472 0.75976 -1.4835 -0.041232 0.028666 0.59157 -0.42515 -0.43992 0.26238 -0.572 -0.91116 -0.25555 1.1941 0.23378 0.13278 -0.043987 0.50774 0.12476 -0.32099 0.26655 -0.94199 0.23059 0.68691 -0.56472 0.20878 -0.17589 -0.23219 0.34244 0.0012886
-0.683 1.1976 0.49689 1.2883 0.28565 0.3999 -0.65172 0.82794 -0.18955 0.49784 0.97354 1.2229 -1.4312 0.39787 0.077053 0.40863 -0.20438 -0.84929 0.35818 -0.074585 -1.0414 0.7119 0.92256 -0.40396 0.13952 -0.012053 0.53665 0.14664 -0.80482 0.28904 -0.38504 0.21585 0.93555 0.2735 0.20037 -0.90463 0.073983 -0.049272 0.084298
-0.63042 1.3891 1.1997 1.3498 0.040995 1.199 -0.17988 -0.0068571 -0.41846 1.5191 0.32398 1.0415 -1.5766 0.35129 0.24457 0.0088215 -0.075435 -0.88693 0.61432 0.32323 -0.57598 0.28276 0.12197 -0.16444 0.067906 0.010707 0.26421 0.1521 -0.62174 0.34369 0.11055 0.24061 0.9927 0.73565 0.13116 -0.98118 -0.079158 -0.30474 0.071547
-0.64012 1.5284 0.17721 0.3443 -0.22061 0.98157 -0.30463 0.2378 0.17486 0.16374 0.43025 0.78156 -1.4556 0.50496 0.227 -0.18493 0.06028 -0.51619 0.69052 0.55628 0.026954 -0.076937 -0.22364 0.32176 -0.17998 0.046863 -0.0054513 0.078963 -0.45712 0.20285 0.36838 0.077511 0.68725 0.68884 -0.14991 -0.68181 0.027844 -0.32217 0.046948
-0.31771 1.4968 0.40426 1.2401 -0.30015 1.2874 0.30412 0.49629 0.16232 0.45779 0.39207 0.78716 -1.444 0.38244 0.23175 -0.31607 0.094598 -0.41823 0.5433 0.87362 0.043949 0.38839 -0.30357 -0.29284 -0.30798 0.049565 -0.022554 -0.010494 -0.19942 0.099451 0.28855 -0.083804 0.39505 0.30671 0.17912 -0.2206 -0.21728 -0.22461 0.023008
