39 261
-0.38654 1.0705 -0.028586 1.5362 0.50202 0.66194 0.37653 1.0089 -0.75485 0.55283 -0.39594 0.65362 -1.2717 0.13967 -0.12903 0.5173 -0.17308 -1.153 0.36524 0.027691 -0.21885 -0.02389 -0.30101 -0.15427 -0.13491 -0.057547 0.13815 0.035134 -0.15475 -0.16413 0.025661 -0.58016 -0.55309 -0.20861 0.25864 0.048148 0.05849 -0.2732 0.072606
-0.32189 0.76071 0.042556 1.3742 -0.19035 0.98275 0.65475 0.27534 -0.95036 0.6177 -0.89726 0.61768 -1.2204 0.062937 -0.17693 0.28965 -0.3612 -1.2938 -0.071114 -0.4466 -0.32911 0.24587 -0.55889 -0.29168 -0.43121 -0.010507 0.2217 0.16343 -0.082066 -0.17368 0.26317 -0.85441 -0.60189 -0.19815 0.24492 0.035034 0.1554 -0.41049 0.070622
-0.41879 0.91734 0.3035 1.3537 -0.45678 1.1142 0.20395 1.6184 -0.61153 0.34784 -0.244 0.55298 -1.3496 0.45733 -0.04868 0.3193 -0.35637 -1.0074 -0.48131 -0.79506 -0.55852 0.30267 -0.066951 0.0054795 -0.49288 0.034686 0.14197 0.18722 -0.31088 -0.10641 0.75039 -0.75884 -0.42994 -0.018736 0.25448 0.0086392 0.26989 -0.28605 0.050858
-0.099317 1.0529 0.65651 1.435 -0.73844 0.89884 0.44577 0.37543 -0.82441 -0.035484 -0.65991 0.47334 -1.3307 0.43041 0.099444 0.45023 -0.37518 -0.69466 -0.78548 -0.71541 -0.42318 0.24967 -0.33934 0.045043 -0.71868 0.0089909 -0.013889 0.069268 -0.41625 0.068705 1.0636 -0.51132 -0.095603 0.35186 0.21511 0.11481 0.019869 0.14874 0.029614
-0.43905 0.82891 -0.061858 1.0917 -0.71705 0.25521 -0.38927 0.52409 -0.21582 -0.29414 -0.89573 -0.027513 -1.2224 0.24301 0.040787 -0.18789 -0.34433 0.013852 -0.67411 -0.65915 -0.19219 0.4282 -0.38527 0.17885 -0.52132 0.014486 -0.50936 -0.14287 -0.66538 0.16895 0.80772 -0.12366 0.36613 0.90118 0.23719 0.35181 0.0032151 0.26176 -0.016642
0.51996 1.0477 0.37469 1.247 -0.34934 0.1642 -0.42592 0.11143 -0.49372 1.1802 -0.12828 0.20118 -1.209 0.13951 -0.1088 -0.29295 -0.24477 0.2632 -0.91162 -0.68788 0.19814 0.56651 -0.16027 -0.3623 -0.13439 0.048191 -0.54356 -0.14534 -0.4052 0.43412 0.54556 0.2761 1.0022 0.78936 0.0024243 0.91959 0.28433 0.45928 -0.053676
-0.051135 1.0739 0.68529 1.1135 -0.58548 0.17893 0.050475 0.58081 -0.6426 -0.40134 -0.59273 -0.26843 -1.3054 -0.4376 -0.18264 -0.64488 -0.12701 0.090129 -0.63529 -0.087367 0.92448 0.56723 0.56055 0.19288 -0.29114 -0.0085662 -0.52038 0.032599 0.0085436 0.73203 0.10296 0.39731 1.3231 0.23665 -0.32012 0.84014 0.38293 0.46206 -0.073495
-0.27196 0.72365 -0.41465 1.0507 -0.23103 0.72585 -0.098865 0.63967 -0.1077 -0.18883 -0.45576 0.24613 -1.265 -0.33937 -0.031024 -0.13533 0.26605 0.34039 -0.27962 0.9529 0.59165 0.18236 1.0489 0.56755 0.029338 -0.060981 -0.22086 0.29774 0.18346 0.8065 0.066261 0.4799 0.99989 -0.57205 -0.54149 0.65291 0.72976 0.54727 -0.027752
-0.14606 0.86656 0.28917 1.2129 -0.384 -0.27496 -0.77596 1.8303 0.28228 0.11221 -1.258 0.52642 -1.2845 -0.58038 0.054097 -0.25107 0.66169 0.19878 -0.23976 1.0964 0.0943 0.044363 0.71121 0.43487 0.26512 -0.043384 0.27 0.41493 0.74632 0.52077 0.19595 0.51574 0.19805 -1.0041 -0.83466 -0.25052 0.35789 0.57305 0.045917
-0.93993 0.82172 -0.40602 1.2152 -0.85851 0.0058854 0.44155 1.2659 -0.054254 1.4651 0.10715 -0.47374 -1.2834 -0.24151 0.26366 -0.12346 0.75017 0.36194 -0.20568 0.66987 -0.49826 -0.14474 1.0882 0.91102 0.61507 0.024594 0.36617 0.19796 0.31051 -0.15549 0.19646 0.78359 -0.65773 -0.74568 -0.54665 -0.83092 0.13031 0.49402 0.062162
-0.1398 0.99223 0.38549 1.4936 0.14998 0.058792 0.9624 0.57406 -0.41314 1.8041 0.39076 0.21715 -1.2793 0.061473 0.35472 0.84427 0.52961 0.48138 0.298 0.44988 -0.49411 -0.76738 0.044189 0.69349 0.49176 0.02271 0.47351 0.043864 0.12726 -0.79693 0.37719 0.96568 -1.0762 -0.20224 -0.0095014 -1.0324 -0.48829 0.55257 0.055809
-0.40347 1.1576 0.16515 1.975 -0.29227 0.098929 0.68982 0.095421 -0.55705 0.82677 -0.03507 0.63504 -1.2907 0.083702 0.14442 -0.061852 0.069575 0.60209 0.91914 0.013465 -0.56803 -0.39371 -0.28386 0.66874 0.84405 0.0054102 0.10349 -0.043243 -0.29909 -1.0341 -0.19551 0.53956 -0.86877 0.50731 0.56325 -0.88277 -0.69742 0.3332 -0.0056092
-0.46836 1.187 0.082129 1.5791 -0.088863 0.15834 0.10797 0.30214 -0.41007 0.90898 0.53715 0.77273 -1.2479 0.21979 0.18455 -0.028197 -0.36194 0.82866 1.0036 -0.64914 -0.25306 0.14967 -0.675 -0.41452 1.1881 0.055723 -0.02865 -0.039997 -0.7147 -0.7667 -0.42506 -0.16408 -0.34167 0.68229 0.55763 -0.080276 -0.39259 0.056666 -0.038311
-0.11073 0.9971 1.032 1.3818 0.2336 0.93677 0.0095904 0.99709 -1.1152 -0.4018 -0.11274 0.67017 -1.248 -0.11201 0.27548 -0.2885 -0.57522 -0.16116 0.45601 -0.45227 0.39819 0.40413 -0.32297 0.088476 0.89432 0.0016682 0.055708 0.05118 -0.23544 0.062088 -0.44146 -0.84339 0.48036 0.54667 -0.1788 0.16386 -0.31194 -0.47708 -0.082985
-0.41808 0.92642 -0.64574 1.1782 0.036354 0.66028 -0.18097 0.8929 0.15476 0.99203 0.27898 1.2207 -1.3082 0.098665 0.22129 -0.47709 -0.46 0.072884 0.23745 0.03257 0.38481 -0.16896 -0.089917 0.1989 0.57713 -0.032917 -0.032677 -0.067028 -0.14058 0.57467 -0.49339 -1.2076 0.77782 -0.12307 -0.5518 0.57657 0.51703 -1.1727 -0.062386
-0.39866 1.229 -0.026285 1.0492 0.52119 1.0585 0.30145 0.20911 0.08693 0.83646 -0.68159 1.1559 -1.1847 0.25553 0.20899 -0.31103 0.22969 0.15838 -0.25132 0.61545 0.20762 -0.55701 -0.2381 -0.26611 0.26231 -0.077549 0.053234 -0.8794 0.17129 -0.11067 -0.28767 -0.95454 0.60375 -0.81203 -0.15167 0.5877 0.089513 -1.3652 0.57028
-0.39417 1.4959 0.28409 1.3349 -0.74788 0.051749 0.5306 1.1298 -0.15027 1.0151 1.0998 1.4603 -1.3257 -0.032852 0.10518 -0.30034 0.22683 -0.25241 -0.87257 0.33628 -0.38389 -0.36092 0.45251 0.74408 -0.68347 0.00022742 0.055888 -1.7404 -0.10869 -1.5424 -0.74061 -1.0447 0.13644 -1.2062 1.127 0.80802 -0.35422 -1.3806 1.5047
-0.15468 1.2467 -0.41646 1.5204 0.16137 0.55706 0.36618 0.60659 -1.4818 0.13447 0.20876 1.1384 -1.313 0.059964 -1.123 -0.034902 -1.1042 -0.52488 -0.74891 0.57782 -0.80218 0.22611 0.59819 -0.032838 -1.0228 0.87821 0.49802 -2.2263 -0.49023 -2.7666 -0.8802 -0.89433 -0.30257 -1.3834 2.1084 0.82841 -1.1273 -1.0904 2.2789
0.080374 1.1821 0.22699 1.7911 0.48574 0.20928 0.70123 0.91048 -1.2486 -0.012192 -0.52096 0.89289 -1.3257 0.30807 -1.9937 -0.83462 -2.437 -0.98138 -1.4411 0.32773 -1.4722 1.4574 1.1283 -0.62796 -1.3564 1.8418 0.43658 -1.7218 -0.38722 -2.8012 -1.031 -0.69435 0.18669 -0.97224 2.3965 0.483 -1.3622 -0.12183 2.3896
-0.59469 0.99571 0.087995 1.1683 -0.42515 -0.058849 -0.017004 0.03358 -0.42001 1.5637 1.7249 -0.43028 -1.1918 1.0978 -2.4264 -1.0284 -3.1844 -1.141 -1.6152 0.045302 -1.9596 2.3107 1.1015 -1.7913 -1.4349 2.5636 -0.16977 -0.35717 -0.15684 -1.5724 -0.74756 -0.20214 0.38029 -0.43964 1.6892 -0.22547 -0.39251 0.8998 1.5204
-0.32352 -0.72546 -0.73335 -0.79484 -0.71663 0.099931 0.97725 -0.61756 1.3568 2.253 -0.85385 0.48333 0.15095 0.33574 -2.0933 -0.58155 -3.5384 -1.8977 -1.7162 0.97628 -1.7058 2.89 1.1823 -1.0438 -0.70061 2.8925 -0.79614 0.93587 0.62945 0.1903 0.01035 0.53734 0.48011 0.36833 -0.040158 -1.5396 0.20887 1.6494 0.17497
0.33723 -0.5979 -0.93786 -1.2518 -1.1038 -1.2003 0.69967 -1.5473 1.8718 2.18 -1.2324 -0.30183 0.8392 -0.30215 -1.6659 -0.47745 -3.249 -1.476 -0.97414 1.0025 -1.5358 2.5353 0.12494 -0.60948 0.33582 2.7301 -1.3877 1.972 1.2586 1.8957 0.7174 0.8885 0.084142 1.2788 -1.5728 -2.3995 1.3223 1.7378 -1.3398
1.6857 -0.76519 -0.8071 -0.96895 -1.5924 -1.4688 0.29379 -1.0642 1.7225 1.4788 -1.6769 -0.22732 0.99031 -0.61681 -0.82747 0.15059 -2.0735 -0.76816 -0.75124 0.79151 -0.94125 1.271 -1.4777 -0.83588 0.84605 2.0342 -1.1514 1.9527 1.3535 2.5313 1.5205 1.223 -0.84019 1.7897 -2.1538 -2.3756 1.5276 1.4714 -2.2115
-0.84186 -0.48446 -0.36658 -1.4037 -1.6865 -0.84444 2.094 -1.1545 1.9952 1.7068 -0.27664 0.48426 1.2531 -1.2564 0.2014 1.1278 -0.65733 -0.30269 -0.43521 0.31268 0.1965 0.29902 -2.3958 0.64946 1.0448 0.90233 -0.79842 1.5123 1.16 2.0765 1.4752 0.65733 -1.308 1.8032 -1.6177 -1.3159 1.7925 0.89056 -2.2027
-1.0531 -0.65222 -0.24574 -1.5518 -1.077 -0.38055 1.2623 -1.3948 2.479 0.44506 -0.22044 1.175 1.2831 -1.536 0.20188 1.3284 -0.48332 0.46038 0.298 -0.29512 0.9739 0.14561 -2.3363 1.27 1.7 0.35431 -0.028064 0.64653 0.40814 1.1413 0.96071 -0.089009 -1.7437 1.4229 -0.48593 0.071516 1.7831 0.49429 -1.6233
-0.99601 -0.50068 -0.13527 -1.5428 -1.4041 -1.1139 0.70227 -1.5728 1.5338 -0.53343 -0.8108 0.49253 1.2826 -1.472 0.31958 1.2583 -0.47409 0.76755 -0.26558 -0.97711 1.0791 0.19629 -2.0893 1.7951 1.5781 0.13186 0.70719 0.14464 -0.14464 0.43443 0.53145 -0.65938 -1.5672 0.84705 0.37171 1.3642 0.87164 0.10079 -0.85019
-1.1282 -0.48944 0.53678 -1.4452 -1.2584 -1.0388 1.1948 -0.086802 1.9846 -1.2045 -0.22267 1.5182 1.2521 -0.56847 0.1813 0.90226 -0.20092 0.56686 -0.98877 -1.9307 1.44 0.44924 -1.4787 2.0307 1.5079 -0.11379 1.226 0.16543 -0.33841 0.35882 0.41763 -0.66416 -1.2329 0.11241 0.60061 2.0363 0.032199 -0.52943 -0.44926
-0.92153 -0.43701 0.43034 -1.6529 -0.60845 -0.86637 0.048955 -0.01798 2.1759 -0.75607 0.70774 1.8364 1.2424 -0.30118 0.44925 1.0493 -0.048105 0.69016 -1.0037 -1.8946 1.6504 0.8113 -0.067528 1.9389 1.3338 -0.18926 1.4994 0.16032 -0.52503 0.3387 0.44427 -0.15295 -0.93747 -0.81045 0.071173 1.9581 -1.1036 -1.4058 -0.22925
-1.2895 -0.31178 0.62014 -1.5888 -0.88209 -1.6641 -0.019278 0.005326 2.2007 -1.2225 1.5278 1.8247 1.2273 0.3749 0.40899 0.75278 -0.075722 1.3267 -0.55367 -2.2137 0.92651 0.91247 0.76427 1.2381 0.83713 -0.18454 1.374 0.19517 -0.40396 0.25297 0.036239 0.097082 -0.281 -1.5581 -1.0228 0.94902 -2.3593 -2.3089 -0.1093
-1.8896 -0.4283 0.46755 -1.6631 -1.0766 -1.7326 -0.18973 0.4173 2.944 -0.56981 2.4181 2.5347 1.1168 1.11 0.46923 0.27875 0.049357 1.2664 -0.75458 -2.6404 -0.24573 0.090102 0.74312 0.026147 -0.70975 -0.18851 1.4497 0.35872 -0.055148 0.42862 -0.71176 0.45975 0.49716 -1.5213 -2.19 -0.23845 -2.7815 -2.7125 -0.34012
-1.0301 -5.5683e-05 1.1804 -1.5041 -0.19237 -1.4464 -1.0315 0.71451 3.2221 0.31899 1.2127 2.3047 1.0902 1.524 0.49245 0.476 0.18919 0.37419 -0.92047 -2.0905 -0.66794 -1.0255 0.036419 -1.616 -1.7817 -0.28255 1.278 0.79659 0.061655 1.0322 -1.0031 1.0955 1.5609 -0.77854 -3.0502 -0.82227 -2.6964 -2.2255 -0.93624
0.036106 -0.1386 0.76313 -1.6239 0.42267 -1.4735 -1.5816 -0.31045 2.4254 0.18129 0.32513 1.3641 1.1286 2.0765 0.99924 1.0756 0.55989 -0.1741 0.046022 -0.98088 -0.53578 -2.1471 -0.17599 -2.0569 -2.4227 -0.66919 0.59019 0.74763 -0.41457 1.2539 -0.67928 1.9993 2.3069 0.089685 -2.809 -0.60273 -1.6709 -0.66782 -1.3987
0.44532 0.0013035 0.64337 -1.4198 0.096397 -1.969 -1.9698 -0.65642 1.6835 -0.60029 0.19542 0.29724 1.0632 2.494 1.4601 0.47647 1.4458 0.14719 1.0929 -0.0067022 -0.44715 -3.4381 -0.42502 -2.9779 -2.4619 -1.4043 -0.22871 0.4532 -1.1547 1.0099 0.15299 2.3119 2.2653 0.47314 -1.6882 0.26005 -0.31294 0.94146 -1.3761
0.4367 0.090743 1.1747 -1.4857 -1.1046 -2.2945 -1.8202 -0.75202 0.50223 -1.334 -1.1779 -0.21306 0.8818 1.8255 1.2205 -0.55432 1.5786 0.10172 1.9638 0.80024 -0.1627 -3.7405 -0.23261 -2.5594 -1.6134 -1.81 -0.93858 -0.29113 -1.6257 0.25317 0.92733 1.6938 1.6824 0.2725 -0.17963 1.0046 0.56016 2.0383 -0.69343
0.96967 1.0359 2.2292 -0.85909 -1.297 -1.0138 -0.32505 0.10253 -0.25967 -0.817 -0.15495 -0.37716 0.28714 1.1811 1.1298 -1.026 1.4185 0.55584 2.4261 1.4208 0.095101 -3.2568 0.59686 -1.9948 -0.42192 -1.8593 -1.2787 -0.95491 -1.5076 -0.68243 1.2729 0.50241 0.70844 -0.19164 1.2438 1.457 1.2538 2.0347 0.40311
1.8109 1.2819 0.49027 0.13052 0.41361 0.13764 -0.59401 0.019881 -1.4688 -0.30125 -2.5679 0.069163 -0.58758 0.81782 0.681 -1.4346 1.0128 1.4276 2.5373 1.5777 -0.25298 -2.5618 1.3455 -1.4834 0.37213 -1.5225 -1.1192 -1.3464 -0.96051 -1.2288 1.1875 -1.0888 -0.42338 -0.65125 2.0066 1.1541 1.2394 1.0806 1.3794
1.3936 0.77827 -0.10044 -0.3821 0.44053 0.52992 -0.84889 -0.11195 -1.5589 0.16983 -2.2411 0.26167 -0.50036 0.38946 0.14837 -2.108 0.5614 1.9536 1.7516 0.98939 -0.76334 -1.8003 1.73 -1.1042 0.35331 -0.91603 -1.0141 -1.3776 0.010416 -1.4069 0.13482 -2.2912 -0.99505 -0.72037 2.2603 0.20648 1.4559 -0.18447 1.905
1.3918 0.86246 -0.26752 -0.62775 0.67221 0.20624 -0.27003 -0.74082 -1.7414 0.72386 -1.8729 0.47691 -0.41406 -0.061888 -0.5179 -1.9409 -0.098451 1.7084 0.29179 0.20743 -1.0011 -0.87447 1.5345 -0.62086 0.023496 -0.12473 -0.8326 -1.0213 1.2059 -0.82839 -1.1053 -2.3351 -0.91001 -0.25033 2.0363 -0.82833 1.3978 -0.99386 1.7099
1.3602 0.72613 -0.084035 -0.56222 0.89701 0.19508 -0.088443 -1.1359 -1.8799 0.85305 -1.8324 0.34979 -0.3279 -0.44805 -0.55146 -0.75344 -0.43727 0.70012 -0.69305 0.18958 -0.93478 -0.05129 0.92657 0.37807 -0.58786 0.41978 -0.65769 -0.71624 2.2086 -0.37259 -1.8449 -1.4379 -0.59942 0.5541 1.7047 -1.6142 1.6173 -0.94819 1.3413
1.1211 0.68545 -0.66753 -0.55234 0.86372 -0.11601 -0.36805 -1.2916 -2.1827 1.2658 -2.6628 -0.14469 -0.2802 -0.46258 -0.66046 0.30474 0.094152 -0.041651 -0.5639 0.22605 -0.64433 0.21137 0.086152 0.46679 -1.0105 0.48288 -0.65447 -0.38704 2.1237 -0.29252 -1.5783 -0.68 -0.60327 1.2143 1.2176 -2.101 1.6668 -0.42565 0.99113
1.3102 0.56717 -0.35066 -0.50333 1.3237 -0.21285 -0.36995 -0.80166 -1.5434 1.5075 -1.5606 -0.21564 -0.18023 -0.75288 -0.96699 1.1966 -0.17019 -0.68718 -0.47809 -0.16962 0.1675 0.71011 -0.79054 1.4694 -0.89756 0.87766 -0.84946 -0.22867 1.5138 -0.47409 -0.56192 -0.53454 -0.94288 1.3751 0.72021 -2.0365 1.5094 0.37115 0.78873
1.0258 0.54084 -0.49006 -0.5063 1.0074 -0.41736 -0.55242 -1.3167 -1.43 0.79902 -1.9438 -0.54455 -0.14968 -1.2456 -0.95216 1.3412 -0.7298 -0.60195 -1.0658 -0.77011 0.85886 0.92505 -1.8325 2.0471 -0.61275 1.1968 -0.95184 0.23549 0.62639 -0.81431 0.36606 -0.72733 -0.91972 1.1906 0.28061 -1.3045 1.1457 1.0335 0.59816
0.69321 -0.080294 0.69721 -0.33923 -0.022468 0.14405 -0.17521 -1.2075 -1.4123 0.10531 -1.2793 -0.82896 0.074513 -1.7901 -0.78564 1.7623 -0.83487 -0.072586 -1.4221 -1.1276 1.0419 0.8806 -2.2098 2.4959 -0.088389 1.2971 -0.5595 0.73221 -0.32397 -0.47846 1.2006 -0.63629 -0.46 0.64837 -0.1869 -0.086986 0.20679 1.1027 0.069736
0.30546 -0.19854 1.2644 -1.0641 -0.02937 -0.45067 -0.44664 -0.34229 -0.76613 -0.47226 0.67888 -0.34462 0.72768 -1.8862 -0.36328 1.2765 -0.96726 0.37964 -1.4299 -1.0654 1.2829 0.62694 -1.8248 2.1554 0.52142 1.2098 0.21073 1.0173 -1.0888 0.070149 1.4748 -0.23649 0.2042 -0.0089987 -0.42327 1.2102 -0.71643 0.70635 -0.51667
-0.47447 -0.090338 0.64227 -1.4284 0.82883 -1.4935 -1.4403 0.16563 -0.86827 -1.8123 0.24784 -0.49995 0.89684 -1.5752 -0.051819 0.57782 -0.86854 1.1527 -1.465 -0.90151 1.2506 0.52203 -0.96159 1.7942 0.60117 0.98243 0.98444 0.89764 -1.4127 0.57 1.0261 0.21739 0.79229 -0.71846 -0.55239 1.8599 -1.4316 -0.093374 -0.99557
-1.1616 0.031572 1.1818 -1.0676 1.3859 -1.6508 -1.6502 -0.076566 -0.94995 -1.2725 0.62383 -0.19079 0.85687 -0.92585 0.36225 -0.25135 -0.58805 1.6425 -1.471 -0.47551 0.75334 0.34354 -0.0099468 0.98445 0.36742 0.54948 1.2652 0.4613 -1.0828 0.76901 0.071446 0.49236 0.89469 -1.1838 -0.43139 1.6865 -1.4859 -0.62758 -1.076
-0.75407 0.28903 0.80402 -1.2923 1.4535 -1.2576 -1.0687 0.6065 -0.68564 -0.74564 0.85323 0.45429 0.87771 -0.26615 0.33488 -0.30812 -0.041281 1.2917 -0.98533 0.1248 -0.093515 0.030074 0.6388 0.27949 -0.18136 0.074568 0.99757 0.093253 -0.65757 0.53774 -0.89321 0.48652 0.52224 -0.88966 -0.070332 0.99146 -1.1107 -0.44648 -0.79976
-0.78743 0.12615 0.50177 -1.2407 1.6178 -1.5556 -1.1232 0.0098801 -0.71941 -0.6179 0.51109 -0.281 0.89867 0.035539 0.2048 -0.45331 -0.055965 0.47314 -0.7429 0.16727 -0.36283 0.097576 0.78165 0.0053515 -0.25589 -0.014554 0.36817 -0.19537 -0.043642 0.23688 -1.3112 0.1406 -0.2598 -0.32982 0.34895 0.21421 -0.43452 -0.010972 -0.37523
-0.40627 0.18859 0.74474 -1.1966 1.6247 -1.6808 -0.67545 -0.01242 -0.75405 -0.17457 0.7485 -0.47313 0.87744 -0.025031 0.17945 -0.64131 -0.20677 0.048507 -0.91304 -0.1989 0.070865 0.51681 0.6486 0.10477 0.082776 0.017578 -0.12021 -0.1597 0.36781 -0.036343 -1.2041 -0.086773 -0.85747 0.34847 0.83292 -0.27152 0.0033611 0.58842 -0.029856
-0.41862 0.14928 0.91702 -1.2306 1.6808 -2.0131 -0.91653 -0.4599 -0.84236 -0.28379 0.98522 -0.68201 0.85146 -0.29833 0.11501 -0.17377 -0.094096 -0.22713 -1.2335 -0.80519 0.037321 0.72348 0.42492 0.20566 0.21941 -0.0057919 -0.041671 -0.18091 0.63877 -0.034104 -0.89383 0.35508 -0.82631 0.36432 0.8755 -0.69883 -0.19655 0.66643 0.081193
-1.0143 0.20894 0.080172 -1.4444 1.4104 -2.3534 -1.771 -0.14745 -0.6954 -0.82861 0.055137 -0.35766 0.87786 -0.34649 0.11383 0.28816 -0.080147 -0.64375 -0.88861 -1.0387 0.41015 1.2079 0.27813 0.16335 0.68549 0.025894 0.46245 -0.32125 0.73707 0.010408 -1.1174 1.1697 -0.19621 -0.16258 0.42516 -0.7561 -0.81608 0.22909 0.11282
-1.1652 0.37845 0.4405 -1.2995 1.4596 -2.3002 -1.5977 0.7215 0.22011 0.1929 1.2249 0.64764 0.90299 0.10907 -0.063416 0.36135 -0.17337 -0.87076 -0.083185 -1.0022 0.20252 1.3191 -0.43322 -0.42806 0.69308 0.11045 1.0529 -0.52324 0.65913 0.080433 -1.4573 1.6325 0.61054 -0.80356 -0.30624 -0.50332 -1.3108 -0.67446 0.095641
-0.92015 0.30575 0.79434 -1.3231 1.1971 -2.6153 -1.7874 0.24526 0.23508 -0.070765 1.0524 0.22555 0.86651 0.7115 -0.26452 0.56764 -0.1448 -1.7489 0.69643 -0.46869 -0.31577 0.9789 -0.43784 -1.1853 0.27875 0.13802 1.2587 -0.55128 0.44105 0.41018 -1.556 1.5298 1.2849 -1.3623 -1.3629 -0.14249 -1.3432 -1.6002 -0.12056
-0.9164 0.16136 1.1591 -1.2641 0.78863 -2.3277 -1.9608 0.29799 0.87441 -0.1925 0.58155 0.14411 0.93303 1.3162 -0.56317 1.0067 0.080811 -2.4463 1.0181 0.1049 -1.1677 0.28693 -0.22323 -1.6874 -0.83343 0.089878 0.83607 -0.2657 0.17623 0.99567 -0.96059 1.2076 1.4611 -1.1972 -2.1229 0.57031 -0.25726 -1.5011 -0.5125
0.11803 0.036792 1.0042 -1.492 0.69132 -1.5024 -1.7163 -0.23234 0.6377 -1.5011 -0.23304 0.13057 1.011 1.6129 -0.55003 0.84839 0.50154 -2.8172 1.4141 0.90966 -1.5746 -0.721 -0.1059 -1.8374 -1.5379 -0.14979 0.11215 0.1715 -0.19616 1.3919 0.26217 0.72674 1.1329 -0.47449 -2.3644 0.86538 1.1916 -0.88193 -0.94294
0.21608 -0.1168 1.0793 -1.443 -0.80615 -1.3617 -1.6475 -0.9379 0.16622 -0.73089 -1.1541 -0.29556 0.98246 1.36 -0.36195 0.57287 1.2176 -2.1548 1.813 1.152 -1.5124 -1.6382 0.55813 -0.62399 -1.2001 -0.54382 -0.68309 0.57493 -0.29262 1.3993 1.3968 0.35641 0.69561 0.72755 -1.7809 0.97142 2.1697 -0.1572 -1.1791
0.44477 -0.33189 1.366 -1.1699 -1.3639 -1.5925 -1.5804 -1.3528 -0.16503 -0.25706 -1.5555 -1.3133 0.92683 0.91589 -0.083141 0.3897 1.6813 -1.3655 1.661 1.2152 -1.0625 -2.2986 0.9234 0.57401 -1.1819 -1.0157 -1.0961 0.4175 -0.35772 0.63873 2.059 0.062013 0.25239 1.6033 -0.42605 0.5997 2.0393 0.30497 -0.82384
0.88825 -0.042069 1.5922 -0.5577 -1.4267 -0.87171 -0.26073 -1.1292 -0.81407 0.25034 -0.40544 -1.1643 0.59988 0.27029 0.15279 0.64778 1.8982 -0.46495 1.569 1.3121 0.027513 -2.1185 1.2277 1.2968 -1.3007 -1.3166 -0.97023 -0.10985 -0.71256 -0.72228 1.4843 -0.48271 -0.13993 1.6986 1.1485 -0.013665 0.57159 0.59847 0.12626
0.5846 -0.054484 1.4119 0.0092752 -0.56617 -0.44405 -0.96562 -1.6268 -1.8793 0.52882 0.81181 -0.74923 0.2183 -0.078451 -0.11845 0.092096 1.2625 0.31636 1.6639 1.3307 0.83363 -1.2466 0.77586 1.1389 -0.91297 -1.0479 -0.5633 -0.68173 -1.0953 -1.8839 0.29414 -1.1561 -0.68549 1.0453 2.5232 -0.50278 -0.82833 0.74992 1.3202
0.44465 0.052302 1.4246 0.08003 -0.66165 -0.34359 -0.81326 -0.95782 -2.0474 0.29238 0.87101 -1.2728 -0.089998 -0.12244 -0.52775 -0.70871 0.19124 -0.12044 0.9278 0.83507 0.90569 -0.10769 0.61247 0.18079 -0.21133 -0.32814 -0.05236 -0.81429 -1.0874 -2.2678 -1.1012 -1.7795 -0.79358 0.18384 3.0542 -0.9106 -1.2513 0.65368 2.1211
0.47706 0.087491 1.9159 0.080861 -0.53506 0.13224 -0.19879 -0.080245 -1.8547 0.433 0.41702 -1.9296 -0.21476 -0.038056 -0.87242 -1.1299 -0.69565 -0.94723 -0.15264 0.13726 0.57622 1.2163 0.22598 -0.49868 -0.32021 0.55463 0.1207 -0.4494 -0.40399 -1.557 -1.7401 -2.0081 -0.83275 -0.54942 2.7279 -0.9315 -0.43649 0.23298 2.0797
0.17758 -0.63283 0.95903 -0.50819 -1.0625 0.17022 -0.073481 -0.097459 -0.96256 0.61465 -0.44486 -1.6191 0.24112 0.14111 -0.81907 -0.92335 -1.0124 -1.9212 -0.81451 0.38285 0.53531 2.1222 -0.32417 -0.33627 -0.37058 1.1977 0.018802 0.081104 0.33824 -0.41489 -1.2498 -1.3136 -0.69603 -0.90384 1.7981 -0.94629 1.1558 0.11309 1.2763
0.69838 -0.88585 0.41745 -0.93062 -1.8571 -0.87546 -0.51108 -0.65835 -0.29349 0.96881 -1.0073 -1.0244 0.76885 0.033501 -0.71798 -0.6122 -0.80476 -2.0979 -1.1813 -0.045062 -0.048041 2.5257 -0.62478 0.52748 -0.39325 1.44 -0.017929 0.54668 0.94187 0.6224 -0.16677 -0.067327 -0.54398 -0.98215 0.46556 -0.72494 2.1082 0.42142 0.064521
0.82031 -0.74557 0.47489 -0.83399 -2.1703 -0.9923 -0.57304 -0.85801 0.3926 0.38091 0.17585 -1.4847 1.0415 -0.12217 -0.47252 -0.2908 -0.46214 -1.9184 -0.98446 -0.41067 -0.54794 2.4584 -0.86091 1.8892 0.041159 1.2251 0.034719 0.57168 1.1361 1.1096 0.87812 1.1448 -0.46737 -0.92374 -0.6495 -0.35321 1.6987 0.54091 -0.93071
0.55064 -0.5936 0.96838 -0.64141 -2.6219 -1.0402 -0.35765 -0.38318 0.54543 -0.4664 1.0291 -1.6268 1.1191 0.054772 -0.14303 0.44102 0.10243 -1.2429 -0.18011 -0.50823 -0.80235 1.8805 -0.95838 2.4592 0.26624 0.64407 0.41218 0.32018 0.74554 0.99506 1.2336 1.6724 -0.1508 -0.81938 -1.3508 0.035252 0.027534 0.61703 -1.3564
0.24856 -0.67977 1.1828 -0.60046 -2.7234 -1.1639 -0.62032 -0.61402 1.3395 -0.49198 1.3916 -2.2806 1.1378 0.19896 -0.16253 0.82679 0.44383 -0.63712 0.8232 -0.27936 -0.89253 1.2785 -0.86102 1.9735 0.31537 0.14423 0.8636 0.078209 0.020928 0.72969 1.0844 1.5074 -0.078445 -0.87671 -1.5507 0.3295 -1.7395 0.67487 -1.2364
0.22352 -0.78526 1.1074 -0.68567 -2.67 -0.57752 -0.60012 -0.99253 1.6252 -0.36594 2.5763 -1.2052 1.099 0.7107 -0.34503 0.32252 0.45532 -0.34448 1.0329 -0.39101 -1.475 0.69229 -0.54558 0.51627 0.62762 -0.13601 0.94759 0.074169 -0.56621 0.34726 0.48978 0.86878 -0.31681 -0.78416 -1.5634 0.14756 -2.5663 0.60427 -0.87095
0.79603 -0.96857 1.0606 -0.59286 -2.6096 -0.25494 -0.88263 -1.657 1.4953 -0.448 2.0484 -0.71344 1.056 1.3077 -0.24387 -0.19108 0.61882 -0.26002 1.2208 -0.60936 -1.9239 0.27102 -0.39523 -0.53909 1.1266 -0.31373 0.42829 0.50907 -0.33899 0.017996 -0.088237 0.11105 -0.68483 -0.43623 -1.4895 -0.22318 -2.5482 0.1246 -0.64694
1.2338 -0.95318 1.4493 -0.38309 -2.7242 -0.095688 -0.71044 -1.8136 1.3705 -0.52743 1.4722 -1.0639 1.006 1.4294 0.018616 -0.18696 0.61567 -0.46536 1.2469 -0.94524 -1.8164 -0.42012 -0.88583 -1.2894 0.99477 -0.48503 -0.63029 1.1197 0.70316 -0.11801 -0.25352 -0.24213 -0.74597 0.6891 -1.0871 -0.89231 -1.3211 -0.068539 -0.67529
1.6533 -0.99957 0.7864 -0.29713 -2.7859 -0.14211 -0.931 -2.6749 1.2902 -0.8694 0.773 -1.1606 0.92063 0.7102 0.4961 0.40026 0.39903 -0.7202 0.93498 -1.3174 -1.5654 -0.83726 -1.1325 -2.0936 0.36928 -0.68943 -1.5535 1.4624 1.341 -0.21625 0.51618 -0.33902 -0.85464 1.8243 -0.76123 -0.96554 -0.044798 -0.19789 -0.92477
1.9856 -0.74253 0.81655 0.024313 -3.0551 0.22099 -1.1737 -2.7996 1.2577 -1.085 0.65261 -0.22971 0.77726 -0.27741 1.1357 1.4354 0.36706 -0.57521 0.73879 -1.4707 -0.27874 -0.70428 -1.9669 -1.2939 0.88272 -1.0006 -1.8529 1.5643 0.97657 0.19939 1.8706 -0.24625 0.058086 3.0156 -0.56982 0.051819 0.91733 0.1767 -1.2294
1.7486 -0.67002 1.1731 -0.20851 -3.2728 0.41359 -1.8654 -2.9076 0.76239 -1.9456 0.32956 -0.84703 0.59632 -1.0074 1.6152 1.6853 0.37627 0.81169 0.85792 -1.9909 0.9213 -0.95345 -1.7922 -0.64632 0.81726 -1.4981 -1.7052 1.1826 -0.33126 0.87225 2.9387 -0.47486 1.5496 3.2942 -0.6318 1.5752 0.88157 0.082845 -1.2687
0.80767 -0.21527 1.9699 -0.45465 -3.4441 0.48725 -2.0808 -3.1389 0.36464 -1.8331 -0.50271 -0.67425 0.3424 -1.4905 2.0453 1.1273 0.9739 2.3856 0.84075 -0.48399 2.9034 -1.3855 -0.44345 -0.25456 1.1057 -1.9986 -1.2191 0.3597 -2.0498 1.3875 2.9256 -0.64269 2.9218 2.3356 -0.64078 3.0336 0.33299 -0.25396 -0.85334
0.47108 0.3556 3.112 -0.0019184 -3.0312 0.45296 -2.2141 -1.2936 0.84073 -3.8251 0.73345 0.63946 -0.047667 -2.1609 1.996 -0.11148 1.5978 3.4667 0.014795 1.2042 3.356 -1.6312 1.2881 -0.9242 0.41724 -2.1698 -0.28782 -0.47386 -2.7383 1.3838 1.4881 -0.63448 2.9677 0.5616 -0.13524 3.2411 0.22352 -0.2045 -0.033618
0.32428 0.7084 2.4766 0.16701 -0.98245 0.90357 -3.0132 -0.69066 -0.068611 -2.5046 0.49627 -0.52571 -0.68075 -2.1875 1.5386 -1.7782 2.1432 3.7393 -0.0205 2.6059 3.1261 -1.5161 2.6141 -0.53102 0.61256 -1.9953 0.70517 -1.2997 -2.6321 0.46328 -0.36472 -0.32691 1.4377 -1.4292 0.6081 2.3656 0.10481 -0.25637 0.86655
0.09509 1.1629 1.0249 1.0662 0.051511 0.84519 -0.43059 1.488 -0.81645 -0.33354 0.19726 0.6914 -1.1981 -1.2477 1.0829 -2.3544 2.1722 3.0174 0.12294 2.2272 1.934 -1.1327 3.2182 -0.096636 0.6861 -1.5499 1.4381 -1.5199 -1.1058 -0.56803 -1.9197 0.20131 0.0064013 -2.3931 1.1287 0.46295 0.21242 -0.27487 1.5039
-1.2321 1.1154 0.5828 1.4761 0.16627 -0.15718 0.27174 0.51436 -1.0381 1.0837 -1.5768 -0.49175 -1.274 -0.51215 0.34994 -3.0308 1.4867 1.936 0.19221 1.8026 0.81272 -0.54694 3.3665 -0.48737 0.49656 -0.95268 1.4123 -1.2536 0.72564 -1.5244 -2.5714 0.31756 -1.2966 -2.3187 1.2553 -1.3677 0.13802 -0.54121 1.64
-1.3025 0.78437 -0.26976 1.5151 0.044662 0.70067 0.49843 0.30584 -0.99535 1.0722 0.084825 0.20644 -1.2425 -0.069859 0.07414 -1.7041 0.9552 0.70897 0.29484 1.6303 -0.18979 -0.094941 1.8529 -0.55612 -0.034008 -0.3397 0.63485 -1.1994 1.6622 -1.8793 -1.9587 0.22372 -1.6197 -1.2282 1.5906 -2.4126 0.69021 -0.29306 1.5987
-0.079608 1.1995 0.78993 1.51 -0.43335 0.90827 -1.1155 -0.54259 -0.50977 1.2476 0.41484 0.93841 -1.2263 0.099662 -0.032709 -0.64979 0.13864 -0.016857 0.49581 0.40355 -0.36786 0.2128 0.54885 -0.055816 -0.034502 -0.036376 -0.21128 -1.0293 1.7214 -1.8116 -0.9247 -0.64356 -1.4182 -0.46116 1.764 -2.8059 0.75558 -0.67224 1.6071
0.14241 0.74528 -0.57446 1.2872 0.090111 0.84858 -0.65811 0.7036 0.03146 1.0939 -0.22051 0.79218 -1.244 -0.26206 -0.7117 -0.21332 -0.37634 0.25963 0.39915 -0.2002 0.11886 1.3363 -0.2264 1.0051 0.40839 0.49143 -0.7977 -0.69905 0.53996 -1.6036 -0.1253 -1.6441 -0.61944 -0.1062 1.2609 -2.214 0.65646 -1.026 1.3847
-0.23848 1.0811 0.53948 1.5064 0.45411 1.0716 0.43232 -0.22574 -1.0018 0.83196 -1.0826 -1.133 -1.2267 -0.84892 -0.96162 -0.32588 -0.95366 0.41135 -1.0424 -0.018572 -0.23444 1.897 -1.2399 0.17646 -0.97669 1.1444 -0.8598 -0.42776 -0.10933 -1.3431 0.1383 -1.9841 0.16856 -0.58974 0.93557 -1.4519 1.0054 -1.0241 1.2964
-0.84464 1.1396 0.055136 1.3355 -0.20794 0.84451 0.54786 1.0633 -0.7135 1.1149 -0.1486 0.85931 -1.2879 -1.2236 -0.61961 -0.78474 -1.2477 0.28019 -1.9764 0.65283 -0.44934 1.3207 -1.706 0.57976 -1.4763 1.2352 -0.19933 -0.05584 -0.42861 -1.4576 0.045272 -1.6631 0.1758 -0.85089 0.42872 -1.0649 1.1606 -0.40705 1.0664
-2.0298 -0.29493 0.10884 1.0004 0.4873 0.39562 -0.6262 0.14374 1.8213 0.66532 1.2402 0.55936 -0.42912 -1.1742 -0.78816 -0.58483 -1.7275 0.26423 -1.9882 0.31563 -1.2301 1.8953 -1.629 2.0864 -1.0019 1.619 0.92358 0.085579 -0.034584 -1.4479 0.05515 -0.61041 -0.29647 -0.64737 -0.13317 -0.48606 0.79876 0.43226 0.72671
-1.4351 0.011516 -0.56224 0.33391 0.25354 -0.709 -0.2632 -0.77602 1.787 -1.4496 -0.10827 -1.4576 0.13552 -0.50796 -0.89255 -0.94483 -2.4877 0.44597 -2.2037 -0.014681 -1.0446 2.1034 -2.1696 2.2809 -0.33533 1.9222 1.7116 0.29926 0.57519 -1.1193 -0.023971 0.34047 -0.4314 0.36294 -0.75357 0.087045 -0.9127 0.85951 0.26613
-0.96923 1.0908 -0.40961 0.34679 -0.067668 -1.1721 0.10724 -0.63655 0.22872 -0.99622 0.8137 -0.99055 -0.36668 0.67329 -0.68531 -0.31669 -2.8153 0.4602 -2.0497 -0.2474 -1.1968 1.2649 -1.9794 0.85417 -0.73457 1.9383 1.3799 0.30427 0.85526 -0.36857 -0.033537 1.1751 -0.39999 1.511 -1.2896 0.752 -2.4608 1.042 -0.38974
-1.6095 -0.22813 -0.7231 -0.32799 0.74092 -0.50187 0.37619 -1.0117 2.462 -0.64708 2.9882 -0.47382 0.3882 1.3386 -0.17769 0.23309 -2.6212 0.16206 -1.3009 0.11028 0.26628 0.28313 -1.3473 -0.59864 0.0013148 1.4936 0.37961 -0.05654 0.82924 0.45855 -0.023394 1.7948 -0.53412 1.9505 -0.9907 1.3323 -2.7803 0.95252 -0.75674
-1.1372 0.010647 -0.38232 -1.0848 0.79253 -1.2395 0.27559 -0.79376 1.9436 -2.5208 1.8727 -0.37623 0.81686 0.7126 -0.64394 0.53974 -2.2891 0.36767 -0.24502 -0.51005 1.1106 0.49178 -0.51671 -1.2739 0.78206 1.2268 -0.5394 -0.15513 0.28555 1.1789 0.10456 1.8051 -0.51775 1.848 -0.73333 1.4266 -1.9177 0.73911 -1.1181
0.011707 -0.15245 -0.084491 -1.4872 0.23791 -1.6033 -0.69752 -0.76519 1.7098 -1.6642 0.23528 -0.26896 1.0057 0.24377 -1.0085 0.2883 -1.959 0.47319 0.23938 -0.90649 1.6646 0.7121 -0.2082 -2.0756 0.69146 1.0983 -0.82717 -0.2452 -0.2797 1.734 0.22071 1.4694 -0.46726 0.57955 -0.67624 1.369 -0.23836 -0.27922 -1.1887
-0.166 -0.13122 0.21701 -1.4365 0.48269 -1.1789 -0.20235 0.73949 1.9216 -1.838 -0.62677 -0.43259 1.0689 0.11912 -0.52827 0.22681 -1.1177 0.53123 0.54476 -0.73043 1.7647 -0.26615 0.33396 -2.153 0.30655 0.39191 -0.64242 0.18886 -0.5803 1.872 0.17811 0.71719 -0.07238 -0.54166 -1.2326 0.77502 1.1106 -0.94682 -1.1715
-1.0362 -0.29694 -0.22362 -1.6964 0.69847 -0.73164 -0.58634 0.5539 1.9779 -1.7581 -0.96654 -0.37615 1.0039 -0.052704 -0.64289 -0.17283 -0.22501 0.52985 1.0453 -0.6731 1.0986 -0.55212 0.99421 -0.64436 -0.2783 0.056723 -0.29602 0.46082 -0.37751 1.6345 0.18141 -0.039291 -0.061798 -1.3382 -1.2785 0.39511 2.0844 -0.65637 -0.90597
-1.1721 -0.53339 -0.41057 -1.71 0.89922 -0.60818 -0.66802 1.3053 2.1009 -0.96904 -0.17613 0.30883 0.95735 -0.45071 -0.51603 -0.39487 0.062779 0.70713 0.69639 -0.75508 0.34198 -1.0876 0.45193 0.1443 -0.49838 -0.079918 0.034001 0.48523 -0.087712 1.0078 0.061014 -0.81791 -0.2115 -1.3302 -0.6793 -0.09607 1.8936 -0.22966 -0.32081
-0.99226 -0.71863 -0.23305 -1.6043 1.4567 -0.2621 -0.30215 0.85696 1.708 -0.86597 0.12886 -0.2967 0.94495 -0.076894 -0.254 -0.15937 0.26189 0.75936 0.10318 -1.002 -0.24634 -1.1709 0.53711 0.80012 -0.12846 -0.078591 0.2785 0.80639 0.28686 0.38081 0.0067211 -1.1762 -0.084496 -0.70482 -0.29455 -0.46983 0.81473 0.13743 -0.035298
-0.24395 -0.57396 -0.3445 -1.2741 0.77909 -0.51998 -1.0035 0.24045 0.71088 -1.0114 0.4103 -1.1427 0.98976 0.19823 0.078288 0.042692 0.37374 0.55946 -0.49042 -0.96392 -0.16932 -1.1765 0.37703 0.77873 -0.19311 -0.039184 0.40383 0.79646 0.33784 0.050881 -0.058905 -0.80441 0.25163 0.17346 0.27428 -0.31893 0.36194 0.45331 0.050024
-0.88742 -0.59728 -0.3637 -1.532 1.0466 -0.98954 -1.5713 0.17655 0.28239 -1.4519 -0.50927 -0.78732 0.94724 0.18815 0.39227 0.18212 0.27786 0.64245 -0.53284 -0.72049 -0.019037 -1.0377 0.093023 0.5977 -0.16948 -0.016437 0.11121 0.44157 0.15612 -0.27364 0.1279 -0.23394 0.88789 0.72559 0.66441 -0.41142 0.2855 0.45748 0.0086133
-0.73622 -0.35278 0.041382 -1.2841 1.6443 -0.83744 -1.176 0.81652 1.0117 -0.76771 0.59447 0.078557 0.96723 0.23752 0.47674 0.11034 0.14663 0.67837 -0.46675 -0.39626 0.58696 -0.66466 0.039408 0.9257 0.37407 -0.030515 0.14903 -0.0093168 -0.067371 -0.31407 0.015324 0.18411 1.1922 0.53789 0.64175 -0.34239 0.57257 0.11701 -0.031892
-0.95313 -0.3285 -0.37684 -1.4212 1.33 -1.1487 -1.5006 0.73936 0.66365 -0.81179 0.40803 -0.4315 0.93316 0.12783 0.27557 0.11836 -0.089942 0.9713 -0.33048 0.44677 0.82292 -0.23807 -0.11502 1.2584 0.44769 -0.067129 0.1677 -0.40069 -0.20364 -0.24823 -0.39082 0.14915 0.96468 0.0064436 0.10482 -0.29225 0.27046 -0.53716 -0.061644
-0.64639 -0.2044 -0.096253 -1.3963 1.8372 -0.79595 -1.0646 1.1411 0.47932 -0.86657 0.86285 -0.33489 0.94693 0.52984 0.11949 -0.062033 0.022822 0.45032 -0.23714 0.77474 0.48698 -0.4282 -0.2008 1.5375 -0.27841 -0.06131 -0.068935 -0.47274 -0.16979 -0.11549 -0.57381 0.08225 0.54229 -0.51395 -0.33457 -0.15456 -0.27548 -0.8183 -0.057561
-0.21199 -0.24826 -0.17195 -1.3338 1.8638 -0.79713 -0.9747 1.2951 0.31935 -1.0817 1.5129 -0.22464 0.92911 0.3815 -0.093727 -0.14155 -0.082 0.032075 -0.35812 0.57542 0.060235 -0.97024 -0.36768 0.79438 -0.84279 -0.094984 -0.39724 -0.33102 -0.08192 -0.011995 -0.72826 -0.027167 -0.044099 -0.69975 -0.38898 0.16088 -0.83683 -0.56578 -0.043338
-0.46146 -0.39158 -0.19029 -1.515 1.9076 -1.202 -0.66331 1.1099 0.36431 -1.4929 1.6794 -0.50781 0.89895 -0.03208 -0.12243 -0.10169 -0.05118 0.072299 -0.28763 0.60227 -0.028611 -0.90039 -0.13762 0.60036 -0.50578 -0.10415 -0.61425 -0.079864 0.23055 0.06516 -0.42068 0.085905 -0.21467 -0.50839 -0.0039496 0.51942 -1.1262 0.10024 -0.028373
-0.22166 -0.39885 -0.35521 -1.3759 1.4871 -1.2446 -0.7435 0.81129 -0.079149 -1.3471 1.7057 -1.0034 0.89408 -0.40307 -0.15283 -0.027591 -0.069066 -0.21186 -0.34311 0.45948 -0.28259 -0.70132 0.18567 0.079777 -0.49167 -0.11106 -0.30153 0.18403 0.33117 0.3185 -0.29658 0.29672 -0.29046 -0.32548 0.32362 0.71515 -0.81677 0.52366 0.0062212
-0.497 -0.40647 -0.15769 -1.4084 1.5524 -1.2252 -0.81592 0.89543 -0.52731 -1.0616 1.1664 -1.1168 0.85354 -0.33203 0.015188 0.34179 0.13271 -0.20943 -0.072554 0.42864 -0.32755 -0.57188 0.57731 -0.31421 -0.26203 -0.095248 0.12197 0.26156 0.31283 0.41592 -0.30913 0.20666 -0.41511 -0.30334 0.33761 0.46583 -0.56129 0.5208 0.015892
-1.1182 -0.35534 -0.42144 -1.4843 1.7546 -1.1803 -0.69819 0.9937 -0.45487 -0.91384 1.4336 -0.63034 0.83619 -0.085338 0.14019 0.2993 0.37741 -0.37053 0.097913 0.11129 -0.41555 -0.5566 0.72405 -0.3566 0.018781 -0.087377 0.51772 0.24456 0.13267 0.39894 -0.20384 -0.044182 -0.41428 -0.3323 0.28639 0.074709 -0.063842 0.42734 0.022032
-0.86807 -0.39145 0.041465 -1.4448 1.6228 -1.0942 -0.40087 0.80771 -0.20204 -0.68535 1.26 -0.81372 0.84168 0.05537 0.16205 0.36068 0.44422 -0.41594 -0.11182 -0.01615 -0.54373 -0.36977 0.53998 -0.29371 0.21709 -0.08883 0.66492 0.1763 -0.07136 0.18732 -0.16799 -0.40002 -0.39755 -0.50596 0.17608 -0.16919 0.069369 0.080046 0.0030054
-0.33251 -0.24076 0.32049 -1.1403 1.5633 -0.9909 -0.42119 0.73518 -0.39444 -0.41005 1.2096 -0.65131 0.83041 0.45609 0.1766 0.22749 0.46466 -0.47405 -0.39295 -0.10903 -0.81322 -0.2912 0.36298 -0.076933 0.072169 -0.077511 0.46444 0.17227 -0.2683 -0.1899 -0.0072736 -0.53939 -0.33028 -0.57395 0.10829 -0.1872 0.008875 -0.084688 -0.051395
-0.44299 -0.26748 -0.1562 -1.0709 1.1402 -1.2248 -0.82436 0.30388 -0.71768 -0.54476 1.2142 -0.80442 0.80219 0.75012 0.28692 0.23309 0.4152 -0.45428 -0.55737 -0.21968 -1.1099 -0.39112 0.42502 -0.34187 -0.13452 -0.093144 0.13882 0.15566 -0.37359 -0.55511 -0.01117 -0.29937 -0.19562 -0.42043 0.071654 -0.14142 -0.062994 -0.0061482 -0.10037
-0.40704 -0.25806 0.054216 -1.0214 1.0502 -1.4753 -0.85946 0.13575 -0.75472 -0.5926 1.119 -0.78034 0.78467 0.51157 0.36102 -0.17642 0.070309 -0.33946 -0.66835 -0.41506 -1.2477 -0.35396 0.41242 -0.3378 0.040849 -0.16316 -0.031813 0.050642 -0.14694 -0.70712 -0.015755 0.11833 0.0546 0.020886 0.18925 -0.16226 -0.056315 0.37103 -0.10662
-0.16971 -0.21629 0.017106 -1.1153 1.3022 -1.6313 -0.75788 -0.088522 -0.76907 -0.47035 1.2279 -0.87702 0.77421 0.30828 0.32562 -0.18802 -0.30729 -0.47881 -0.51745 -0.23028 -1.139 -0.2121 0.23839 -0.30809 0.22583 -0.20044 -0.048113 -0.19055 0.0044484 -0.67828 -0.31156 0.53253 0.09067 0.37679 0.21291 -0.3041 0.0014667 0.60089 -0.06918
-0.0064047 0.017468 0.11932 -1.0951 1.2945 -1.5872 -0.69698 -0.55791 -0.78499 0.0013107 0.75219 -0.80373 0.74372 0.6099 0.2393 0.14189 -0.3838 -0.46617 -0.18061 0.01402 -0.7409 -0.043658 0.13744 -0.22567 0.59013 -0.18806 0.23215 -0.41519 0.12082 -0.29443 -0.79117 0.99689 -0.12761 0.54106 0.15694 -0.24308 -0.049 0.85266 -0.054633
-0.11846 0.029045 -0.15886 -1.3542 1.1112 -1.6767 -0.96154 -0.83876 -0.67293 -0.016272 0.83613 -0.60589 0.64027 0.60062 0.030816 0.08135 -0.51793 -0.96317 0.20021 -0.24657 -0.6037 -0.1668 -0.042177 -0.4176 0.71865 -0.18641 0.44699 -0.2641 -0.17665 0.24257 -0.62983 1.0699 -0.29227 0.37865 0.015909 0.062731 -0.41506 1.289 -0.24471
-0.045666 0.019278 0.0037183 -1.4149 0.612 -1.5108 -0.78521 -0.68209 -0.85776 -0.39995 0.92357 -0.33456 0.62178 0.83625 -0.18018 -0.070341 -0.32546 -1.5902 0.83655 -0.64228 -0.43185 -0.097465 0.07097 -0.40069 1.3929 -0.25317 0.37542 0.049781 -0.72431 0.64575 -0.20836 0.70545 -0.052635 0.0094882 -0.26827 0.39894 -0.80952 1.3458 -0.51495
0.56092 -0.13126 0.21322 -1.3373 0.62973 -1.4706 -0.78281 -0.47232 -0.76269 -0.50067 0.99185 -0.043086 0.64569 1.1038 0.096719 -0.43765 0.084517 -1.1 0.97332 -0.45659 -0.53025 -0.15882 0.40613 -1.0489 2.2385 -0.54779 0.22239 0.42961 -0.94388 0.85919 0.56366 0.30665 0.39199 -0.1927 -0.30852 0.81714 -0.99677 1.2694 -0.67071
0.36165 -0.26671 0.13379 -1.5862 -0.040586 -1.2437 -1.2431 -0.84941 -1.081 -0.53556 0.32344 -0.094166 0.60399 1.1211 0.28697 -1.0526 0.42825 -0.77188 0.75537 0.028966 -0.74234 -0.53063 0.72529 -1.5042 2.3504 -0.80938 -0.22059 0.6561 -0.89898 0.61871 1.0533 -0.083611 0.59634 -0.3447 -0.26018 0.73299 -0.93112 0.64566 -0.62915
1.0895 -0.28327 -0.20868 -1.3101 -0.54978 -0.48066 -1.5706 -0.93667 -0.7391 0.21719 0.60239 1.1704 0.44809 0.90914 0.50624 -1.3218 0.58498 -0.26441 0.8228 0.18939 -0.81188 -0.50534 1.2854 -1.8236 2.6174 -0.95359 -0.6319 0.60438 -0.39303 0.21415 0.91019 -0.064667 0.36518 0.04919 0.032506 0.27056 -0.10425 -0.20689 -0.31659
1.3382 0.48163 -0.62194 -0.93908 0.60487 -0.79229 -0.93287 -1.5645 -0.99558 0.84426 -1.1447 2.2825 -0.027155 0.48174 0.69876 -1.4325 0.49116 0.039786 0.76912 0.20232 -0.9542 -0.39269 1.1165 -1.8436 2.415 -1.0306 -0.87198 0.32093 0.45896 -0.19699 0.48045 -0.25353 0.20987 0.62182 0.21402 -0.53839 0.85378 -1.0461 0.063595
1.1043 0.25538 -1.402 -1.0114 0.089008 -1.1757 -0.55137 -1.6702 -1.7169 0.6161 -0.88649 1.8128 -0.19897 0.1334 0.88895 -1.0373 0.42524 0.26733 0.85894 0.17637 -0.31075 -0.17167 0.76384 -1.1041 1.8241 -0.92933 -0.79253 -0.10686 1.1335 -0.3965 -0.28208 -0.29657 0.1192 1.1659 0.30003 -0.98987 1.9402 -1.7704 0.38762
1.1487 0.36854 -0.93681 -0.93232 0.25648 -0.433 -0.715 -1.3662 -1.3237 1.4089 -1.2526 2.7224 -0.18108 -0.2704 0.62482 -0.27595 0.17434 -0.089555 0.27908 0.45413 0.24986 -0.316 -0.090728 -0.22881 0.79622 -0.71983 -0.39769 -0.16749 1.6397 0.13433 -0.68232 -0.18369 0.42841 1.5249 0.22426 -0.63025 2.2514 -2.2773 0.42293
1.0276 0.44928 -1.1371 -1.1048 0.26895 -0.44596 -1.1242 -1.9042 -1.1065 0.68766 -1.4221 2.5584 -0.31907 -0.33228 0.36469 0.37144 0.067046 -0.71538 0.52968 0.30643 0.90172 -0.0080635 -0.09759 1.1134 0.12186 -0.5012 -0.24862 -0.085004 1.5776 1.071 -0.8146 -0.25195 0.64351 1.4102 0.15937 -0.4398 1.3279 -2.4446 0.10135
0.74039 0.78938 -0.9167 -1.0611 -0.0078817 0.099862 -1.308 -0.9357 -1.0834 0.754 -0.66235 2.3795 -0.36946 -0.098205 0.68206 1.1496 0.9054 -0.75283 0.60523 0.97944 1.4631 -0.07468 0.28528 1.3961 -0.98635 -0.58175 -0.18335 0.11825 1.0899 1.8769 -0.15075 0.1318 0.56857 1.1056 0.18555 -0.068276 0.29617 -2.14 -0.22376
0.95096 0.50488 -0.55027 -0.9281 -0.38536 -0.8201 -0.34168 -0.76191 -1.5508 0.042831 -0.030643 2.4064 -0.47326 -0.46168 0.71797 1.412 1.9032 -0.93895 0.24058 1.1727 1.88 -0.0088163 -0.30231 0.63893 -1.8497 -0.83772 -0.82809 -0.44057 0.60616 1.641 0.6184 -0.21678 0.54394 -0.27293 0.54277 -0.15945 -0.59621 -1.5402 0.10844
0.88559 0.79097 -0.52 -0.85091 -0.30854 -0.28144 -0.34377 -0.42414 -1.1916 1.218 0.48293 2.2404 -0.60934 -0.58166 0.64208 1.3879 2.4836 -0.24129 0.68095 1.1348 1.9574 0.014815 -0.11785 0.56093 -2.2137 -0.89874 -1.5037 -1.2309 0.19819 0.53142 1.03 -0.30031 -0.20242 -2.1635 1.2911 -0.68485 -0.84046 -0.78481 0.95621
1.0995 1.1105 0.1547 0.295 -0.70183 -0.097783 0.64092 0.39329 -1.8052 1.6286 0.49533 0.27161 -0.82318 -1.7805 -0.3459 1.4663 2.1001 0.24186 0.10186 1.2948 0.13295 0.9179 -0.20922 0.35095 -2.1391 -0.17098 -1.4383 -1.6161 0.095147 -0.89517 0.9802 -0.0046279 -0.41663 -3.3711 1.6606 -0.99119 -0.53005 0.38221 1.6186
0.093163 1.1435 0.55641 1.0536 -0.71888 -0.10504 -0.17674 0.88225 -0.82867 -0.079405 -1.5375 0.70327 -1.1497 -2.5056 -0.82414 1.5183 1.7239 0.65993 0.12951 0.53806 -1.9131 1.774 -1.1332 -0.11414 -2.3041 0.58082 -1.108 -1.4814 -0.17341 -2.121 0.44722 -0.024286 -0.48962 -3.1541 1.5428 -0.97901 -0.46127 1.5035 1.5642
0.20168 1.0987 0.0906 0.97996 0.38948 0.6331 -0.23543 0.61246 -1.1475 0.44046 0.1935 0.090485 -1.1679 -2.4332 -1.2243 1.536 0.75041 0.51799 0.52028 0.67563 -2.8158 2.0858 -1.7839 -0.075152 -1.0854 0.95312 0.12046 -0.42026 -0.56266 -2.3569 -0.10572 0.12653 -0.11301 -1.3546 0.37242 -0.073441 -0.33229 1.7544 0.69601
-2.1887 -0.31544 0.87838 0.33102 0.028602 -0.73108 0.8141 -2.0178 0.51115 0.43308 0.61784 0.28378 -0.0077517 -2.5157 -1.3712 1.0038 -0.47909 0.50504 0.43921 0.50746 -2.7715 2.1941 -1.2952 -0.14409 0.07464 0.98478 1.1817 0.76418 -0.77348 -1.7087 -0.58731 0.10028 -0.040393 0.92593 -0.85459 0.87779 -0.68193 1.7368 -0.45891
-1.896 -0.15766 1.2105 0.7628 0.19969 -0.5202 0.11223 -3.8139 0.9185 -1.6909 -0.26349 -0.70143 0.20298 -1.5322 -0.76935 0.59378 -0.84096 0.14221 0.19454 1.1031 -2.0926 1.3732 -0.2681 -0.30173 -0.044432 0.71654 1.9663 1.8286 -1.1131 -0.40216 -0.53785 0.42262 -0.4379 2.8902 -1.9899 1.2269 -0.80392 0.96685 -1.5291
-1.4025 0.038619 1.3713 0.25389 -0.24224 1.1184 0.85114 -2.5959 1.0397 -0.91733 0.11065 0.9234 -0.095706 -0.54998 0.21087 0.43693 -0.41 -0.25378 0.49116 0.258 -0.43227 0.59638 -0.11414 -1.3473 0.42657 -0.015353 2.0585 1.9254 -0.90005 0.71488 -0.51552 0.71979 -0.47427 3.6295 -2.2705 1.2803 -0.40344 0.59829 -1.816
-2.4208 -0.067897 1.0146 0.14223 -0.063322 0.24245 0.72032 -1.6623 0.98687 -0.13497 -0.75899 0.53648 -0.35202 0.58903 1.008 -0.41415 0.029785 -0.10924 1.2917 -0.036311 1.7305 -0.68409 0.10593 -1.0569 0.55051 -0.93284 1.4046 1.261 -0.78881 1.2207 -0.37672 0.41847 -0.79946 2.9685 -1.7312 0.96398 0.23337 0.15851 -1.3961
-1.5987 0.49215 0.83932 0.31026 -0.090986 -0.10653 1.0892 -1.8279 0.53487 0.12812 -1.3801 0.10912 -0.4773 0.61669 0.92357 -0.29861 0.31752 -0.33301 1.2398 0.16999 2.4908 -0.84898 1.1057 -0.57231 0.90013 -1.0248 1.0163 0.35406 -0.63252 1.0499 -0.4002 0.24446 -0.45443 1.503 -0.93296 0.78981 1.1594 -0.13952 -0.53214
-1.1589 0.88492 0.9723 0.55105 0.075275 0.8224 -0.17441 -1.1525 0.10738 -0.1404 -1.2034 0.6255 -0.69385 0.74484 0.95871 -0.62173 0.89573 -0.5155 0.60984 -0.39028 2.3162 -1.0091 1.0726 -0.25866 0.019666 -0.95716 0.57803 -0.33328 -0.45841 0.67494 -0.40384 -0.17222 -0.45695 -0.09155 -0.068325 0.38993 1.284 -0.16705 0.20824
-1.396 0.54742 0.52428 0.4956 -0.15863 1.0058 0.86157 -0.4123 -0.23752 -0.69898 -0.52836 0.74253 -0.82467 1.441 0.81953 -0.72915 0.96428 -0.79305 1.2986 -0.43371 2.2553 -0.91545 1.0022 0.482 0.43575 -0.83205 0.37481 -0.52212 -0.45743 0.070998 -0.27776 -0.67426 -0.27328 -0.67635 0.30326 -0.24954 0.91749 -0.71616 0.38672
-1.0449 0.75113 1.3001 0.96022 -0.52737 1.4969 0.6977 -0.20189 0.25117 0.75772 -0.91762 1.1405 -0.89122 1.3526 0.50695 -1.1196 0.86979 -0.62861 0.95505 -0.60805 1.6843 -0.77546 0.95155 0.88646 0.475 -0.7016 0.035262 -0.58734 0.06878 -0.45203 0.27432 -1.0433 -0.056286 -0.98366 0.59204 -0.51499 -0.00042686 -0.4403 0.44288
-0.84566 1.0995 0.23467 1.0512 -0.86603 0.97337 0.26277 0.82824 -0.36843 1.278 -0.62166 0.35048 -1.2027 1.0744 0.28395 -0.96844 0.45687 -0.7838 -0.17226 -0.23878 1.4896 -0.42439 0.67147 0.61394 -0.66169 -0.54617 -0.48707 -0.42555 0.30309 -0.63614 0.86677 -1.6744 0.039799 -1.2747 0.66997 -0.72917 -0.89201 -0.73242 0.44949
0.023799 0.96062 0.070256 1.0241 -0.80422 1.5331 0.22577 0.99142 -0.41367 1.1489 -0.32212 1.053 -1.1779 0.99776 0.2531 -0.36567 0.37773 0.032359 -0.57951 -0.58489 0.77587 -0.19564 0.20828 -0.34797 -0.2501 -0.40599 -0.70382 -0.30199 0.75246 -0.4924 1.0645 -1.3298 0.4003 -1.1369 0.66887 -0.57676 -0.90542 -0.4238 0.52116
0.23077 1.1153 -0.38033 1.1733 -0.42945 1.0806 -0.035701 -0.13237 -0.72815 0.84083 -0.02946 0.88009 -1.188 0.62353 0.24072 -0.49987 0.12248 0.56628 -1.0308 -0.35623 0.21239 -0.0066811 -0.087447 -0.65515 -0.56624 -0.27541 -0.84633 -0.21138 0.81193 -0.18995 0.92973 -0.31059 0.54242 -1.0227 0.30066 -0.21496 0.023624 0.094641 0.4859
-0.37494 0.91524 0.33079 0.79199 -1.0936 0.49008 0.16501 1.3911 -0.24363 0.27771 -0.41313 -0.71955 -1.2583 0.14138 0.027238 0.15347 0.19596 0.76579 -1.0725 0.23837 0.097589 0.21239 0.1769 -0.25938 -0.36037 -0.020587 -0.80534 -0.24122 0.63398 -0.067151 0.068943 0.50064 0.87782 -0.42192 -0.075454 0.26416 1.1209 0.14173 0.37839
-0.13566 0.85907 0.76957 1.1566 0.11008 0.67709 0.29873 0.47016 -0.19597 0.25662 -1.8082 1.3229 -1.2552 -0.22454 0.045459 0.39862 0.22607 0.66016 -0.4899 0.4127 -0.17142 -0.091671 0.26209 0.593 -0.42507 0.022449 -0.38786 -0.10558 0.47505 0.05274 -0.46488 1.1629 0.51138 -0.30701 -0.4321 0.076782 1.1808 0.83523 0.24347
-0.095182 1.3318 0.017275 1.1553 -0.077714 0.30915 0.073832 0.34063 0.07731 1.526 -1.5026 -0.014114 -1.2837 -0.2218 -0.050058 0.45489 0.21511 0.14363 0.09229 0.74372 0.15233 -0.29053 0.57393 1.1816 -0.051174 0.038457 -0.14453 0.0038695 -0.052389 -0.15098 -0.90288 1.0593 -0.058224 -0.083408 -0.52828 -0.52863 0.52859 0.65685 0.036076
-0.3534 0.97999 0.18393 1.2729 -0.16486 0.11978 0.66557 1.2564 -0.40465 1.6376 0.20255 0.217 -1.1424 0.012367 0.10298 0.30051 0.20794 0.010796 0.55882 0.39406 -0.40382 -0.53184 -0.12314 0.89439 0.84504 0.07771 -0.043885 -0.10402 -0.27162 -0.11698 -0.792 0.50094 -0.39853 0.12605 -0.089669 -1.1076 -0.5067 0.7284 -0.038214
-0.14766 0.9855 0.52233 1.1876 -0.14523 1.4225 0.50453 0.044094 -0.92114 0.81747 1.1628 0.43695 -1.1613 -0.27391 0.0031493 0.095962 -0.049758 -0.61692 0.38264 0.1468 0.065886 -0.51654 -0.68763 0.59367 0.237 0.010476 0.06141 -0.038026 -0.3424 0.10822 -0.40457 -0.17471 -1.0057 0.096873 0.46841 -1.1399 -1.1576 0.27309 -0.11516
-0.31013 0.93941 0.50881 1.2045 -0.73174 0.82513 0.90671 0.81405 -0.81901 1.3672 0.7912 0.38103 -1.2253 -0.2902 -0.15496 0.031906 0.16211 -0.4541 0.30769 -0.049221 0.13694 -0.14153 -1.331 -0.11931 0.79701 -0.020907 -0.29344 -0.39565 -0.26644 -0.0026977 0.35751 -0.93202 -0.61326 0.22959 0.92414 -0.30581 -1.2212 -0.3411 0.068144
-0.21773 1.1484 0.88934 1.0718 -0.5122 0.99541 0.29962 0.3994 -0.62601 -0.51307 -1.1103 1.402 -1.1891 0.052371 0.014271 -0.098931 0.42832 -0.37471 -0.094002 -0.97169 0.089556 0.35172 -1.111 -0.58154 0.4879 -0.089764 -0.31893 -0.53782 -0.2042 -0.37615 1.2825 -1.0545 -0.06567 -0.32113 0.89558 0.61908 -0.6422 -0.38417 0.44115
-0.63836 0.99653 0.2771 1.1522 -0.55071 0.65947 0.3217 0.70679 -0.68666 0.097063 -0.98809 0.78717 -1.2719 -0.75109 -0.55887 -0.13784 -0.031262 0.60187 -0.92097 -0.2232 0.053662 0.68828 -0.51961 -0.91154 0.086538 0.23661 -0.030388 -0.51998 -0.34932 -0.97371 1.4976 -0.77551 -0.071509 -0.60585 0.34749 1.5467 0.43329 -0.88525 0.61529
-0.48559 0.9995 -0.081413 1.5248 -0.54263 0.63905 0.28467 0.86667 -0.125 -0.11977 -0.20578 0.83479 -1.2213 -0.69574 -0.68637 -0.23015 -0.59448 1.343 -0.94855 0.11846 -0.50916 0.67161 0.1623 -0.27955 -0.12133 0.57313 0.58294 -0.24335 -0.31362 -1.2356 1.294 0.037956 -0.34767 -0.79936 -0.32307 1.4791 0.44589 -0.82208 0.60058
0.087618 0.97215 0.52181 1.7347 -0.66093 0.56029 -0.68239 0.92201 -0.21165 0.084861 0.45987 0.76673 -1.234 0.019645 -0.6666 -0.60446 -0.99395 1.5879 -0.69253 -0.72094 -0.74185 0.31922 1.1572 0.54841 -0.54861 0.61106 1.4421 0.32705 -0.2487 -1.0074 0.40919 0.61908 -0.98665 -0.70231 -0.91712 0.97456 0.048721 -0.9773 0.2355
-1.8826 0.059962 0.6277 0.62933 0.88611 0.17197 1.1799 -0.081032 -0.002063 0.32577 -0.87529 0.53966 -0.75183 0.85278 -0.33618 -0.49602 -1.2075 1.6422 -0.12517 -1.3846 -1.0724 -0.044948 1.0392 -0.46833 -0.72667 0.66346 1.5414 0.60162 -0.33599 -0.48892 -0.58008 0.53355 -0.81814 -0.22575 -1.1813 0.33183 -0.44961 -0.7697 -0.14109
-0.88653 0.50315 0.23153 0.3655 0.78375 -0.18573 0.85919 -0.020634 0.061865 1.1941 -0.4472 0.72978 -0.57973 1.4114 -0.19464 -0.50512 -1.45 1.2637 -0.17051 -1.3717 -1.0331 -0.59939 1.0138 -0.74507 -1.4331 0.56164 1.1973 0.79828 -0.34727 0.31612 -1.5856 0.38205 -0.30023 0.19651 -1.0698 -0.29588 -0.19775 -0.55881 -0.46116
0.45186 0.65408 -0.33797 0.32648 0.97657 0.55786 -1.611 -0.37325 -0.46799 1.32 -0.067233 0.47578 -0.79458 1.7475 0.071214 -0.95509 -1.2015 0.41742 -0.20621 -1.1297 -0.79214 -0.98855 0.91074 -0.52825 -1.1133 0.3798 0.15561 0.50066 -0.061226 0.85246 -1.8223 0.30888 0.46179 0.41371 -0.7083 -0.66078 0.46129 -0.034194 -0.57718
0.82673 0.80818 -0.28777 0.50324 0.90782 0.77215 -1.3354 -0.4224 -0.6336 1.2042 -1.7829 -0.36989 -0.67532 2.0101 0.44861 -1.0728 -0.44969 -0.81773 0.070017 -1.4183 -0.4779 -1.1286 0.6333 0.17193 -1.3953 0.034908 -0.97229 -0.33218 0.66811 0.76118 -1.6496 0.038878 1.5198 0.42363 0.21204 -0.87097 0.55975 0.75514 -0.021371
1.1667 0.57632 -0.068288 0.16109 0.64866 0.10182 -0.73432 -0.32671 -0.96411 1.1798 -0.57957 -1.167 -0.64881 0.86831 0.16873 -0.33646 -0.23946 -0.78955 0.34071 -0.4545 -0.51762 -1.052 -0.09391 -0.053745 -0.80491 0.027613 -1.4911 -1.2505 1.0858 0.075169 -1.0033 -0.69028 2.2354 0.093531 1.0848 -0.77217 0.63253 0.66797 0.80984
1.1036 0.64352 -0.47239 0.10618 0.1903 -0.040425 -0.63874 -0.45975 -1.4503 1.6478 -0.42564 0.11133 -0.64098 -0.13287 -0.79467 0.5238 -0.61953 -1.2737 -0.3592 1.2478 -0.31836 -0.18975 -0.23082 0.081919 -0.17116 0.70669 -1.3189 -1.8008 0.68151 -0.41777 -0.31062 -1.3418 2.5652 -0.081361 1.6501 -0.70233 0.66187 0.35674 1.5178
0.71648 0.75085 -0.829 0.14529 -0.11213 0.36953 -0.57921 -0.82116 -1.2413 1.5557 -0.34754 -1.2079 -0.70042 -0.22226 -1.3777 0.42247 -0.98305 -1.2549 -1.2608 1.8811 -0.6709 0.48428 -0.20509 0.7223 -0.4722 1.3112 -0.37197 -1.6795 -0.4288 -0.23363 -0.036932 -1.8023 1.8966 0.23124 1.5776 -0.93981 1.0838 -0.74703 1.5327
0.64231 0.7765 0.065348 0.23731 0.29659 0.81426 -0.85178 -0.81063 -1.3986 0.67099 -0.82646 0.1311 -0.60686 -0.13483 -1.7591 -0.08716 -0.79076 -1.1555 -1.6083 2.3969 -0.54512 1.0586 -0.71827 1.0464 -0.89024 1.7663 0.34458 -1.0508 -1.4487 0.39951 0.55155 -1.5861 0.77901 0.88552 0.82478 -1.2725 1.0671 -1.0056 0.83437
0.44724 -0.737 0.6217 -0.47018 -0.69152 -0.14828 0.18175 -0.63084 -0.26118 1.0112 -0.60432 -0.17435 0.34763 0.10892 -2.1293 -0.89235 -0.55054 -0.89367 -2.369 2.6584 0.068328 1.1493 -1.7359 1.5457 -1.8372 1.8943 0.39737 -0.35069 -1.9008 1.0002 1.0071 -0.57515 -0.18024 1.7865 0.24424 -1.219 0.49614 -0.63062 -0.089396
0.9972 -0.70534 -0.16179 -0.67069 -0.5292 -1.4709 1.3922 -1.5267 -0.066815 1.1635 -0.078504 -1.9527 0.81987 0.40154 -2.159 -1.7254 -0.14532 -0.36961 -2.7379 2.3808 1.0748 0.95388 -2.0215 1.7196 -1.3638 1.7208 0.20427 0.61921 -1.6327 1.3519 1.4901 1.0807 -1.6067 2.1158 -0.16509 -0.7127 -0.26548 0.42611 -1.0782
1.0457 -1.0212 -0.88029 -0.36442 -0.79362 -1.4887 1.8215 -0.83787 0.073589 0.0031914 1.5256 -1.8619 0.95168 0.31714 -1.7597 -2.5715 0.41617 0.31134 -1.7514 1.5518 2.0585 0.97228 -2.0018 1.3265 -1.4097 1.1967 -0.36536 0.9997 -0.57732 1.1824 1.4862 2.7426 -2.658 1.7833 -0.19597 0.075874 -1.3678 1.5356 -1.5671
0.98938 -1.3029 -1.8846 -0.12204 -0.72087 -2.0527 1.6306 -0.076431 -0.28922 -1.5464 1.4004 -2.3238 0.91761 0.17511 -0.92124 -2.5232 1.0516 1.1283 0.10229 -0.15166 2.6486 0.84913 -2.0134 0.61809 -0.30291 0.43325 -0.54187 1.0589 1.003 0.62391 1.1973 3.2583 -2.3945 0.78425 -0.022293 1.01 -2.1421 1.6278 -1.3999
1.1157 -1.4405 -1.9998 0.11636 -0.09121 -1.9136 1.3548 1.0125 -0.030833 -1.3641 1.1558 -1.6549 0.93043 -0.52475 -1.0961 -1.6527 0.8857 1.2363 1.3162 -1.2145 2.8146 0.84832 -1.5789 -0.58161 0.50739 0.0926 -0.26906 0.77927 2.3886 -0.095815 0.35567 2.2585 -1.2149 -0.53044 -0.015516 2.0351 -2.1057 1.6587 -0.7931
0.8544 -1.549 -2.056 0.31341 0.5024 -0.77564 0.98195 1.9371 0.62322 -1.5301 0.36001 -1.4935 0.95335 -0.28416 -0.74071 -0.17496 0.6957 1.4923 1.7913 -0.86446 2.2599 0.97376 -0.18964 -1.5077 0.72511 0.088555 0.060571 0.42099 2.7046 -0.61803 -0.88939 0.28295 0.19442 -1.7897 -0.18508 2.5544 -1.4327 0.93532 -0.17771
0.87982 -1.6039 -2.1016 0.36316 0.40866 -0.27276 0.34615 2.0131 1.1502 -1.4524 0.5569 -1.1351 0.98396 -0.003853 -0.56246 1.0428 0.43409 0.83801 1.6106 -0.43416 1.2235 0.88002 1.1953 -1.7214 1.1816 0.13253 0.42045 0.45451 1.9326 -0.59448 -1.9885 -1.4533 0.78118 -2.6332 -0.74769 2.1446 -0.70566 0.20134 -0.0014027
0.062857 -2.101 -2.1353 0.087728 0.47917 -0.44169 0.48057 1.8211 0.74615 -1.5688 -0.33423 -1.7258 0.94105 0.035832 -0.49331 1.5511 0.22072 -0.35405 0.49311 -0.15313 -0.06855 0.49941 1.7551 -1.6161 1.113 0.13804 0.71455 0.39477 0.49088 -0.38257 -2.6484 -2.0518 0.63528 -2.4024 -1.342 0.9993 -0.082343 -0.15837 -0.2007
1.1507 -1.697 -0.95333 0.5032 0.92108 -0.03481 1.4212 2.3145 1.094 -0.39486 -0.35729 -1.0228 1.0661 0.16988 -0.46958 1.3582 0.10689 -1.632 -0.72084 -0.044371 -1.1972 -0.25677 1.7784 -1.92 0.69439 0.068009 1.0193 1.2297 -0.39947 -0.12596 -2.2835 -1.4919 -0.11003 -1.6378 -1.4096 -0.018313 0.61762 -0.57174 -0.77508
1.2196 -1.9073 -0.7114 0.37349 0.10819 -0.64955 0.99787 1.6615 0.82285 0.62265 -1.0576 -0.37018 1.0519 1.083 -0.1358 0.6502 0.20687 -2.331 -0.8405 0.1837 -1.2506 -0.86534 1.5406 -1.5908 0.67721 -0.19034 0.26215 2.2686 -0.44783 0.034624 -0.71697 0.039086 -0.80363 -0.79598 -1.0827 -1.1331 1.294 -0.89658 -1.4783
0.85392 -2.0125 -0.55016 0.37218 -0.66243 -1.2138 0.71854 0.94088 0.93998 0.9619 -1.0661 -0.27684 1.0671 1.5476 1.2915 0.69072 0.22921 -2.5313 -0.48041 -0.80387 -1.3985 -0.96631 1.2737 -0.55743 0.33524 -0.91161 -1.1127 2.7483 0.028724 0.070961 1.5801 1.9371 -0.3611 0.31011 -0.39119 -1.7954 2.0566 -0.85508 -1.8298
0.83596 -2.1428 -1.1719 0.37563 -1.6381 -1.2839 0.48296 0.17222 0.19825 0.29823 -2.4419 -1.1662 0.97488 -0.12103 2.3775 0.98533 0.22348 -1.2549 0.45804 -1.3188 -1.5209 -1.0886 -0.26777 0.1924 -0.37887 -1.6789 -2.241 2.3108 0.4881 0.063588 3.3355 2.4667 0.14073 0.72266 0.16586 -1.9854 2.2393 -0.31128 -1.5844
2.7058 -1.7053 -1.7169 0.53566 -1.8964 -0.72706 0.89676 0.92491 -0.2803 0.46193 -1.2192 -0.43882 0.64756 -1.498 2.8187 1.2467 0.22489 0.88907 2.2396 0.019037 -0.43392 -0.84842 -0.92732 1.1587 -0.3714 -2.0435 -2.3517 0.91958 0.30907 -0.064746 3.7512 2.0799 0.88789 0.74956 0.43039 -1.2211 1.9141 0.84809 -0.76995
2.3596 0.17379 -0.24091 0.42129 -1.6677 -0.56406 -0.39613 0.28683 -0.1935 0.95419 -0.49453 -1.1959 -0.2611 -1.9637 2.9217 1.3495 0.32268 2.3878 2.3926 0.056913 -0.29125 -0.62915 -1.3516 1.8761 0.45323 -2.0968 -1.3419 -0.52779 -0.13798 0.04373 2.379 0.72883 0.69559 0.50902 0.63767 0.043795 0.81984 1.6126 0.23507
-0.47962 0.84922 0.86635 0.76375 0.22126 0.54941 -0.0015589 0.021257 -0.14855 -1.0747 -0.26631 -1.1515 -0.69506 -2.3262 2.5389 1.1269 0.072905 2.8744 2.427 0.24086 -0.51871 -0.42678 -0.63681 2.2944 1.5091 -1.903 0.17932 -1.8295 -1.0201 0.16371 -0.028089 -0.79559 -0.024631 0.17948 0.50496 1.0574 -0.20621 1.6789 1.0586
-1.5064 0.19853 0.23304 0.44636 1.1176 1.7736 1.8029 1.3117 -0.13166 -0.40894 0.25245 -0.49588 -0.74089 -2.444 1.6425 0.76704 0.37903 2.3453 1.7303 -0.069792 -0.45821 -0.15866 -0.31668 1.1938 1.7 -1.3796 1.7037 -2.2589 -1.3862 0.15016 -2.0661 -1.5542 -0.45277 0.40484 0.40854 1.7199 -1.1609 0.9169 1.408
-0.59501 0.53594 0.030084 0.75195 1.0982 0.42162 0.23575 -0.14165 -0.22364 -1.2191 0.85439 0.39682 -0.80932 -0.89467 0.42998 -0.50918 0.48229 0.88229 1.106 0.046596 0.020049 -0.18074 0.69404 1.0771 2.1481 -0.74615 2.4555 -1.7345 -0.67819 0.28846 -2.8086 -1.9749 -0.97362 0.32026 0.32319 1.4367 -1.4349 -0.16805 1.2859
-0.49854 0.66518 -0.5038 0.33312 0.6222 1.329 0.60795 -0.5617 -0.76497 0.38321 0.86008 0.97717 -1.041 0.79057 0.23743 -0.61361 0.3803 -0.55656 0.17966 -0.71145 0.25427 -0.022057 1.4569 0.20833 1.8523 -0.47356 1.7868 -1.1121 0.26969 0.12092 -2.1594 -1.1966 -0.23268 0.27694 0.50063 0.84321 -1.2149 -1.2975 0.91787
-0.41828 0.85869 0.10178 1.19 0.51125 1.0244 0.02581 0.56902 -0.20305 0.15066 0.071813 0.90089 -1.0757 1.0586 0.37031 0.45576 0.57205 -1.0405 -0.45226 -1.3132 -0.22683 0.082047 1.3795 -0.021228 1.1234 -0.34513 0.094554 -0.50042 1.1747 -0.013362 -0.52333 -0.73975 0.14909 -0.10716 0.46572 -0.36072 -0.55432 -2.1247 0.61726
0.12606 0.73882 -0.34114 0.92891 -0.11954 1.1748 0.063697 0.57789 -0.32226 1.5011 1.3943 1.1198 -1.1404 0.21862 -0.1692 0.82386 0.54625 -0.81276 0.29993 0.17111 0.22792 0.60512 1.0478 -0.6383 -0.20848 -0.14412 -1.2037 -0.47179 0.76397 -0.31967 0.77065 -0.05709 0.53883 -0.31105 0.22477 -1.0665 0.29935 -1.8124 0.51839
0.0095331 0.78116 0.188 0.88962 0.2116 1.0769 -0.0094981 0.79883 -0.0636 0.61053 -0.31709 1.2037 -1.122 -0.41826 -0.19631 1.1262 0.38084 0.031619 -0.31527 -0.09382 -0.16153 0.33827 0.1798 0.40165 -0.7887 0.055627 -1.3527 -0.36994 -0.191 -0.57448 1.1737 0.10927 0.51838 -0.26457 -0.20238 -1.2441 0.36937 -1.1689 0.47234
0.074342 0.636 0.89668 1.0512 0.049139 0.64079 -0.13508 -0.18356 -0.19749 1.2326 0.81155 1.1033 -1.0689 -0.9265 -0.26151 0.58163 -0.068537 0.41265 0.017722 -0.26497 -0.37519 0.25056 -0.084203 0.55557 -0.5751 0.13813 -0.10533 -0.6233 -1.2402 -0.62119 0.66732 -0.51383 0.37632 -0.035841 -0.4624 -0.80179 0.38216 -0.26438 0.6804
-0.66863 0.29001 0.5312 1.228 0.085927 1.3971 1.039 -0.00058287 0.66386 0.51818 -0.35374 -0.19047 -1.0123 -1.1279 -0.19728 0.19236 -0.10252 0.62574 -0.095666 -0.078612 -0.43042 -0.10555 -0.55339 0.076469 -0.87372 0.25389 1.1787 -1.4839 -2.271 -0.863 -0.3391 -0.94211 0.98746 0.85135 -0.3595 -0.45788 -0.91457 -0.31269 1.267
-1.1836 0.74129 0.78685 0.86145 0.88493 0.7446 -0.16545 -0.27894 -0.64555 0.65085 2.2031 0.18103 -1.0137 0.35652 -1.2016 -1.1977 -0.27423 0.1971 -0.75143 0.90472 0.30827 -0.0038989 -0.19315 0.24374 -0.65561 0.82187 2.2957 -2.0475 -2.1962 -1.0716 -1.0125 -1.8063 0.95513 1.2323 -0.18004 -0.35829 -1.1224 -0.44068 1.8903
-1.2418 0.57268 0.27749 1.0097 0.60913 1.2578 -0.63251 0.60574 0.3205 0.55291 0.74074 0.87711 -0.9668 1.3402 -2.1829 -2.5395 -0.99369 -0.4857 -1.6675 1.2469 1.1921 -0.18099 -0.6803 -1.2406 -1.3284 1.6952 2.4392 -2.0734 -1.512 -1.1743 -1.2127 -1.675 0.85156 0.95804 0.34227 -0.47988 -1.0499 -0.44243 2.0502
-0.96057 0.50377 0.00072872 0.7462 0.4485 0.87973 0.35138 -0.17893 -0.6436 0.43884 0.39139 -0.049412 -0.84086 2.5159 -2.6577 -2.4579 -1.4586 -0.94942 -2.538 0.93518 1.2601 -0.036557 -0.73464 -0.98765 -1.167 2.3725 1.1963 -0.90974 -0.16809 -0.91843 -0.76951 -0.87571 -0.029408 0.057784 0.16296 -0.8802 -0.64889 -0.41938 1.4142
1.6272 -1.2704 -1.1835 0.72968 0.10613 -0.29303 1.7941 1.2327 0.35203 0.67749 0.12388 0.34564 0.071992 2.7613 -2.9011 -2.211 -1.5223 -1.1031 -2.3001 1.5684 0.99944 0.52212 -1.2415 -1.3687 -1.4405 2.6833 -0.14801 0.63004 1.1675 -0.015455 0.077582 0.56485 -0.87036 -0.41395 0.11889 -0.67071 0.22549 0.34992 0.25021
1.245 -1.9575 -2.0859 -0.14597 -0.72057 -1.0953 1.3545 1.4622 -0.367 -0.3949 -1.5676 -1.7547 0.95676 2.0818 -2.3493 -1.7005 -1.5825 -0.94557 -2.0487 0.69893 0.53514 -0.06551 -1.6781 -0.97456 -1.3789 2.5391 -1.6611 2.0451 1.7158 0.82046 0.79745 1.9012 -1.5522 -0.68109 -0.39791 -0.47806 0.15977 0.71701 -1.0593
1.9686 -1.8162 -1.3123 -0.30617 -0.41781 -1.1602 0.8405 1.2742 0.40125 -0.54544 0.24469 -0.98673 1.2546 1.2533 -1.2966 -0.57859 -0.9538 -0.31282 -0.85075 -0.30974 0.75492 0.04443 -1.552 -0.83186 -0.56373 2.0051 -1.9595 2.5786 1.7205 1.5444 1.2683 2.3332 -1.7663 -0.54536 -0.4893 0.19285 0.48681 1.5898 -1.9263
1.6622 -1.779 -1.274 -0.36322 -0.06087 -0.88059 1.242 0.82365 0.34239 -1.2459 0.24687 -0.8032 1.3472 -0.11781 -0.078505 0.16505 -0.32954 0.21218 0.28018 -1.1218 0.055892 -0.51305 -1.5346 -0.96838 -0.26047 1.0594 -1.5292 1.8891 0.98437 1.7317 1.2235 2.0409 -1.1491 -0.44774 0.0738 0.67935 0.019749 1.6104 -2.0047
1.2086 -1.7191 -1.7579 -0.39943 -0.61141 -0.74679 0.30482 1.0405 -0.48185 -1.8459 -1.296 -0.85182 1.3827 -0.1347 0.2276 0.30485 0.50752 0.77864 0.88063 -0.93231 0.1802 -0.13326 -0.91657 -0.44912 0.97667 0.41664 -0.76051 0.70934 0.047368 1.1435 0.76594 0.99539 -1.0268 -0.63417 0.6145 1.0372 0.0186 1.0565 -1.4906
1.7749 -1.4635 -0.86327 0.066297 0.11841 -0.31559 0.84239 1.7421 -0.21654 -1.2294 -1.053 -0.66052 1.474 -0.34311 0.01223 -0.16983 0.66478 0.88329 0.88801 -1.2047 -0.043859 0.15347 -0.61877 -1.1501 0.86586 0.20437 0.081521 -0.27507 -0.28041 0.49536 0.48491 0.45321 -0.99544 -0.7261 1.4419 1.4087 0.83003 0.74737 -0.78671
1.2808 -1.7692 -1.5327 0.096217 -0.026173 -0.4502 0.3637 1.2313 -0.5441 -1.9262 -1.7852 -0.93202 1.4386 -0.1863 -0.17018 -0.31767 0.517 0.84785 0.70628 -2.2463 -0.42919 0.81043 0.08821 -0.7274 0.8525 0.10651 0.028871 -0.59975 -0.2928 -0.33615 0.047146 0.43985 -1.0999 -1.0947 1.3252 1.5092 0.99657 -0.035769 -0.43527
1.3845 -1.711 -1.5153 0.23632 0.3472 -0.23357 0.1845 1.5539 0.17537 -1.6254 -0.74458 0.060929 1.4826 0.071863 -0.33641 -0.087505 0.52077 1.1343 1.2215 -2.382 -1.0547 1.5973 0.80977 0.75976 1.2032 -0.012066 0.06901 -0.36098 0.066081 -0.59947 0.067737 0.68689 0.0011493 -0.89898 0.81554 1.546 1.0296 -0.42428 -0.34537
1.4163 -1.8278 -1.4917 0.17003 0.69326 -0.1544 -0.56852 0.62093 0.87523 -1.7135 -1.4015 0.14836 1.4853 -0.28561 -0.59201 -0.32497 0.0068048 0.7695 1.5432 -2.4632 -1.4565 1.518 1.4185 0.50829 0.74569 -0.15269 -0.17907 -0.1053 -0.15083 -0.78257 -0.057946 0.75991 1.582 -0.56021 -0.31346 1.2267 0.20321 -1.3668 -0.33229
1.2656 -1.917 -1.7565 0.0091008 0.5071 -0.076485 -1.8606 0.25139 1.0605 -0.99365 -1.3473 -0.051971 1.4536 -0.15508 -0.37578 -0.03518 -0.10499 1.0784 1.7576 -1.0821 -1.2864 1.2593 1.8395 0.20848 0.13073 -0.20315 -0.32743 0.26446 -0.47086 -0.88462 -0.13863 0.38598 2.8149 0.16593 -1.1626 1.0195 -0.46593 -2.0082 -0.2583
1.6498 -1.9726 -1.2981 0.42866 0.92258 1.0993 -1.7224 0.0052045 1.6379 -0.17499 0.40707 0.72209 1.3622 -0.44006 -0.32643 -0.6478 -0.50938 0.79045 1.8619 0.18142 -1.4015 0.41547 2.0533 -0.079738 -1.1616 -0.31464 -0.33356 0.56446 -0.54213 -0.66471 -0.013246 -0.2514 3.2759 0.65411 -1.2231 0.52632 -0.47514 -1.9755 -0.14293
0.97438 -2.2689 -1.4744 -0.073538 0.80468 1.2513 -1.3662 -0.085608 1.3075 0.7178 -1.2193 -0.27459 1.2834 -0.52052 -0.033415 -0.8718 -0.73562 0.88356 1.7915 1.7626 -0.73841 0.06255 2.5549 0.12666 -1.5926 -0.33221 -0.25466 0.62059 -0.74205 -0.67427 -0.41519 -1.27 2.1526 0.75832 -1.2268 -0.18113 -0.41879 -1.0948 -0.014266
1.1527 -1.9913 -1.6554 0.046777 1.524 1.1595 -0.099175 -0.19125 1.1648 0.31048 -1.6217 -0.64298 1.2778 -0.78498 0.16889 -0.99528 -0.81476 0.86734 1.0721 2.4747 -0.42407 -0.078097 2.1295 -0.3958 -2.0809 -0.30908 0.53537 0.79284 -0.35968 -0.38502 -0.78286 -1.9597 0.66551 0.86383 -0.94829 -0.7792 0.45981 0.63058 0.07552
0.74287 -2.0431 -2.5969 -0.45991 1.1042 1.6431 0.020859 -0.75564 0.80481 1.2674 -0.81002 -1.5907 1.1585 -0.50391 0.40151 -1.351 -1.1056 0.26875 -0.19313 1.9547 -0.26313 -0.69499 1.4446 -0.46907 -1.4516 -0.22587 1.4501 1.0417 0.057373 -0.11776 -1.4291 -1.9931 -1.1836 0.66257 -0.87589 -1.5108 1.1283 2.0844 -0.14538
0.84929 -1.798 -2.2987 -0.55184 1.6734 1.7544 0.69754 -0.20848 1.3499 2.6049 -0.80934 -1.4614 1.1619 0.64048 0.76602 -1.131 -0.98104 -0.37913 -0.77224 1.387 0.08088 -0.90759 1.0464 1.0883 -0.048732 -0.24751 2.0799 1.7639 0.83609 0.59308 -1.7337 -1.3747 -2.3857 0.56502 -0.92558 -2.1703 1.5786 3.0405 -0.79612
0.24709 -1.8254 -2.4164 -0.49477 1.456 1.2058 0.36243 -0.28676 1.2644 1.9609 -1.5217 -2.1967 1.1188 1.7198 1.3896 -0.6904 -0.85022 -1.2109 -0.97484 0.024633 0.33225 -1.0948 0.060158 1.5527 1.2923 -0.58774 1.3841 2.1718 1.9059 1.7006 -1.4848 -0.34134 -2.2996 0.38833 -0.69798 -2.5251 0.70987 2.3964 -1.5731
1.1891 -1.6541 -2.7756 -0.83482 0.90353 0.62548 0.25477 -0.41981 0.12381 1.6177 -0.66848 -0.54048 1.1383 2.3397 2.5912 0.34952 0.080399 -1.6952 -1.0773 -1.1715 0.40901 -1.5393 -1.5435 1.6358 2.2353 -1.3693 -0.33034 1.9139 2.6742 2.3382 -0.75374 0.46683 -1.3723 0.096246 -0.30844 -2.0515 -0.6493 1.2213 -1.9356
2.4407 -1.2683 -2.7251 -1.0221 0.3924 0.46054 0.69274 0.070423 -0.089572 2.0687 0.72356 -0.23291 0.98153 1.465 3.0801 1.7291 1.2882 -1.8977 -0.66185 -1.2104 0.35514 -1.6323 -2.3407 0.61292 1.8905 -2.1197 -2.3877 0.86952 2.8007 2.579 0.34966 1.046 0.16454 -0.025986 0.41028 -0.60651 -1.0021 -0.12215 -1.577
3.4701 -0.19824 -2.5819 -0.82623 0.039802 0.68645 -0.35789 0.018056 -0.17031 0.24818 0.64802 0.65753 0.43263 0.092375 3.0854 3.0202 1.9691 -1.4568 -0.049291 -0.64288 0.2758 -1.1938 -1.879 0.27508 1.9397 -2.5025 -3.6858 -0.74396 1.9346 2.0238 1.3261 1.086 1.1768 0.078964 1.0043 0.89196 -1.0511 -1.1881 -0.55282
3.1118 1.1039 -1.6669 0.020605 -0.54496 0.79117 -1.4224 -0.17444 -1.0257 -0.81159 0.98766 0.68647 -0.57373 -2.025 2.5793 3.5889 2.6383 -0.63298 0.46609 0.091114 0.36418 -0.5343 -0.98611 0.26496 1.2163 -2.482 -3.2161 -1.8958 0.17588 0.51688 1.6879 0.5818 1.5963 0.40503 1.1282 1.9353 -0.39341 -1.2836 0.69991
1.2134 0.99378 0.17545 1.1235 -0.16428 0.90598 -0.012706 0.30848 -0.52037 -0.57228 -1.6019 -0.10823 -0.98023 -3.4294 1.6091 3.2975 2.8848 0.24403 0.38788 0.4702 0.57677 -0.29044 -0.41528 -0.25348 0.3561 -2.0493 -1.4785 -2.3992 -1.5091 -0.92826 1.3833 0.029257 1.2725 0.44971 0.84499 1.8646 -0.19278 -1.1201 1.6977
0.19638 0.85751 0.54789 0.94503 -0.18053 0.84771 0.12756 -0.12004 -0.54701 -0.019437 -0.3944 0.97887 -1.0895 -3.3309 0.68016 1.9416 1.7224 0.51808 0.21249 1.3385 1.0199 -0.063899 0.83529 0.090886 0.28737 -1.2507 1.2247 -2.8939 -3.254 -2.3495 0.28663 -0.71104 0.66383 0.24646 0.73144 1.0091 0.40901 -0.59022 2.5193
-0.762 0.91024 0.39723 1.3495 0.18499 1.1114 0.67362 0.3672 -0.5904 0.97484 1.3981 1.2721 -1.1152 -2.2702 0.064123 0.81615 0.83767 0.64902 0.14441 1.2113 0.85131 0.083386 0.97565 -0.034669 0.3149 -0.46397 3.1354 -3.1613 -3.6742 -2.8926 -0.80161 -1.1453 0.41769 0.11192 0.98996 0.023116 0.60929 -0.76806 3.1042
-0.87647 0.80528 0.31752 1.7527 0.59432 0.84233 0.30423 1.0243 -0.58097 0.34914 0.14119 -0.045757 -1.2039 -0.11087 -1.4375 -1.6971 -0.36802 -0.25937 -0.71995 1.019 0.72949 0.58767 0.35997 0.92714 0.13821 0.66278 3.3512 -3.1282 -2.8917 -2.6348 -1.1904 -1.3067 0.43404 -0.24208 1.1282 -0.73732 0.14062 -1.4583 3.2367
-0.11887 1.1807 -0.5707 0.6485 0.080481 0.96901 0.58669 1.3378 -0.56861 0.9175 0.40949 1.2464 -1.1701 1.3484 -2.5638 -2.2524 -1.0324 -0.88022 -1.2601 1.4513 0.95927 1.156 -0.12293 0.48883 -1.0005 1.8451 2.063 -2.5088 -1.6577 -2.2112 -1.0006 -0.86557 1.202 -0.54321 0.98759 -0.45433 0.094931 -1.5678 2.8104
-0.35009 1.102 0.35738 1.3811 0.18741 1.0201 0.22264 0.54109 -0.79091 0.36003 -0.60451 0.73923 -1.1752 1.6874 -3.1827 -2.3243 -1.8623 -0.9766 -1.4992 2.0715 0.50515 1.4197 -0.093087 0.079632 -1.7763 2.6529 0.065475 -0.9365 0.16487 -1.079 0.023369 0.30605 1.4883 -0.78431 0.51879 0.030123 -0.5534 -1.5224 1.6372
1.1313 -1.7057 -2.2971 0.48286 -0.86645 -0.36492 1.7222 1.0707 0.90978 0.039079 0.8623 0.33121 0.19321 1.0329 -3.2155 -2.196 -2.2075 -0.8874 -1.0607 3.0264 -0.091135 1.4353 0.29476 0.55089 -1.654 2.9332 -1.3318 0.82764 0.93532 -0.35097 0.8117 1.3025 0.86891 -1.0015 -0.095164 0.10531 -0.82871 -0.76138 0.073474
1.5514 -1.8575 -1.5574 0.017856 -0.96032 -0.35094 1.9763 1.5827 1.0188 0.31464 1.2639 -0.59612 1.0827 0.17805 -2.6627 -1.3963 -1.6287 -0.18506 -0.23876 3.1275 -0.27536 1.3757 0.21993 -0.20082 -2.3764 2.6783 -2.0505 2.6966 1.9225 0.51714 1.1218 1.7916 -0.85277 -1.2138 -0.93666 -0.28858 -1.4748 0.029036 -1.4881
0.69797 -1.7642 -1.7907 -0.37303 -0.25392 -0.17946 2.7785 1.1378 0.91286 1.0744 0.67171 -1.5034 1.2966 -0.61342 -1.4563 -0.84239 -1.7474 0.3081 0.54097 2.6191 -0.60874 1.0053 -0.059129 -1.0024 -2.1192 1.9495 -1.6808 3.2809 2.0994 0.89562 0.85229 1.4393 -2.6028 -1.3923 -1.4681 -0.9856 -1.8549 0.61889 -2.3497
0.083903 -1.7124 -2.0209 -0.5891 -0.42956 0.28105 3.5158 0.60794 0.92427 0.95209 0.52946 -0.97728 1.2533 -1.6707 0.39713 0.85246 -1.1999 0.60503 1.0394 0.63449 -1.6129 -0.046227 -0.48955 -2.0296 -1.4849 0.82275 -0.74979 2.6035 1.6186 0.84305 0.15764 0.54092 -3.4157 -1.2306 -1.5422 -1.2698 -0.90209 1.5691 -2.2677
0.10306 -1.4517 -1.5528 -0.31945 -0.069488 1.0162 3.472 0.68023 1.255 0.69481 -0.71278 -1.6106 1.2758 -1.4705 0.68063 0.88814 -0.87955 0.37956 0.98537 -0.75914 -2.1514 -0.48713 -1.3285 -2.1585 -0.93824 0.19306 0.26651 1.243 0.93663 0.94878 -0.1261 -0.29098 -3.0544 -0.55075 -1.1912 -0.91722 0.46564 1.8351 -1.5199
-0.4491 -1.594 -1.4196 -0.63515 0.015429 0.83341 3.0926 -0.16671 1.1826 -0.42625 -1.4624 -1.9525 1.273 -0.92377 0.57428 0.98278 -0.61058 0.1077 0.55607 -1.7907 -1.9142 -0.64441 -1.6961 -1.3967 -0.029137 0.01681 0.9679 -0.15197 -0.20299 0.6042 -0.14487 -0.6843 -1.4637 0.38327 -0.46137 -0.13423 1.7153 1.917 -0.65352
-0.80177 -1.3144 -0.95502 -0.9919 -0.50428 0.24088 1.8481 -1.0193 0.59936 -0.48551 -1.2193 -1.6102 1.436 -0.44599 0.50982 0.96915 -0.40848 0.34055 0.25488 -2.0755 -1.5276 -0.83287 -1.296 -0.43733 0.58782 -0.01928 1.0817 -0.47099 -0.6071 0.61043 0.16385 -0.29865 0.16351 1.1795 -0.017496 0.81054 1.9553 1.7542 -0.30299
-0.32135 -1.044 -0.73963 -0.94248 -0.27604 0.88658 1.4174 -1.2644 0.1072 -1.2965 -1.4491 -2.0195 1.3041 -0.2126 0.22938 0.4034 -0.39353 0.3723 0.14653 -1.5319 -1.1525 -0.70244 -0.76815 0.41749 1.3401 -0.089534 0.93503 -0.65092 -0.95466 0.5529 0.32852 0.058087 1.3874 1.4447 0.39519 1.1445 1.2552 1.099 -0.25214
-0.64721 -1.2834 -1.1041 -0.87845 -0.038096 0.64579 1.6061 -1.091 0.30367 -1.0048 -0.84062 -0.86262 1.2386 0.37617 0.072165 -0.041081 0.06455 0.58767 0.64814 -0.55976 -0.1898 -0.49161 -0.15103 0.70822 1.6608 -0.2247 0.57459 -0.73581 -0.75819 0.55172 0.25569 0.027563 1.5684 1.2063 0.62521 0.96478 0.6051 0.20796 -0.13929
-0.38515 -1.1453 -0.83039 -0.76122 0.2417 0.96766 1.7107 -1.0744 0.13958 -0.65929 -0.3279 -0.30921 1.2373 0.56851 -0.28548 -0.42796 0.10675 0.64068 0.47988 0.15201 0.28245 -0.10885 0.045893 0.44492 1.4933 -0.27198 0.44724 -0.36822 -0.14539 0.57837 0.079084 -0.13427 0.9072 0.67063 0.33868 0.5803 0.046195 -0.99249 -0.0050835
-0.43399 -1.375 -1.1638 -0.89692 0.27681 1.0645 1.811 -1.1295 0.55175 -0.77449 -0.69616 -0.3498 1.2187 0.33224 -0.45177 -0.13705 0.29319 0.72308 0.15197 0.1339 0.15024 -0.011207 0.24916 0.70126 0.90451 -0.14329 0.06515 -0.11021 0.25697 0.22207 -0.27089 -0.78588 -0.064336 -0.098843 -0.015681 0.11718 0.049056 -1.5293 0.16483
0.10445 -1.4009 -1.2913 -0.66199 0.3648 1.3846 2.0457 -0.56699 0.15944 -0.79794 -0.66082 -0.13435 1.0698 0.71859 -0.11955 0.15833 0.48974 0.48228 0.15786 -0.10871 0.016522 -0.33775 0.20922 0.48815 -0.13242 -0.13584 -0.14416 0.26526 0.53818 0.1353 -0.4623 -1.029 -0.72956 -0.38557 -0.39532 -0.06474 0.27085 -1.4062 0.29191
0.019419 -1.5348 -1.2816 -1.0095 0.10224 0.60995 1.6238 -0.88678 0.2601 -0.78525 -0.83485 -0.13468 1.1502 0.43164 -0.19486 0.17955 0.25884 0.17271 -0.6376 -0.54214 -0.23517 -0.40741 0.011545 0.75934 -0.38052 -0.03296 -0.24612 0.33536 0.40932 -0.02109 -0.66943 -1.0492 -0.96084 -0.36141 -0.41276 -0.16805 0.080521 -0.9149 0.3092
-0.24257 -1.5626 -0.67584 -0.43166 0.87735 1.0535 1.5254 -1.2636 0.11769 -0.81103 0.16708 -0.80359 1.1832 0.22274 0.023174 0.49143 0.36072 0.054248 -1.0235 -0.91185 -0.26859 -0.62145 0.042344 0.91923 -0.48818 0.13116 -0.22503 0.13996 0.27767 0.013116 -0.55211 -0.63133 -0.67034 -0.062623 -0.24884 -0.24205 0.12444 -0.12859 0.22768
0.59382 -1.1589 -0.86218 -0.2949 0.44811 1.0321 1.6019 -1.0214 -0.29806 -0.40801 -0.073356 -0.85927 1.0741 0.076288 0.029951 0.51569 0.32596 -0.32214 -1.1931 -1.3146 -0.40331 -0.61131 0.0020656 0.61954 -0.62327 0.20852 0.16986 0.035304 0.17417 0.044633 -0.5152 0.066472 -0.2118 0.32482 -0.10462 -0.21619 -0.075575 0.34342 0.032163
-0.062246 -1.5704 -0.89402 -0.83682 0.24766 0.036483 1.0804 -1.4202 -0.14319 -0.87032 0.61484 -0.48288 1.2427 0.43536 -0.0021492 0.54556 0.48317 -0.30432 -0.72414 -1.0096 -0.0063288 -0.68395 -0.26569 0.77713 -0.24685 0.1014 0.39239 -0.16625 0.089109 0.081742 -0.27962 0.69935 0.15484 0.44619 0.028481 -0.22207 -0.11294 0.47144 -0.19233
-0.05489 -1.3517 -0.6833 -0.45577 0.31602 0.102 0.8763 -1.0922 -0.38354 -0.7509 0.17715 -0.82142 1.3472 0.66924 -0.12553 0.50025 0.27872 -0.61115 -0.65127 -0.89177 0.2908 -0.56582 -0.26198 0.66115 0.14533 0.034504 0.50188 -0.13094 0.14639 0.34653 -0.040821 1.3862 0.40826 0.54094 -0.048006 -0.036314 -0.10787 0.53665 -0.40069
0.24977 -1.4732 -0.69007 -0.38795 -0.17325 0.052715 0.40707 -1.2381 -0.62584 -0.79435 -0.15131 -0.99131 1.2651 0.7237 -0.17585 0.67633 0.52916 -0.31217 0.016805 -0.81126 0.2808 -0.59529 -0.26502 0.65665 0.013358 -0.079904 0.20612 -0.097786 -0.041242 0.14674 -0.19967 1.4489 0.19854 0.2608 -0.27316 0.092508 -0.30754 0.37447 -0.5642
0.80758 -1.5375 -0.35236 -0.22954 0.27352 0.37664 0.85587 -0.90399 -0.67312 -1.3027 0.96605 -0.49892 1.1738 0.9527 -0.10155 0.74234 0.90246 -0.37072 1.023 -0.61067 0.53642 -0.74383 -0.063342 0.44783 0.25437 -0.32435 -0.079011 0.79965 -0.36012 0.14716 -0.23662 1.5163 0.52103 0.093169 -0.38259 0.41346 -0.42819 0.67203 -1.1872
0.89582 -1.5596 -0.18318 -0.19105 0.0050681 0.39868 0.69655 -0.80031 -0.67497 -0.8518 1.1524 -0.58938 1.1678 0.71144 -0.17764 0.3403 0.42775 -0.78197 1.1418 -0.75346 0.40171 -1.0867 -0.17049 0.26418 0.40319 -0.59812 -0.61875 1.8545 -0.27496 0.30759 -0.48327 0.76355 0.53029 0.24552 0.14242 0.67611 -0.77748 0.96061 -1.8367
1.1654 -1.4066 -0.23953 0.026942 0.03664 0.75089 0.45383 -0.91623 -1.1139 -0.85545 0.7185 -0.86714 1.0511 0.51207 1.1965 -0.055389 0.58658 -0.80462 1.6144 0.10099 0.43064 -1.008 0.53202 0.0035306 1.2112 -1.5585 -1.1952 1.9688 0.35032 0.0044435 -0.74005 0.0066115 0.40444 0.41209 0.982 0.59414 -0.82663 0.87865 -1.8405
0.88131 -1.6812 -0.037134 0.19074 -0.31895 1.2545 0.20325 -0.56365 -1.226 -0.92798 0.78373 -0.089633 0.93728 -0.3193 2.2413 0.52231 1.2197 -0.99709 1.1515 -0.12749 0.83443 -0.21007 0.80781 -0.65319 1.3352 -2.3294 -1.3138 1.5676 1.0523 -0.12548 -0.71625 -0.37721 0.18036 0.62072 1.7558 0.51455 -0.65554 0.82916 -1.2331
0.87718 -1.5622 -0.53392 -0.25883 -0.9463 1.1445 -0.16417 -0.70177 -2.1593 -1.2084 0.20594 -0.514 0.61841 -0.97012 1.9443 1.3523 0.51857 -1.658 1.043 -0.12795 1.1493 0.57582 0.65286 -0.72092 1.4354 -2.3312 -1.3158 0.46209 1.405 -0.37697 -0.07604 -0.56521 -0.50012 0.29086 2.0476 0.15658 -0.26513 -0.0047484 -0.051002
1.2674 0.61323 -0.68382 0.4224 -0.73146 2.029 1.4258 -0.55489 -1.6051 0.41656 0.48772 1.2074 -0.86497 -1.2273 2.0401 1.745 0.25075 -1.7044 0.73967 -0.27754 1.283 1.2663 0.81406 -0.66885 1.8456 -2.1354 -0.84082 -0.4086 0.89199 -0.46826 1.117 -0.46506 -0.54882 -0.053489 1.6029 -0.083959 0.26513 -0.88707 0.99512
-0.008073 0.87053 1.0184 1.3708 -0.7359 1.1435 0.35299 0.60853 -0.14381 -0.1361 0.17789 0.78151 -1.1794 -1.7179 2.0599 2.1492 0.42825 -0.57106 0.78333 -0.78124 0.79649 1.9217 0.85253 -0.5259 0.95169 -1.7328 -0.14577 -0.96396 -0.45271 -0.13525 2.1253 -0.91395 -0.60142 -0.35043 0.33212 -0.48875 0.15895 -1.4314 1.6378
-0.46356 -0.54246 1.5766 -0.35308 -2.3677 1.6788 0.13276 0.59122 0.054032 -0.24813 0.063763 0.66983 -0.60014 -1.6613 1.5059 1.911 0.46532 0.62959 0.43036 -0.85248 0.9219 1.9878 0.5469 -0.25845 -0.076601 -1.0719 0.76698 -1.1879 -1.7814 0.091653 2.3229 -1.2051 -0.09423 -0.53027 -0.97296 -0.54589 0.11513 -1.3243 1.5751
-0.18893 0.48611 1.2332 0.23608 -1.7771 1.7516 -0.15498 0.56987 0.093801 0.24296 -0.22797 1.7821 -0.85642 -1.0524 0.61502 0.35999 0.18353 1.2808 -0.48691 -0.99405 0.65535 0.80821 -0.19035 -0.64003 -0.27472 -0.30237 1.4745 -0.71068 -2.0724 0.72554 1.6906 -1.3815 0.74826 -0.57975 -1.7569 -0.21098 -0.065697 -0.50149 0.93747
-1.3939 0.8348 1.8005 0.78832 -0.27604 2.3242 -0.73049 -0.12575 0.86001 0.3252 0.085776 0.40994 -1.0333 0.00089246 0.7956 -0.93414 0.53496 1.8547 -0.85034 -0.34181 0.32449 0.076946 0.24358 -0.41078 -0.012106 -0.38792 1.4428 -0.50969 -1.4938 0.88902 0.38631 -1.3165 1.1724 -0.72293 -1.7036 0.20903 0.13762 0.31408 0.37048
-0.73406 0.97327 1.0931 0.60282 0.21577 1.5013 -0.039718 0.95696 0.40123 0.009291 0.055481 -0.462 -1.1491 0.45383 1.2375 -0.58547 1.6437 2.0877 -1.129 0.42543 -0.03147 -0.27404 0.58715 -0.5998 -0.01342 -0.60808 0.82 -0.46242 -0.399 0.74168 -0.52886 -0.80025 0.90082 -0.51356 -1.2775 0.28668 0.47559 0.62916 0.1155
-0.12222 1.127 -0.15173 0.838 0.23515 0.76895 0.24698 0.82213 -0.48842 -0.31555 -0.81186 1.5921 -1.2397 0.52375 0.34969 -0.61331 1.2662 0.99358 -1.6806 0.72168 -0.14371 -0.52668 0.58748 -0.033891 0.38443 -0.338 -0.33289 -0.88143 0.6271 -0.19647 -0.92664 0.053323 -0.14501 -0.44797 -0.84883 -0.0071757 0.68322 -0.23073 0.47216
-0.05431 0.94336 0.62251 1.2914 0.20257 0.40793 -0.35667 0.99879 0.29282 0.55929 -0.21395 0.89386 -1.2959 0.35506 0.07124 -0.60205 1.0959 0.72199 -1.5452 0.23186 -0.1067 -1.1818 0.22351 0.072385 0.70767 -0.14457 -1.3062 -1.0942 0.8553 -1.6293 -0.65382 0.63456 -1.0156 -0.2657 -0.18265 -0.23495 0.83129 -1.5002 0.78085
-0.038768 1.1544 1.6462 1.5078 -0.097772 1.1926 0.67941 -0.087449 -0.20582 1.132 -0.93376 0.84458 -1.243 -0.63045 -0.081166 0.33015 0.476 0.78461 -0.53066 -0.51411 -0.5047 -0.99272 0.41905 0.55709 -0.79938 0.12018 -1.509 -0.54236 0.43433 -2.4443 -0.0033122 0.71455 -0.71683 -0.097765 0.49593 -0.43059 0.41601 -1.8035 0.80725
-0.23558 0.87345 0.45626 1.5141 -0.11355 0.030406 0.26349 0.21714 -0.27899 0.89998 0.47049 1.7898 -1.2255 -1.6335 -0.35895 0.65641 -0.75427 0.96297 -0.51309 -0.91283 -0.35834 -0.37053 0.20602 0.69615 -2.2213 0.38486 -1.1203 -0.40113 -0.31515 -2.7809 -0.059623 0.23017 0.094808 0.17482 1.3993 -0.38175 0.6331 -0.96041 0.75118
-1.0203 1.0095 0.60868 1.6768 1.3405 0.55413 -0.67509 0.43539 -1.3078 -0.2256 0.0071279 0.53512 -1.219 -1.5597 -0.3342 -0.3731 -2.0013 0.8926 -0.85721 -0.083197 -0.1941 -0.045583 -0.26336 0.4394 -1.5178 0.66055 -0.041827 -0.19001 -0.90483 -2.0084 -0.40306 0.028417 0.89063 0.38577 1.6688 -0.22894 -0.028284 0.403 0.51344
-1.3839 0.93322 1.2462 0.71352 0.98371 0.88943 -0.5262 0.40151 -0.98271 0.8194 0.48054 -1.6059 -0.9861 -1.4657 -0.46757 -0.88389 -2.4359 0.5794 -0.94196 0.21207 0.099319 0.85058 -0.19644 1.3379 -0.72383 0.76093 0.91984 -0.043237 -1.055 -0.57995 -0.76067 0.14855 1.2234 0.33633 1.5006 0.34852 0.27047 1.7269 0.20767
-2.2967 0.56838 0.95053 -0.02423 0.95751 -0.19022 -0.77577 0.28056 -0.054701 0.44815 -0.090391 -0.94989 -0.81604 -0.80186 -0.34293 -0.71564 -2.1272 0.22851 -0.25088 0.66135 0.043762 1.3857 0.16704 0.15879 -0.79022 0.73647 1.3384 0.14773 -0.45558 1.018 -0.52244 0.4836 0.70815 0.097304 0.67575 0.35035 0.20261 1.4932 -0.20878
-1.4014 0.74253 0.20416 -0.57317 0.72836 -0.39378 0.73093 0.27257 0.34085 0.42696 0.16671 0.27671 -0.56605 -0.14006 -0.42785 -1.2894 -1.6826 -0.13939 -0.52784 1.0977 0.20253 1.6012 0.70124 1.3391 0.64754 0.67362 1.3848 0.50529 0.37949 2.1241 -0.013579 0.68804 0.09682 -0.16504 -0.53734 0.10208 -0.21643 0.81274 -0.59009
-1.8764 0.59053 0.19288 -0.37023 0.49632 0.14188 0.76864 0.12601 0.80293 0.76445 2.1787 0.94508 -0.55658 0.50279 -0.11141 -1.0854 -0.62541 0.27493 -0.1537 0.85827 -0.037253 0.78813 0.001899 0.80968 0.59233 0.38044 0.82047 0.61563 0.97066 2.4101 0.2056 0.68358 -0.76964 0.061372 -1.1877 -0.60999 -0.40118 0.18813 -0.86984
-1.3233 0.62992 -0.13393 -0.043242 0.92642 0.32867 0.029888 0.54812 0.86204 0.76398 -0.52949 -0.64321 -0.58719 0.70207 0.25086 0.060461 0.4649 0.55599 0.29966 0.31318 -0.16905 0.18409 0.099935 0.56973 0.10872 0.019561 0.2815 0.61556 1.7517 1.9954 -0.060458 0.92042 -1.2095 0.3883 -1.214 -1.0946 -1.3643 -0.57297 -0.91446
-1.4934 0.47362 -0.43154 -0.35495 1.258 -0.058878 0.34546 0.80542 0.62904 1.3507 2.8041 0.52204 -0.45551 0.44697 0.33446 0.55437 0.94188 0.30138 0.6173 -0.42596 0.36714 -0.036721 -0.75339 -0.25794 -0.16456 -0.29283 -0.23286 0.28688 1.7181 1.1558 -0.68888 0.73088 -0.89665 0.61064 -0.45412 -0.90811 -1.0472 -0.089138 -0.70141
-0.90556 0.84091 0.42225 -0.23111 1.1935 0.32233 0.45008 -0.1292 0.093267 0.11171 0.52509 -1.1274 -0.58854 0.45929 0.36584 1.4019 0.96446 -0.24281 0.80839 -0.59225 0.78262 -0.16442 -1.1188 -0.79845 -0.04051 -0.41577 -0.25766 -0.0050951 0.77429 0.5046 -1.1071 0.49557 -0.60462 0.41831 0.066832 -0.46166 -1.0271 0.13975 -0.43694
-1.302 0.9643 1.1487 0.4693 1.3788 -0.067071 0.095491 -0.044703 0.576 0.69892 0.68859 0.34105 -0.80096 0.14732 0.30398 1.6876 1.1139 -0.62225 0.96171 -0.4147 0.70765 0.14629 -1.2105 -0.56192 0.50489 -0.49514 -0.21378 -0.21171 -0.24819 0.076554 -0.86194 0.26833 -0.32411 0.086755 0.28628 0.60821 -0.15249 0.43549 -0.15122
-0.99937 0.98762 0.37623 0.40676 0.57508 0.82243 0.29832 1.3752 0.68165 -1.0751 0.25599 0.52385 -0.88577 0.32449 0.25594 1.045 1.2498 -1.0815 1.0603 -0.85221 0.50216 0.21023 -0.59367 -1.2949 0.039787 -0.55945 -0.051138 -0.30185 -1.3609 -0.30635 -0.31832 0.13821 0.11441 -0.27986 0.15433 1.1209 0.1895 0.27715 0.064025
-1.2064 0.80641 1.7951 0.56754 0.22856 1.2158 -0.35724 1.4965 0.59975 -0.41157 0.64585 0.15137 -0.92888 0.076404 0.037433 0.2336 0.93513 -0.90805 1.0022 -0.91213 0.69503 0.28693 0.21773 -0.32828 0.61391 -0.45485 0.28283 -0.17909 -1.4762 -0.52627 0.15979 -0.4016 0.5365 -0.65796 -0.31433 1.3497 0.54073 0.4727 0.1655
-1.1802 0.87195 1.3632 0.87674 0.6698 0.97374 -0.1728 1.0665 1.0119 -0.49979 -0.20695 0.036808 -0.99035 0.38826 -0.0019817 -0.60168 0.53229 -0.68513 1.0574 -0.10987 0.25363 0.039737 0.43383 -0.56985 0.42762 -0.33357 0.43517 0.10865 -0.93555 -0.70121 0.32593 -0.96191 1.1804 -0.50236 -0.51649 0.72151 0.6786 0.85334 0.20187
-0.67178 0.93673 0.57396 0.83513 0.009526 0.90869 -0.57031 0.54215 0.47254 0.73953 0.52491 -0.11091 -1.0692 0.6896 0.13494 -0.45073 0.57348 -0.48783 0.22999 0.26576 -0.44898 -0.33401 1.0035 0.10288 1.1992 -0.34723 0.48534 0.30126 -0.176 -0.5527 0.21838 -1.1063 1.1146 -0.36309 -0.76979 -0.18091 0.38327 0.74599 0.16343
-1.1093 0.95773 0.91309 0.83473 0.40799 1.3519 -0.53506 1.0364 0.68081 0.40484 0.084733 0.53133 -1.126 0.90251 0.38521 -0.49037 0.23107 -0.64009 -0.32725 0.85829 0.1001 -0.40719 0.47545 -0.2155 1.3469 -0.2956 0.092947 0.28715 0.40653 -0.31267 0.25029 -1.1774 0.72804 0.14949 -0.78299 -0.99511 0.35627 0.44074 0.1677
-0.6044 0.9337 0.18136 0.92748 0.30025 1.5068 0.53001 1.0232 0.71649 0.34687 -0.37994 1.2567 -1.1445 0.80615 0.34049 -0.17649 0.14118 -0.48549 -0.34721 0.77571 0.072367 -0.87149 -0.15954 0.21615 1.5533 -0.21621 -0.37282 0.038888 0.41246 -0.049571 0.10765 -0.8204 0.26038 0.1894 -0.5084 -1.0893 0.089863 -0.61106 0.19396
0.0027824 1.0997 0.8482 1.0783 -0.29101 0.91732 0.28816 0.74432 0.0086835 0.47062 1.0656 1.9539 -1.2699 0.51714 0.36855 0.074889 0.21602 -0.17995 -0.82786 1.058 0.30432 -1.0971 -0.98179 0.042698 1.079 -0.13478 -0.70379 -0.19035 0.40784 0.13143 -0.0050618 -0.2914 -0.65931 -0.39645 -0.20014 -0.2656 0.50054 -1.2411 0.15244
-0.14907 1.3064 1.4464 0.76123 -0.40919 0.51964 0.4588 1.7513 0.3245 0.18817 -0.36224 1.0362 -1.2051 0.12019 0.20587 0.092241 0.50036 -0.48537 -1.0305 0.68245 -0.16102 -0.90244 -0.45473 0.12574 0.19543 -0.12234 -0.63201 -0.31999 -0.10188 0.22832 -0.14027 0.21967 -1.014 -0.51137 0.40231 0.43589 0.24988 -1.7349 0.11614
-0.2307 1.153 0.52636 1.0623 0.28062 0.80958 0.21334 0.49974 -0.5257 -0.52603 0.52394 1.8176 -1.2081 -0.19114 0.13588 0.1916 0.28162 -0.624 -0.51412 -0.36082 -0.54842 -0.75258 0.095936 0.779 -0.28962 -0.1021 -0.48639 -0.52228 -0.43569 0.25963 0.040437 0.87816 -1.0075 -0.84079 0.65393 0.94535 0.12813 -1.3468 0.059457
-0.33964 1.3048 0.57064 1.074 -0.016924 0.21204 0.79159 1.2879 -0.93749 -0.88528 0.31979 1.2035 -1.2159 -0.13005 -0.074281 -0.44065 0.50489 -0.50686 -0.083598 -0.46798 -0.49309 -0.32478 0.18806 0.31064 -1.0009 -0.048799 -0.16365 -0.48235 -0.15014 0.013797 0.23231 1.2091 -0.4005 -0.25468 0.72891 0.78393 -0.5528 -0.72663 0.071964
-0.96108 1.0386 0.95159 1.5248 -0.47222 0.51844 0.50009 0.59171 0.03474 0.49502 0.070847 0.99453 -1.3 -0.3513 -0.35713 -0.53386 0.66404 -0.065707 0.34192 -0.30727 -1.1711 -0.21595 0.60988 0.17651 -0.83588 -0.076339 0.12334 -0.39169 0.16126 -0.12597 0.36613 1.1884 0.22687 0.2282 0.59175 0.4504 -1.1234 -0.012163 0.095618
-0.29671 1.2021 0.76795 0.96388 -0.86194 1.0225 -0.35033 0.11344 -0.48508 0.91507 1.732 1.2807 -1.2883 -0.13554 -0.34734 0.1524 0.33732 -0.29269 0.79913 -0.10851 -0.33534 0.13357 0.87609 -0.66879 -0.88517 -0.020464 0.26743 -0.10385 0.5187 -0.48521 0.3741 0.87806 0.46521 0.72378 0.12661 -0.040896 -1.0325 0.60459 0.12119
0.072874 1.0774 0.42245 1.5786 -0.67828 0.55984 -0.082333 0.75621 -0.3241 0.088144 0.4899 0.12379 -1.2631 0.060697 -0.37732 0.21694 0.15357 -0.0023603 1.2639 -0.088969 -0.16073 0.076722 0.66762 -0.9349 -0.36568 0.035434 0.23552 0.11298 0.50181 -0.481 0.23384 0.37076 0.58244 1.1227 -0.0069664 -0.46988 -0.93012 0.69753 0.12718
-1.0961 0.78045 0.55144 1.4937 0.37085 1.0216 0.50147 -0.50602 -0.41256 0.60934 -0.42909 0.51878 -1.2692 0.20671 -0.23772 0.22258 -0.068558 0.20548 1.0985 0.33635 0.44557 -0.24634 0.084878 -1.1608 -0.10131 0.086951 0.019836 0.11944 0.19666 -0.20401 0.26461 -0.055857 0.54569 0.7112 -0.12873 -0.55476 -0.48932 0.63362 0.06839
-0.35419 0.89576 1.0109 1.2906 -0.46129 1.6406 0.41116 0.92387 -0.45691 0.6676 -0.55215 0.84774 -1.2173 -0.04469 -0.22676 0.43582 0.04552 0.15998 0.8933 0.61096 0.66888 -0.040629 0.066741 -1.4058 0.080655 0.070947 -0.11227 0.095371 0.16307 -0.032314 0.059238 -0.26161 0.42587 0.46892 -0.0068931 -0.30671 -0.29409 0.285 0.016113
