39 293
-1.347 1.4135 0.013656 1.3824 -0.21746 -0.40387 0.16258 0.56339 -0.1169 0.69079 -0.62848 0.56442 -1.7014 -0.54804 -0.36343 -0.36487 -0.41056 0.9798 1.169 0.082865 -1.1367 -1.1882 -0.78717 0.31089 -0.43729 -0.072409 0.58025 0.18531 0.50987 0.21645 -0.088962 0.010376 -0.088423 0.47917 0.72875 0.27421 -0.18005 0.29839 0.087796
-1.6769 1.2401 -0.35866 0.96184 0.22852 0.28978 0.055553 0.46951 -0.23005 -0.70202 -0.94949 0.16113 -1.7344 -0.055815 -0.25495 0.14146 -0.21698 1.0459 1.4757 0.18706 -0.73406 -0.86496 -0.71293 0.0031612 -0.0050425 0.013917 0.82808 0.36702 0.73429 0.28821 -0.26128 -0.36105 -0.20621 0.62019 1.2284 0.42412 -0.37051 0.078012 0.092862
-1.8249 1.1241 -0.39068 1.2838 0.48355 0.46855 0.2632 0.12925 -1.5186 -0.6681 -0.14938 0.88201 -1.7713 0.26099 -0.10502 0.34433 -0.097927 0.77634 1.014 -0.13859 -0.30853 0.13607 -0.22175 0.11306 -0.050847 0.02646 0.93973 0.50429 0.6001 0.24209 -0.73306 -1.1916 -0.4601 0.74721 1.215 0.55757 -0.20634 -0.024972 0.024588
-1.8286 1.0618 -0.30949 0.82097 1.0652 1.1335 0.30408 -1.5668 -1.5852 0.36857 -0.20123 -0.26377 -1.7567 0.55011 0.11943 0.66412 -0.025223 0.59005 0.5734 -0.20377 -0.2197 0.6392 -0.16159 -0.32074 -0.46199 0.028359 0.53975 0.4325 0.14902 -0.056927 -1.2927 -1.6966 -0.52168 0.66725 1.0289 0.43866 -0.45731 -0.35997 -0.065668
-0.96023 1.3224 0.65371 1.3852 0.71861 1.2423 0.42126 0.53834 -0.45006 -0.17244 -1.0369 1.0286 -1.62 0.85328 0.28764 0.50552 -0.049768 -0.16282 -0.55446 -0.61057 0.20885 0.52223 0.11761 0.068856 -0.24313 -0.039546 0.15191 0.19126 -0.14387 0.12056 -1.3829 -1.5021 -0.2554 0.5181 0.29252 0.21825 -0.38701 -0.32071 -0.056454
-1.1223 1.3609 0.26373 1.2464 0.38992 0.2585 -0.37389 0.57899 0.82535 0.44624 -0.35397 0.33304 -1.7075 0.63004 0.26869 0.34594 -0.33538 -0.89783 -0.8275 -0.58499 0.43895 1.0308 0.055333 -0.87794 -0.60301 -0.058569 -0.52313 -0.20263 -0.61229 0.23396 -0.85258 -0.97408 0.14464 0.12989 -0.35748 0.30475 0.017907 -0.15366 -0.052022
-1.0934 1.4673 0.57955 1.1142 0.75132 0.52121 -0.018634 -0.13583 0.12096 -0.57233 -1.3288 -0.39386 -1.7261 0.50265 0.1428 0.23875 0.28988 -1.0612 -1.0214 -0.44056 0.47484 0.54992 0.15821 -0.37171 -0.59713 -0.020704 -0.75704 -0.33682 -0.58265 0.36594 0.2132 -0.081441 0.75576 -0.012331 -1.0371 0.24433 -0.40755 -0.011832 0.034551
-0.98554 1.3917 -0.18291 0.84238 -0.0071942 -0.54122 -0.77953 0.35758 -1.0682 -0.51714 0.052649 0.40719 -1.8428 -0.21192 -0.13473 -0.34636 0.24663 -0.55404 -0.97447 -0.0069675 -0.070263 -0.070582 0.48294 -0.058395 -0.57277 -0.064542 -0.65632 -0.43034 -0.30763 0.52538 0.91667 0.30993 0.65201 -0.099321 -1.083 0.45593 0.11893 0.952 0.17747
-1.2985 1.3045 0.24603 0.73356 -0.49766 0.19321 -0.064275 -0.010243 0.045154 0.19489 -1.9134 -0.13681 -1.7699 -0.085486 -0.058348 -0.23657 0.3441 0.057895 -0.64861 0.56524 0.44171 -0.98807 0.44541 -1.1451 -0.26669 0.019594 -0.36343 -0.83854 -0.054939 -0.26297 1.0301 0.57452 0.61587 -0.1721 -0.063396 0.13046 -0.15846 1.1877 0.83859
-0.81598 1.3027 0.59444 1.9362 0.011406 0.080618 -0.13736 -0.13179 -0.16914 0.8077 -0.45164 -0.54677 -1.6442 -0.25376 -0.33255 0.011563 0.61617 0.24604 -0.47401 0.17611 0.24772 -0.35339 0.88489 -0.24823 1.1217 0.20794 0.44634 -0.99393 -0.033755 -1.0838 0.42896 0.32377 0.23594 -0.48242 0.73727 -0.39262 -0.25423 1.1193 1.506
-1.4488 1.1932 -0.1356 1.5172 0.35825 -0.45511 0.2675 0.80003 0.083922 0.3997 -0.86162 0.53756 -1.7483 -0.12539 -1.1327 -0.037966 -0.36889 0.45357 -0.25339 0.66193 -0.047595 0.58609 0.2666 -0.58554 0.90983 1.196 1.207 -1.2799 -0.601 -2.0344 -0.79856 0.0045036 -0.16319 -0.83355 1.2771 -0.42168 -0.14699 0.10776 1.8804
-1.0849 1.4781 0.019661 1.2609 0.78476 -0.57327 0.38328 1.0428 -1.4807 0.34388 -2.7134 -0.4174 -1.7289 0.62135 -1.228 -0.50365 -1.3833 0.042773 -0.60717 0.40323 -0.85276 0.64532 -0.1851 -0.83743 1.0585 1.7768 2.3114 -1.1568 -0.84096 -2.1128 -1.6857 0.21152 -0.087573 -0.6682 0.74708 -0.23702 -0.021265 -1.5914 1.7938
-1.3991 0.89566 0.6033 1.7319 0.43616 -0.16841 -0.54034 -0.353 -0.34975 0.7281 -0.29232 1.9528 -1.4866 1.6638 -1.7123 -1.1016 -2.3943 -1.3331 -0.59429 0.13759 -0.78617 1.0999 0.1637 -1.1365 -0.0079843 2.2684 2.4568 -0.79734 -0.7438 -1.0286 -1.7926 0.64205 0.1433 -0.25933 0.13775 0.012029 1.0344 -1.8604 1.0043
-1.0379 -0.27583 -0.29638 -0.28727 0.006704 -0.56922 0.72455 0.072737 0.82122 -0.11948 -1.3927 0.61597 -0.14557 3.0329 -1.9417 -1.0297 -2.2537 -2.0062 0.058419 0.27057 -0.80747 0.91238 0.49624 -0.0086275 -1.5389 2.5654 1.4994 -0.45806 -0.20849 0.42054 -0.73338 1.2339 0.73119 0.4957 -0.74775 -0.44826 1.4825 -1.9472 0.13101
-0.1374 0.41596 -0.39911 -0.44708 -0.41037 -0.66184 0.46019 -1.606 0.83962 0.32005 -3.0884 0.52565 -0.096048 3.1126 -2.0825 -1.1657 -1.8185 -1.8669 0.55409 1.0075 -0.62025 0.75135 -0.0062349 1.0639 -1.4408 2.422 -0.4032 0.22211 0.74533 2.1773 1.1073 1.31 0.63887 0.60666 -1.8723 -1.1773 1.7546 -0.46865 -0.87484
1.0532 -0.4398 -1.3061 -0.7254 -1.7329 -0.94992 -0.094467 0.094254 0.79984 1.3901 -1.6065 -0.87066 0.25062 2.6119 -1.7904 -0.8576 -0.88573 -1.0615 1.0288 1.3855 0.12908 -0.66024 -0.97105 1.0177 -2.0453 1.9117 -2.1939 0.42547 1.3818 2.8422 2.4915 0.75374 0.12787 0.83988 -2.2678 -1.522 1.1771 1.2224 -1.2778
1.7355 -0.59493 -0.9561 -0.6558 -1.482 0.095407 0.81027 0.10319 0.023514 0.93602 -0.65462 -1.3947 0.45412 1.1536 -1.4146 0.21663 0.94436 0.25314 1.2683 0.81866 0.04768 -1.8523 -1.4604 1.8469 -0.66294 1.1847 -2.899 0.70708 1.8067 2.7662 3.1249 0.030282 -0.66473 0.25953 -1.9558 -1.3005 0.24668 2.0077 -1.2543
1.2907 -0.93433 -0.91301 -0.40873 -0.89145 0.5014 1.8247 -0.61498 -0.1954 -0.29254 -0.28405 -0.22581 0.608 0.058009 -1.5672 0.87807 1.6126 1.5715 1.0435 0.61433 0.65948 -2.3189 -1.8374 1.9478 0.49469 1.1236 -2.5779 0.71438 1.4054 1.8462 2.621 -0.91171 -1.3008 -0.33632 -0.69097 -0.51765 -0.37768 2.0499 -0.98051
0.75587 -1.3036 -0.49635 0.22413 -0.60549 0.93591 1.4535 -0.20824 -0.76044 -1.454 0.18323 -0.45672 0.79751 -0.83807 -1.0217 1.363 2.04 2.6346 0.58107 0.10811 -0.32575 -2.3256 -2.1822 1.096 1.2584 0.79343 -1.3395 0.85213 0.53067 0.42529 1.3838 -1.5143 -1.3537 -0.19677 0.4366 0.60715 -1.0634 0.64938 -0.71823
0.19993 -1.3149 0.076691 0.93308 0.36799 0.43015 1.1042 -0.54074 -1.5793 -1.5318 -0.36239 -0.096303 0.97988 -1.0401 -0.80249 1.2125 1.9789 2.6268 -0.29617 -0.77548 -0.39889 -1.7894 -1.6226 0.64832 1.0463 0.5263 -0.20042 1.0827 -0.19206 -0.53064 0.020899 -1.5618 -0.97198 -0.13544 1.1345 1.6008 -1.1111 -0.35877 -0.76246
0.85309 -1.3684 0.28007 1.1805 0.92503 0.23775 0.70928 0.31148 -2.0664 -0.91104 -0.34697 0.60341 1.0487 -0.70891 -0.38554 1.0508 1.5555 2.2992 -0.81979 -1.1051 0.16065 -1.218 -0.28621 0.38785 0.35513 0.32534 0.54943 0.85849 -0.70817 -1.326 -1.2732 -1.0361 -0.17135 0.32114 1.647 1.7918 -0.40081 -0.97247 -0.62418
0.61366 -1.4943 0.25822 1.4311 1.2999 0.15639 0.43766 -0.78603 -2.1127 -1.6907 0.39403 0.019099 0.96268 -0.36117 -0.093917 0.67903 0.88771 1.7735 -1.0999 -0.65881 0.13124 -0.5719 0.52269 0.098161 0.25459 0.12829 0.60038 0.98813 -0.76898 -1.6072 -2.0368 -0.35135 0.7106 0.31835 1.503 1.2068 0.024078 -0.73903 -0.62842
0.42796 -1.5326 0.42344 1.5122 1.5893 -0.014236 0.39594 -0.8291 -1.9332 -1.8215 0.37149 -0.023622 0.95127 -0.17805 0.045959 0.30589 0.15283 0.68418 -0.91046 -0.28012 0.10064 0.39595 0.44283 0.58028 -0.24619 -0.013877 0.40217 1.3579 -0.2741 -1.7557 -2.5856 0.1946 0.51388 0.56949 1.0848 0.85886 0.23517 -0.041955 -0.88345
0.19433 -1.3612 0.51103 1.4858 1.7518 -0.39072 0.48889 0.2042 -1.7371 -0.59793 0.12888 0.10543 1.0163 -0.21402 0.6173 0.147 -0.27068 -0.36553 -0.90641 0.18942 0.31661 0.44461 0.51756 0.60643 -0.093742 -0.31723 0.18038 1.7064 0.32921 -1.8396 -2.8384 0.47818 -0.45802 0.76888 0.099898 0.80628 0.25422 0.23335 -1.1839
0.30105 -1.3724 0.52489 1.4122 1.6643 -0.60847 0.62035 -0.064059 -1.8793 -0.61787 -0.16137 0.09744 1.0046 -0.048918 1.5037 0.80772 -1.0899 -1.4537 -0.58516 -0.53265 1.2906 0.4747 1.5113 0.60792 0.46153 -0.87638 0.060616 1.6519 0.81783 -1.6358 -2.2693 0.61661 -1.1843 0.52032 -0.60193 0.74259 0.11663 0.43876 -1.2639
0.41126 -1.2784 0.44595 1.0495 1.059 -0.621 0.57506 -0.42527 -1.0291 -1.1099 0.77026 -0.19879 0.96939 -0.092693 1.9962 1.0514 -1.8701 -2.451 -0.41856 -1.4174 1.1853 -0.38852 1.6761 0.59644 0.3752 -1.3495 -0.076285 0.62825 0.33829 -1.1319 -1.1276 0.6992 -0.85783 -0.3389 -0.23665 0.4868 0.22404 -0.26512 -0.48827
0.67418 -0.53746 0.42197 0.96319 0.39148 -0.8355 0.93425 0.47299 -1.9072 -0.55531 0.79913 0.56842 0.53309 -0.12193 2.0858 1.3941 -2.051 -2.5062 -0.060096 -1.7676 0.78373 -0.37443 1.4213 0.82369 0.39839 -1.5359 -0.41088 -0.94873 -0.72619 -0.22113 0.21738 0.55798 0.24156 -1.6663 0.43735 0.0023434 0.012365 -0.95809 0.77455
0.29495 0.31675 1.8954 -0.098738 -0.41683 -0.36815 -1.0391 1.2956 -1.4049 0.94038 1.1174 0.57349 -0.10496 -0.30795 1.3687 0.49414 -1.8653 -1.9449 0.074656 -0.85191 -0.15017 0.41594 1.5987 0.95062 -0.56947 -0.77456 -0.51518 -2.3314 -1.3351 0.66279 1.703 0.81982 1.3061 -2.1956 1.5508 -0.44094 -0.57215 -1.1053 1.9056
0.081631 0.39154 1.6338 -0.78597 -1.1904 -0.7701 -1.5933 0.7791 -2.9501 0.79507 0.59204 0.20148 -0.24119 -0.67594 0.2614 -0.27129 -1.4893 -1.3063 0.15652 -0.34594 -1.6008 0.97303 1.5981 0.46187 -0.9383 0.085856 -0.36142 -2.8484 -1.6917 1.3013 2.6022 0.98611 1.8599 -2.0789 1.7441 -1.1517 -1.5862 -0.37828 2.3546
0.17599 0.40118 2.0688 -0.5095 -0.60838 -0.46872 -1.1186 0.72446 -1.6739 0.88566 1.1563 0.51402 -0.18186 -0.73868 -0.92596 -0.61642 -0.91916 0.11765 0.93477 0.40197 -2.3136 2.0747 0.73177 -0.35426 -1.1185 0.91358 -0.13869 -2.1159 -1.0776 1.4073 2.7669 1.1601 1.4065 -0.99762 1.4918 -1.6476 -2.1029 0.99302 1.6668
0.14344 -0.52413 0.030044 -0.46057 -0.38069 -0.56447 0.84815 -1.2738 -0.26091 1.0961 1.5446 -1.2414 0.82635 -0.55191 -1.4531 -1.2206 -0.11579 1.3065 1.2721 1.2077 -2.576 2.3215 -0.45077 -1.6726 -0.057299 1.4181 -0.054552 -0.72386 -0.28616 0.91758 2.3253 0.93287 0.59444 0.54718 0.77264 -1.6446 -1.8399 1.7877 0.5155
-0.3177 -0.87896 0.11865 -0.65447 -0.82736 -0.43754 -0.047397 -2.5137 -0.056452 1.3007 1.196 -0.61436 0.93251 -0.61309 -1.2532 -1.0484 0.05173 1.8996 1.5936 1.0958 -1.7915 2.7603 -0.69381 -2.1586 0.96074 1.2482 -0.14815 0.78514 0.7276 0.25392 1.4057 0.20791 -0.55985 1.8221 -0.35628 -1.2415 -1.0077 1.9019 -0.72997
-0.16451 -0.97293 0.92409 -0.49581 0.64831 1.0252 0.2865 -1.2709 0.53162 0.71398 -0.23578 -0.12113 0.90464 -0.82993 -0.76043 -0.58702 -0.27335 2.1308 1.4931 0.45967 -0.68689 2.2043 -1 -2.2891 1.5579 0.75043 -0.09463 1.497 1.1902 -0.21339 0.56715 -0.39668 -1.0593 2.1579 -1.0352 -0.7417 0.28298 0.67818 -1.2194
-0.29307 -0.76121 0.60048 -0.45842 0.95267 0.98045 -0.17014 -1.7873 0.47373 -0.10496 -1.5945 1.0896 0.96269 -0.85988 0.028746 0.43783 -0.36192 2.3203 1.1797 -0.30599 0.64336 1.4398 -1.4822 -2.044 1.8347 0.070498 0.05704 1.3071 0.86146 -0.28298 -0.35797 -1.1181 -0.87657 1.3053 -1.4014 -0.15637 1.5512 -0.81701 -0.95926
-0.52117 -0.76595 0.23883 -0.70873 1.0802 0.93106 0.21157 -1.3987 0.9905 0.093425 -1.1845 1.1799 0.90857 -0.59208 0.37992 0.27563 -0.29159 2.1484 0.74154 -0.1403 0.82638 0.92449 -1.526 -1.1606 0.85635 0.04063 0.31673 0.63333 0.44301 -0.065412 -0.93097 -1.259 -0.32817 0.3245 -1.0465 0.69816 2.4101 -1.8549 -0.4451
-0.76702 -0.73944 0.61058 -0.91945 1.9199 1.0583 0.29223 -0.9234 1.8143 -0.13251 -0.55395 1.1294 0.91883 -0.62169 0.33776 0.14251 -0.45 1.2192 -0.072313 -0.29924 0.24812 0.60741 -0.70646 0.36892 -0.28277 0.056295 0.48913 -0.10694 -0.10036 0.18103 -1.3691 -0.92946 -0.051147 -0.42224 -0.7519 1.362 2.0705 -1.9648 -0.003309
-0.86569 -0.63652 0.80957 -0.88907 2.1011 0.84126 0.022279 -0.93557 1.2743 -0.94502 -0.95155 0.45219 0.94329 -0.36975 0.13596 0.39751 -0.33927 0.94196 -0.17722 -0.17717 0.20937 0.54057 0.079264 1.3047 -1.022 0.040059 0.50246 -0.44767 -0.17079 0.49595 -1.6263 -0.39783 -0.23029 -0.73911 -0.80874 1.4507 0.91317 -1.1843 0.020748
-0.67557 -0.47697 0.74822 -0.78286 2.0109 1.1567 -0.31005 -1.2781 0.88276 -0.88271 -0.92006 0.54003 0.98409 -0.08046 -0.018181 0.19389 0.0060672 0.36774 -0.061559 -0.38474 0.053435 0.1436 0.53623 0.84816 -1.0811 0.065873 0.5312 -0.5212 -0.17361 0.89488 -1.4028 0.19957 -0.15416 -0.77111 -0.97031 0.87378 -0.34167 -0.4366 0.022356
-0.82711 -0.64214 0.92729 -1.0607 1.9581 0.8118 -0.16771 -1.2542 1.3969 0.061687 -0.0096468 0.011738 0.96586 0.051969 -0.17247 -0.065245 0.40481 -0.46092 -0.003429 -0.54153 -0.65241 -0.44595 0.85463 0.42262 -1.0622 0.069733 0.40021 -0.51125 -0.079396 1.0173 -1.1505 0.2115 0.018215 -0.82282 -1.0971 0.10288 -0.84938 -0.19656 0.026534
-0.73409 -0.70337 0.89453 -0.90296 2.1635 0.69206 -0.076815 -1.3377 1.6092 0.35752 0.33312 0.27402 0.96457 0.13401 -0.35954 0.053398 0.83747 -0.69792 0.18117 -0.41366 -0.96556 -0.8262 0.73121 0.13679 -1.1077 0.077943 0.40036 -0.41083 0.20208 0.91338 -0.5897 -0.026406 0.37996 -0.63749 -0.96894 -0.61682 -0.57956 -0.25665 0.017338
-0.69057 -0.81654 0.40437 -0.64859 1.6959 1.0806 -0.26498 -0.92202 1.3702 0.61588 -0.39645 0.00094586 0.9725 0.25304 -0.52849 0.3241 1.1301 -0.67366 0.063349 -0.12564 -1.0363 -1.1561 0.2349 -0.022641 -1.381 0.077246 0.46744 -0.25114 0.28477 0.6324 -0.047026 -0.22332 0.65644 0.03908 -0.50993 -0.88358 -0.010334 -0.30105 -0.016718
-0.77915 -0.82891 0.71083 -0.2781 1.2879 1.0651 -0.7014 -2.3278 0.58608 0.2904 -0.48297 -0.34334 1.0138 0.54929 -0.50983 0.38388 1.337 -0.62932 -0.16309 0.14466 -1.1134 -1.4254 -0.36861 -0.075569 -1.4124 0.090507 0.53201 -0.061222 -0.13198 0.16164 0.16682 -0.45698 0.69992 0.74784 0.04261 -0.57652 0.701 0.0309 -0.10647
-0.62094 -0.93977 1.1236 0.21001 1.3669 1.1925 -0.5296 -2.4314 -0.21893 -0.30321 -0.81585 -0.8986 1.042 0.69575 -0.50385 0.30937 1.3309 -0.58748 -0.25542 0.45189 -0.49028 -1.1485 -0.35421 0.51468 -1.4879 0.036914 0.58017 0.08295 -0.7968 -0.43393 0.1253 -0.61446 0.61309 1.3154 0.51597 0.18189 0.96914 0.84247 -0.24819
-0.37935 -1.1136 1.3316 0.28346 1.4396 0.92331 -0.11522 -2.3994 -0.073767 -0.087457 -0.12509 -1.0766 1.0366 0.88068 -0.46544 -0.18158 1.0455 -0.4348 -0.50596 0.65432 0.36549 -0.72233 -0.10674 1.2689 -0.97852 -0.073189 0.57955 0.34444 -1.4903 -0.85716 -0.23678 -0.76132 0.16947 1.5474 0.41747 0.82264 0.6553 1.5029 -0.44119
-0.17671 -1.1735 1.168 0.37183 1.3777 0.31345 0.24571 -2.4444 0.12285 -0.11774 0.31729 -1.2731 1.0349 1.1423 -0.4067 -0.88334 0.48687 -0.54208 -0.89643 0.80818 1.0421 -0.44918 0.51823 1.2393 0.07629 -0.24079 0.53317 0.89721 -1.5908 -1.0063 -0.70361 -0.73939 -0.52667 1.1162 -0.30999 0.77295 -0.12518 1.7671 -0.71051
-0.056862 -1.2065 0.8022 0.7278 1.2323 0.75972 0.31689 -1.3674 0.3015 0.22142 0.77733 -1.2517 0.97231 1.3799 0.016449 -1.8117 0.19015 -1.0979 -1.2393 0.29639 1.4344 -0.91446 0.91622 0.87202 0.78051 -0.4818 0.36533 1.6818 -0.54281 -0.72778 -0.91099 -0.099744 -1.091 0.55833 -0.93527 0.27719 -0.73727 1.3879 -1.0207
0.13967 -1.259 -0.023755 0.58991 0.9279 0.58642 0.14237 -0.79638 -0.041457 0.3869 0.90427 -0.98214 0.88838 1.4163 0.74091 -1.856 -0.085065 -1.5716 -1.2458 -0.38687 1.3671 -1.653 0.75403 0.47058 1.1278 -0.90432 -0.21842 2.309 1.1221 -0.21561 -0.32385 0.43327 -1.0005 0.013211 -0.57282 -0.49013 -0.85913 0.81827 -1.2388
0.50018 -1.2595 -0.095412 0.23603 0.6434 -0.246 0.36671 -1.5532 -0.58606 0.87295 0.52997 -0.066765 0.76308 1.4107 1.7393 -0.70871 0.00099971 -1.6221 -0.53199 -0.85831 1.4018 -1.9769 0.38399 0.19321 1.2441 -1.3872 -1.6115 2.1537 2.4909 0.16798 0.63355 1.0094 -0.31738 -0.26132 0.81122 -0.93667 -0.098396 0.15601 -1.2549
0.97519 -0.78481 -1.1211 0.52804 -0.019444 -0.57257 -0.20573 -0.49733 -1.7031 0.89912 0.29198 -0.25382 0.52413 0.73979 2.5439 0.67662 0.19473 -0.88802 -0.48723 -0.54934 1.0914 -1.0464 -0.17196 -0.12378 1.471 -1.7857 -2.9939 1.1018 2.2645 0.3555 1.4908 1.2666 0.2981 -0.28037 2.1706 -0.96283 0.091608 -0.2219 -0.88906
1.0154 -0.12128 -0.52447 0.18628 -0.4041 -0.61736 -0.62113 -0.73204 -1.9518 0.67567 0.92707 -0.11836 0.041359 -1.1846 2.671 1.6027 0.37035 -0.26379 0.18584 -0.23495 1.018 0.43378 -0.48781 0.97992 0.93106 -2.0648 -3.6162 -0.40446 1.3998 0.26958 1.8158 1.0387 0.78336 -0.4949 2.7853 -0.82498 -0.11028 -0.15226 -0.15686
1.1691 0.83884 1.0178 0.75789 -0.2834 0.57508 -0.76983 0.010073 -1.8749 0.26242 0.83039 -0.032008 -0.37881 -2.6851 2.0979 1.244 0.39589 0.52245 0.66453 -0.11966 0.96393 1.5238 -0.73044 0.26588 0.86217 -1.9991 -2.8641 -1.7415 -0.058157 -0.077869 1.2353 0.50786 0.75543 -0.63661 1.7505 -0.47878 -0.085793 -0.065796 0.66094
0.31124 1.2472 1.6046 1.0001 0.72244 -0.062388 0.13091 0.13512 -0.17137 0.015246 0.48132 0.7752 -0.71722 -3.3997 1.3031 1.6403 0.40773 1.0514 0.7495 0.44511 0.41166 2.3546 -0.97601 -0.21453 1.2635 -1.5331 -1.0457 -2.3158 -1.3218 -0.41628 0.37272 -0.43956 0.56271 -0.77175 0.13433 -0.27022 -0.53376 0.10406 1.2842
-1.7652 0.97162 1.3249 0.70095 0.48817 0.47057 0.0088389 0.065961 0.61678 0.12935 2.7091 0.065372 -1.0323 -3.3173 0.36561 0.55404 0.043128 0.75141 0.12863 0.57481 0.037614 1.5314 -0.86103 0.30924 1.1901 -0.98508 0.87076 -1.9995 -1.5152 -0.45688 -0.74739 -0.68166 0.2575 -0.80987 -1.3415 -0.022475 -0.48587 -0.3907 1.4018
-1.8936 0.60344 0.045993 0.5944 0.95518 0.21752 -0.26937 -0.17641 0.38091 0.037197 -0.38149 0.98282 -1.0529 -2.7495 -0.27152 -0.52791 -0.20975 0.31158 -0.36123 0.50894 -0.16478 0.72189 -0.93033 -0.097007 0.98692 -0.50009 2.2871 -1.2753 -1.1851 -0.12461 -1.4486 -0.7512 0.13726 -0.49521 -2.2242 0.4914 -0.91059 -0.88405 1.1782
-1.7482 0.85639 1.666 1.042 0.85253 0.41911 0.21589 -0.026058 0.71778 -0.73383 0.14724 1.2536 -0.911 -1.4304 -0.40228 -0.51042 -0.12666 -0.50491 -0.032789 0.34873 -0.47532 -0.33227 -0.75581 -0.75289 0.24579 -0.25427 2.7417 -0.70743 -0.48151 0.32066 -1.2657 -0.4017 0.20655 -0.10573 -1.5111 0.81567 -0.54913 -1.4353 0.9098
-1.809 0.69134 0.67307 0.21549 0.22376 -0.3317 0.036759 -0.54371 -0.74169 -0.52047 2.3065 1.0989 -1.0229 -0.20576 -0.40709 -0.046469 0.27358 -1.0243 -0.5482 0.82569 -0.38636 -1.1589 0.016882 -1.4883 0.009291 0.00229 2.3658 -0.27923 -0.64529 0.45322 -0.49962 -0.30594 0.011287 0.33269 -0.49867 1.3985 -0.16795 -1.4524 0.43225
-1.9853 0.79819 0.48422 0.77649 0.55081 0.069638 0.27045 0.12086 -0.061603 -1.0964 0.30716 1.1383 -0.99285 0.36913 -0.725 -0.58508 0.4029 -0.94379 -0.52446 0.8181 -0.073093 -0.54137 0.3722 -0.08097 -1.1331 0.23156 1.3452 0.28997 -0.7008 0.45709 0.59545 0.1506 0.083168 0.85817 0.27852 0.90234 -0.27227 -0.58391 -0.10697
-1.9443 0.66648 0.94989 0.84108 -0.010766 0.34097 0.57249 -0.81559 -0.034503 -0.60597 -0.26018 0.48524 -1.149 0.63014 -0.56297 -1.6964 0.37117 -0.40456 -0.68886 0.29792 0.35025 -0.15309 1.4012 -0.76059 -1.1694 -0.045398 0.46939 0.9158 -0.39789 0.093658 0.93276 0.61304 -0.34121 0.85974 0.3823 -0.062037 -0.42447 0.28797 -0.63685
-1.9948 0.27392 1.0324 1.1406 -0.69389 -0.57032 1.1254 -0.40319 -1.2271 0.7346 -0.31424 0.47888 -0.9378 0.5881 0.16077 -0.99545 0.67737 0.29011 0.28939 0.77543 0.99639 -0.25366 0.43565 -1.6519 -0.30009 -0.40252 -0.019059 1.5031 0.51172 -0.14975 0.89896 0.84792 -0.81987 0.79932 0.20515 -0.68128 -1.0314 1.1037 -0.90835
-1.0729 -0.20363 -0.77852 1.0783 0.29132 -0.37482 0.62615 -0.010718 0.32443 -0.085154 0.65279 -0.2846 -0.63361 0.53969 0.66637 -0.58273 0.31949 0.092163 0.13271 0.18832 0.92227 -0.5128 -0.098065 -1.5407 0.17485 -0.7074 -0.16846 1.5486 1.3319 -0.27868 0.62394 1.286 -0.52026 0.44885 0.082003 -1.2562 -0.35336 0.90487 -0.78227
-1.1916 0.69353 -0.91308 1.0441 0.47866 -0.69448 0.15183 0.5223 0.072456 1.4308 -0.0050441 0.34275 -1.2598 0.38725 1.1444 -0.17607 0.16338 0.47825 0.57719 -0.71241 1.3551 0.072658 -0.22435 -1.736 0.38344 -0.90209 -0.34261 0.90316 1.2879 -0.32598 0.014868 0.64367 -0.32194 -0.12641 0.15976 -0.21744 0.60977 0.4217 -0.40522
-1.6541 1.3203 0.21027 1.2308 0.75338 1.012 1.6909 1.0312 -1.4795 -1.4128 -0.99965 1.3789 -1.6425 0.43367 1.5043 0.39918 0.12523 0.65933 1.4716 0.036531 1.1355 -0.12944 -0.78751 -1.4149 0.28597 -1.0569 -0.25337 -0.25951 0.7093 -0.025218 -0.1699 0.18552 -0.018474 -0.82149 0.13346 0.23621 1.1025 -0.33933 0.33727
-1.5523 1.3323 0.47588 1.1505 -0.14507 -0.053183 0.23848 0.53347 -0.59033 -0.98481 -2.2948 0.92567 -1.656 0.02975 1.2373 0.93621 0.18441 0.029585 0.76315 0.22993 0.62404 -0.10235 0.38021 -0.49541 0.4898 -0.88092 0.050872 -1.2118 -0.22059 0.11312 -0.24208 -0.54681 0.18308 -1.2763 -0.02737 0.85662 1.5236 -0.60927 0.88685
-1.4042 1.3577 0.64988 1.0925 0.41067 0.70367 -0.64891 1.0905 0.28103 0.51403 -1.764 0.34167 -1.7359 0.26822 0.19962 0.19782 0.27308 -0.0047327 0.35471 -0.3168 -0.46455 -0.13513 0.1247 0.03835 -0.53179 -0.17358 0.56436 -1.7817 -0.97243 -0.1512 -0.38352 -0.76947 -0.40007 -1.0127 0.31307 0.98557 2.2572 -0.53193 1.3455
-0.93539 1.5232 0.41941 1.3329 0.72143 1.4507 2.0245 1.2672 -1.2519 -0.55281 -0.68505 0.40251 -1.7135 0.56916 -0.19264 -0.48406 0.30847 0.35457 0.12671 -0.17952 -0.56998 0.042629 1.1099 0.57428 -0.39282 0.087061 1.1768 -1.5642 -0.86782 -0.7449 -0.70961 -0.89786 -1.13 -0.90661 0.41445 0.1331 1.7836 -0.44155 1.5142
-1.2788 1.2899 0.056525 1.2801 0.32867 -0.16151 0.63211 0.78738 0.40122 1.4405 0.41914 0.91926 -1.6692 1.1904 -0.7093 -0.71051 -0.20483 -0.22241 0.37837 -0.53139 -0.42867 0.449 0.901 2.5465 -0.30552 0.62971 1.2803 -0.86018 0.24332 -1.1638 -1.2202 -1.0883 -1.8081 -0.64645 0.62916 -0.14274 0.95682 0.14526 1.3189
-1.2037 0.98386 -0.38986 1.465 0.49242 0.31247 -0.38421 -0.57327 -1.2472 -0.32537 -1.3824 -0.095404 -1.493 1.701 -0.87841 -0.2331 -0.93865 -1.1884 -0.89221 -1.8485 -1.3283 0.46016 0.30682 1.8047 -0.47815 1.1602 1.194 -0.33022 1.0941 -1.1903 -1.1632 -0.9047 -1.709 -0.3867 0.058629 -0.92373 -0.00651 0.19263 1.0907
-0.98533 1.2566 0.031449 1.5396 1.061 1.3277 1.3139 0.63107 -1.0044 0.27068 -1.1794 1.1953 -1.6386 2.0215 -0.86759 0.53441 -1.2372 -1.5115 -1.1236 -2.9807 -1.4634 0.94194 0.27844 1.3328 -0.18816 1.4175 0.41453 -0.013765 1.0368 -0.76386 -0.63305 -1.0118 -0.60874 -0.13476 -0.33268 -0.89384 -0.29464 0.013169 0.70251
0.2315 0.40185 -0.24606 0.4269 -0.89833 0.68331 -1.3538 0.51649 1.1736 1.0793 2.5723 0.0060121 -0.81636 2.3171 -0.65033 0.95245 -1.3581 -1.1729 -0.77819 -2.2613 -0.87507 -0.063978 -0.41944 1.1746 -0.057237 1.4528 -0.63347 0.025756 0.48489 -0.39965 0.14306 -0.40626 0.60141 0.21794 -0.69937 -1.1099 -0.031301 -0.084797 0.33634
0.54069 0.6576 0.64705 -0.14752 -0.99355 -1.0424 -2.4112 -1.2175 0.063954 0.50183 0.16674 -0.30957 -0.54198 1.6382 -0.83873 0.6481 -1.392 -1.4144 -1.5281 -1.5016 -0.93887 0.064936 -0.51553 2.2819 -0.47517 1.6169 -1.7134 0.18576 -0.0068549 -0.023687 0.94218 0.026176 1.7452 0.38764 -1.0339 -1.3319 -0.71317 -0.07486 -0.096591
0.72562 0.698 1.0489 0.31331 -0.79005 -0.30854 -1.7322 -0.90894 0.082932 0.22899 0.8089 0.8801 -0.48848 0.75602 -0.84311 0.62552 -1.5871 -0.97507 -1.4448 -1.422 -1.1198 -0.484 -1.5166 1.2743 -0.48679 1.6034 -2.1061 0.31534 -0.31008 0.18132 1.2196 0.50565 1.5836 0.52544 -0.17374 -0.5482 -1.2353 -0.11504 -0.41485
0.76915 0.60064 0.79436 0.066111 -0.34188 -0.49127 -1.8612 -0.26407 -0.9824 0.1009 0.84326 0.69558 -0.44763 -0.28464 -0.45781 0.69037 -1.1558 0.14051 -0.76339 -0.020048 -0.50734 -0.90273 -1.846 -0.12917 -0.10596 1.1868 -1.521 0.85845 -0.22063 0.079022 1.3531 0.79881 1.0323 0.50439 0.26901 0.49758 -2.0077 -0.42703 -0.76553
0.1785 -0.070302 -0.033015 -0.1226 -1.2796 -1.1738 -1.2172 -1.5292 -0.77533 -1.0306 2.3624 -0.87191 0.1156 -0.51737 -0.31388 0.35468 -1.1316 0.3175 -0.26682 0.065281 0.037562 0.092984 -0.82895 -0.070469 -0.45354 0.99911 -0.57891 1.2887 -0.10233 0.23921 1.04 0.31156 0.72315 0.31039 0.95483 1.6627 -1.5154 -0.65369 -0.93107
0.22689 0.19034 1.0925 -1.1388 -0.73473 -0.48146 -1.8732 -0.73767 -0.35628 -1.4672 1.2642 0.60658 0.19948 -0.4644 0.3185 0.37478 -1.4636 0.45603 -0.6934 -0.24497 -0.43416 0.33888 0.19876 -1.0327 -1.318 0.68476 0.385 1.4032 -0.042624 0.44043 0.70593 -0.23863 0.11146 0.082228 0.9522 2.0055 -0.85505 -0.59751 -0.97312
0.14977 0.21006 1.1987 -0.93173 -0.61101 -0.90657 -1.9223 -0.70164 -0.11666 -1.1825 1.0993 -0.18238 0.33159 -0.19218 0.89959 0.59662 -0.98181 0.8004 -0.93699 0.092169 -0.4879 0.83518 0.89543 -1.2817 -1.1534 0.35311 0.66764 1.2139 -0.19327 0.98823 0.62444 -0.4211 0.47034 -0.051255 0.23771 1.4779 -0.35269 -0.38239 -0.92545
0.24596 0.59958 1.1615 -1.0352 -0.34745 -1.1608 -2.1437 -1.1376 0.16862 0.18224 -0.27554 -0.3514 0.24754 0.25532 1.2549 0.49477 -0.40855 1.2098 -0.8801 0.1841 -0.064115 0.66088 1.4252 -1.2179 -0.91801 -0.059276 0.54931 0.56196 -0.56209 1.0447 0.30793 -0.031689 0.62007 0.023658 -0.16958 0.60349 0.36664 -0.018951 -0.675
0.31248 1.1367 1.1472 -1.4248 -0.11028 -1.316 -1.8082 -1.551 -0.22067 0.67643 -0.019888 -0.96901 0.039606 0.33571 1.2255 -0.062712 0.17243 1.0995 -0.95513 0.76305 -0.25246 0.43156 1.6152 -0.67297 -1.3918 -0.12109 0.31538 -0.071131 -0.64078 0.60314 -0.07035 0.34867 0.48523 0.070976 -0.4616 -0.15878 1.0036 0.22793 -0.27177
0.35356 1.1572 1.1793 -0.93882 0.30573 -2.0207 -1.1851 -1.1797 0.17138 0.37871 0.46084 -0.94488 0.13524 0.27092 1.0888 -0.34519 -0.10514 0.87561 -0.76203 0.62175 -0.49666 0.22217 1.113 -0.60136 -1.2212 -0.16642 0.040346 -0.483 -0.36947 0.10572 -0.44933 0.71265 0.23175 -0.003934 -0.40924 -0.60553 1.0702 0.73572 0.09791
0.46226 1.0647 0.91856 -0.85511 0.1975 -1.7483 -1.3335 -1.1086 0.24954 0.23659 0.91219 -1.1813 0.16325 0.37685 0.87273 -0.18073 -0.011573 0.83177 -0.38612 0.81448 -0.1152 0.14945 0.77103 0.41282 -0.53798 -0.031221 -0.039814 -0.47559 0.029659 -0.3368 -0.74881 1.0588 -0.18393 -0.00050878 -0.67503 -0.57235 0.54917 1.2751 0.091791
0.5385 1.4742 1.1573 -0.89609 0.6357 -1.5204 -1.0177 -1.0123 0.27154 1.0517 -0.14651 -0.97823 0.1606 0.31493 0.64275 -0.13433 -0.11117 0.50176 0.10329 0.60882 -0.13653 0.002037 0.65565 0.37439 0.11901 0.054135 -0.05188 -0.30663 0.36956 -0.30979 -1.0109 0.85342 -0.1419 0.095507 -0.95595 -0.47741 0.22991 1.461 -0.085275
0.35313 1.4632 0.60007 -1.409 0.33076 -2.0243 -1.5533 -2.0148 0.10255 0.82312 -0.44696 -1.8389 0.089363 0.24913 0.67218 -0.10711 -0.43458 -0.11348 0.5059 0.41527 -0.42899 -0.79215 0.71989 -0.062053 0.46442 -0.082888 -0.19717 -0.14017 0.24248 0.20673 -0.92194 0.58147 -0.12917 0.54277 -1.1044 -0.81348 -0.37972 1.1373 -0.69818
0.78126 1.7291 1.1829 -1.0791 0.86465 -1.6071 -0.69637 -1.1506 0.21555 1.5553 1.0512 -0.69033 0.15701 0.24841 0.69115 0.317 -0.4539 -0.54004 0.31434 0.54848 -0.13088 -1.2051 0.2082 0.099815 1.1701 -0.2777 -0.47167 -0.084823 0.076855 1.2177 -0.30455 0.6982 -0.097714 1.1295 -0.39692 -1.0336 -0.42066 0.64771 -1.2973
0.58504 1.6931 0.99255 -1.3526 0.45891 -1.2752 -0.80937 -1.5804 -0.20686 1.1409 0.80379 -0.68101 0.13343 0.06137 0.62486 0.054086 0.5513 -0.36984 0.53912 0.59641 1.0474 -1.4433 -0.62103 -0.19876 1.1913 -0.99097 -1.2162 -0.43773 -0.22478 1.9576 0.19054 0.98776 -0.081155 1.3782 0.81846 -0.76353 -0.74611 -0.051695 -1.6555
0.60296 1.7728 0.9171 -1.3585 -0.13299 -1.2797 -0.78715 -1.7565 -1.136 1.192 0.042054 -0.52153 0.027125 -0.43561 0.53394 -0.065306 1.6502 0.057827 1.3285 0.33091 1.5456 -0.44756 -0.73854 -0.38755 1.0462 -1.5838 -1.8215 -0.77546 -0.58152 2.1839 0.52225 1.0566 0.016568 1.0843 1.4914 -0.13674 -0.73883 -0.44537 -1.5397
0.75296 1.9401 1.5867 -1.4142 -0.33508 -1.5131 -0.60751 -1.0572 -1.1839 0.50873 0.59522 0.23617 -0.19434 -1.5978 0.036792 -0.33248 2.131 -0.062021 1.7641 0.36877 1.685 0.49516 -0.32065 -1.296 0.43943 -2.0995 -1.9641 -1.1976 -0.51695 1.1798 0.68474 0.63029 0.061745 0.28847 1.7306 0.32358 -0.079852 -0.12427 -0.54477
0.43208 2.1826 0.70428 0.23688 0.7347 -0.8766 -0.39205 0.77122 -1.3825 0.051206 -0.86488 -0.27232 -1.1471 -2.204 -0.28531 -0.57583 2.7911 0.27452 1.5915 0.69619 1.874 0.84348 -0.17756 -0.81472 0.68368 -2.2064 -1.4628 -1.7207 -0.65643 -0.54596 0.72353 -0.41749 0.17482 -0.76834 1.0343 -0.086977 0.65657 0.12554 1.1991
-0.1938 1.9682 0.59986 0.83127 0.82092 0.23625 -1.142 -0.18503 0.56819 0.44986 0.1697 -0.53584 -1.3932 -2.5939 -0.93167 -0.65557 2.1653 0.79307 1.5266 0.53512 1.5048 1.4095 -0.19829 -0.13757 1.1426 -1.5579 -0.3338 -1.6786 -0.34663 -2.3039 0.4799 -1.5392 -0.14074 -2.0237 0.1569 -1.3192 1.4604 0.30576 2.8841
-1.2943 1.4721 0.86321 0.93171 0.24418 0.78806 0.1528 0.66001 0.78401 1.718 -0.73583 -0.061795 -1.6964 -2.5718 -1.8098 -1.1305 0.63762 0.97382 0.67206 0.58797 -0.0029412 1.1949 -0.93381 0.34564 0.9567 0.079807 0.66748 -1.0764 0.31511 -3.317 -0.070762 -2.0208 -0.39549 -2.5519 -0.65542 -1.6699 0.96779 -0.19101 3.3371
-1.4918 1.4115 0.22119 1.6084 0.37461 -0.04395 0.17265 0.50546 -0.35541 0.44271 -0.10384 0.51262 -1.7465 -2.0094 -1.9596 -0.7004 -1.027 0.4779 -0.57909 0.15225 -1.7002 0.65671 -2.5898 1.0352 0.92002 1.4096 1.4969 0.10175 0.89268 -2.8166 -0.70561 -1.9346 -0.54427 -1.785 -0.82587 -1.1473 0.47847 -0.7596 2.3833
-1.6292 0.81464 0.47971 0.45773 1.0996 0.24952 -0.38865 0.43694 0.46277 0.26823 0.22514 1.2831 -1.1759 -1.2836 -1.5378 0.043389 -1.7143 0.29561 -1.0292 0.12385 -1.9766 -0.074518 -2.3443 0.53038 0.43366 1.6927 1.4126 1.1729 1.1729 -1.4436 -0.80904 -0.63128 -0.13025 0.24173 -0.23773 0.70894 0.18783 -0.5577 0.4542
-1.7078 0.030142 -0.3763 -0.62228 1.4576 -0.81154 0.16061 -1.0908 0.32809 -1.6448 0.66752 0.57812 0.066281 -0.52751 -0.89273 0.43836 -1.838 -0.18725 -1.1405 -0.28461 -1.3214 0.40743 -1.7897 0.72821 -0.077072 1.4801 0.88299 1.7255 0.5705 0.4145 -0.5397 0.76588 0.65809 2.1173 -0.047821 2.5938 0.42727 -0.08632 -1.4391
-1.7814 0.43721 0.099016 -0.55931 0.96574 -1.1353 -0.76479 -2.2065 0.21808 -3.6805 0.54308 0.19988 -0.10382 -0.75455 -0.40324 0.50697 -1.6062 -0.20575 -0.20885 0.55607 0.32928 0.86412 0.15533 0.87918 0.37167 0.77753 0.54427 1.8699 -0.0056921 1.9385 -0.25267 1.5004 0.92753 2.7674 -0.53088 3.3331 0.16395 0.31241 -2.645
-1.9275 0.56349 1.4034 -0.64329 0.5716 -0.26026 -0.26928 -1.9891 0.55531 -0.333 0.1301 0.065991 -0.42958 -0.67205 0.32369 0.14398 -0.30669 -0.28169 0.37486 1.2119 1.6799 0.11344 1.4938 1.7171 0.79587 -0.45355 0.66141 1.4306 -0.45541 2.5566 0.094008 1.5003 0.91203 2.119 -1.3738 2.747 -0.67987 0.16513 -2.6541
-1.8293 0.68073 1.0821 -0.67225 -0.17144 -0.86268 -0.0077851 0.35832 1.082 -0.32058 0.46037 0.48678 -0.63237 -0.22115 0.94254 0.18526 1.1025 -0.13261 0.90501 1.1729 2.4461 -0.97176 2.8551 0.36849 0.62738 -1.6061 1.1475 0.86899 -0.75626 2.3085 0.087857 0.729 -0.017088 0.19171 -1.342 0.53979 -1.4298 -0.80628 -1.7658
-2.538 0.65437 0.24288 -0.64073 1.1531 0.11558 1.2052 1.5415 0.91377 0.75462 1.6727 1.9021 -0.73595 0.40748 0.79908 -0.2502 1.5291 -0.053293 0.99433 1.1743 2.1569 -1.4119 2.5062 -0.36233 0.13518 -1.6083 1.1635 0.26259 -0.55479 1.1952 0.065383 0.39176 -0.79786 -1.4914 -0.17014 -1.1106 -2.3516 -1.384 -0.42118
-2.1757 0.85734 0.034078 -0.064878 1.1725 0.30671 1.1505 1.3996 0.0064995 0.81509 2.9802 1.7471 -1.17 0.78519 0.79828 -0.71002 1.7402 -0.16089 0.77887 0.54361 0.50544 -1.0466 0.79329 -0.91869 -0.87116 -1.4927 0.8194 -0.22885 -0.35764 0.20966 -0.282 0.054735 -1.1959 -2.1153 0.96151 -2.0516 -1.9562 -1.344 0.61609
-1.6094 1.2888 0.43075 1.1171 0.90132 -0.074526 0.80027 0.53941 -1.6481 1.2216 -0.71881 0.077259 -1.6166 0.93312 0.8358 -0.44432 1.5873 -0.15037 1.1257 -0.016133 -0.53481 -0.16878 0.30296 -2.3104 -1.1659 -1.1891 -0.025467 -0.50043 0.025894 -0.69717 0.014959 -0.34715 -0.93065 -1.3556 1.5532 -1.7488 -1.1505 -0.32875 1.1654
-1.2032 1.2253 0.60794 0.93446 0.22471 0.3529 0.54687 0.35323 -0.85264 0.37217 -0.41169 0.03951 -1.6325 1.003 0.55437 -0.38358 1.4702 -0.61417 0.91785 -0.54517 -0.72739 0.36008 -0.18421 -2.5422 -1.3543 -0.82158 -0.68886 -1.023 -0.014656 -1.946 0.48896 -1.6103 -0.15607 -0.34351 1.4888 -1.2522 0.78035 0.95731 2.1973
-1.353 1.3181 0.25385 0.96529 0.11283 0.56472 0.61355 -0.59082 0.54811 0.79307 -0.26331 -0.55012 -1.789 0.25989 0.10373 -0.35946 0.38997 0.19658 0.27687 -0.081071 -0.12139 1.0266 -0.52831 -1.8325 -0.25589 -0.063747 -0.67526 -1.2734 -0.43994 -2.4117 1.0689 -3.0523 0.72866 -0.19219 0.61805 -1.2705 1.9364 1.0832 3.0094
-1.3966 1.5071 0.0087704 0.90304 0.5795 1.0864 0.55778 0.96488 1.257 0.47898 -1.6199 0.644 -1.6242 -0.11482 -0.5141 -0.7746 -1.2363 0.57209 -1.7281 0.27578 -0.43133 1.3682 -1.3017 0.40101 0.57421 1.489 -0.22958 -1.0471 -0.27348 -2.1315 1.2516 -3.293 1.346 -0.43145 -0.23353 -1.064 2.0015 0.77752 3.0799
-1.48 1.135 -0.43527 1.5241 0.66748 1.232 0.54776 0.63245 0.074731 0.73996 -0.36856 0.46479 -1.6527 0.27997 -0.72103 -1.0692 -1.4927 1.2436 -3.0895 0.98576 -1.0893 0.59069 -1.6861 0.076126 0.018245 2.5098 0.43587 -0.52793 0.18686 -1.1247 0.33978 -2.4843 0.74526 -1.1872 -0.72207 -0.44893 1.517 -0.40057 2.0585
-1.7675 1.0402 0.10511 0.40808 1.6139 -0.2381 1.152 0.85409 0.24478 -0.029061 -0.41485 0.85899 -1.2483 0.58573 -0.75135 -0.53665 -1.5054 1.1898 -3.3723 1.5289 -1.1616 0.13103 -1.732 0.49119 0.054926 2.8597 0.42435 0.14302 0.7599 -0.18188 -0.32235 -0.33719 -0.24459 -1.0711 -0.31864 0.64146 0.27382 -0.73736 0.20583
-1.3825 0.62021 -0.53571 -1.034 0.91077 -3.3316 0.98725 -1.1447 0.56698 -1.3042 0.13476 0.24071 0.39487 0.70403 -0.64026 -0.12234 -1.5374 0.51619 -3.4126 0.73688 -2.2907 0.21688 -1.1854 1.1463 -0.77033 2.5715 0.02698 0.54278 0.80819 0.48621 -1.009 1.957 -1.3602 -0.53424 0.19016 1.4214 -0.25037 -0.2914 -1.5591
-0.59658 0.64913 -1.0149 -0.36422 1.7501 -2.7522 2.1239 -1.5901 0.67057 -1.7071 -0.89956 -0.50009 0.68534 0.44676 -0.31152 0.18363 -1.5386 0.33049 -2.1966 -0.071447 -2.1167 0.93717 -0.20047 0.41701 -0.46893 1.7906 -0.23028 0.32324 0.25811 0.82754 -1.1796 3.4548 -2.0221 0.76141 0.095128 1.8275 -0.18422 -0.04284 -2.6855
-0.94832 0.81423 -0.08857 -0.15745 1.5509 -2.0632 2.5609 -0.7993 1.0331 -0.81463 0.081969 0.41182 0.43163 0.4055 -0.039256 0.092972 -0.56964 -0.21145 -0.16 -0.84537 -1.7497 0.59168 0.49029 -0.37836 -0.2789 0.53017 0.10732 -0.23205 -0.20715 0.51705 -1.5223 3.2471 -2.2337 2.0271 -0.52226 1.3974 0.51197 0.17354 -2.3696
-0.97456 0.78853 -0.083668 -0.59879 0.95887 -2.6674 0.40565 -2.1847 0.90986 -0.4835 0.51951 -0.21089 0.33674 0.32647 -0.51192 -0.15449 -0.45383 -0.64892 1.2265 -1.5926 0.20099 0.1568 1.2006 0.89354 -0.26029 -0.4507 1.0517 -0.70227 -0.4372 0.065958 -1.5486 1.9447 -1.9182 2.2758 -0.88609 0.21453 0.9839 -0.2021 -0.98702
-1.4133 0.72194 -0.084781 -0.97936 1.5501 -1.9343 0.37728 -2.0035 1.3831 0.46285 -0.1261 0.31383 0.060067 0.9653 -0.91513 -0.33673 -1.1164 -1.8352 0.72547 -2.8247 0.8906 -0.41986 1.0073 1.9329 -0.51799 -0.12931 1.3992 -0.69043 0.048941 -0.43656 -1.0668 0.77543 -0.61736 2.1304 -0.20863 -0.81276 0.7273 -0.22027 0.64021
-0.94933 0.86246 -0.31246 -0.61579 1.0763 -1.4986 0.401 -2.137 0.82134 -0.5301 -1.4262 0.24464 -0.085508 2.0733 -1.0235 -0.41674 -1.1331 -1.7478 0.85592 -2.7932 1.4352 -0.31477 0.021835 1.2249 -0.73257 0.52877 1.0004 -0.17363 0.85334 -0.23038 -0.56766 0.49305 0.73154 1.1098 0.54196 -1.3481 -0.26689 -0.47155 1.5269
-0.45182 -0.34063 -1.3038 -1.4408 0.15011 -1.7454 -0.39877 0.031092 0.66064 0.11442 2.3376 -0.65923 0.33196 2.0661 -0.91386 0.32133 -1.0239 -1.6544 1.4067 -1.4383 2.1941 0.43051 -0.53463 0.90905 -0.46174 1.0735 -0.37332 0.21964 1.4558 0.23376 0.21895 1.0791 1.8662 0.17942 0.9967 -0.94091 -1.1065 -0.72651 1.2051
0.66424 -0.12543 -0.78931 -1.594 -0.82962 -1.8883 -1.6904 -0.27503 0.079623 -0.10206 2.0661 -0.83233 0.69121 1.5898 -0.79137 1.1235 -0.91405 -1.8017 1.7568 -0.86782 1.9274 0.84231 -0.73456 0.881 -1.2023 1.4111 -1.7019 0.51797 1.4761 0.55326 0.465 1.1486 2.1599 -0.9626 0.71558 -0.40413 -1.7952 -0.84631 0.37351
1.0769 0.077769 -0.031733 -1.4623 -0.097775 -0.91995 -1.5075 0.29864 1.1736 -0.88638 0.66202 -0.1256 0.92585 0.54022 -0.66197 1.6309 -0.78463 -1.405 2.2054 -0.17295 1.0329 1.0257 -0.49013 -0.089753 -1.6992 1.3737 -2.0339 0.32176 0.6137 0.76965 0.6477 0.6797 2.0173 -1.5277 0.08069 -0.1044 -1.8295 -0.88701 -0.39666
0.25373 0.029581 0.68736 -1.8681 -0.4366 -0.38943 -0.58688 0.33199 2.1675 -0.87007 0.64283 -0.35335 1.1681 -0.22982 -0.28861 1.7045 -0.22264 -1.0108 2.5125 0.75701 -0.038276 0.84707 -0.78133 -1.84 -1.7659 0.98151 -1.3828 -0.0048996 -0.39528 0.88744 0.45812 -0.11711 1.6147 -1.244 -0.64229 0.022488 -1.2494 -0.48799 -0.86187
-0.088678 -0.1763 1.067 -1.8488 -0.76918 0.5738 -0.37099 0.36323 2.0278 -0.55492 0.8109 -1.5769 1.2184 -0.68955 -0.62773 1.1881 0.059179 -0.84763 2.2372 1.6562 -0.085756 0.6123 -0.68088 -1.363 -1.9121 0.64888 -0.051235 -0.21982 -0.98585 0.94088 0.16261 -1.0157 0.76284 -0.51572 -1.0799 -0.040258 -0.46003 0.15732 -0.93772
-0.15953 -0.39764 0.8658 -1.7212 -1.0951 0.87308 -0.33699 -0.37202 1.3022 -0.8745 -0.080117 -2.2985 1.2986 -0.28504 -0.80926 0.60836 0.30985 -1.2314 1.5088 1.3452 -0.16912 -0.21901 -0.55002 -0.96113 -2.0421 0.38379 0.8558 -0.21932 -0.97881 0.74729 0.13876 -1.6189 -0.0035276 0.018366 -0.80054 0.00096988 0.32043 0.87041 -0.72661
0.10353 -0.55254 0.62385 -1.6421 -1.3499 0.94596 -0.12467 -0.027674 1.2837 -1.1608 0.13982 -2.3118 1.3541 0.48262 -0.75656 0.33391 0.6934 -0.99631 0.85076 1.0115 -7.7695e-05 -0.58822 -0.64459 -1.4378 -1.2363 0.16055 0.99582 0.20002 -0.51757 0.62578 0.32915 -1.4962 -0.40831 0.21664 -0.21092 0.073698 0.33766 1.3641 -0.52398
0.30591 -0.60477 1.0849 -1.4096 -1.3648 0.92785 0.70337 -0.026251 1.5373 -1.3789 0.011754 -2.1004 1.37 0.73681 -0.57829 0.29976 0.8478 -0.68252 0.25884 1.0744 -0.037211 -0.13855 -0.7542 -1.1588 -0.37454 0.054156 0.35197 0.42373 -0.15459 0.38824 0.63443 -1.0005 -0.29261 0.17387 0.29761 0.27286 0.41192 1.2909 -0.33717
0.5041 -0.7177 1.0691 -1.2533 -1.6073 1.1058 0.31149 0.28605 1.3839 -1.522 -0.54876 -2.321 1.3419 0.60509 -0.40633 0.37633 0.95387 -0.51338 0.1369 1.003 0.31625 0.17051 -0.38518 -0.58611 -0.044405 -0.030995 -0.32599 0.4191 -0.22321 0.059901 0.51105 -0.49949 -0.3491 -0.024019 0.31552 0.48073 0.75543 0.59053 -0.17642
0.50291 -0.7966 1.2854 -1.0662 -1.6612 0.95302 0.68835 0.24798 1.3053 -1.4396 -1.2715 -2.0953 1.311 0.29662 -0.27885 0.30237 0.90558 -0.29534 0.036618 0.78482 0.049197 0.021496 -0.07994 -0.56117 -0.080692 -0.063834 -0.56332 0.35395 -0.44427 -0.1828 0.35106 -0.15945 -0.47535 -0.19392 -0.017248 0.44876 0.71695 0.033278 -0.06182
0.55737 -0.815 1.2434 -0.82271 -1.5803 1.0019 1.006 -0.25429 1.699 -1.6785 -0.40828 -2.3486 1.2979 0.12137 -0.20839 -0.080976 0.78546 -0.24228 0.038492 0.48229 -0.090027 -0.012383 0.042019 -0.22756 -0.20528 -0.064576 -0.40816 0.24605 -0.54487 -0.4784 0.26996 -0.076202 -0.53154 -0.35581 -0.1226 0.14481 0.56962 -0.27899 -0.0079292
0.47492 -0.83253 1.1427 -0.59072 -1.7941 1.1189 0.97392 0.34392 1.4415 -1.3276 -0.40666 -2.3278 1.3072 -0.031248 -0.086728 -0.30009 0.60574 -0.16856 -0.00060777 0.41635 -0.24418 -0.05965 -0.00926 0.094429 -0.21369 -0.028336 -0.2569 0.19335 -0.43732 -0.67969 0.1415 -0.018969 -0.50679 -0.20301 -0.026525 -0.0023698 0.33866 -0.2174 -0.0069239
0.46407 -0.8301 1.1369 -0.63087 -1.608 0.9447 1.0757 -0.0091725 1.2766 -1.2977 -0.69883 -2.2677 1.3111 0.039289 -0.089658 -0.33977 0.23284 -0.078394 -0.0026476 0.16011 -0.29341 -0.013073 -0.081887 0.22555 -0.51253 -0.061107 -0.15545 0.2046 -0.14456 -0.80307 0.14466 -0.019352 -0.49515 -0.22854 0.056014 -0.048833 -0.0058873 -0.053889 -0.023512
0.54216 -0.86254 0.9348 -0.50761 -1.754 1.0752 1.0906 -0.073984 1.5281 -1.4555 -0.59289 -2.3967 1.291 -0.11893 -0.012307 -0.3837 -0.059972 -0.11827 0.00249 -0.033318 -0.27868 -0.0093378 0.02048 -0.10765 -0.34039 -0.07631 -0.045616 0.19552 0.073789 -0.80709 0.19391 0.053722 -0.58812 -0.096273 0.1044 0.24137 -0.14809 0.19522 -0.057152
0.45609 -0.8111 0.75028 -0.55126 -1.8294 1.0607 0.87677 -0.12326 1.2442 -1.6395 -0.6892 -2.5002 1.3064 -0.10819 0.098834 -0.30513 -0.35089 -0.002533 -0.018445 -0.24957 -0.55694 0.097072 -0.029145 -0.13179 -0.2332 -0.078085 -0.010122 0.26911 0.081271 -0.62723 0.31824 0.091842 -0.62836 0.02165 0.051168 0.58212 -0.046315 0.49826 -0.048676
0.61208 -0.93647 1.0166 -0.83569 -1.6296 0.94155 1.0669 -0.3476 1.543 -1.5821 -0.54985 -2.856 1.2154 -0.032565 0.1485 -0.17354 -0.579 0.15017 0.084002 -0.51547 -0.3137 0.11707 0.49994 -0.01503 0.046021 -0.1116 0.10314 0.27316 -0.0034481 -0.43241 0.46864 0.085512 -0.65249 0.26446 0.1436 0.68322 0.36398 0.56743 -0.056753
0.27017 -0.7707 0.70215 -0.79584 -1.8134 1.1048 0.94497 -0.37125 1.6132 -1.3315 -0.49729 -2.4975 1.2417 -0.014856 0.28068 -0.28694 -0.65284 0.37573 0.10222 -0.81339 -0.22497 0.0486 0.90891 0.093548 0.2905 -0.12154 0.085573 0.27595 -0.11356 -0.22909 0.54401 -0.054359 -0.60241 0.58803 0.1918 0.54696 0.56148 0.79249 -0.04177
0.40029 -0.68134 0.80727 -1.0268 -1.675 1.0382 0.56024 -0.53458 1.4008 -1.3074 -0.78396 -2.4094 1.2569 0.027963 0.35417 -0.3939 -0.69521 0.56118 0.076339 -1.0127 0.12558 0.32543 0.98817 0.51011 0.53024 -0.14569 0.10118 0.19772 -0.10425 -0.13721 0.58821 -0.4335 -0.42122 0.6385 0.28918 -0.087628 0.67663 0.84785 -0.052572
0.56549 -0.71562 0.90155 -1.2864 -1.3508 1.1406 0.35258 -0.31034 1.468 -0.39337 -0.63502 -2.1515 1.1816 0.023392 0.45801 -0.40273 -0.70435 0.80098 -0.13329 -1.1653 0.48569 0.40024 0.88556 0.72892 1.1004 -0.12798 0.011994 0.085545 -0.042016 -0.066018 0.42942 -0.80367 -0.14457 0.71812 0.37096 -0.67571 0.84799 0.91701 -0.087408
0.51407 -0.54272 0.34185 -1.1755 -1.3123 1.212 -0.055871 -0.38809 1.5158 -0.38291 -0.33762 -2.2346 1.1711 0.13834 0.39294 -0.30594 -0.79551 1.0289 -0.60232 -1.1531 0.70117 0.54419 0.3762 1.0196 1.3258 -0.19275 -0.082409 0.11054 0.14716 0.052871 0.17881 -1.0344 0.10806 0.64235 0.074615 -0.94728 0.83064 0.81359 -0.10344
0.46827 -0.50124 0.3591 -1.4623 -1.0955 1.0391 -0.25076 0.13195 1.9665 -0.58444 0.2456 -2.06 1.1291 -0.04107 0.40956 -0.40441 -0.71377 0.93736 -1.0317 -1.0212 1.0277 0.70644 -0.1199 1.532 1.7137 -0.23857 -0.085488 0.18747 0.468 0.14182 -0.058168 -0.98759 0.39586 0.43612 -0.37719 -0.68843 0.7634 0.48059 -0.14297
0.47978 -0.39895 0.60831 -1.66 -0.67172 0.67998 -0.31701 0.28674 2.0779 -0.44407 0.26563 -1.222 1.1198 -0.081303 0.56785 -0.11149 -0.58251 0.82152 -1.3648 -0.87374 1.233 0.34431 -0.39777 1.7672 1.8409 -0.2568 -0.060007 0.33259 0.68988 0.33595 -0.27656 -0.64158 0.47454 0.073117 -0.97959 0.0084519 0.32729 0.065202 -0.13488
0.47797 -0.37525 0.41597 -1.8042 -0.57491 0.19447 -0.63048 0.41322 2.0989 -1.0065 0.53909 -0.93482 1.0508 -0.013842 0.68676 0.38382 -0.53895 0.79165 -1.5578 -0.53686 1.1571 -0.23535 -0.088191 1.88 1.8043 -0.32612 0.052689 0.33545 0.68908 0.48147 -0.43209 -0.23719 0.33844 -0.35583 -1.4382 0.65969 -0.38828 -0.51177 -0.1409
0.40082 -0.27338 0.24676 -1.8559 -0.58812 -0.19322 -0.78833 0.93588 2.228 -1.1199 1.2668 -0.48336 0.99019 0.023686 0.80967 0.60017 -0.25331 0.58182 -1.5195 -0.47485 0.79746 -0.93044 0.42088 1.503 1.4238 -0.36609 0.019479 0.18492 0.4139 0.55552 -0.47769 0.057009 0.088516 -0.72485 -1.361 0.94927 -1.0768 -0.90479 -0.095661
0.50177 0.0088213 0.73293 -1.8085 -0.41057 -0.34512 -0.8211 1.3301 1.6434 -0.60714 1.6936 -0.393 0.92894 0.008899 0.84869 0.53849 0.019392 0.24746 -1.4036 -0.5637 0.48909 -1.5228 0.8595 0.8982 0.92916 -0.41075 -0.088983 -0.054308 0.068839 0.50265 -0.43433 0.27657 -0.20161 -0.99712 -0.7539 0.68467 -1.423 -1.2478 0.004412
0.49398 0.2191 0.98483 -1.8874 -0.25722 -0.66295 -0.61635 1.0514 1.1898 -0.31528 2.0805 -0.35621 0.84066 -0.05018 0.79889 0.5934 0.17251 0.19889 -1.3593 -0.68714 0.021392 -1.7236 1.1077 0.1227 0.51132 -0.36835 -0.1221 -0.34547 -0.22487 0.3393 -0.36499 0.49926 -0.27067 -0.99025 0.089713 0.27583 -1.2885 -1.2934 0.070806
0.48905 0.3068 1.2043 -1.7818 -0.28762 -0.89825 -0.95833 1.0019 0.79721 0.13051 1.6287 -0.25863 0.78659 -0.13028 0.60996 0.52178 0.18492 0.16918 -1.1583 -0.81918 -0.58276 -1.331 1.0081 -0.25377 -0.18229 -0.31745 -0.068749 -0.54294 -0.52521 0.1947 -0.29771 0.77604 -0.087693 -0.75869 0.77499 -0.16017 -0.87981 -1.2955 0.1049
0.45499 0.39516 0.91596 -1.6256 -0.47272 -1.2162 -1.3086 0.88166 0.16686 0.4172 1.0595 -0.035746 0.70712 -0.1199 0.36708 0.19184 0.2997 -0.06377 -0.76 -0.86925 -0.77988 -0.82406 0.95245 -0.47747 -0.55305 -0.29812 0.010428 -0.62444 -0.79817 0.089582 -0.27198 1.074 0.34615 -0.26716 0.978 -0.62022 -0.3037 -1.105 0.061901
0.36174 0.40989 1.0011 -1.6407 -0.2847 -1.6321 -1.6438 0.58444 0.21948 0.14993 0.96944 -0.34178 0.7142 -0.07307 0.17724 -0.24114 0.32514 -0.18058 -0.32071 -0.64059 -0.72829 -0.39383 0.65376 -0.5453 -1.0753 -0.27625 0.13425 -0.64811 -0.71769 -0.0064164 -0.13404 1.2674 0.73847 0.28881 0.74189 -0.93394 0.12281 -0.44001 0.0092951
0.28995 0.41659 1.1369 -1.7058 -0.24879 -1.4428 -1.6858 0.22322 0.78581 0.34168 1.622 -0.92169 0.68422 -0.052634 -0.0064007 -0.5179 0.27804 -0.13765 0.14311 -0.10454 -0.4726 -0.20563 0.063237 -0.32917 -1.2037 -0.28868 0.14978 -0.67556 -0.40297 -0.1428 0.16075 1.207 0.97089 0.7083 0.19638 -1.0372 0.37027 0.609 0.0055515
0.48022 0.45497 1.0893 -1.4121 -0.5104 -1.0781 -1.659 0.33347 0.40977 1.038 1.3124 -0.94509 0.59376 0.085831 -0.26394 -0.46505 0.1945 -0.048278 0.66099 0.22982 -0.11408 -0.12792 -0.40878 -0.077209 -0.70873 -0.30675 -0.090871 -0.68994 -0.083374 -0.2064 0.48829 0.84997 0.8509 0.87953 -0.23154 -0.9884 0.31684 1.8746 0.095133
0.43256 0.4097 0.51703 -1.4949 -0.49954 -1.0888 -1.334 0.13898 0.42626 0.54513 1.0643 -1.4889 0.54721 0.078448 -0.5182 -0.44719 0.11246 0.16496 0.91076 0.57684 0.43251 -0.54047 -0.58828 0.03143 0.47801 -0.27349 -0.46187 -0.61797 0.10673 -0.26866 0.7573 0.3052 0.59852 0.66043 -0.17501 -0.85367 0.47304 2.3816 0.18158
0.37609 0.27325 0.41978 -1.4212 -0.42875 -0.86398 -1.1477 0.55 0.13032 -0.094393 0.89546 -1.2027 0.4844 -0.29539 -0.69643 -0.42761 0.038177 0.57331 0.81161 0.66772 0.70486 -0.6694 -0.993 -0.088932 1.7909 -0.12999 -0.65029 -0.15497 0.33797 -0.11583 0.53382 -0.036508 0.195 0.064637 0.16163 -0.43062 0.37031 2.2405 0.01049
0.53916 0.051504 0.59416 -1.475 -0.35677 -0.50944 -1.2824 0.6687 0.074571 -0.35751 1.1732 -0.5064 0.42898 -0.68875 -0.80114 -0.33092 -0.12826 0.958 0.59913 0.83695 0.53503 -0.26432 -1.3424 0.62405 2.2522 -0.083767 -0.48741 0.25441 0.11799 0.11142 -0.049499 -0.22272 -0.13279 -0.6612 0.81343 0.0094291 0.023623 1.2775 -0.15648
0.35933 -0.14597 0.70561 -1.5781 0.10342 -0.49067 -0.89743 1.1202 -0.32868 -0.26651 1.4991 0.34421 0.49548 -0.69755 -0.37053 0.11653 0.112 0.54523 0.7304 0.47907 -0.022475 0.080749 -0.86666 0.36951 2.8319 -0.38426 0.13004 1.0372 -0.13685 0.51525 -0.78196 -0.28796 -0.30642 -1.1725 0.75435 0.23497 -0.83314 0.26431 -0.67373
-0.15612 -0.21956 0.52544 -1.5277 0.4172 -0.39031 -0.83858 1.0095 0.016136 -0.62767 1.3167 1.1032 0.58678 -0.59332 -0.25463 -0.49244 0.29143 0.082129 0.52832 0.41592 -0.61332 0.74043 -0.58892 -0.14436 2.4886 -0.39831 0.59438 1.1891 -0.65 0.99267 -1.1559 -0.31407 -0.15956 -1.3489 0.4826 0.78193 -1.6449 -0.7358 -0.9162
-0.26542 -0.31605 0.33908 -1.5759 0.55812 -0.45475 -0.35363 0.68719 0.28559 -1.0223 2.1967 0.84365 0.43312 -0.10095 0.74666 -0.59834 0.78831 -0.45043 0.30603 0.28688 -1.224 0.36553 -0.84722 -1.3555 2.2081 -1.0589 0.82346 0.72764 -0.98807 0.81799 -1.0194 -0.73556 -0.004243 -1.2236 -0.041524 1.2151 -1.3955 -1.6016 -0.59215
-0.066293 0.27865 0.83402 -1.1616 -0.34626 0.073977 -1.026 -0.1342 0.4975 -0.61146 0.90354 1.6737 -0.068661 0.093607 0.60701 -1.1881 1.3733 -0.70266 0.22315 0.62598 -1.7445 0.58475 0.28593 -1.7788 1.1297 -1.2237 0.42524 0.71815 -0.1464 0.54061 -0.57276 -0.63951 -0.21906 -0.34727 -0.84825 1.4918 -0.71898 -1.9027 -0.43059
0.0025967 -0.24306 -0.58838 -1.0818 -0.40207 -0.19266 -0.64407 -0.10207 1.1483 -0.93459 0.58945 1.6303 0.21766 0.45331 0.40494 -1.3848 1.0889 -0.96649 -0.46715 0.36765 -2.0692 0.097281 1.2173 -1.5826 0.37168 -0.92621 -0.49797 0.53007 0.94927 -0.13946 0.21109 -0.53971 -0.31508 0.79002 -1.4772 1.4692 1.0553 -1.7893 0.026979
0.57846 1.1935 0.17298 -0.44711 -0.59655 -0.23404 -0.7976 -0.77292 -0.33274 -1.7405 -0.71127 2.4002 -0.81306 -0.095242 1.1069 -0.36862 1.1479 -0.73171 -0.26159 -0.046711 -0.92883 -0.80715 1.4646 -1.4545 -0.32595 -1.1587 -1.0449 0.71078 2.292 -0.62384 0.61842 -0.23822 -0.52851 1.5067 -1.9542 0.51163 1.8532 -1.3403 0.11136
-0.065556 -0.1012 -1.1038 0.11452 -0.2134 -0.21869 0.4586 -1.1793 0.80259 1.0867 -0.072033 1.2534 -0.40122 -0.89844 1.3775 0.779 0.65462 -0.047211 -0.44767 0.015098 0.062376 -1.8836 1.6031 0.58788 -0.57343 -1.0475 -1.2458 0.19925 2.5086 -0.84528 0.51482 0.21287 -0.34277 1.7759 -1.5566 -0.57507 1.8637 -0.95027 0.3336
0.2466 0.0073877 -1.0369 -0.84835 -0.80132 -1.3584 -0.69939 -1.9784 0.13731 1.0081 0.29328 1.2757 -0.04835 -1.1101 1.2993 2.0372 0.45148 -0.01463 -0.23763 -0.21902 0.41677 -2.328 1.1798 0.82851 -1.0227 -0.98304 -0.44145 -0.43277 1.8329 -1.0561 0.10067 0.20364 -0.065407 1.2807 -0.70151 -1.6172 1.1532 0.019157 0.59267
-0.6104 1.6598 1.0339 -0.028547 -0.56956 0.0054747 -1.0317 0.26935 -1.02 0.42725 0.0012663 0.68168 -1.1749 -1.2817 0.64437 2.1262 -0.10989 -0.3704 -0.11471 -0.20791 1.0609 -2.2467 0.23016 0.98948 -1.1367 -0.47557 0.26234 -1.1403 0.27824 -0.68225 -0.15793 0.24669 0.35266 0.66904 0.63346 -1.8455 -0.38024 0.87698 0.77411
-1.0385 1.6976 1.7131 -0.49996 -0.22797 -0.55788 -0.76639 0.13337 -2.0766 1.0685 2.1437 1.6879 -1.0231 -0.69347 0.76761 2.4034 -0.40539 -0.38717 -0.080333 -0.060003 1.3155 -2.0125 -1.1039 0.64498 0.0082832 -0.48836 0.89073 -2.0964 -1.6859 -0.34382 0.068218 -0.30685 0.48814 -0.21342 1.9752 -1.3449 -1.1258 1.2878 1.306
-0.58037 0.99601 1.7312 -0.14968 -0.52851 -0.50708 -0.61419 -0.31791 -1.8537 -0.0035585 0.31656 0.50358 -0.91219 -0.62567 -0.22842 1.1235 -0.16352 -0.15986 -0.10077 0.6201 1.0485 -0.74686 -0.97571 -0.070259 0.65322 -0.04586 1.4103 -2.4138 -2.856 0.36141 0.38252 -0.65002 0.33429 -0.60833 3.0214 -0.41774 -1.4015 0.89116 1.4987
-0.77724 0.97184 1.6021 -0.59063 -1.2561 -0.51904 -0.4834 0.19763 -2.4297 -0.51446 0.38342 0.7679 -0.8868 0.17774 -1.7114 -0.62034 -0.14467 0.0025685 -0.81973 0.31374 -0.028863 0.91165 -0.91693 -0.87443 0.63354 0.90902 1.3913 -2.1891 -3.3931 0.80798 0.62086 -0.59032 -0.26988 -0.55394 3.2398 0.71468 -0.73965 -0.2396 1.5876
-0.54452 0.75525 1.6914 -0.77454 -0.63441 -0.74926 0.055383 0.35908 -1.3349 -0.13566 1.0577 1.6929 -0.68902 0.8368 -2.0863 -1.717 0.43627 0.14284 -0.9405 0.25416 0.43666 2.382 -0.672 -1.0321 0.32077 1.2435 1.5878 -1.1204 -2.7217 1.0041 0.73259 0.078236 -1.079 -0.47321 2.4102 1.2761 0.22202 -1.2091 1.0448
-0.92346 0.47436 0.80408 -0.62488 -0.69201 -1.0508 -0.244 0.16262 -1.0727 -0.19122 0.067853 2.0968 -0.48938 1.095 -1.9033 -2.5395 0.79411 0.6137 -0.74804 -0.39765 0.44137 2.9526 0.24511 -0.33889 -0.28254 1.4281 1.3691 0.083743 -1.605 0.9517 0.63662 1.1852 -1.255 -0.59315 0.73341 1.6452 0.79814 -1.597 0.15948
-0.40533 -0.2883 0.42845 -0.0057112 -0.19151 -1.2019 -0.9569 -0.057577 -0.0072476 -0.66339 -0.54703 1.1662 -0.19315 1.7902 -1.9714 -3.02 1.2278 0.89498 -0.01558 -1.1111 -0.19405 3.0959 1.0891 0.11003 -1.2553 1.3802 1.1226 0.73753 -0.45924 0.39387 0.48615 1.7288 -1.0521 -1.2197 -0.99594 1.652 0.78956 -1.3202 -0.4024
0.28058 -0.74753 -0.55749 0.2361 -0.33953 -1.775 -0.093596 0.88526 1.1029 -0.041343 0.83017 1.4005 0.29666 2.1807 -1.6236 -2.9759 1.2238 0.80809 0.84004 -1.4313 -0.97746 2.0499 1.6013 0.1485 -1.7089 1.0983 0.56916 1.2435 0.68071 -0.145 0.26926 1.7093 -0.32958 -1.1549 -2.1888 1.1834 0.30374 -0.29556 -0.82457
0.48341 -0.67274 -1.4484 0.53453 -0.087309 -0.99259 -1.349 0.28641 1.3786 0.40875 -0.08116 -0.21823 0.35202 2.3285 -1.0035 -2.3554 0.95777 0.94686 1.3704 -1.2639 -1.4579 0.85499 2.0625 0.30113 -1.5515 0.75974 -0.49188 1.5787 1.5784 -0.45531 0.32748 0.96042 0.32702 -0.82571 -2.411 0.080818 -0.31971 0.54293 -0.933
1.1048 -0.94491 -1.8463 0.55456 -0.0015615 -0.12809 -1.8726 -0.42982 1.3591 1.4593 1.1342 0.068391 0.30117 1.8609 -0.33087 -1.5888 0.67251 1.0848 1.6286 -0.95744 -1.3921 -0.30135 2.2152 0.17617 -0.7017 0.4088 -1.1949 1.2321 1.917 -0.34697 0.32713 -0.23377 1.0253 0.099057 -1.4314 -1.0623 -0.65642 1.364 -0.67823
1.4235 -0.86827 -1.824 0.55643 0.44148 0.25985 -1.6599 -1.471 0.76536 1.9068 0.51259 0.49413 0.30833 1.0691 -0.0091177 -0.74558 0.67504 1.3622 1.306 -0.71318 -1.7481 -0.54919 0.99027 -0.5333 -0.67467 0.22053 -1.5576 0.59018 1.7237 -0.098944 0.0084437 -1.1715 1.2592 1.3253 -0.25047 -2.2778 -0.86856 1.3442 -0.31478
1.4443 -0.74002 -1.939 0.69275 0.60914 0.17767 -1.7709 -1.5946 0.065845 2.098 -0.11943 0.25636 0.35483 0.65987 -0.083251 -0.17735 0.73638 1.2053 0.42926 0.28006 -0.6159 -0.10093 0.014202 -0.73353 0.55411 0.27445 -1.4287 -0.067833 1.4739 -0.0033173 -0.53233 -1.497 1.0831 2.3909 0.22354 -2.9369 -0.21007 0.91725 -0.022201
1.5915 -0.77647 -1.6754 0.94617 1.0989 0.3458 -1.6952 -0.8157 0.26217 2.2458 0.26352 0.4703 0.41739 0.12359 -0.14757 0.17945 0.75409 0.8977 -0.16811 0.55671 0.99307 0.27378 -1.4392 -0.96523 0.48309 0.31964 -1.0765 -0.36922 1.237 -0.31442 -1.0964 -1.2334 1.0976 2.8153 -0.25415 -2.2761 0.70079 0.7116 0.033063
1.2012 -0.76002 -1.849 1.184 1.2946 -0.14583 -1.356 -1.7501 1.1449 0.69283 0.002162 -0.2943 0.57744 -0.23896 -0.36612 0.72048 0.63744 0.32052 -0.36098 0.50615 2.3555 -0.24173 -2.5166 -0.019274 0.54089 0.32387 -0.86726 -0.21917 1.0179 -0.80821 -1.6802 -0.50665 0.93992 1.6533 -1.2557 -1.1142 0.9612 0.018729 -0.084286
1.4567 -0.96321 -1.8402 1.3684 1.1586 -0.13477 -1.1044 -0.38901 1.4727 0.8565 -0.65224 1.0438 0.5575 -0.418 -0.46879 1.1327 0.15572 -0.24293 -0.54897 1.3003 2.7921 -0.96719 -2.3431 0.50994 0.74837 0.24958 -0.42164 0.085929 0.77249 -1.2581 -2.0449 0.38129 0.98375 0.0047455 -1.7509 0.57624 1.1476 -0.27468 -0.22305
1.3676 -1.1185 -1.5002 1.2661 1.0338 -0.074094 -1.2368 1.0044 1.078 -0.482 0.0070023 0.7715 0.55708 -0.62811 -0.27648 1.2619 -0.4431 -1.3597 -0.31662 1.7296 2.0252 -1.9806 -1.7629 0.44723 0.47323 0.17396 -0.12677 0.48703 0.2862 -1.4303 -1.8758 0.98208 0.76438 -1.7863 -1.1561 1.7051 0.62686 -1.1053 -0.25623
1.122 -1.1606 -0.62061 1.2313 0.77873 -0.11375 -1.1722 1.6714 -0.81729 -1.3624 0.72564 0.94835 0.62959 -0.4359 -0.043493 1.364 -1.0134 -2.0772 0.47859 1.8511 1.173 -2.3515 -0.5975 1.0907 -0.0092187 0.035256 0.092982 0.69147 -0.29435 -1.2198 -1.1994 1.2201 0.030154 -2.7165 0.12101 2.1417 -0.13713 -1.5923 -0.21295
1.0073 -1.1421 -0.49798 0.76983 0.47432 -0.61648 0.50973 1.7803 -1.1806 -0.18002 0.60091 0.94023 0.60752 -0.45161 0.23105 1.1474 -1.403 -2.2621 0.88021 1.7122 -0.65069 -1.8496 0.13132 0.94367 -1.2424 0.018191 0.3874 0.59863 -0.82938 -0.78137 -0.13969 0.83004 -0.6804 -2.4384 1.6025 1.8088 -0.77851 -1.5864 -0.18474
0.78919 -0.91386 -0.46518 0.43963 -0.79442 0.039402 0.63303 0.45492 -1.4856 -0.24629 0.31211 0.5476 0.64319 -0.33103 0.42415 0.64283 -1.6014 -2.0312 1.0378 1.3692 -1.6751 -0.76752 1.121 -0.0046139 -1.515 -0.015583 0.54819 0.39491 -1.0237 -0.14514 0.69047 -0.0040706 -1.2991 -1.2354 1.9914 0.77251 -1.1347 -1.0006 -0.12061
1.0421 -0.85558 -0.37924 0.070907 -1.1532 0.89189 0.7022 -0.082938 -0.95012 0.047311 1.3304 -0.0092776 0.55787 0.026333 0.48342 0.071161 -1.5783 -1.6476 0.88387 0.6553 -1.7611 0.46829 1.1102 -0.54721 -1.8836 -0.098153 0.79796 0.13938 -0.78788 0.54892 1.1381 -0.84174 -1.3311 0.81726 1.327 0.015579 -0.49705 0.10329 -0.13189
1.0344 -0.83476 -0.34955 -0.19921 -1.1483 0.94433 0.51504 -0.6702 -0.74593 0.436 0.48408 -0.48493 0.5803 0.32237 0.48834 -0.013861 -1.1826 -1.1025 0.449 -0.13341 -0.90927 0.51152 0.53188 -0.41446 -1.6446 -0.10068 0.79795 0.056736 -0.51183 1.1824 1.1253 -1.736 -0.78899 2.0061 0.43317 -0.7413 0.36168 1.1599 -0.13162
0.8642 -0.72419 -0.43382 -0.54769 -0.98741 0.80626 0.38466 -0.4158 -0.62632 0.69931 -0.05428 -0.62418 0.58187 0.66997 0.43592 0.002264 -0.59038 -0.61038 -0.36745 -0.11142 0.71893 0.19834 0.50096 0.16636 -0.95931 -0.15155 0.63829 0.061757 -0.47298 1.5477 0.83194 -2.1147 -0.13409 2.2542 -0.13222 -0.90782 0.7904 2.1223 -0.14388
1.1783 -0.65998 -0.55185 -0.63437 -1.2453 0.41755 0.29718 -0.27582 -0.48531 0.25645 0.061739 -0.98776 0.51474 0.79541 0.54869 -0.27803 0.093921 -0.45767 -1.4952 0.22699 1.38 0.25964 -0.042939 0.36446 0.32217 -0.20075 0.48956 -0.01057 -0.56643 1.4218 0.57784 -1.9771 0.15871 1.5347 0.12514 -0.7784 0.4123 2.2374 -0.18844
1.3409 -0.54131 -0.44096 -0.52297 -1.3563 0.07397 0.56891 0.41383 -0.91889 0.44274 0.44638 -0.72943 0.52831 0.94976 0.56231 -0.67913 0.64599 -0.42454 -1.9874 0.21735 1.9201 0.35075 -0.41058 0.64195 1.328 -0.27975 0.24119 -0.13824 -0.48653 0.91776 0.52641 -1.1406 -0.3232 0.57731 0.39797 -0.42858 -0.58468 1.7208 -0.17105
1.6523 -0.45499 -0.3435 -0.12392 -1.7633 0.045737 0.56904 1.5097 -1.1974 0.65797 1.3984 -0.48402 0.44887 1.0738 0.41503 -0.73095 0.82968 -0.12339 -2.3356 0.011261 1.7771 0.70877 -0.55659 0.1743 1.6334 -0.3401 -0.115 -0.33658 -0.24583 0.23217 0.54499 -0.099121 -0.85501 -0.17179 0.44222 9.1815e-05 -1.4471 0.64837 -0.07831
1.7896 -0.25558 -0.92505 0.19114 -1.4654 -1.229 1.0732 1.1183 -0.030385 -0.089571 1.2987 0.62502 0.35103 0.97362 0.28227 -0.67909 0.74342 0.1987 -2.0296 -0.6274 1.7597 0.79524 -0.073 -0.89511 1.7892 -0.35733 -0.61501 -0.35259 0.061825 -0.37928 0.40044 0.69514 -0.80462 -0.84971 0.15764 0.096986 -1.7428 -0.25018 0.10199
1.8339 -0.2787 -1.4331 0.35199 -1.4389 -1.5206 0.41405 1.798 -0.19827 -0.045606 0.42551 0.90313 0.32108 0.58312 0.14139 -0.7341 0.48359 0.24155 -1.6737 -1.004 1.0974 0.94775 -0.16824 -1.7389 1.3835 -0.28784 -0.88081 -0.28068 0.48862 -0.6404 -0.059786 1.6025 -0.20535 -1.2399 -0.48888 0.19353 -0.51912 -1.2363 0.29451
2.0578 -0.38171 -1.1296 0.11503 -1.029 -2.1076 0.16474 1.7473 0.32608 -0.11299 -0.20916 0.59558 0.24124 0.091842 0.12544 -0.55615 0.13074 0.13449 -1.082 -0.83082 0.44729 0.57 -0.36365 -1.8615 0.97509 -0.14096 -0.93896 -0.17676 0.84602 -0.66384 -0.39038 2.0165 0.71581 -1.6885 -0.90226 0.50032 1.2879 -2.5143 0.43362
2.2538 -0.35398 -1.0711 0.17825 -1.1639 -1.6358 -0.66515 2.4822 -0.031531 0.72168 -0.90268 0.8755 0.19312 -0.068524 0.038248 0.13006 -0.033433 -0.20732 0.067157 -0.28272 -0.21382 -0.13848 0.026743 -0.36865 -0.37969 0.027159 -0.86993 -0.065557 1.0746 -0.54477 -0.50606 2.1482 0.90646 -1.5952 -0.90317 1.0434 1.8775 -2.8241 0.47691
1.8167 -0.32969 -1.3386 0.21032 -1.4119 -1.8321 -0.36104 1.8826 0.1138 0.061238 -0.89767 0.86143 0.28778 -0.3888 0.049885 0.48213 -0.21072 -0.3089 0.72501 0.39948 -1.1913 -0.45185 0.8932 0.988 -2.2665 0.18499 -0.75688 0.014403 1.1517 -0.66279 -0.25896 1.6528 0.34178 -1.2378 -0.29872 1.013 1.0874 -2.0615 0.35087
1.6455 -0.1701 -1.2856 0.16892 -1.6054 -1.6537 0.18438 1.7086 -0.19307 -0.46999 -0.31581 1.1286 0.31428 -0.74016 0.078447 0.76904 -0.33893 -0.48434 1.2858 0.13746 -1.4905 -0.33334 1.3745 0.57721 -2.5432 0.31882 -0.66441 0.10795 1.2494 -0.92342 0.24236 0.77608 -0.6848 -0.46983 0.30968 0.53676 -0.24462 -0.19632 0.13017
1.8807 -0.27991 -0.68655 0.22128 -1.594 -1.0797 0.82486 0.65549 -0.25626 0.21234 1.3292 -0.26239 0.38185 -0.93179 0.13637 1.2913 -0.92723 -0.21417 1.2762 -0.37746 -1.557 0.089522 1.0717 -0.16506 -1.9887 0.27955 -0.48402 0.16528 1.2532 -1.0786 0.61229 0.047282 -1.4437 0.42277 0.49197 -0.26461 -0.74201 1.7058 -0.11569
1.5086 -0.3231 -0.68982 -0.10832 -1.4762 -0.73539 0.5129 0.21607 -0.69039 2.0955 1.172 -2.6135 0.47397 -0.9895 0.18019 2.0759 -1.3661 0.19226 1.1741 -1.2181 -1.0312 0.23496 1.0755 -0.27225 -0.89039 0.19026 -0.36092 0.28835 0.82454 -0.86136 0.69827 -0.54883 -1.391 0.9023 0.30531 -1.1227 -0.28562 2.8312 -0.31348
1.3043 -0.28664 -0.063553 -0.33058 -1.6561 -0.37551 -0.73108 0.45956 0.1969 1.928 -1.1726 -1.2002 0.5176 -1.1309 0.27865 2.1862 -1.674 0.48905 0.84592 -1.7157 -0.51211 0.27427 0.54635 -0.056759 0.28177 0.063099 -0.11744 0.36949 0.12668 -0.12863 0.37736 -0.728 -0.63672 0.83432 0.060746 -1.663 0.5872 3.049 -0.37579
1.0942 -0.10312 0.45619 -1.1049 -1.4244 -0.34907 -1.2989 0.57867 0.25206 0.97093 -1.5092 -0.012812 0.42061 -1.2851 0.48974 1.8746 -1.5422 0.4605 0.4884 -1.8843 -0.078523 0.20964 -0.6091 -0.038642 1.9127 -0.078141 0.22881 0.27558 -0.82622 0.77133 -0.18521 -0.72171 0.50761 0.080018 -0.0047829 -1.6126 1.2745 1.5123 -0.35034
0.7338 -0.07068 1.4283 -1.3157 -1.1164 -0.57617 -1.3481 0.47591 0.13671 0.88585 0.22776 0.37824 0.46684 -0.98877 0.59774 1.6351 -1.0657 0.3502 0.28258 -1.2751 -0.2443 0.2463 -1.4344 0.89257 2.6299 -0.19194 0.73697 -0.15083 -1.5395 1.7298 -0.76633 -0.57623 1.3011 -0.69042 -0.039818 -0.6995 1.21 -0.56981 -0.21661
0.6712 0.082229 1.2775 -1.6107 -0.97911 -0.41243 -1.278 0.59228 -0.21807 0.66258 1.2308 0.36265 0.37304 -0.64003 0.48205 0.80606 -0.23844 -0.088061 0.13073 -0.45395 -0.98933 0.26144 -1.1796 1.7945 0.92913 -0.24685 1.24 -0.68185 -2.0922 2.256 -1.0795 -0.51946 1.6969 -0.94929 0.015375 0.40511 0.22895 -1.4404 -0.09477
0.49627 0.19401 1.2401 -1.338 -1.1978 -0.23556 -1.6362 0.21126 -0.13215 0.20972 0.77733 0.65597 0.34424 -0.11522 0.041271 -0.16373 0.87217 -0.66923 -0.037332 0.089677 -1.5287 0.19049 -0.55171 1.4398 -0.33388 -0.20149 1.3566 -1.0908 -2.2166 2.1847 -0.93744 -0.7852 1.5249 -0.47658 -0.00055436 1.0307 -1.3262 -0.68258 0.017876
0.54691 0.29039 1.4268 -1.2639 -1.2332 -0.22551 -1.5022 -0.16543 0.1796 0.24427 0.73919 0.72807 0.30678 0.52471 -0.34826 -1.1476 1.6565 -1.0458 -0.31112 0.71993 -1.462 0.29052 -0.18094 0.14958 0.57245 -0.22579 1.2684 -1.1343 -1.7515 1.4877 -0.37203 -0.95089 1.1775 0.75228 -0.17896 1.1995 -2.3596 1.082 0.06625
0.68548 0.16613 0.9633 -0.66173 -1.896 -0.29225 -1.4274 -1.0919 0.85972 0.09222 0.69485 -0.10739 0.2504 0.88585 -0.77728 -1.543 2.023 -0.9223 -0.93637 1.0917 -1.0226 0.25274 0.2116 -0.91648 1.4787 -0.17321 0.84654 -0.8225 -1.0443 0.41931 0.30588 -0.9721 0.73718 1.7723 -0.25697 1.0055 -2.3285 1.431 0.076701
0.97555 -0.25994 0.39957 -0.018495 -2.0689 -0.65671 -0.98454 -1.4128 0.017267 0.45894 1.1971 -0.37786 0.27352 1.1573 -0.97039 -1.7863 1.9381 -0.65937 -1.1592 1.3262 0.37118 -0.10705 0.92834 -1.7143 2.1689 -0.15371 0.18962 -0.31965 -0.33228 -0.46789 0.77066 -0.63376 0.18895 2.1403 -0.12048 0.65149 -1.5749 0.50405 0.16922
1.3372 -0.41053 -0.16703 0.50618 -2.1249 -0.9966 -0.13426 -0.89954 0.23359 0.68634 0.60096 2.1713 0.21323 1.1045 -0.99567 -1.7991 1.5146 -0.29715 -1.3911 1.2154 1.3498 -0.10477 0.98774 -2.2534 1.7012 -0.11339 -0.3934 0.15675 0.19735 -1.0084 0.79864 -0.094064 -0.21321 1.6968 0.25701 -0.047096 -0.75061 -0.86453 0.27697
1.4362 -0.62191 -0.50116 0.54065 -1.8145 -1.6107 -0.21046 -0.45837 0.099315 0.75224 -0.57191 2.3777 0.20193 0.76512 -0.75848 -1.6378 1.0591 0.072934 -1.2499 1.0257 1.9341 0.24938 0.80299 -2.3082 1.4688 0.017652 -0.86913 0.33721 0.68806 -1.1671 0.65258 0.34117 -0.25585 0.59696 0.29578 -0.67007 0.48729 -2.4332 0.48227
1.6049 -0.61727 -0.64067 0.70642 -1.9641 -1.3711 -0.20611 1.1162 -0.09881 1.7102 -1.6497 2.6809 0.18729 0.37886 -0.61766 -1.2415 0.61492 0.19502 -1.0815 0.83104 1.8297 0.61286 0.22153 -2.1061 0.14078 0.18826 -0.88773 0.22829 1.1941 -0.92906 0.24526 1.1659 -0.0066379 -0.38223 0.060124 -0.96126 1.6483 -2.6918 0.62741
1.6115 -0.72041 -0.77194 0.48032 -1.8113 -1.9446 -0.079256 0.9109 0.56705 1.2342 -1.4979 1.0032 0.19613 -0.042053 -0.59645 -0.7683 0.24785 0.30586 -0.71761 1.0249 1.4126 0.15034 -0.011842 -0.81224 -1.8285 0.47374 -0.68364 -0.04144 1.5211 -0.67951 0.0076187 1.866 0.23443 -1.1808 -0.31036 -1.1549 1.9267 -2.0826 0.63641
1.4404 -0.71732 -1.3454 0.92752 -1.9536 -1.7835 0.099106 0.80308 1.1042 0.99877 -1.2555 1.4412 0.33767 -0.087664 -0.6932 0.012667 0.21887 0.038753 0.43011 1.2047 0.79764 0.087616 -0.52202 0.28364 -1.9371 0.67094 -0.52406 -0.11923 1.5157 -0.58429 0.16234 2.3992 0.26091 -1.217 -0.55847 -1.2071 1.5331 -0.61824 0.51153
1.4756 -1.0478 -1.1842 0.87635 -1.7834 -2.1595 0.52314 0.88851 0.52469 0.59054 -1.3575 0.84424 0.4846 -0.22881 -0.78169 0.59549 0.015601 0.16062 1.3472 1.2944 -0.070704 -0.089282 -1.1374 0.33576 -1.5793 0.80319 -0.49801 0.084215 1.1426 -0.7367 0.51312 2.1797 -0.038153 -1.0669 -0.38571 -1.3611 0.69906 0.25576 0.26471
1.2948 -1.0832 -0.99561 0.67599 -1.5368 -1.9062 1.3795 1.3078 -0.15337 1.0245 -0.5699 0.38166 0.71033 -0.46679 -0.7142 0.92693 -0.33502 0.56549 2.2029 1.2032 -0.026894 -0.36698 -1.6342 0.37589 -1.1866 0.849 -0.56628 0.49711 0.32561 -0.89369 0.97254 1.2233 -0.39941 -0.99094 -0.22642 -1.2157 0.21422 0.2615 0.033053
1.5417 -1.353 -0.09332 0.8419 -2.0062 -0.30595 1.0049 1.1071 0.31913 0.30798 -0.75239 0.54523 0.79914 -0.74449 -0.43989 0.92454 -0.8221 0.99396 2.316 0.95368 -0.45222 -0.37499 -2.1884 0.53857 -1.6851 0.81208 -0.46934 0.79141 -0.55667 -0.72852 1.0217 0.079293 -0.70937 -0.91143 -0.1379 -0.91233 0.16919 0.21567 -0.17539
1.3193 -1.3715 -0.017173 0.58102 -1.638 0.28302 1.3015 0.64589 0.29313 -0.13468 -1.6868 0.55729 0.9086 -0.84509 -0.037674 0.46467 -0.99844 1.4296 2.1369 0.60374 -1.1263 -0.20223 -2.4326 0.61477 -1.3543 0.72023 -0.18325 0.83547 -1.1236 -0.35184 0.91678 -1.0528 -0.65932 -0.6925 -0.42741 -0.089924 0.32487 0.40625 -0.29069
0.89476 -1.3682 -0.16963 0.097144 -0.83956 0.47232 1.4286 0.86528 0.4157 -1.4499 -0.64494 -0.39143 1.0294 -0.87987 0.19142 -0.21285 -0.98451 1.6277 1.5032 0.22277 -1.4657 -0.42655 -2.5556 0.55929 -1.0559 0.58513 0.21552 0.52078 -1.0599 0.16649 0.46584 -1.3403 -0.63868 0.019932 -0.96901 0.93836 0.31055 0.76945 -0.3588
0.58334 -1.1372 -0.50127 -0.060386 -0.62335 0.37019 1.4799 0.05207 0.25106 -1.9933 -0.27202 -0.76367 1.1697 -0.72268 0.35413 -0.60788 -0.89155 1.9523 0.68568 0.29413 -0.99663 -1.1776 -1.5907 1.0182 -0.6862 0.49406 0.5545 0.056341 -0.43561 0.53377 -0.19221 -1.0358 -0.49512 0.59081 -1.1452 1.7753 -0.027056 0.71427 -0.39651
0.76256 -1.0675 -0.5559 -0.25418 -0.023989 0.34419 1.5559 -0.62249 -0.20069 -2.0813 -0.35626 -0.46176 1.2202 -0.40919 0.22964 -0.52322 -0.5582 1.596 0.59824 -0.12608 -0.46982 -1.8116 -0.65228 0.96101 -0.48874 0.34689 0.62807 -0.31107 0.26245 0.63352 -0.59212 -0.27487 -0.31809 0.90833 -0.61397 2.0335 -0.46124 0.51096 -0.43895
0.59882 -1.0315 -0.94042 -0.22305 -0.061265 0.64805 1.4125 -0.49564 -0.67524 -2.3001 -0.17877 -0.35776 1.2513 -0.071793 0.043351 -0.19238 -0.21749 1.0826 0.69642 -0.17848 -0.35605 -1.788 0.27983 0.36653 -0.21615 0.20025 0.30925 -0.45432 0.60094 0.49991 -0.88946 0.42379 -0.25696 0.85707 0.43929 1.6407 -0.7918 0.30315 -0.44994
0.86611 -1.0892 -0.549 -0.17421 0.4256 0.87953 1.4946 0.21266 -1.2486 -1.4774 0.17286 -0.014903 1.2743 -0.063828 -0.15847 0.077368 -0.14362 0.95452 0.98049 -0.15488 0.16136 -1.3325 0.69965 -0.025908 -0.26963 0.024474 -0.063013 -0.25788 0.52502 0.18939 -0.76064 0.55958 -0.010591 0.51148 1.331 0.94997 -0.85931 0.12546 -0.40546
0.65337 -1.2091 -0.6495 -0.22802 0.40597 1.1306 1.0245 0.23878 -2.0042 -1.4133 -0.34839 -0.67144 1.2567 -0.32961 -0.19313 0.22513 -0.16712 0.611 1.2403 -0.18709 0.52545 -0.51269 1.1228 -0.056887 -0.18381 -0.07001 -0.32408 0.074211 0.20117 -0.16565 -0.55273 0.2934 0.17389 0.19095 1.7181 0.13256 -0.78207 0.010788 -0.35907
0.69335 -1.2391 -0.44699 -0.22303 0.41932 1.1945 1.3897 -0.31905 -1.3988 -1.4106 -0.021648 -0.95947 1.2641 -0.38675 -0.069756 0.25882 -0.22384 0.40986 1.3175 -0.14045 0.18799 0.24635 0.907 -0.53009 -0.24292 -0.17151 -0.28141 0.30564 -0.13199 -0.40729 -0.3733 -0.085542 0.46327 0.13613 1.7308 -0.2484 -0.51715 0.35246 -0.31739
0.5043 -1.2252 -0.50843 -0.34626 0.77578 1.6167 1.4055 -0.070001 -1.2428 -1.196 -0.4595 -0.78003 1.1763 -0.48824 0.12858 0.099847 -0.47204 0.32042 1.0379 0.15275 0.043652 0.89565 0.48981 -0.93056 -0.19339 -0.28048 -0.14779 0.36862 -0.42551 -0.49845 -0.19081 -0.38597 0.49544 0.37425 1.2095 -0.46717 -0.50111 0.34724 -0.26271
0.33526 -1.2077 -0.42172 -0.4666 0.61481 2.0858 1.2149 0.37463 -0.8309 -0.37975 -0.18597 -0.16548 1.1644 -0.48537 0.19161 -0.10236 -0.73108 0.39959 0.90662 0.57384 0.69802 1.462 0.55281 -0.6113 0.44423 -0.38178 -0.048757 0.27973 -0.51051 -0.43776 -0.17425 -0.67644 0.35745 0.58222 0.73725 -0.39312 -0.16381 0.035168 -0.12478
0.35971 -1.0613 -0.54913 -0.40591 0.50014 2.3282 1.1869 -0.11872 -0.71347 -1.1135 -0.91231 -0.62639 1.0845 -0.53985 0.2909 -0.38757 -0.82138 0.25596 0.72756 0.41667 1.0755 1.3309 0.39037 -1.0066 0.1714 -0.38816 0.12551 0.16098 -0.48677 -0.17971 -0.32023 -0.91441 -0.012682 0.30313 0.36502 -0.22336 -0.036088 -0.19848 0.059256
0.37018 -0.98262 -0.41722 -0.85704 0.93774 1.8727 1.7608 0.29307 -0.47618 -0.93709 -1.1916 -0.62671 0.98617 -0.44168 0.31732 -0.4503 -0.84524 0.11276 0.22943 0.42135 0.92192 1.5317 0.19827 -0.81148 -0.34118 -0.3185 0.29276 0.12329 -0.21923 0.12781 -0.60577 -1.0797 -0.57605 -0.24258 0.13242 -0.00055103 0.16207 -0.19564 0.22898
0.11072 -1.1144 -0.85068 -1.1538 0.94344 2.2681 2.0296 1.3197 0.18509 -0.53573 -0.58652 -0.12758 0.87901 -0.27613 0.33829 -0.63446 -0.73553 -0.1375 -0.29694 0.20626 0.58465 1.6161 0.25484 -0.89581 -0.17673 -0.21612 0.46748 0.029451 0.18141 0.28737 -0.80809 -1.189 -1.1002 -0.64051 0.090442 0.040738 0.76613 0.30382 0.26556
0.04742 -0.90261 -0.98226 -1.0922 0.71696 2.3009 1.649 1.0616 0.24362 -0.79743 -1.5461 -0.90902 0.91821 -0.081247 0.37837 -0.38504 -0.52792 -0.53707 -0.55341 -0.43427 0.42924 1.6075 0.66275 -0.33788 0.24785 -0.098067 0.69328 0.033247 0.76678 0.29475 -0.84556 -1.1885 -1.696 -0.5398 -0.35029 -0.20957 1.2042 0.70706 0.12442
0.045388 -0.88155 -0.92086 -1.2623 0.80362 1.9694 1.7021 0.94409 0.86456 -0.66015 -1.223 -1.0306 0.91365 0.13142 0.3162 -0.074339 -0.43994 -0.9295 -1.0509 -1.2836 -0.04344 1.4968 0.28452 0.28695 0.49017 -0.06964 0.81545 0.18276 1.4102 0.19292 -0.75305 -1.0466 -1.7736 -0.12468 -0.76752 -0.41999 1.8688 0.73173 -0.20145
0.19321 -0.78994 -1.2383 -1.194 0.2521 1.6084 1.3346 0.64017 1.1732 -0.15555 -1.5878 -0.089412 0.96475 0.6138 0.39045 0.71421 -0.43933 -1.0714 -1.5625 -2.1151 0.086106 0.90985 -0.20067 0.99887 0.73285 -0.19064 0.69698 0.50557 1.7283 0.16486 -0.6806 -0.74954 -1.6233 -0.045542 -1.2941 -0.67264 1.8986 0.32683 -0.64821
0.36358 -0.63644 -0.73523 -1.1325 0.0071956 1.5185 0.69272 0.67299 1.2389 -0.13322 -1.0689 -0.21596 0.9344 0.8562 0.6407 1.4682 -0.41376 -1.2781 -1.7049 -2.3848 0.49418 0.44542 -0.12672 2.1595 1.0368 -0.49432 -0.074931 1.3408 1.7091 0.80033 -0.0063831 -0.13309 -0.66293 -0.15285 -1.7172 -0.58993 1.0638 0.042943 -1.4228
0.36991 -0.8112 -0.54803 -1.6597 -0.028834 0.52539 0.12788 0.75173 1.5633 -0.78191 -0.26351 0.057614 0.82512 0.82228 1.0565 2.093 -0.22667 -1.6356 -1.6018 -3.0243 0.067657 -0.44414 -0.46016 2.5087 0.63309 -0.9308 -1.2644 1.8622 0.77539 1.6298 0.64054 0.4416 0.89711 -0.52044 -1.6886 -0.14076 -0.68353 -0.30863 -2.0477
0.80678 -0.60597 0.22648 -1.64 -0.3105 0.50373 -0.9537 1.7807 1.0318 -1.1391 0.49602 0.2867 0.63755 -0.10082 2.1999 2.4494 0.93902 -0.66397 -1.2923 -2.1105 -0.35649 -1.2534 -0.74559 1.6545 0.6395 -1.9939 -2.1953 1.6856 -0.58979 2.4131 1.3965 0.88757 2.3271 -0.6629 -1.2344 0.4704 -2.0808 0.04265 -2.0965
0.90017 -0.012109 0.95028 -1.4585 -0.85777 0.25666 -1.0652 1.5035 0.90333 -0.52593 1.1319 0.03469 0.38038 -1.1835 2.6867 1.6843 1.8981 -0.18964 -0.99093 -0.51379 -0.59702 -1.6105 -0.13502 -0.10177 0.33851 -2.7431 -2.2668 0.80015 -1.7774 2.3202 1.8002 1.0098 3.3777 -0.36362 -0.25806 1.112 -2.4465 0.28055 -1.3744
0.78932 0.34822 1.4693 -1.3393 -1.4439 0.032119 -2.3474 0.12396 0.19505 -1.0594 1.3926 -0.12805 -0.04443 -2.0978 2.6104 0.57091 2.981 0.59646 -0.42623 0.8665 -0.58662 -1.4288 0.71338 -0.66762 1.283 -2.9691 -1.2387 -0.71097 -2.342 1.3143 1.5766 1.0424 2.9312 0.055665 0.31342 1.2792 -1.7596 0.20247 0.044574
-0.43573 1.9469 1.6709 0.64017 0.25699 0.12968 -0.56535 -0.026808 -0.48471 -1.2254 -0.41898 1.0238 -1.3329 -2.2653 2.177 -0.29846 3.0382 1.084 -0.22975 2.0277 -0.59034 -0.85264 1.1216 -1.1901 0.87877 -2.6596 0.38387 -2.6707 -2.5481 -0.16559 1.242 0.5801 1.1715 1.2073 1.047 1.01 -0.51167 -0.24858 1.8643
-1.058 1.6759 0.72847 0.7957 -0.13902 -0.018675 0.56895 0.44748 -0.42109 -0.1387 -1.4338 -0.092963 -1.662 -1.7894 1.2905 -0.94969 2.8012 1.6323 0.1911 2.2948 -0.23616 -0.98062 1.2783 -1.2949 0.78302 -1.9634 2.1255 -4.157 -2.1241 -1.7306 0.32163 -0.15853 -1.1439 2.0341 1.5355 0.4227 0.28739 -1.5855 3.3871
-1.4227 1.3568 0.020752 1.6094 0.65223 0.084199 0.72589 0.8761 0.061862 0.35418 0.26045 2.2897 -1.6844 -0.63723 -1.0468 -2.3326 1.6934 1.602 -0.27132 1.0417 1.8146 0.29047 1.6858 -0.79946 0.11377 -0.23863 2.6577 -3.9375 -1.3819 -2.2841 -0.36166 -0.48405 -2.8138 1.7168 1.3516 -0.7067 0.55425 -1.3228 3.5645
-0.78794 1.6605 0.50833 1.3028 0.34533 0.19576 1.0409 0.80863 0.044095 0.42455 -0.28525 0.36141 -1.5794 0.93366 -2.6202 -2.3934 0.47505 0.93207 -0.71244 -0.85309 2.5659 1.106 1.3366 -0.28486 -1.4425 1.2838 2.0678 -2.372 -0.47365 -2.2969 -1.051 -0.44437 -2.5845 0.45378 1.1463 -1.281 0.19558 -0.98659 2.5198
-0.68882 1.4574 0.26145 1.7124 0.96182 0.56232 0.95392 0.22099 -1.1941 0.75617 -0.48583 0.70588 -1.5301 1.1798 -2.3484 -2.165 0.0030305 0.75556 -0.67343 -1.8434 1.685 0.84095 -0.30561 -0.58624 -0.59893 1.4664 1.0763 -0.44861 0.1126 -1.793 -1.6858 -0.124 -1.3106 -1.2329 0.61068 -1.1649 0.16952 0.23282 1.0144
-0.19018 -1.0591 -2.1467 0.95482 1.0111 -0.85057 -1.3787 3.6989 1.0972 1.1157 -0.48383 0.16164 -0.31166 1.0435 -1.9599 -1.9171 -0.5754 0.092577 -0.43156 -1.2639 0.80376 1.0688 -0.29529 -1.006 -0.78894 1.2486 0.54428 0.8795 0.32429 -1.204 -1.9449 0.31477 0.26932 -1.9976 0.54775 -0.42297 0.4643 1.1858 0.011347
0.28882 -0.6182 -1.2424 1.3931 1.1946 -0.87778 -1.0892 3.4913 1.1743 0.72915 -1.3324 -1.1566 -0.29028 1.2588 -2.1089 -2.3541 -1.0747 -1.1241 -0.65633 -1.2882 0.06335 1.5578 0.16932 -0.095261 0.26044 1.4155 0.72866 1.4999 0.63927 -0.6348 -1.8352 0.7277 1.3243 -2.4917 0.044617 0.27881 0.66879 0.86674 -0.30347
-0.44223 -0.003937 -1.8402 1.0641 0.74812 -0.35345 -1.1914 1.3241 0.19662 -1.2645 -1.4257 1.2328 -0.73602 1.8843 -1.2834 -1.6849 -1.1941 -1.7567 -0.17236 -0.60752 -0.89094 1.8699 0.27983 0.39962 0.47818 1.3279 0.80053 1.3244 0.56254 -0.060205 -0.6844 0.70316 1.5379 -2.1565 -0.53813 0.080188 0.58021 0.44417 -0.1352
-0.24918 -0.098661 -1.7152 0.79848 0.51129 0.087944 0.30644 1.1412 1.347 0.8662 -0.64033 0.95329 -0.7203 2.0825 -0.20788 -1.0759 -0.84675 -1.744 0.49208 0.39373 -2.7921 0.5521 0.018764 0.047657 0.48949 0.9377 0.38286 0.8386 0.72326 0.46909 0.99596 0.44417 1.7388 -0.96088 -1.0216 -0.40124 -0.41729 -1.1113 0.040538
1.09 -1.1587 -2.9477 -0.137 -1.3838 -0.94446 -1.2284 1.1022 1.8269 1.5316 -0.02526 0.32944 0.22118 2.0845 -0.72074 -1.495 -0.78972 -0.8774 0.24498 0.87397 -2.376 0.51281 -0.013171 0.083062 -0.013765 1.2699 -0.69143 0.10944 0.64046 0.80749 2.2317 0.06768 1.3288 0.5412 -1.5345 -1.3529 -1.2042 -1.3914 0.13524
1.7619 -0.78163 -2.3881 0.40184 -0.5384 -0.022401 -0.85418 0.81013 2.0769 1.0605 -0.20856 0.768 0.32087 1.8574 -1.0011 -1.0861 -0.40192 0.28738 -0.082446 1.3389 -1.2445 0.20635 -0.45921 -0.76057 -1.6676 1.5104 -1.7837 -0.11085 1.1755 0.87372 2.7423 0.14485 1.0702 1.9299 -1.6962 -1.6845 -1.1731 -0.69352 -0.14117
1.7706 -0.90907 -3.1442 0.43076 -0.42321 -0.22388 -0.71269 -0.43088 1.0714 0.022462 -1.5765 0.077083 0.41836 0.75564 -0.69916 -0.47232 0.08195 1.3813 0.21684 1.4941 -0.50264 -1.0174 -2.197 -1.5852 -1.1688 1.2602 -2.3799 0.24915 1.7799 0.67918 1.6905 0.48075 0.56114 1.9625 -2.088 -1.3652 -0.24458 0.43223 -0.58353
1.6002 -0.98372 -3.1124 0.46922 0.67917 -0.42033 0.7736 -0.32972 1.3869 -0.20332 -1.183 -0.32204 0.5658 -0.46672 -0.39403 0.62441 0.33793 2.2318 0.74759 2.1573 0.40326 -2.0678 -2.2815 -1.4453 -0.28406 0.71531 -2.0892 0.31301 2.0157 0.24049 0.16796 0.9475 -0.11757 1.5543 -1.6143 -0.29432 1.4195 1.4238 -0.71781
1.1781 -1.1599 -2.994 0.34323 0.89303 -0.40084 1.0737 0.13419 0.83412 -1.0279 -2.0087 -0.77193 0.68716 -1.0437 -0.60645 0.99578 0.10242 1.2958 0.67864 1.5529 1.0019 -2.522 -1.8431 -0.05466 0.16066 0.72672 -1.0331 0.16018 1.8397 -0.29163 -1.2813 1.0186 -0.87453 0.73266 -0.57543 0.92997 2.2963 0.74668 -0.55675
0.99845 -1.1912 -2.3733 0.61208 1.2525 0.30912 1.2956 1.0715 0.14789 -1.7637 -2.0724 -0.0010431 0.84496 -1.0083 -0.52442 1.9686 0.041565 0.63846 1.3791 1.0837 1.332 -2.2618 -1.1932 1.3041 0.48689 0.61978 0.039448 0.30055 1.1709 -0.70182 -1.9547 0.81744 -1.3607 -0.35857 0.47494 1.4598 2.0049 -0.19959 -0.45299
1.0211 -1.4554 -1.7576 0.38824 1.2718 0.40311 1.1694 1.5819 -1.0476 -1.1767 -1.4433 0.64676 0.89318 -0.83178 -0.36273 2.314 -0.29667 -0.21412 1.722 0.33972 0.60456 -2.0541 -0.80128 1.614 -0.068755 0.41038 0.45525 0.67303 0.31429 -0.9606 -1.5198 0.55204 -0.93271 -1.0579 1.3835 1.7167 0.5142 -1.0146 -0.69058
0.72957 -1.3548 -1.5705 0.57716 0.64225 0.68854 0.90418 1.1237 -1.2663 -1.6079 -0.078163 0.5938 1.04 -0.49412 -0.013343 2.1684 -0.74515 -0.66021 1.6832 0.13163 -0.16033 -1.3257 0.21805 1.7147 -0.54759 0.14328 0.43326 0.85446 -0.88631 -1.1225 -1.0851 -0.28905 -0.56049 -1.2563 2.1765 1.5157 -1.0913 -1.237 -0.73708
0.72952 -1.4333 -0.66187 0.42429 0.72227 1.5382 1.3935 0.94615 -1.1692 -1.5666 0.086247 -0.11359 0.99612 -0.47137 0.25432 1.4911 -1.2637 -0.89138 1.5041 0.22519 -0.50993 -0.18917 0.99584 0.76928 -1.3055 -0.14843 0.3871 0.96492 -1.4844 -0.86708 -0.63631 -1.2056 -0.49597 -0.53808 2.6616 1.1491 -1.7602 -0.37647 -0.65423
0.60791 -1.3482 -0.32555 -0.12693 0.61622 1.6138 1.3904 0.3844 -1.0179 -1.6192 -0.048861 -1.0547 0.93204 -0.3988 0.58233 0.72184 -1.5328 -1.0494 0.94512 0.057806 -0.79305 1.1995 1.0428 -0.4377 -1.3162 -0.28921 0.24168 1.0052 -1.3875 -0.45371 -0.46368 -2.2498 -1.2463 0.22467 2.1357 0.17868 -1.444 0.71318 -0.55798
0.71484 -1.083 -0.40466 -0.57084 0.26872 1.7269 1.2087 0.44128 -1.0698 -0.50128 -0.47463 -0.76314 0.81701 -0.17309 0.93672 0.25651 -1.49 -1.2098 -0.10877 -0.58167 -0.22526 2.0515 1.1731 -0.80449 -0.41107 -0.42815 0.2101 1.2314 -0.26521 0.074326 -0.40717 -2.7458 -2.047 0.75465 0.9395 -0.58052 -0.17974 1.4391 -0.62364
0.46013 -1.017 -0.71718 -0.88093 0.25701 2.1368 1.5721 0.96786 -0.31698 -0.026289 -1.1893 -0.80666 0.7007 -0.19952 1.3091 0.18693 -1.4574 -1.3696 -1.5978 -1.8758 0.18247 1.866 0.53714 -0.36424 0.42473 -0.61639 -0.18873 1.4067 1.2302 0.56641 -0.10431 -2.229 -2.2593 0.83559 -0.41925 -1.0726 1.1597 0.98992 -1.0248
0.54296 -0.82733 -0.96852 -1.1797 -0.29478 1.2783 0.90722 0.1381 0.73022 -0.30011 -1.3442 -0.51715 0.72931 -0.1843 1.9272 1.2661 -1.1538 -1.4946 -2.2086 -2.7687 0.62093 1.3868 0.10802 0.38148 0.67331 -0.99028 -0.69058 1.2785 1.5384 1.5492 0.72527 -0.62625 -1.208 -0.000165 -1.9396 -1.1321 1.3212 0.34099 -1.5068
0.61494 -0.30991 -0.71699 -0.89363 -0.8407 0.4889 -0.021882 0.9662 1.4204 -0.41389 -0.29238 0.075907 0.62934 -0.72669 2.4123 2.5314 -0.64661 -1.106 -2.0549 -3.2204 0.57558 0.71189 -0.56884 1.2825 0.10622 -1.6606 -1.1851 0.67764 0.75434 2.606 1.4997 1.2385 0.97451 -0.86907 -2.4914 -0.43077 0.7294 -0.39966 -1.7094
0.45003 -0.032206 0.1673 -1.592 -0.70439 -0.7311 -1.4078 1.0295 0.41238 -1.2505 -0.14606 -0.16707 0.26904 -1.1492 2.4991 1.9772 0.96982 0.0051699 -1.0328 -2.2459 -0.41754 -1.2452 -0.53953 1.0066 0.43468 -2.336 -1.2922 -0.22796 -1.032 2.8322 1.8409 2.0618 2.9079 -1.1358 -1.9235 0.32559 -0.40255 -0.54713 -1.3271
0.426 0.92193 1.8189 -1.603 -1.1935 -0.58525 -2.0081 1.3006 0.24174 -0.73674 0.21119 -0.52189 -0.2179 -1.8498 2.1471 1.2526 2.2932 0.67034 0.032834 -0.24891 -1.1524 -1.8003 0.025663 0.78049 -0.22825 -2.7002 -0.73949 -1.0185 -2.2811 2.3044 1.4574 2.1781 3.7314 -0.89994 -0.30751 1.1014 -0.89283 -0.03907 -0.25674
-0.43805 1.3723 2.5673 -1.162 -0.71039 0.13104 -2.2332 1.1332 0.10995 -0.9286 0.73761 -0.85392 -0.99764 -1.9488 1.6915 -0.026035 2.6055 1.0428 0.45447 1.3765 -0.93962 -1.1985 0.51809 -0.16179 -0.22221 -2.6106 -0.0095673 -1.5997 -2.2553 0.71495 0.69519 1.2915 2.9338 -0.087444 1.4386 1.1569 -0.7528 0.33683 0.93987
-0.73046 1.2631 0.01973 1.1648 0.69003 1.218 -0.27438 -0.71997 -2.0676 -0.6537 -0.7409 0.41704 -1.4955 -1.6549 1.1452 -0.74312 2.7923 1.0861 1.1186 2.1935 -1.0835 0.092999 1.192 0.097221 0.37258 -1.9369 0.98405 -1.6949 -1.7143 -0.91426 0.1164 0.025507 0.98318 0.5189 1.6582 0.63476 -0.64042 0.60691 1.842
-1.3338 1.2277 0.23933 1.6074 -0.0052773 0.58871 0.84332 -1.2568 -0.53607 -0.17282 0.22095 -0.89475 -1.6277 -1.2566 0.37133 -1.2527 2.0483 1.088 0.73867 2.214 -0.63438 0.71981 1.28 -0.14273 0.81254 -1.2013 1.4884 -1.3614 -0.49258 -2.0003 -0.33391 -0.80703 -1.069 1.0544 1.088 -0.21327 -0.047148 0.65901 2.0555
-1.0444 1.5508 -0.20843 0.93905 0.084309 -0.067144 0.72497 1.1345 0.3609 -0.014746 -0.50714 -0.12032 -1.7368 -0.41157 0.021731 -1.3462 0.89773 0.85999 -0.083562 1.2374 -0.19058 0.59343 0.98261 -0.49645 0.46461 -0.43339 1.464 -0.86493 0.12417 -1.9925 -0.30815 -0.92992 -2.2404 1.1795 -0.25952 -0.89748 0.11278 0.90298 1.5713
-1.0176 1.5027 0.82608 1.0287 0.3103 1.0206 0.24538 -0.40018 0.72862 0.62668 0.72561 0.26831 -1.5182 0.12453 0.017328 -0.64366 -0.1225 0.52903 -0.42378 -0.21294 0.87365 0.75871 0.23115 0.047699 1.0446 -0.046597 0.85351 -0.40202 0.362 -0.98981 -0.39915 -0.50077 -1.8503 0.53202 -0.99374 -0.99229 -0.079068 0.10447 0.87187
-1.1687 1.3583 0.57395 0.85519 0.43316 0.74193 0.54904 0.32802 0.48231 0.81509 -0.10878 0.38103 -1.6573 0.30543 -0.095721 -0.8092 0.21679 0.78677 -0.0016654 -0.92828 0.68983 -0.42563 -0.070644 0.23277 2.0499 0.020502 0.04849 -0.11761 0.20759 -0.050833 -0.49945 -0.10143 -0.42669 0.20746 -1.154 -0.74122 -0.5838 -0.91415 0.17181
-0.93517 1.2551 -0.66562 0.92331 1.0257 0.15621 -0.042596 -0.27863 -0.80756 -0.019148 -0.79583 -0.36445 -1.6001 -0.066514 -0.22508 -0.83639 0.57543 0.37623 -0.22796 -0.28315 0.067878 -0.7446 -0.17384 -0.65817 0.24052 -0.021572 -0.31914 0.14535 0.32558 0.42641 -0.52275 0.27791 0.53328 -0.33227 -0.8157 -0.16586 -0.98411 -1.7556 -0.089207
-0.7493 1.3397 -0.90883 1.4216 0.92473 0.40977 -0.058768 0.74505 -0.385 -0.5113 -0.072393 1.7811 -1.6132 -0.22117 -0.043553 -0.85487 0.46567 0.0011145 -0.38524 0.44835 0.66064 -0.95071 -0.2833 -1.2983 -0.91897 -0.16836 -0.30174 0.37625 1.0037 -0.036797 -0.66437 0.36573 0.89631 -0.21947 -0.020751 0.32126 -0.81946 -1.4527 -0.10692
-1.0524 1.2937 -0.39669 1.7298 0.72622 0.57398 -0.4386 0.41752 -0.40731 0.23885 0.92468 1.7212 -1.6513 -0.18116 0.23805 -0.0043533 0.54935 -0.056836 0.25 0.13289 0.18223 -0.59508 0.042516 -1.1378 -0.91378 -0.095623 -0.088367 -0.19856 1.0224 -0.73533 -0.16889 0.34804 0.27394 -0.31454 0.4437 0.55088 -0.02329 -0.10669 0.5067
-1.2724 1.324 -0.55323 1.3644 0.38979 -0.094977 0.80596 0.57546 -0.12576 0.32694 -1.913 -1.101 -1.6967 -0.17481 0.29999 0.66408 0.1726 -0.23927 0.4001 0.60061 0.16789 -0.51997 0.51968 -1.151 -0.21939 -0.1145 0.24592 -1.0367 0.38296 -1.3463 0.16158 -0.16275 -0.49145 -0.72299 0.7399 0.079679 0.63035 0.55393 1.3052
-1.2774 1.4422 -0.20309 1.2962 0.46965 0.68925 1.1284 0.59559 -0.95408 0.26914 -1.1616 -1.0465 -1.7368 -0.24195 -0.71673 0.32849 -0.62242 0.17708 -0.01185 0.17285 -0.35383 -0.046658 0.59148 -0.77173 -0.30454 0.76917 0.92818 -2.1232 -0.69974 -1.6425 -0.19815 -0.26683 -0.71308 -0.17167 0.76782 -0.24709 1.8569 0.79145 1.8668
-1.0678 1.6365 0.14702 1.6584 0.90215 1.0719 -0.2444 0.17141 -0.73361 0.45485 -1.4531 0.19807 -1.6872 0.26063 -1.2672 -0.29713 -1.4186 0.18058 -0.56894 -0.52117 -0.61299 0.28336 -0.35198 -0.22107 -0.11771 1.5048 1.5688 -2.5263 -1.3312 -1.5008 -0.70737 -0.15996 -0.53079 0.28329 0.79755 -0.23608 2.2045 0.15773 2.0821
-0.93898 1.5083 -0.10517 1.2362 0.69803 0.49286 0.79333 0.38343 -1.4664 0.47538 -1.4074 1.2501 -1.7005 1.2845 -2.4696 -0.83174 -1.6711 -0.64063 0.23174 -0.6848 0.21014 0.56762 0.017702 2.0972 0.60909 2.1061 1.6883 -1.8346 -1.1623 -0.99297 -1.1412 0.34215 0.74842 0.7236 0.4574 0.032883 1.4505 -0.75407 1.4889
-1.2956 -0.097553 -0.6749 0.4881 1.1392 0.069664 -0.17252 0.12573 0.41836 0.59319 -0.15468 1.1473 -0.38892 1.9021 -2.979 -1.2489 -2.058 -1.1531 -0.031261 0.0037389 0.49642 0.79697 0.36839 1.806 -0.35066 2.5757 0.9948 -0.65799 -0.61985 -0.022484 -0.7302 0.90787 1.7472 0.46186 0.26572 0.18158 0.0073264 -1.5299 0.63728
-0.71851 0.1141 -0.93035 -0.3235 0.52364 -0.58676 -0.74021 -0.54289 -0.029549 -0.75368 -0.56929 -0.72575 -0.19766 1.9934 -2.8766 -1.3719 -2.1218 -1.2872 0.31743 1.361 0.64368 0.63737 0.34166 1.1064 -1.6584 2.6356 -0.043098 1.1136 0.073883 0.99097 0.28884 0.96234 2.1394 -0.26085 -0.18824 -0.39051 -1.7973 -1.2537 -0.54774
0.56076 -1.3171 -1.4394 -0.29672 -0.91954 1.5704 0.6266 1.779 0.025097 1.0201 1.4024 -0.52114 0.11627 1.7099 -2.1406 -1.1851 -1.224 -0.86135 1.009 1.8399 0.16267 0.80431 -0.10033 0.29532 -1.9824 2.2683 -1.143 1.9034 0.80509 1.6613 1.4646 0.99624 1.3793 -0.76466 -0.49537 -0.82952 -1.9748 0.27323 -1.3269
0.71777 -1.0756 -1.3449 -0.737 -0.43028 0.67282 1.0696 0.8742 -0.3185 1.1218 0.22742 -0.5052 0.56145 1.3101 -1.0465 -0.71961 -0.25145 -0.25294 1.4309 2.5403 -0.17626 0.20796 -0.50108 -0.71605 -1.0294 1.3768 -1.9063 2.1923 1.2446 1.5393 2.2894 0.10236 -0.22809 -1.1495 -0.80233 -1.2132 -1.9317 1.1061 -1.6367
0.51472 -1.0156 -1.4905 -0.74079 -0.087863 1.1032 2.0987 0.64963 -0.073929 0.6433 -0.86214 -0.99826 0.73097 0.18698 -0.75034 -0.058602 0.078681 1.0541 1.1926 2.086 -0.7244 0.03876 -0.85873 -1.2044 -0.11214 1.0654 -1.9133 1.5912 1.18 0.83322 2.057 -0.41016 -1.4344 -0.70948 -1.1374 -0.96429 -0.93558 1.023 -1.5428
0.21083 -1.0405 -1.7708 -0.09936 0.21844 1.4151 2.4515 -0.11035 0.59343 -0.38238 -0.59225 -0.89201 0.8238 -0.68018 0.047947 0.40633 0.073723 2.0163 0.3903 0.79827 -1.3666 -0.56933 -1.7102 -1.9796 -0.40013 0.5977 -1.3462 0.81203 0.9785 0.34057 1.2475 -0.74077 -2.534 -0.53238 -1.2059 -0.21913 0.53039 0.61704 -1.1074
0.27242 -1.1666 -1.5196 0.017722 0.61114 1.7634 2.4208 -0.18314 0.45153 -0.59917 -0.75904 -0.38675 0.86392 -0.74267 -0.05865 0.47207 0.15929 1.8321 0.76745 -0.063909 -0.75493 -1.0695 -1.4191 -0.92741 -0.26739 0.16985 -0.34025 0.43246 0.84683 0.17553 0.055493 -0.81416 -2.6136 -0.24113 -1.0127 0.81834 1.6617 0.42048 -0.84939
-0.048234 -1.2437 -0.8428 -0.59559 1.3275 1.4344 1.8832 -0.47581 -0.54843 -1.0208 -1.1875 -0.85902 0.87145 -0.64861 -0.047035 0.857 0.34636 1.6778 0.28389 -1.2883 -1.295 -1.638 -0.6245 0.20688 0.27842 0.038901 0.31519 -0.032874 0.72595 0.2919 -0.77762 -0.91066 -1.9813 0.033786 -0.11161 1.7733 2.2733 0.73997 -0.4864
0.022729 -1.0732 -0.948 -0.50303 1.5528 1.6396 1.6167 0.014116 -1.1713 -0.83649 -1.5415 -1.1739 0.79356 -0.43591 0.017048 1.3109 0.27638 1.3221 -0.24644 -1.9284 -1.2713 -1.439 0.3107 1.014 0.39162 -0.024708 0.51177 -0.036769 0.46981 0.50835 -1.2088 -1.2732 -1.2195 0.11136 0.94671 1.8351 1.7653 0.70729 -0.27051
-0.10101 -1.0652 -1.0687 -0.42885 1.6318 1.8581 1.4524 -0.2148 -1.4041 -0.74516 -0.91034 -0.84782 0.76734 -0.25708 -0.036771 1.3549 0.56361 0.81774 -0.76944 -2.1031 -1.0315 -0.58669 1.0849 1.5779 0.74267 -0.089105 0.53432 -0.10769 0.023307 0.47716 -1.4701 -1.081 -0.29809 0.52735 1.678 1.4263 1.1935 0.44358 -0.26818
-0.27125 -1.1067 -0.43672 0.3045 1.887 1.4339 0.39417 -2.1359 -1.562 -0.37451 0.04637 -0.24332 0.8521 -0.0069649 -0.11707 1.1103 0.99795 0.0051544 -1.0279 -2.0154 -0.64388 0.32844 1.5121 1.9049 0.90842 -0.20203 0.51787 -0.15659 -0.44637 0.25736 -1.447 -0.72424 0.22533 0.75732 1.4369 0.87652 0.43209 0.11327 -0.3069
-0.13337 -1.1098 0.19736 0.17468 1.8185 1.0204 -0.0048907 -1.6342 -0.73249 0.070377 0.79707 -0.26802 0.82759 0.10911 -0.15012 1.0064 0.87539 -0.40749 -1.3 -1.8201 -0.47619 0.87069 1.727 2.1419 0.90857 -0.30456 0.472 -0.086603 -0.92618 -0.23591 -1.1974 -0.23837 0.66497 1.0875 0.61428 0.20192 -0.29578 -0.55485 -0.3136
-0.00041978 -1.304 0.31873 0.29446 1.7617 0.59159 -0.22228 -0.92018 -0.50555 0.8969 0.51332 0.25676 0.73479 0.32349 -0.177 0.65268 0.60529 -0.76609 -1.3108 -1.6319 0.075408 0.74058 1.8206 1.5979 0.54664 -0.41155 0.17754 -0.0046237 -1.1904 -0.35871 -0.94162 0.15356 1.0649 0.89531 -0.11907 -0.23661 -1.0335 -0.66472 -0.31221
-0.034679 -1.2678 0.10671 0.54544 1.1643 0.38045 -0.53454 -0.77683 -0.55415 0.85808 0.63949 -0.36357 0.57624 0.43735 -0.14221 -0.14934 0.33582 -1.0324 -1.0793 -1.0058 0.93928 0.46319 1.3857 1.1495 -0.15439 -0.48971 -0.13872 0.13867 -1.3832 -0.19554 -0.91201 0.37274 1.2776 0.53113 -0.43274 -0.4586 -1.1573 -0.48599 -0.34464
0.068116 -1.1201 0.025995 0.49483 1.1569 0.33067 -0.58227 -1.0548 -0.31886 1.4443 1.5005 -0.020675 0.48645 0.15683 -0.12134 -0.54079 0.61732 -1.4416 -0.88102 -0.35929 0.56784 0.31513 1.2435 0.35175 0.14555 -0.61258 -0.24717 0.2606 -1.2936 -0.047588 -0.84745 0.23213 1.1488 0.071922 -0.41772 -0.37231 -0.73556 -0.17456 -0.31997
0.17538 -1.2961 -0.040784 0.45824 0.90286 0.21058 -1.0632 -1.0801 -0.78726 1.7567 1.3367 0.034657 0.45504 -0.050746 0.057855 -0.98762 0.51963 -1.7737 -0.86149 0.018598 0.41817 0.2363 1.1235 0.46951 0.16679 -0.75949 0.0192 0.3974 -0.87264 -0.11069 -0.65188 0.037072 0.58856 0.00056699 -0.44262 -0.21008 -0.56242 -0.2611 -0.17758
0.22448 -1.2785 -0.46868 0.68093 0.75695 -0.07373 -0.83957 -0.4718 -0.65011 1.3504 1.642 -0.60038 0.42197 0.12851 0.15968 -1.3509 0.43627 -1.9791 -1.0205 0.08174 0.49441 0.037079 1.2357 0.48128 0.057125 -0.79232 0.52159 0.34933 -0.55126 -0.4379 -0.26708 0.013601 0.34579 0.13963 -0.30757 -0.35459 -0.5186 -0.5057 0.093561
-0.094264 -1.3174 -0.2951 1.1062 -0.14759 -0.2184 -0.15087 -0.63772 0.076321 2.1908 0.53197 0.45637 0.12435 0.4935 0.37941 -1.3768 0.23295 -1.9829 -0.96295 -0.085111 0.98183 -0.26474 1.0045 -0.027492 -0.60957 -0.68583 0.72918 0.39574 -0.158 -0.52053 0.11283 0.09333 0.16439 -0.29998 -0.24401 -0.44397 -0.89495 -0.41465 0.2559
-0.098112 -1.1202 -1.2034 0.83551 -0.58751 -0.57437 -0.35117 -0.33303 -0.34198 2.5013 1.4886 0.22685 -0.1229 0.83392 0.3008 -1.3755 -0.035672 -1.8393 -0.82611 0.36376 0.58926 -0.030042 0.62311 -0.42484 -0.44741 -0.49808 0.074468 0.82646 0.99986 -0.25839 0.84691 0.69385 0.16621 -0.90059 -0.33801 -0.91297 -0.61748 -0.28327 0.07296
0.3781 -0.99332 -1.666 0.92295 -1.0718 -0.89032 -0.82211 -0.36823 -0.76065 2.7141 1.8895 -0.54072 -0.13875 0.92061 0.64669 -1.2665 -0.19298 -1.6381 -0.81036 0.19764 -0.2662 -0.19817 0.56765 -0.85112 -0.38276 -0.49344 -0.92944 1.2945 1.8968 0.020113 1.4406 0.92727 0.25548 -1.1955 -0.29993 -1.3577 -0.33444 0.90698 -0.43905
0.85806 -0.74205 -1.3743 0.57287 -0.83489 -0.67089 -1.0773 0.50398 -0.99076 2.6251 1.1591 -0.97014 -0.0020716 0.056748 1.3952 0.47599 0.18368 -0.57813 0.13715 0.26394 -0.80307 -0.65305 -0.3646 -0.3287 -0.59934 -0.77041 -1.9201 1.6628 2.2341 0.23899 1.9758 1.2813 0.175 -0.63907 -0.033971 -1.5938 -0.42266 1.6671 -1.0427
0.97782 -1.2598 -1.7061 0.52703 -1.2101 -0.79676 0.067922 -0.58032 -0.35252 2.106 0.4028 -0.15538 0.051146 -0.78898 1.9725 1.2629 0.17091 0.066097 0.21131 0.46117 -0.87417 -0.53358 -1.2274 -0.73436 1.2676 -1.2574 -2.1804 1.4916 1.8832 0.26832 2.0034 1.4796 0.0029633 0.1926 0.26556 -1.2962 -0.19459 1.8777 -1.2679
0.71713 -0.36582 -1.9803 0.79528 -1.5504 -1.254 -0.33514 -1.3784 -0.56324 2.6187 0.19854 -0.44747 -0.33659 -1.7712 2.3852 1.5584 0.23333 0.98545 0.95903 0.57258 -0.46892 0.091525 -1.6866 -1.3175 2.0257 -1.7974 -1.5095 0.93575 0.82887 0.05706 1.5616 1.0921 -0.24736 1.1726 0.38837 -0.60425 0.011346 1.176 -0.8898
-0.74464 0.59017 1.1912 1.612 -0.53454 0.49547 0.085959 -1.6076 -1.258 1.5415 1.2727 -0.26165 -0.99391 -2.0954 2.6169 1.7324 0.28718 1.3084 1.4331 0.050874 -0.016734 -0.01495 -1.3716 -0.73734 2.018 -2.0245 -0.37273 -0.19823 -0.095194 -0.023252 0.85721 0.34753 -0.31982 1.5489 0.35955 0.17578 0.21977 -0.43662 -0.00026801
-0.61259 0.98033 -0.38672 0.62504 -0.55249 -0.86396 -0.25533 -0.76884 -1.2543 0.63574 0.80946 2.148 -1.3953 -2.0085 2.6222 1.8024 0.24126 1.7058 1.4801 -0.0079393 1.2808 -0.11018 -1.4815 -0.2982 1.3566 -1.8216 1.0416 -1.3552 -1.2106 -0.2303 -0.2025 -0.7796 -0.19267 1.2047 0.51567 0.80823 -0.16704 -1.3786 0.98983
-1.0067 1.2096 -0.18327 0.96659 0.42425 0.73901 -0.19907 -0.20013 -0.10581 0.5807 -0.72156 1.0456 -1.6547 -1.3361 1.5347 0.96764 0.13467 1.2985 0.55863 0.13414 1.5683 0.31158 -0.9281 -0.80043 0.75708 -1.2453 1.3816 -1.9952 -1.2646 0.052205 -0.77789 -1.102 0.28313 0.35567 0.49116 1.0245 -0.30992 -1.9186 1.4866
-0.85293 1.516 0.53207 0.87763 0.26883 1.0522 -0.81861 -0.0084912 -0.96536 1.34 0.28871 0.97995 -1.6579 -0.26265 0.70058 -0.32605 -0.10421 0.60842 -0.033493 0.1598 1.3198 0.98614 -0.21668 -1.6118 -0.044297 -0.59011 1.0962 -1.9713 -0.91859 0.046522 -1.3117 -1.3157 0.2494 -0.66898 0.065755 0.76217 0.32649 -1.1124 1.4205
-1.2212 1.6411 0.66898 1.1422 0.54186 0.55532 0.47195 0.75621 -0.70377 0.076692 0.45247 0.89695 -1.6784 -0.46625 0.29732 0.42845 0.56668 0.40301 0.17736 0.51692 0.72904 0.44554 0.12872 -0.69057 -1.0455 -0.24202 0.2657 -1.3315 -0.58721 0.093805 -0.99325 -0.7777 0.2909 -0.76956 -0.39724 -0.097953 0.6711 -0.28607 0.93465
-1.1026 1.3086 -0.0060955 1.2794 -0.034744 -0.79993 -0.12668 0.12606 -0.40158 1.3616 -0.62104 0.54279 -1.728 -0.45666 -1.1295e-05 0.35319 0.12155 -0.29521 -0.72824 0.28528 0.27422 -0.022979 -0.41221 0.30274 0.081888 -0.031754 -0.12474 -0.67977 -0.24814 0.035964 -0.35466 0.14581 -0.14128 -0.70471 -0.75221 -0.83733 0.80205 0.4017 0.40355
-0.78331 1.3942 0.013709 0.92439 0.2709 0.46562 0.10716 0.27955 0.38018 0.77341 -1.2963 0.80605 -1.6815 -0.75195 -0.30178 -0.46876 0.20521 -0.10503 -0.5203 0.63635 0.4498 0.04034 -0.9868 -0.41637 0.14542 -0.016568 0.034295 -0.17423 -0.41121 -0.20645 0.26836 0.67718 -0.31854 -0.50729 -0.50723 -0.65148 0.62873 0.85492 0.12435
-1.4529 1.4226 0.52177 1.5844 0.44866 0.30786 0.37278 0.40558 -0.86477 0.79882 0.17129 0.62079 -1.7305 -0.33773 -0.11269 -0.33782 0.15337 0.19695 0.55851 -0.17159 -0.043117 -0.30007 -1.3233 -0.14708 0.16632 -0.051534 0.10147 0.13435 -0.083908 0.06591 0.70837 0.80027 -0.24367 -0.54394 -0.2896 0.4819 0.63651 0.40417 -0.013049
-1.5114 1.356 0.75281 0.79847 -0.1403 -0.16906 -0.2838 0.2491 -0.5911 -0.16798 0.56328 1.4878 -1.655 -0.45647 0.073873 0.0075147 0.18092 0.65233 0.73776 0.13055 -0.19262 -0.41266 -0.70111 0.79137 0.61103 -0.031139 0.37759 0.25985 0.26375 -0.042006 0.54292 0.20669 -0.22344 -0.69164 0.070234 1.5112 0.72921 0.40429 -0.0013079
-1.7912 1.1681 -0.62312 1.3925 0.39049 0.14644 0.82654 1.1783 -0.81347 -0.43568 -0.83603 0.84553 -1.6988 -0.41384 0.040848 -0.037067 0.26571 0.64139 0.069023 0.068301 -0.56328 -0.35607 0.47106 0.97139 0.66 -0.045088 0.29157 0.11547 0.19321 0.041099 0.29669 -0.46704 0.20079 -0.48521 0.37663 2.0335 0.32609 0.17337 0.014644
-1.0808 1.5619 0.17095 1.3989 0.79986 1.2684 -0.38205 -0.047381 -0.72914 -1.2694 -0.28264 0.79052 -1.7872 -0.024727 0.056924 -0.11872 0.08221 0.67975 0.077686 0.085679 -0.76473 0.23151 1.2414 0.48131 0.70973 -0.021474 0.3469 0.023328 0.077587 0.059256 0.069099 -0.39613 0.10101 -0.33461 0.39992 1.6015 -0.14527 -0.12487 0.0029612
-1.5498 1.4062 0.29425 1.3688 0.90562 0.20867 0.31888 -0.34552 -0.53316 1.6297 0.62101 1.5918 -1.7169 -0.01976 0.093357 0.093316 0.28903 0.73142 0.02384 0.24136 -0.79018 0.15646 1.896 0.66303 0.4733 -0.03232 0.21555 0.038491 0.12309 0.063033 0.064675 -0.0286 0.12867 -0.1142 0.22548 0.83793 -0.11258 -0.16236 0.0042895
