39 263
-1.07 1.2279 0.79596 1.2685 0.72927 1.2446 1.3225 1.4989 -0.47384 -1.0297 -1.9248 0.37914 -1.6108 0.64483 0.11455 0.071731 0.0085687 -0.76098 0.54827 -0.97384 -1.0359 0.4771 1.2042 1.2976 -0.052994 0.036268 -0.21611 0.13278 -0.07237 -0.22656 0.38635 -0.087912 0.32432 0.37046 -0.33015 -0.2823 -0.29106 -0.72556 -0.031899
-0.69823 0.98903 0.38683 2.0215 0.71873 1.1319 0.58 0.3385 0.48059 1.4754 -0.51234 1.1188 -1.6395 0.49614 0.22115 0.032913 -0.17438 -0.67969 0.52128 -0.98532 -0.97711 -0.20863 1.1177 1.445 -0.59648 0.011728 -0.41029 0.052181 -0.069169 -0.19488 0.75701 -0.14091 0.55092 0.71592 -0.21291 -0.67776 -0.56473 -0.78524 -0.023263
-0.65065 1.4309 0.70013 1.1149 -0.045776 1.6542 0.25557 0.18121 0.049128 -0.65611 -1.5584 -0.47596 -1.6131 0.31908 0.28831 -0.045286 -0.3114 -0.049983 0.38164 -0.29449 -0.27082 0.14681 0.64421 0.59841 -1.3263 -0.0039926 -0.58833 -0.079788 -0.035049 0.07656 1.0689 -0.17256 0.62715 0.88816 -0.11385 -1.345 -0.77092 -0.57625 -0.012634
-0.1705 1.3887 1.1452 1.1339 -0.27772 2.2204 0.23133 0.27364 -0.088303 0.3346 -0.088667 0.56781 -1.5304 0.053862 0.11319 -0.00019115 -0.18554 0.35162 0.34518 -0.18018 0.11842 0.20926 0.070018 0.45891 -1.0875 0.018403 -0.55911 -0.27732 -0.040064 0.55581 0.86099 -0.46669 0.47538 0.68876 0.45555 -0.87252 -0.47032 0.5066 0.048772
-0.80671 1.4685 0.66626 1.0784 0.29626 1.6095 0.33192 0.4029 -1.3484 0.21104 -0.43154 -0.75541 -1.6395 -0.21222 0.022306 0.021752 0.15156 0.79425 0.28643 -0.088433 0.32333 0.038095 -1.0544 0.17832 -1.0368 0.012826 -0.52879 -0.30993 0.048512 0.66734 0.2931 -0.5982 0.2485 -0.074154 0.2676 -0.64679 -0.29134 1.0265 0.022845
-0.77623 1.4751 0.54411 1.1016 1.2619 1.4837 1.4518 1.5633 0.63082 -0.15126 -1.8778 -1.5309 -1.6328 -0.26316 -0.13895 -0.07653 0.59933 0.56725 -0.37085 -0.10827 0.20426 0.7821 0.15338 0.66088 0.31897 0.086567 -0.31985 -0.068763 0.28939 0.31478 -0.12663 -0.46904 0.1699 -0.64867 -0.12129 0.10101 0.015891 1.083 -0.0062338
-0.85632 1.1053 0.70725 1.5418 0.97776 1.7901 0.30452 0.83777 0.36003 -0.060493 -0.4792 -0.10226 -1.57 -0.49213 -0.13598 0.082849 0.5033 0.41358 -0.46382 0.18933 -0.47481 0.41174 -0.74817 -0.12869 0.12999 0.0015362 -0.1446 0.17932 0.31005 -0.23686 -0.4125 -0.18714 -0.12162 -0.82144 -0.64643 0.84736 0.47754 0.96299 -0.049459
-0.78686 1.2216 0.63128 2.0313 1.1437 1.923 -0.081399 0.18308 0.1285 -0.8408 -0.27326 -0.66352 -1.6079 -0.39528 0.06547 0.51035 0.20736 0.30205 -0.22416 0.041252 -0.87822 -0.22285 0.099638 0.61812 0.60789 0.014716 0.050337 0.37529 0.11288 -0.82624 -0.18875 0.14003 -0.052713 -0.28984 -0.75434 0.4764 -0.052241 0.056973 -0.071815
-0.75372 1.4067 0.88095 1.4903 -0.059473 0.98431 0.21027 0.52827 1.0526 0.55898 -0.11349 0.78553 -1.4226 -0.41601 0.22887 0.30809 -0.082548 0.13439 -0.16604 -0.39432 -0.90243 -0.78048 0.68567 1.1548 0.84392 -0.033333 0.20378 -0.12731 -0.50782 -1.2168 0.17911 0.22962 0.061354 0.34244 0.13758 0.80882 -0.4255 -0.09109 0.43416
-1.1951 1.2633 1.1443 1.4964 0.84887 1.4786 1.175 -0.51828 -0.61175 -1.1345 -1.0738 -0.49326 -1.6779 -0.21595 0.33153 0.021365 -0.60504 0.34686 -0.24274 0.092231 -0.20651 -0.1639 0.38894 -0.11526 0.071535 -0.01571 0.52973 -0.88503 -1.2957 -1.39 0.089101 -0.10808 0.18087 0.30776 0.73029 0.17326 -1.2462 -0.68639 1.1218
-1.3589 1.6341 1.2362 1.2212 1.5416 1.3958 0.59364 -0.22517 -1.2251 0.89326 0.13288 -0.46865 -1.6289 -0.21699 -0.49868 -0.62461 -1.295 0.74224 0.0021312 0.30394 -0.076458 0.66728 0.74133 -0.66401 0.19465 0.74864 1.2118 -1.4847 -1.5474 -1.7507 -0.9332 -0.82141 0.14087 0.27323 1.0888 0.6055 -1.3988 -0.69983 1.8345
-1.1442 1.5386 0.64309 1.3357 1.2692 1.5366 -0.013296 0.32974 0.24395 0.71927 0.2529 0.43439 -1.6291 0.4638 -1.131 -1.4509 -1.7045 0.1752 -0.52881 0.074695 -0.63154 0.55246 0.40269 -1.0622 -0.52965 1.513 1.6098 -1.7004 -1.3323 -1.671 -2.0172 -1.3332 0.26682 0.086361 0.62877 0.65397 -0.62199 -0.63223 1.9855
-0.85153 1.4397 0.62898 0.95182 1.0753 1.384 0.28239 0.4549 0.69665 -0.39859 -1.1241 -0.28544 -1.5136 1.4453 -1.6531 -1.8547 -2.704 -1.5787 -1.6741 -0.084144 -0.10445 1.0949 1.896 -1.2753 -0.34609 2.291 1.476 -1.0972 -0.50286 -1.2906 -2.3617 -1.4054 0.6443 0.18819 -0.31635 0.34533 -0.072802 -0.92673 1.3411
-1.1759 0.17985 -0.28021 -0.00085962 1.7622 1.6487 0.85479 -0.28049 1.5477 0.69972 -1.327 0.13447 -0.18257 1.8792 -2.0832 -1.8597 -2.9274 -2.3868 -2.0821 0.84321 -0.0086339 0.91351 1.1282 -1.1157 -1.0058 2.5561 0.5381 -0.33542 0.50641 -0.53606 -1.6187 -0.45695 0.76353 0.46221 -0.79827 -0.19461 0.78509 -0.65903 0.33268
0.0017351 0.085558 -0.86942 -0.63877 -0.14536 -0.28011 0.64236 -1.3947 0.18911 0.60772 -1.5896 -0.84533 0.3305 1.7577 -1.9555 -1.3629 -3.0215 -2.5368 -2.0435 1.2424 0.014807 -0.15814 1.0623 -0.81392 -1.5376 2.4856 -0.66622 0.58541 1.4846 0.71284 -0.39062 0.7656 0.41611 0.35219 -1.0627 -1.85 1.3843 -0.70009 -0.86031
0.82753 -0.33414 -0.85595 -1.9205 -1.373 -1.1127 0.64008 0.16902 0.41056 2.8981 -1.8796 -0.90203 0.75474 1.2814 -1.5749 -0.74928 -2.5176 -2.4696 -1.2643 0.97606 0.30042 -0.45314 0.39608 0.29471 -1.3382 1.9768 -1.6682 1.1028 2.0568 1.5782 0.81823 1.8992 -0.38925 0.33699 -0.38483 -2.4263 1.5564 -0.36069 -1.4504
0.83752 -0.55159 -0.98671 -1.6016 -1.1078 -0.85084 1.7396 0.4285 0.83712 1.4012 -0.45889 -1.5577 0.87626 0.52406 -0.88538 0.36955 -1.6194 -2.2875 -0.55147 0.70925 0.49618 -0.39562 -1.556 0.83926 -1.671 1.1338 -2.0844 1.1422 1.9445 2.2107 1.5057 2.3487 -0.80795 0.0070914 0.40561 -2.7811 1.1792 0.031806 -1.4929
0.6121 -0.60968 -0.81393 -2.0234 -1.3516 -0.53588 1.6126 0.18274 0.19627 0.95038 -1.5848 -1.6727 1.0446 -0.54948 -0.68792 1.1252 -0.77198 -0.92506 0.97677 0.33572 0.47317 0.24709 -2.5624 1.2315 -1.7126 0.79195 -1.6093 0.84982 1.4665 2.0032 1.5312 1.9704 -0.98636 -0.221 0.62107 -1.6452 0.3771 0.23866 -1.0843
0.26622 -0.7584 -0.47251 -2.1296 -1.5133 0.2596 1.3873 0.19658 0.40514 -0.0025127 -0.73938 -1.7187 1.129 -1.1303 -0.39929 1.3407 0.10739 -0.39388 1.5422 -0.060926 -0.058037 0.32582 -3.1857 1.1157 -1.2941 0.5665 -0.61301 0.41203 0.59213 1.5328 1.1476 1.0324 -0.7276 -0.17899 0.63936 0.13031 0.10738 0.76231 -0.60227
-0.22134 -0.81546 0.18702 -2.0293 -1.9497 -0.10822 1.459 -0.22642 0.62408 -1.3313 -0.33733 -2.6116 1.2787 -0.82951 -0.33179 1.5108 0.24505 -0.45196 1.6365 -0.62434 0.10089 0.46159 -2.187 0.90502 -1.033 0.43673 0.41171 0.21268 -0.24698 1.0516 0.29095 -0.49242 -0.32462 -0.12534 0.32434 1.3614 -0.28156 1.145 -0.43361
-0.21724 -0.80588 0.52417 -1.8485 -1.485 0.83286 0.86767 0.011524 0.74145 -1.2101 -0.10243 -3.3259 1.3577 -0.45907 -0.34601 1.2848 0.64634 -0.30097 1.1853 -0.27124 0.29594 0.81006 -1.5008 1.1964 -0.40999 0.29891 0.94757 0.048711 -0.92063 0.74066 0.12099 -1.5463 0.062533 0.10617 0.043991 2.1726 -0.79211 1.7018 -0.35332
-0.47301 -0.83856 0.49516 -1.5535 -1.7064 1.0173 1.1075 0.39699 1.0541 -0.95582 -0.33766 -2.1917 1.4014 -0.14153 -0.3472 0.6897 0.86141 -0.40428 0.16388 -0.20208 0.025106 0.67257 -0.6375 0.58518 0.2553 0.1971 1.0149 0.063061 -1.4515 0.69778 0.40217 -2.289 0.055977 0.26883 -0.40633 2.0153 -1.0612 1.6788 -0.35148
0.047985 -0.99974 0.84139 -1.5485 -1.7825 1.5249 0.92122 0.53541 1.1716 -1.278 0.28075 -2.9006 1.3689 0.24546 -0.31216 0.026133 1.1391 -0.179 -0.82637 -0.12956 0.2063 0.31362 0.47018 -0.38029 1.6489 0.092805 0.99113 0.21684 -1.6321 0.34448 0.79786 -2.2432 -0.69172 0.30121 -0.45484 1.6377 -1.2539 1.2211 -0.3721
-0.084611 -1.0842 0.78754 -1.3525 -1.8495 0.85635 1.4411 0.3967 1.3204 -1.3009 0.088383 -1.9209 1.3967 0.66067 -0.2441 -0.57909 1.2609 0.26926 -1.9519 -0.56598 0.72172 -0.1194 0.93565 -0.51596 1.4762 -0.050633 0.73975 0.39967 -1.6485 0.039595 1.1709 -1.5265 -1.2263 0.034933 0.1419 1.1557 -0.96378 0.71144 -0.41865
-0.19824 -1.16 0.40885 -1.0583 -2.2863 -0.24727 0.92473 -0.38397 1.2762 -1.2452 0.006953 -1.7984 1.4121 0.93895 -0.022908 -1.1383 1.0691 0.9093 -2.2592 -1.477 0.59324 0.27746 1.0464 -0.85873 1.5503 -0.20235 0.58427 0.47835 -1.5019 -0.29652 0.91915 -0.30943 -1.5619 -0.58963 0.6891 0.705 -0.50135 -0.038116 -0.5045
0.13304 -1.0775 0.22405 -0.47682 -1.7172 -1.1432 1.0029 0.47378 0.87462 -0.21655 -1.2826 -0.22583 1.4174 0.85292 0.20389 -1.8163 0.96689 1.3197 -2.1848 -2.0007 -0.095003 0.98452 1.4199 -1.1846 1.7979 -0.35879 0.42391 0.49507 -0.98572 -0.49292 0.52644 0.91417 -0.95047 -1.1663 0.9309 0.58471 -0.27958 -0.22995 -0.48058
0.79572 -1.0461 -0.30623 -0.35369 -0.75196 -1.4176 -0.27169 1.9177 0.57767 0.19587 -0.37688 -1.8778 1.2418 1.2073 0.29773 -2.1689 0.74801 1.0773 -1.3343 -2.5654 -0.65417 1.1765 1.6493 -1.104 1.3966 -0.60108 0.17869 0.32551 -0.17792 -0.47774 -0.21217 1.5241 0.097528 -1.267 0.65155 0.19536 0.18523 -0.5864 -0.31639
0.8528 -0.84994 -0.82791 -0.62775 -0.5842 -1.3111 -1.0401 0.79796 2.2156 -0.16795 -1.1083 -0.15443 1.109 1.2923 0.45883 -1.9107 0.52773 1.2077 -0.58484 -1.9345 -1.1628 1.3412 1.8088 -0.99526 1.056 -0.65896 -0.1124 0.090012 0.87907 -0.3579 -1.0199 1.4855 1.0111 -0.65285 0.064124 -0.79378 0.35696 -0.48772 -0.027829
0.81484 -0.8106 -1.4781 -0.44513 -0.45351 -1.4333 -1.1959 -0.77281 2.9666 0.36718 -1.0969 -0.23975 0.95921 1.0383 0.41511 -1.4252 0.42244 0.56005 -0.0064547 -1.2966 -1.5974 1.437 1.2282 -0.59944 0.67051 -0.58362 -0.5633 -0.14464 1.6895 -0.24215 -1.354 0.76346 1.6334 0.64067 -1.0069 -1.6549 0.69601 -0.41505 0.32033
1.4387 -0.83452 -1.9454 -0.30236 -1.2557 -1.2217 -1.8002 -1.0432 2.324 0.94899 -1.3796 -0.02752 0.69709 0.72619 0.29714 -0.54271 0.48042 -0.38827 0.12651 -0.56817 -1.0281 0.98879 -0.021657 -0.72974 1.1188 -0.4132 -0.79889 -0.36227 2.0906 -0.38973 -1.4896 0.10156 1.6527 1.9783 -2.1406 -2.0337 1.0119 -0.14629 0.52071
1.5353 -0.5413 -1.5783 -0.15102 -0.23613 -1.4678 -0.93192 -1.2653 2.4505 1.5814 -1.6215 -0.24663 0.7756 0.45774 0.11847 0.31026 0.332 -0.73698 -0.16273 0.080861 0.65357 -0.70677 -0.85331 0.16762 0.47669 -0.18365 -0.97326 -0.36439 2.0216 -0.62948 -1.0734 -0.13099 1.7215 2.3085 -2.473 -1.6804 1.5129 -0.11166 0.62166
1.5422 -0.64162 -1.4063 0.074139 -0.69074 -1.1469 -1.0201 -0.60413 2.7357 0.9838 -1.5214 0.052394 0.79341 0.12086 -0.035125 1.136 -0.13395 -1.0182 -0.30686 0.7454 1.9614 -1.9687 -1.3451 0.67519 0.83266 0.018621 -0.91827 -0.26366 1.3037 -0.80318 -0.78642 0.1105 1.3665 1.2957 -2.0341 -0.61157 1.8936 -0.58453 0.50951
1.5632 -0.71742 -0.96961 -0.015751 -1.5263 -1.2308 -1.5854 0.54452 2.5712 -0.98676 -1.3404 0.35046 0.75511 -0.4384 -0.064743 1.5208 -0.41139 -1.1949 -0.056293 1.5548 1.8672 -2.147 -1.5804 1.7823 0.56655 0.24795 -0.55656 -0.025777 0.52231 -0.70135 -0.42571 0.4531 0.75262 -0.51896 -1.0234 0.83257 1.4107 -1.0807 0.23876
1.2446 -0.75253 -0.71953 -0.41554 -1.536 -1.8218 -0.91281 1.2637 0.81236 -0.95481 -0.55745 0.42011 0.87733 -0.50498 -0.080363 1.2928 -0.60343 -1.6745 0.29106 1.4828 1.148 -2.4548 -0.93658 2.3302 -0.17298 0.22971 -0.012407 0.2711 -0.18182 -0.18628 0.2724 0.55653 -0.0027717 -1.9049 -0.044924 2.298 0.62088 -1.6579 -0.12304
1.1799 -0.8694 -0.21641 -0.66964 -1.8844 -1.7797 -0.069979 1.6578 -0.34771 -0.17172 -0.40473 1.0166 0.88266 -0.24964 0.089708 1.2091 -0.70441 -1.2268 0.44315 1.2547 -0.056697 -2.5571 0.62527 2.2143 -1.3164 0.11382 0.4108 0.56782 -0.52219 0.38356 0.91654 0.2935 -1.1608 -2.3133 0.66077 2.3838 -0.47927 -1.383 -0.556
0.89052 -0.69695 -0.02922 -0.57154 -2.2806 -0.9058 0.76026 0.73539 0.16 -0.37206 0.98703 0.19408 1.0568 -0.0025375 0.35759 0.95036 -0.32594 -0.47087 0.55569 0.90546 -1.172 -1.8526 2.2399 1.7091 -1.7422 -0.12024 0.42646 0.82476 -0.66916 0.88863 1.4454 -0.10047 -1.7997 -1.8905 1.1301 1.0664 -1.08 -0.44519 -0.9224
1.0788 -0.60103 -0.1513 -0.64297 -2.433 -0.79938 0.39806 0.12593 -0.20133 0.36879 0.96497 -0.95384 0.98297 0.05231 0.70728 0.71316 0.14318 -0.020324 0.39617 -0.49598 -1.9458 -1.0913 1.6951 1.0803 -1.5839 -0.51171 0.16747 0.93832 -0.7109 1.1331 1.3439 -0.37135 -1.8582 -0.77506 1.0295 -0.74851 -1.271 1.1387 -1.2228
1.48 -0.56759 0.24651 -0.78655 -2.3081 -0.75947 -0.34891 -0.3322 -0.76343 1.1732 0.77082 -1.8318 0.79376 0.11452 1.053 0.28669 0.58061 0.52079 0.10924 -1.2775 -1.972 -0.86939 0.69083 0.64924 -0.99143 -1.0089 -0.3863 1.0186 -0.50726 0.97087 0.97962 -0.32159 -1.155 0.25915 0.76458 -1.9641 -1.2009 2.1659 -1.2669
1.4357 -0.26002 0.27449 -0.3943 -1.7687 -1.0381 -0.28728 -0.69205 -0.45548 1.9398 0.67341 -1.2284 0.55847 -0.0095145 1.3836 0.20869 0.89285 0.87985 -0.082172 -1.4081 -1.324 -0.93654 -0.15947 0.10349 0.70479 -1.4988 -1.1533 0.84579 -0.07337 0.77986 0.96944 0.50679 0.48372 0.91945 0.65242 -1.7375 -1.1368 2.2698 -0.99158
0.98405 0.12093 0.29576 -0.25961 -1.6321 -1.4877 -1.4616 -1.4483 -1.1763 0.5553 0.92199 -0.80749 0.2414 -0.68177 1.802 0.25168 1.056 0.9774 0.14611 -0.96606 -0.92768 -0.36052 -0.8848 -0.29925 1.6819 -1.7578 -1.6793 0.31594 0.2277 0.54224 0.90497 1.0923 1.6377 1.36 0.77958 -1.0883 -1.0123 0.92853 -0.41941
1.2307 0.43986 0.0047952 0.1324 -1.4712 -1.0653 -1.0372 -1.3098 -1.2564 0.10516 1.019 -0.36024 -0.2874 -1.657 1.8119 0.59237 1.3164 1.6301 1.3902 0.3453 -0.49376 -0.0060988 -1.1044 -0.81017 1.8676 -1.805 -1.6974 -0.39494 0.37368 0.35236 1.0376 1.4021 2.2247 1.525 1.1977 -0.18022 -0.8469 -0.85196 0.24974
0.93621 0.96474 0.27377 0.41769 -1.3534 -0.65949 -0.85855 -1.1049 -1.0297 -0.27677 1.1165 0.93798 -0.66944 -2.1274 1.3876 0.52041 1.3495 1.8998 1.5597 1.184 0.53378 0.26554 -1.0928 -1.0027 0.37945 -1.5605 -1.1289 -1.0651 0.20821 -0.15777 0.93079 1.0221 1.8767 1.3569 1.1122 0.68797 -0.60657 -2.2359 0.8562
0.13385 1.5102 0.43004 0.36809 -1.1775 -0.52915 -1.0462 -1.3885 -0.53128 0.20593 0.04751 0.47491 -0.99393 -2.3852 0.89118 0.77327 1.3829 2.4292 2.019 2.046 1.2207 1.2071 -0.44943 -1.3134 -0.45627 -1.176 -0.16309 -1.281 -0.141 -0.46669 0.43031 0.23116 0.97263 0.68372 0.46664 0.58552 -0.30986 -2.323 1.08
-0.98114 1.3556 1.3425 0.96005 0.51695 1.6864 0.62955 -1.1954 -0.76325 0.42508 -0.44783 0.41163 -1.1888 -2.3807 0.38598 0.55029 0.73582 2.3818 1.8776 2.0067 1.1295 1.3145 0.17406 -1.322 -1.8945 -0.63014 0.70323 -1.0345 -0.33586 -0.6211 -0.20235 -0.22993 0.18167 -0.0013327 -0.15286 0.27067 0.12009 -0.71166 0.88898
-1.1834 1.1527 0.48308 1.2571 0.55863 0.10055 0.72684 0.37367 -0.38162 -0.16516 -0.037139 -1.5322 -1.1235 -1.8339 0.057148 0.31247 0.77696 2.2256 1.691 1.9228 0.67602 0.42853 -0.56155 -1.3147 -1.918 -0.45127 1.3667 -0.66418 -0.66525 -1.054 -1.2251 -1.3271 -1.0344 -0.35952 -0.50205 0.048108 0.82428 0.68659 0.69588
-1.5828 1.1815 1.1756 1.4159 1.3206 1.3957 1.0512 0.28614 0.79617 -0.36635 -0.40779 -0.84552 -1.1909 -1.1284 -0.018111 0.12091 0.5266 1.6153 1.2587 1.6298 0.80153 0.34488 -0.50613 -0.78203 -0.40534 -0.42542 1.6078 -0.31456 -0.35375 -0.88125 -1.7422 -1.6527 -1.5202 -0.59489 -0.26765 0.025192 1.4439 2.0769 0.46396
-1.4572 1.1377 0.49396 0.55621 1.0011 1.4865 1.2024 -0.2129 0.35505 0.67103 -0.50877 -2.5639 -1.0543 -0.52796 -0.079209 -0.25883 -0.42215 0.44931 -0.33681 0.15155 0.61032 0.66665 -0.035087 0.08475 0.23993 -0.10592 1.6517 -0.057255 -0.13856 -0.98921 -2.0075 -1.9112 -1.9851 -0.57738 -0.14033 0.57891 1.7792 2.168 0.44896
-1.5047 1.3805 0.91824 1.6035 1.4438 1.8157 1.4325 -0.83926 -1.194 -1.4158 -1.0839 -0.72891 -1.4569 -0.1112 -0.10432 0.17253 -0.26152 -0.092761 -0.4268 -0.17623 -0.11785 0.65032 -0.061916 0.92073 1.4069 -0.020755 1.5915 0.006878 0.18115 -0.98501 -1.7214 -1.7004 -2.2673 -0.43051 -0.45492 0.67455 1.3604 1.4748 0.52705
-1.7035 1.4675 0.9568 1.1637 1.3393 1.6949 1.5856 0.4085 0.27432 0.17283 -0.88731 0.69293 -1.6191 0.66002 -0.0064027 0.026269 -0.62136 -0.79576 -1.3029 -1.1858 -0.10682 -0.0084839 0.37903 1.4658 1.7488 0.10319 1.5789 -0.043727 0.3609 -1.0298 -1.0693 -0.93285 -1.9396 -0.15386 -0.71181 0.87653 0.42927 0.23643 0.61145
-1.7257 0.93421 0.59899 0.16128 0.87781 -0.2497 0.2035 0.54491 0.92857 0.51259 0.52345 -0.62091 -0.96228 1.1704 -0.048551 0.31674 -1.1586 -1.0847 -1.6721 -2.2857 0.23321 -0.2463 0.64563 1.2981 1.9475 0.35825 1.2806 -0.13106 0.33377 -1.1583 -0.59237 -0.55853 -1.4994 -0.13732 -1.1381 0.44932 -0.58177 -1.0487 0.69441
-1.2297 1.0156 1.0642 1.3955 0.56633 0.19713 0.76105 -0.33331 0.98711 -0.67584 1.2823 0.21068 -1.1234 1.7011 -0.18999 0.34408 -1.8395 -1.1168 -1.5888 -2.7132 0.10242 -0.34004 1.3841 0.75189 0.45856 0.73486 0.7046 -0.67961 0.11941 -0.73052 -0.17196 0.54108 0.11149 -0.32331 -1.2906 -0.03782 -1.2228 -1.4537 0.78477
-0.3272 1.4024 0.95973 0.16295 0.2015 0.088105 -0.73256 -0.39631 -0.33944 0.68228 0.74251 0.97622 -1.1173 1.6948 -0.24879 0.63782 -1.7511 -1.0724 -1.4078 -2.439 -0.51928 -1.5121 0.33251 0.054326 -0.17615 0.83332 -0.01802 -1.2686 -0.50706 -0.35152 -0.0032337 1.0505 1.7597 -0.341 -0.97041 -0.2664 -0.97667 -1.4883 1.0111
-0.035863 1.1858 1.0705 -0.74811 -0.095472 -0.52936 -1.8379 0.23894 -0.97763 0.88335 0.10257 0.59128 -0.78383 1.675 -1.1058 0.088469 -1.6491 -1.1294 -0.35376 -0.86737 -0.42708 -2.0163 0.43364 -0.45388 -0.27397 1.1876 -0.79345 -1.6204 -0.84194 0.41242 0.34824 1.268 2.9434 -0.20093 -0.0064636 -0.91467 -0.27008 -0.83738 1.0786
0.35313 1.0603 1.417 -0.59433 0.37835 -0.29786 -1.6143 -0.2208 -0.66654 0.86312 -0.33291 -0.23751 -0.60645 1.1442 -1.8244 -0.50599 -1.8915 -1.0798 -0.18665 0.37706 -0.23657 -1.3929 0.55019 -0.13448 -0.84383 1.8348 -1.1959 -1.4523 -0.99887 0.74783 0.74191 1.2576 3.0227 -0.031469 1.203 -0.74076 0.66655 -0.14794 0.8645
-0.064302 0.86504 1.6928 -0.92295 -0.26464 -1.117 -1.4112 -0.54498 -1.2933 0.11962 0.19649 -0.087024 -0.43257 0.5245 -2.2538 -0.66172 -1.0238 -0.43515 0.33973 1.8659 -0.47245 -0.4097 -0.62472 0.26392 -0.98903 2.0507 -1.365 -0.56172 -0.58896 0.96382 1.1185 0.73602 1.7329 -0.19423 1.3013 -1.1418 1.0466 0.374 0.23711
0.6537 -0.91264 0.21 -1.1533 -0.9001 -0.015374 0.11539 -0.42845 -1.8276 0.82502 0.73153 -0.62395 0.59627 0.08503 -2.2312 -0.85869 -0.71084 0.019352 0.76373 2.3423 -0.56593 0.15221 -0.6817 1.0392 -0.14235 1.858 -1.1622 0.44282 -0.002307 1.3101 1.3864 0.49507 0.25407 -0.35798 0.63933 -1.1136 0.74476 0.56025 -0.53564
0.43713 -0.73653 0.34774 -1.2386 -0.81527 0.058716 0.79265 -0.65766 -0.94157 0.62033 1.0087 -0.31771 0.99819 -0.28852 -1.8949 -0.83909 -0.49544 0.48789 0.64326 1.6813 -0.68151 -0.11987 -1.3161 1.0846 0.15512 1.5763 -1.0958 1.3941 0.46602 1.2085 1.0664 -0.1449 -1.4107 -0.35869 -0.2729 -0.81427 0.078853 0.3353 -1.0733
0.31726 -0.8623 0.52299 -1.2569 0.23977 0.3551 0.75026 -0.89223 -0.85818 -0.34912 0.31315 -0.41987 1.0724 -0.57282 -1.2323 -0.42252 0.21533 1.1434 0.65059 1.0004 -0.90305 -0.22498 -1.4121 0.95981 -0.24227 1.1717 -0.67603 1.5046 0.61978 1.2782 0.43937 -0.50482 -2.0772 -0.12734 -0.87354 -0.58497 -0.56018 -0.17261 -1.173
-0.0065177 -1.1603 0.39922 -1.5441 0.23259 0.32818 0.64791 -0.65902 -0.62337 0.19089 1.4469 0.46434 1.0438 -1.1492 -0.31133 -0.0079101 0.70025 1.0689 0.1019 -0.30951 -1.0764 -0.77698 -1.9536 0.4388 -0.24105 0.5885 -0.12828 1.1643 0.38491 1.1593 -0.45639 -0.56942 -1.6018 0.2025 -0.66171 0.085755 -0.50534 -0.041828 -0.97555
-0.15496 -1.1402 0.49869 -1.0824 0.66734 0.035262 0.23327 -1.6457 -1.686 -1.399 1.1075 -0.36418 1.1556 -0.7226 -0.38708 -0.11443 1.0044 0.58299 0.018212 -0.86073 -0.64384 -1.3055 -1.5869 0.18311 -0.32015 0.37877 0.45343 0.58945 -0.12236 0.65583 -1.1127 -0.56938 -0.84468 0.52316 -0.16181 0.25196 -0.5434 0.38921 -0.65414
-0.53308 -1.1394 0.64169 -0.46448 0.66819 0.19558 0.58466 -1.9105 -1.9727 -1.0531 1.6903 -1.0594 1.3392 -0.45374 -0.27909 -0.27316 1.2079 -0.10922 -0.18632 -0.62216 -0.37766 -0.93195 -1.0773 0.40673 0.094687 0.33195 1.0222 0.12316 -0.40989 0.064387 -0.93143 -0.19459 0.036442 1.0914 0.77388 0.65731 -0.44566 0.96457 -0.4135
-0.86162 -1.1298 0.011508 -0.40902 0.14465 0.23068 -0.25202 -1.928 -2.547 -1.5939 0.88392 -0.68395 1.4273 -0.10092 -0.21948 -0.51993 1.1478 -0.41341 -0.35098 -0.54129 -0.12986 -0.47579 -1.358 -0.16863 0.40186 0.20011 0.99007 0.16391 -0.35432 -0.41938 -0.2341 -0.16201 0.25637 1.3193 1.2349 0.44485 -0.6429 1.3441 -0.46459
-0.059633 -1.2849 0.38381 -0.27146 0.29584 0.23267 -0.33455 -1.1167 -2.2014 -1.2841 0.91857 -0.3383 1.363 0.39582 -0.18496 -0.5737 0.74396 -0.22847 -0.10757 -0.37967 1.0104 0.39663 -0.74459 -0.3288 1.4264 -0.016982 0.8686 0.1957 -0.24631 -0.58308 0.55092 -0.21454 0.16415 1.3948 1.0941 0.35656 -0.76256 0.92121 -0.53027
-0.3271 -1.3009 0.15345 -0.053732 0.16375 -0.048917 0.24308 -1.4325 -1.5398 -1.4278 1.5488 0.40187 1.3827 0.64983 -0.15243 -0.62863 0.47585 0.19498 -0.34988 -0.44622 1.4956 0.56297 -0.86541 -0.7982 1.845 -0.22756 0.50988 0.34112 -0.21663 -0.48937 0.86635 -0.2961 -0.062593 1.1444 0.65553 0.54209 -0.59684 0.10704 -0.46019
-0.25248 -1.4116 -0.32142 -0.13158 -0.13131 -0.39239 -0.20918 -1.4214 -1.6704 -2.4029 1.0936 0.54837 1.2554 0.7468 0.024925 -0.681 0.48691 0.65631 -0.62094 -0.32106 1.8053 0.79309 -0.61682 -0.87363 1.3099 -0.34556 0.33942 0.46705 -0.20666 -0.26598 0.6877 -0.56048 -0.36618 0.63474 -0.054731 0.6794 -0.54088 -1.0858 -0.37981
0.27993 -1.2442 -0.051058 -0.021753 0.74454 0.29091 -0.2258 0.19417 -1.3464 -2.0143 0.65404 1.222 1.1976 0.64602 0.26848 -0.87289 0.38899 0.82362 -0.69193 -0.68196 1.9304 0.67202 -0.33473 -1.1506 0.6755 -0.40898 0.35219 0.61738 -0.088235 -0.1458 0.067508 -0.57703 -0.37908 0.34792 -0.36896 1.0798 0.092466 -1.4987 -0.33533
0.083203 -1.3027 -0.33612 0.12601 0.81825 -0.39812 -0.43527 0.25058 -1.7105 -2.102 0.23756 1.2869 1.1117 1.0096 0.41862 -0.8395 0.30457 0.79133 -1.0644 -0.98907 2.1554 0.23315 0.35884 -1.2919 -0.29548 -0.56437 0.26556 0.66091 0.40629 -0.25885 -1.245 -0.29606 -0.10216 -0.56949 -0.42866 1.0187 0.89444 -1.397 -0.40694
0.34966 -1.0877 -0.79992 0.23148 0.94409 -0.81949 -0.73083 0.82227 -1.1973 -2.0568 -0.059045 0.73067 1.0227 1.1536 0.72874 -0.71552 0.30182 0.26281 -1.2892 -0.86566 2.0665 0.09029 0.83668 -0.42589 -0.53188 -0.68138 -0.040027 0.74186 1.3643 -0.29605 -2.2352 0.35146 0.29715 -1.5657 -0.22416 0.82292 1.4742 -0.91741 -0.49627
0.68264 -0.95961 -0.71983 0.18398 1.139 -0.7651 -1.0573 1.3216 -0.93897 -1.603 0.038943 0.61493 0.90036 0.97038 0.94925 0.00034836 0.060578 -1.4648 -0.91986 -0.42084 0.51163 0.209 0.86205 0.57646 -1.051 -0.89311 -0.84258 0.67397 2.0857 -0.71942 -2.2027 1.4379 0.49136 -2.3854 0.20277 0.68942 1.5464 -0.091574 -0.46472
1.0658 -0.87039 -1.0085 0.2237 0.8649 -1.762 -1.1046 1.5584 -1.5569 -1.1939 -0.023681 -0.13067 0.641 0.5863 1.2998 1.2615 -0.026282 -2.364 -0.06318 -0.3476 -0.61417 0.22807 1.0767 0.91992 -0.89741 -1.0787 -1.8749 0.45668 2.0957 -1.1444 -0.8233 2.0167 0.4785 -2.4943 0.44407 0.50198 0.88989 0.67744 -0.33478
1.354 -0.4123 -0.98393 0.2525 0.2264 -1.7271 -1.2426 2.1317 -1.5785 -1.4049 0.79207 0.51811 0.44477 -0.24808 1.3105 2.0772 -0.83525 -2.148 1.2025 -0.2356 -1.6323 0.58281 1.6281 1.1884 -0.31727 -1.1467 -2.4733 0.29778 1.2668 -1.0553 1.3492 2.0642 0.61893 -1.5134 0.74143 0.23165 -0.14428 1.248 -0.065708
1.1543 -0.13574 0.45628 0.0085381 -1.7862 -0.52313 -0.47123 -0.14943 -0.84688 -1.0045 1.4134 -0.24129 0.12742 -1.6591 1.3439 2.17 -1.3236 -0.98213 1.6902 0.028116 -2.2235 0.81624 1.4586 1.0712 0.52267 -1.1169 -2.5027 -0.13968 0.060995 -0.78903 2.9103 1.0874 0.85327 -0.095306 0.77175 -0.024428 -0.56372 1.0974 0.26159
0.50773 0.30897 1.4478 0.19999 -1.8289 -0.40704 -1.3036 -0.86845 -1.2217 -0.67688 0.81742 0.031668 -0.12336 -2.4191 1.4439 1.9177 -1.2028 0.45705 2.3393 0.66259 -1.9377 1.4369 1.1217 0.17713 0.86684 -0.98345 -1.4223 -0.42041 -0.92115 -0.27793 3.2352 -0.22001 0.65624 1.2528 0.092889 -0.57114 -0.98257 0.83208 0.58094
-0.063303 0.27046 1.4349 -1.2851 -0.52798 1.1776 -1.3036 -1.0441 0.037434 0.56116 1.2806 0.45797 -0.23261 -2.8939 0.98164 1.4546 -1.2724 1.9636 1.5453 0.95003 -0.66797 1.3851 1.2554 0.23932 0.81995 -0.71889 0.30894 -0.69133 -1.4526 0.16795 1.9748 -1.3471 0.33504 1.8102 -0.48564 -0.73577 -0.63159 0.28153 0.81658
-1.6317 0.55054 1.1948 -1.2913 0.7779 0.55547 -0.88566 -1.2322 -0.32883 -0.057214 1.2693 1.4774 -0.38196 -2.2281 0.74729 0.70888 -1.3653 2.6373 0.82992 0.65044 0.28047 0.49182 0.53413 -0.44325 1.2825 -0.36677 1.8683 -0.7089 -1.5021 0.34791 -0.14999 -2.3054 -0.42617 1.4352 -1.2037 -0.83402 -0.57104 -0.18345 0.90737
-1.4216 1.0501 1.0611 -0.58683 1.0158 1.2957 0.26352 -0.51618 0.46082 -0.33133 0.062218 0.82338 -0.49623 -1.1982 0.47217 0.053103 -0.93943 1.7497 -0.26047 0.72955 0.55581 0.29711 0.21924 0.055556 0.89919 -0.049693 2.9668 -0.63675 -1.3011 0.22753 -1.9979 -2.2457 -1.0128 0.3615 -0.9598 -0.77268 -0.77416 -0.55321 0.99246
-2.0581 0.55152 1.6176 -1.2556 1.4767 0.14128 0.050353 0.8739 0.2847 0.49085 2.0236 1.0531 -0.3745 0.13011 0.44771 -0.19571 -0.74057 0.27894 -1.385 -0.07616 0.53293 -0.48165 -0.094785 -0.9323 0.42842 0.2103 2.8081 -0.84834 -0.94327 0.027243 -2.6033 -1.8107 -1.3394 -0.46984 -0.35473 -0.50154 -0.55385 -0.78454 1.0502
-1.1806 0.84018 1.8936 -1.8311 0.84608 0.90209 -0.59267 -0.87576 -0.90785 -0.38094 0.16187 1.6689 -0.29013 1.3251 0.0071716 -0.53082 -1.174 -0.71419 -1.8547 -0.72576 -0.019036 -0.091142 -0.038946 -1.1352 0.066357 0.66413 1.9478 -0.97428 -0.71071 -0.092671 -1.9072 -0.83424 -1.203 -0.80497 0.13366 -0.64145 -0.78771 -0.697 0.97922
-1.0238 0.81282 1.1127 -1.222 0.57651 -0.65079 -0.62263 -0.42272 -0.13626 0.24154 1.4339 1.2615 -0.1765 1.6193 -0.51604 -0.76665 -1.1999 -1.1578 -2.008 -1.3236 -0.44352 -0.03756 -0.38963 -1.0139 0.029163 1.0451 0.59885 -1.1253 -0.41752 0.18531 -0.66696 0.18631 -0.33927 -0.38432 0.69896 -0.65454 0.050692 -0.4886 0.72837
-0.28533 1.0039 0.82513 -2.3156 0.24038 -0.92314 -1.3901 -0.25779 -0.67336 0.22183 -0.67224 1.2118 -0.048537 1.5991 -0.76293 -0.99335 -0.87878 -1.2135 -1.6258 -1.0718 -0.68758 0.35205 -0.97309 -1.5505 -0.38579 1.1822 -0.54032 -0.84502 0.12818 0.5407 0.22676 1.1547 0.3928 0.10938 0.43171 -0.72413 0.22891 -0.10385 0.25881
-0.057374 0.51032 0.46184 -2.3665 0.16243 -1.7694 -1.0967 -1.0667 0.38064 -0.3876 -0.25112 1.2686 0.47899 1.0776 -1.1494 -0.74727 -0.55384 -0.75572 -1.1297 -0.5758 0.039589 0.73178 -0.99431 -0.64733 -0.38951 1.1783 -1.1763 -0.46527 0.47174 0.73487 0.60603 1.6944 0.96323 0.37749 0.39954 -0.21004 0.82422 0.34004 -0.22947
0.21671 0.062533 0.65656 -1.9502 -0.23638 -1.227 -1.478 -0.52313 0.24858 -0.6946 -0.11268 0.87239 0.7811 0.60523 -1.1661 -0.30134 -0.51918 -0.47205 0.018012 -0.28711 -0.027242 0.41172 -1.2459 -0.87464 0.045194 1.0343 -1.342 0.075754 0.56279 0.71005 0.57503 1.8539 0.82762 0.42403 0.031474 0.48767 1.0573 0.61307 -0.60622
-0.081888 -0.25047 0.67366 -2.4545 -0.10675 -1.6317 -1.4537 -0.81628 0.12103 -1.0084 -0.25074 0.73716 0.87218 -0.033123 -1.1376 -0.23007 -0.050284 -0.35226 0.56424 0.25387 0.035827 0.75424 -0.70832 0.31621 0.52171 0.73398 -0.98197 0.6454 0.26888 0.72596 0.33387 1.5061 0.69785 -0.051837 -0.1335 0.94956 0.66007 0.42395 -0.7563
0.20094 -0.27981 0.75012 -2.1781 -0.056045 -0.81781 -1.2375 -0.48131 0.22107 -1.2028 -0.15422 1.2791 0.90644 -0.29657 -0.64193 -0.19884 0.1539 -0.29891 1.2412 0.20801 0.22384 0.40846 -0.14049 0.11496 0.44391 0.38521 -0.44272 0.81175 -0.053232 0.77279 0.15035 0.83393 0.50758 -0.20654 -0.058214 1.5374 0.30037 0.017928 -0.68426
-0.11679 -0.25157 0.49347 -2.2658 -0.078574 -0.72055 -1.2375 -0.47103 0.26374 -1.067 -0.6088 1.4683 0.9627 -0.26677 -0.2843 -0.29585 0.4229 -0.19209 1.2753 0.60806 -0.19906 0.4631 0.37573 0.18832 0.29657 0.2311 0.084518 0.65129 -0.11091 0.39014 -0.041169 0.14595 0.13743 -0.45422 -0.33343 1.5394 -0.68285 -0.40639 -0.50133
-0.30646 -0.49458 0.31702 -2.4038 -0.35905 -0.51227 -0.89166 -0.63409 1.0705 -0.54296 0.21188 2.0338 0.94122 -0.090877 -0.17342 -0.36903 0.6423 -0.25667 1.3311 0.58119 -0.35538 0.44121 1.3402 -0.21996 0.18474 0.13518 0.56855 0.28981 0.10581 0.20531 -0.11331 -0.35369 -0.064106 -0.48127 -0.3768 1.1004 -0.82356 -0.54761 -0.35523
-0.29492 -0.31333 0.35501 -1.8389 -0.35719 0.18425 -1.1696 -0.63005 0.68775 -0.71753 -0.10991 1.1754 1.0539 0.011578 -0.23427 -0.35358 0.41074 -0.4481 0.80819 0.36171 -0.65241 0.057997 1.6836 -0.94758 -0.21889 0.016361 0.89208 0.14112 0.32705 0.084443 -0.29679 -0.54247 -0.42954 -0.26683 -0.51972 0.28138 -0.95471 -0.75943 -0.37106
-0.0099317 -0.35188 0.42568 -1.4899 -0.34423 0.2692 -0.56666 -1.1151 0.60942 -0.32157 0.053107 0.93923 1.0764 0.59357 -0.16415 0.02731 0.53052 -0.38507 0.76162 0.21675 -0.58546 -0.1577 1.4377 -1.0377 -0.46711 -0.10414 0.84792 0.25126 0.36541 0.083676 -0.47497 -0.88542 -0.41528 -0.091701 -0.39245 -0.50114 -0.35527 -0.87564 -0.5038
-0.064553 -0.50281 0.20176 -1.8464 -0.32827 0.27328 -0.76298 -1.2278 0.69484 1.0087 -0.97204 1.4335 0.9799 1.0097 -0.047231 0.1176 0.63047 -0.69671 0.46828 -0.06555 -0.65916 -0.29893 0.87955 -1.3931 -0.99412 -0.27262 0.27529 0.87572 0.44328 0.37589 -0.27258 -1.2996 -0.1812 0.26622 -0.26683 -0.80507 0.62318 -1.0333 -0.77638
0.091528 -0.59442 0.205 -1.9899 -0.78849 0.041568 -0.95475 -1.4034 0.22565 0.74933 -1.699 1.1785 0.88254 0.9483 0.16816 0.07884 0.68273 -1.0456 -0.27845 -0.032056 -0.55078 -0.18109 0.69018 -0.75475 -1.29 -0.56711 -0.54887 1.4354 0.5777 0.44852 -0.034394 -1.5666 -0.14333 0.79323 -0.6118 -0.73644 1.5281 -1.0133 -1.0837
0.74052 -0.42552 0.67919 -1.5409 -0.5683 0.56064 -0.92284 -1.1881 0.49249 0.41275 -1.0636 0.93447 0.83722 0.3293 1.1312 0.44995 1.014 -0.63986 -1.2819 0.13413 -0.099352 -0.47375 0.38209 0.16555 -2.0032 -1.0577 -1.1495 1.7098 0.79963 0.27925 0.44281 -1.1266 -0.13528 1.3194 -0.85137 -0.5245 1.6761 0.019193 -1.211
1.0091 -0.42438 0.41536 -1.2489 -1.4674 0.3483 -1.1015 -1.7688 0.68846 0.14382 -1.2795 -0.027117 0.65079 -0.072539 1.761 0.94218 1.1497 -0.47512 -1.5088 -0.15825 0.8376 -1.3204 0.15192 1.2986 -2.116 -1.5344 -1.3355 1.3622 0.54517 0.17264 0.91344 -0.21302 -0.24168 1.2217 -0.89126 -0.37343 0.78383 1.0988 -1.0443
0.67309 0.025817 0.36598 -0.81591 -1.6316 -0.56923 -0.8653 -1.5549 0.31936 0.58836 -0.65369 -0.78666 0.34344 -0.58036 2.1526 1.1826 0.90143 -0.12118 -1.1797 -0.26128 1.4803 -1.4702 0.04876 1 -0.55145 -1.826 -1.1259 0.44528 -0.091055 0.15626 1.3291 0.86019 -0.11924 0.65319 -0.49313 -0.40195 -0.24848 2.2133 -0.53676
-0.14175 1.3532 1.1531 -0.51345 -0.53109 -2.0809 -0.21196 -1.0589 -0.31593 0.96012 0.038224 -1.4724 -0.36717 -1.0362 2.0434 0.73263 1.0504 0.46553 -0.76053 -0.30905 1.2831 -1.5055 0.066705 0.41297 0.29639 -1.9395 -0.568 -0.56927 -0.93548 0.29798 1.4969 1.4493 0.28402 -0.35178 0.53532 0.074922 -0.86637 2.1593 0.1255
-0.03215 1.3379 1.5676 -0.90613 -1.0941 -1.2431 -1.6434 0.58881 -1.7543 1.1477 0.28634 -0.75962 -0.84525 -1.2464 1.7659 0.38331 1.3454 1.4637 0.065234 -0.01676 1.0799 -1.3882 -0.42393 0.070401 1.4594 -1.7574 -0.033355 -1.5172 -1.2204 0.50397 1.2177 1.5444 0.74176 -1.0732 1.2464 0.074216 -0.62137 0.98118 0.71776
-0.18075 1.658 1.7421 -0.9602 -0.98235 -0.53133 -1.3497 0.61384 -1.1362 0.11844 -1.069 1.5919 -1.0163 -0.78067 0.94863 -0.41105 1.466 1.6307 0.77145 0.31133 0.28013 -0.2616 0.5175 -0.045231 1.4331 -1.3563 0.11322 -1.7212 -0.71584 0.7373 0.84876 1.244 1.2793 -1.2743 1.7731 -0.10998 -0.11083 -0.37556 1.0141
-0.3227 1.5656 0.86762 0.27571 -0.11567 -0.29242 -1.1755 -0.51732 -0.87142 0.41038 -0.69624 0.45631 -1.224 -0.77534 0.029624 -0.53203 1.605 1.6548 1.1476 0.94903 -0.32631 0.46443 -0.048853 -0.075688 0.94383 -0.90842 0.1017 -1.506 -0.070448 0.62622 0.15536 0.77448 1.1331 -0.69756 1.4474 -0.075549 0.28578 -1.5869 0.93131
-0.82994 1.7462 0.65799 0.70758 0.64777 -0.20265 -0.58945 -0.52323 -1.2601 -0.27375 -0.73101 1.213 -1.3214 -1.0719 -0.11708 -0.15123 2.2545 2.0154 1.1892 1.8191 -0.75403 1.2037 -0.37076 0.23112 -0.25083 -0.656 -0.10228 -1.0032 0.54852 -0.26901 -0.2205 0.48997 0.91244 0.17615 0.37378 -0.69774 0.42367 -1.511 0.93106
-0.34674 1.4612 0.11079 0.73897 0.56979 -0.43661 -0.1662 -0.93292 0.095774 2.7279 0.1116 0.051913 -1.3891 -0.92192 -0.35191 0.12057 2.0839 1.5765 1.4057 1.5437 0.096193 0.84729 -0.15912 0.49296 -1.0648 -0.53892 0.18081 -0.65819 0.34584 -1.4413 -0.60339 0.12189 0.38159 0.48628 -0.062385 -0.6742 0.53343 -0.78774 1.1097
-1.2803 1.2996 1.4246 0.85883 1.1785 -0.19997 0.46986 -0.48392 -0.48332 -0.02721 -0.092568 0.10369 -1.5731 -0.90011 -0.62834 0.28904 0.73826 1.2485 1.6212 1.8808 0.44573 0.31584 -0.88254 0.51474 -0.76824 0.027162 0.52 -0.36485 -0.24829 -2.2112 -1.1766 -0.39552 -0.4994 0.313 -0.28568 -0.577 0.23679 0.40635 1.0898
-1.4547 1.3958 1.7337 1.9767 1.3288 1.2035 0.52363 -0.36717 0.12493 -0.23788 -0.16847 -0.18942 -1.6245 -0.5383 -0.87666 -0.10535 -0.24789 0.8768 1.1723 1.708 0.11713 0.78372 -1.1999 0.85253 -0.47394 0.61896 0.77226 0.15323 -0.81329 -1.5481 -1.52 -0.95218 -0.73233 -0.26543 0.22806 0.50877 -0.40585 1.2781 0.71264
-1.1366 1.2659 1.1561 1.7836 1.0814 1.5657 0.31234 0.67764 -0.19966 0.18272 -0.65615 0.099642 -1.6553 -0.3229 -0.5015 -0.50417 -0.58473 0.095795 0.50891 0.73941 -0.093571 0.65339 -1.058 0.51131 0.30197 0.60038 0.82785 0.6238 -0.80567 -0.33009 -1.7518 -1.4174 -1.1869 -0.14382 0.40396 1.3141 -0.59849 1.4318 -0.050957
-1.5656 0.7375 0.57908 0.53603 1.8821 1.5505 1.8372 -0.50589 -0.88747 -0.64184 0.36729 -0.38111 -0.87043 0.18987 -0.15237 -1.0069 -0.059069 -0.78021 0.048492 0.64425 -0.20629 1.1489 0.94748 -0.36693 1.0915 0.37507 0.59971 0.96033 -0.016641 0.6997 -1.4192 -1.2803 -1.389 0.3839 -0.020049 1.0615 -0.78714 0.93549 -0.71974
-1.1513 0.60635 0.2294 0.064857 1.5928 0.46629 1.6145 -0.96877 1.0219 -0.47011 0.96712 0.47048 -0.49756 0.23748 0.098807 -0.76999 0.044953 -1.3041 -0.66322 0.020252 0.29666 0.96396 0.71401 -0.13328 1.4655 0.064504 0.31423 0.85058 0.82064 1.3401 -0.3095 -0.24305 -0.87586 0.89053 -0.4252 -0.16443 -1.2369 -0.24617 -1.0421
-1.0469 1.2095 0.28729 0.64341 0.31604 0.12841 0.12011 -0.83358 0.86657 1.0695 0.23994 0.49336 -1.2495 0.26759 0.50345 -0.0045015 0.70301 -1.1616 -0.81307 -0.73477 0.74532 0.59053 0.066494 -0.47088 0.91131 -0.32333 -0.13589 0.49068 1.208 0.83447 0.80241 0.71643 -0.5001 1.1164 -1.0565 -1.5945 -1.298 -1.5635 -0.8932
-1.163 1.3619 0.68515 2.207 0.11717 0.99656 1.5956 -0.15989 1.1325 1.2523 -1.6101 1.8307 -1.5159 0.20425 0.65812 0.53067 1.4596 -0.30687 0.44844 -0.33239 1.3427 0.064698 -0.97907 -2.0074 -0.13933 -0.80317 0.14813 -0.24733 0.59807 -0.60455 1.0326 1.1725 0.42475 0.89697 -1.0131 -1.4414 -0.99748 -2.4476 -0.01444
-1.1296 1.3616 0.60701 1.7412 -0.13274 0.60667 0.24293 0.94977 0.76627 -0.056102 0.26271 1.4682 -1.4698 -0.047483 0.42351 0.60427 0.74338 0.27702 0.92559 -0.17841 1.6681 -0.56267 -1.4999 -2.1262 -1.4228 -0.69327 0.73097 -0.92548 -0.45451 -2.4868 0.057866 0.53133 0.6301 0.24741 -0.7095 -0.34696 0.20628 -2.6858 0.95649
-0.88217 1.5403 0.98176 1.5898 0.57844 0.23866 -0.17492 1.1441 -0.039325 -0.61517 -0.63487 0.33479 -1.5092 0.65844 -0.30166 0.044818 -1.0711 -0.022676 0.81502 0.61943 1.7612 -0.53163 -1.4829 -1.3839 -2.5534 0.22633 1.2793 -1.205 -1.2951 -3.2462 -1.1552 -0.50987 0.20976 -0.56746 -0.015201 1.2249 1.2243 -1.5082 1.5842
-1.3041 1.2952 1.0397 1.9042 2.0998 2.5349 2.2636 0.60514 0.0063371 -2.1 -2.4849 -0.93457 -1.599 1.3657 -0.64794 -0.61368 -2.5356 -1.187 0.065357 0.083285 1.0661 -0.56157 -0.41748 -0.38541 -3.5713 0.77293 1.6134 -0.95089 -1.7686 -2.3294 -1.9852 -1.0655 -0.30665 -1.149 0.45307 2.1824 1.4883 0.60645 1.4538
-1.1685 1.2829 0.84518 0.82994 0.82344 1.1549 0.36802 1.5183 0.77063 -0.70926 -1.6864 -1.1348 -1.5408 1.8218 -0.92835 -1.2867 -2.78 -1.8029 -0.14777 -0.022063 0.42251 0.036174 0.96715 -0.38703 -2.2648 1.1313 0.89365 -0.70795 -1.2535 -0.64556 -1.9779 -1.2785 -0.66051 -1.3719 -0.00073693 2.2304 1.6966 2.348 0.9703
0.34534 0.72399 0.13143 -0.51537 -0.93193 1.1775 1.5045 2.2626 0.2135 0.11812 -1.4864 -2.1955 -0.77053 2.3035 -0.93904 -2.0432 -2.6212 -2.6652 -0.73354 -0.46416 -0.13348 0.084719 1.7258 0.40895 -0.29574 1.3023 -0.1594 -0.56918 -0.26695 1.0773 -0.60958 -0.638 0.22205 -1.1163 -0.59488 0.93116 1.3394 2.5173 0.60293
0.70765 0.66618 -0.17691 -0.82007 -1.8212 0.46097 0.70616 1.3024 0.018105 0.36368 -0.83389 -2.8744 -0.54576 1.8111 -1.4054 -1.589 -2.1985 -3.1019 -1.3534 -0.43125 -0.58911 -0.85311 1.9948 1.681 0.76243 1.5959 -1.4607 -0.47462 0.71222 1.9099 1.0517 -0.19941 0.86187 -0.39233 -0.86449 -0.52568 1.0999 1.5007 0.2018
0.94025 0.40475 -0.8913 -1.0913 -1.1583 0.59309 -0.17635 1.2376 0.74963 0.52489 -0.68095 -0.82343 -0.30258 1.0743 -1.415 -0.96339 -0.87688 -1.7109 -0.61515 0.754 -0.82874 -1.3324 0.95371 1.3081 0.22652 1.5566 -2.047 -0.37371 1.3198 2.0763 2.2956 0.21407 1.3234 0.54614 -0.43557 -1.6257 0.35921 0.17 -0.068127
1.6484 0.5896 -1.4797 -0.80924 -1.7492 0.15973 0.34129 0.43023 -0.087442 0.77155 -1.3085 0.18807 -0.30461 -0.23094 -1.5299 -0.49363 -0.19516 -0.24226 -0.61068 1.133 -0.074703 -1.023 0.25082 1.3983 0.63603 1.345 -1.4425 0.1612 1.0833 1.7629 2.3667 0.094739 0.75138 1.196 0.40627 -1.9636 -0.2297 -0.63189 -0.42812
0.27757 -0.75659 -0.24883 -0.95986 -2.3747 0.42664 1.9119 0.23442 -1.4491 0.81102 0.29575 -0.66982 0.36196 -0.41104 -1.5391 -0.11996 0.13557 0.34694 -0.6794 1.4542 0.78128 -0.71943 -0.76022 1.2621 0.11598 1.3143 -0.33718 0.75912 0.52962 1.0057 1.4123 -0.48827 -1.0436 1.0505 1.1126 -1.3181 -0.32893 -0.31254 -0.85155
0.7332 -0.34288 -0.39255 -0.53349 -1.6886 0.41123 1.7354 1.1588 -0.97985 0.63883 -0.14468 -2.7115 0.4925 -0.080433 -1.0664 0.017168 0.48611 0.44857 -1.1351 0.75867 1.1744 -0.32415 -1.1992 1.2047 -0.52924 0.99765 0.75584 1.7967 -0.17571 0.5884 0.76697 -0.51011 -2.5201 -0.10143 1.7 -0.64183 -0.8446 0.17408 -1.4622
0.08376 -1.069 -0.92302 -1.1206 -1.0922 -0.068741 2.4222 2.4671 -0.60767 0.37569 0.47654 -1.0208 0.79489 0.37834 -0.31985 -0.22779 0.60229 0.67834 -1.336 -1.1605 0.80244 0.6005 -1.0486 0.70147 0.1374 0.29817 0.59412 2.2904 -0.29914 0.30072 0.45737 -0.20839 -3.0066 -1.252 1.6197 0.090858 -1.0108 1.2396 -1.9702
0.75459 -0.91052 -0.75331 -0.63903 -1.1703 -0.66751 1.4721 2.0311 -0.33677 -0.9838 0.48823 -1.5508 0.87945 0.74487 1.0095 -0.76968 0.63569 1.0794 -1.3092 -2.6568 -0.30498 1.8027 -0.9455 -0.08531 0.98245 -0.60678 -0.16163 2.1567 0.11302 0.11653 0.4129 0.59946 -2.0139 -1.847 0.82974 0.43941 -1.0438 1.247 -1.9258
1.4392 -0.47871 -1.1112 -0.23661 -1.0508 -1.1773 0.42675 2.1438 -0.059769 -0.53124 0.4305 -0.69762 0.60326 0.25221 1.4389 -0.28767 0.60407 0.92044 -1.014 -2.9223 -1.1713 1.5384 -0.72515 -0.19861 1.9702 -1.1984 -1.1029 1.2267 0.68127 0.0039907 0.35181 1.3137 0.16324 -1.2612 -0.27206 0.57725 -0.36587 0.46143 -1.2475
1.6317 -0.000707 -1.2358 -0.12248 -1.4186 -1.3398 -1.0161 0.70765 0.09345 0.1377 -0.22398 0.090851 -0.04293 -0.31824 1.8354 0.25788 0.695 1.1305 -0.097672 -2.4306 -1.8097 0.90983 -0.48427 -0.51874 1.1799 -1.4942 -1.7048 -0.14319 0.96195 -0.33556 0.29177 1.3925 1.7342 -0.18538 -0.91881 0.1774 0.10788 -0.33154 -0.098747
0.73174 0.70535 -1.1612 -0.33175 -0.37091 -0.90609 -1.1133 -0.12532 1.5961 -0.41533 0.21051 -0.57262 -0.33202 -1.1057 1.4151 0.53344 0.57865 1.3377 0.68889 -0.92675 -1.1572 0.4928 -0.11995 0.1388 1.0034 -1.3566 -1.1439 -1.1689 0.32865 -0.51449 0.13457 0.88578 2.4693 1.0208 -0.73068 -0.25652 0.18199 -0.52556 1.0107
0.519 0.85927 -0.64421 -0.094438 -0.21082 -1.0275 -1.1511 0.51867 0.77443 -0.62851 -0.10497 0.62198 -0.65298 -1.6882 0.76379 0.62045 0.039587 1.4396 0.62808 -0.12058 -0.71215 0.44645 -0.90872 -0.05913 0.75396 -0.69271 0.1356 -1.9933 -0.57162 -0.50698 -0.76314 -0.19738 2.3423 1.5573 -0.70594 -0.082518 -0.018731 -0.068619 1.7094
-0.16508 0.78492 -0.45702 -0.14329 0.34243 -0.1269 -0.37336 -0.082049 0.095643 -0.83759 -0.055789 -0.016756 -0.62067 -1.153 -0.084021 0.14567 -0.0010321 1.0308 0.39564 0.94806 0.47188 0.27642 -1.0633 -0.081132 1.0611 0.10313 1.566 -2.0498 -1.2002 -0.35062 -1.58 -0.88781 1.4089 1.3386 -0.64324 0.31073 -0.35279 -0.39852 1.802
-0.036835 0.60432 -0.31231 0.37859 0.21857 0.04848 0.097666 0.80179 0.41918 -0.73132 1.0576 -0.064008 -0.59682 -0.053972 -0.9214 -0.61967 0.065633 -0.18634 -0.35071 1.3996 0.72081 -0.42494 -0.20619 -0.47426 0.99505 0.65413 2.3323 -1.5898 -1.1834 -0.10056 -1.8685 -1.0152 0.42646 1.0905 -0.58782 0.91131 -0.29303 -0.73207 1.3483
-0.55764 0.51971 -0.71288 -0.56104 0.54651 -0.97581 -0.85073 0.33892 1.2087 -1.6001 -0.43737 0.80627 -0.20429 0.92349 -1.348 -1.0952 -0.070452 -0.89847 -0.60599 1.1872 1.0013 -0.38603 0.14156 -0.40611 0.029281 1.0041 1.9244 -0.85607 -0.4748 -0.18969 -1.4692 -0.53539 -0.57756 0.45678 -0.43699 0.85726 -0.31905 -0.96631 0.68751
0.34915 0.053927 -1.3482 -0.13147 -0.074075 -0.77597 0.31065 1.366 1.0848 -1.1372 -0.32486 1.6411 0.045595 1.5159 -1.402 -0.97623 -0.109 -1.2025 -0.9108 0.64069 1.365 -0.42332 0.33315 -0.52621 -0.28892 1.1272 0.98174 -0.054312 0.41857 -0.059104 -0.61524 0.15152 -0.83357 0.12415 -0.18044 0.41282 0.19949 -0.90839 0.021963
0.86773 -0.3864 -1.8433 -0.046254 -0.89428 -1.5546 0.92175 0.81823 0.10322 -0.20213 -0.42985 0.57371 0.27045 1.5613 -1.3531 -0.56616 -0.2584 -1.2961 -0.40183 0.17141 1.1297 -0.6164 0.40048 -0.73825 -0.35099 1.0249 -0.12162 0.6349 0.95328 0.049263 0.17094 0.43311 -0.87997 -0.42761 0.0032518 -0.033649 0.49339 -0.47834 -0.52979
1.5674 -0.68967 -1.5644 -0.12422 -1.0943 -1.1255 0.32623 2.0402 -0.28258 -0.59957 -0.17563 -0.29942 0.39014 1.4092 -1.0203 -0.10119 0.051374 -1.1719 -0.15274 0.232 0.92171 -0.67622 0.48647 0.075079 -0.74637 0.68185 -1.0293 1.1297 0.82609 0.11073 0.90616 0.40449 -0.61694 -0.85763 0.35494 -0.52783 0.73597 0.10343 -0.88975
1.3521 -0.66442 -1.1967 -0.1875 -0.72297 -1.1456 0.16687 2.0993 0.020548 -0.68993 -0.25189 -0.42025 0.64126 0.74889 -0.43005 0.25171 -0.062652 -0.57855 -0.12027 -0.37814 0.30233 -0.24975 -0.028499 0.28091 -0.76429 0.33623 -1.5591 1.3896 0.4675 0.23237 1.4424 0.086416 -0.25331 -1.0256 0.63109 -0.63834 0.96809 0.66178 -1.0686
1.4373 -0.88125 -1.0471 -0.36246 -1.2053 -0.59786 -0.2714 2.0157 0.33456 -0.68081 -0.54623 0.63019 0.61432 0.040533 0.11415 0.16108 -0.0075957 0.19505 -0.24423 -0.32056 -0.066072 0.12362 -0.55911 0.45075 0.12549 -0.024808 -1.7474 1.3863 0.26328 0.33917 1.3939 0.056616 -0.039295 -1.1069 0.59114 -0.56943 0.72413 0.8512 -1.1863
1.4018 -0.66585 -1.3267 -0.2653 -1.1153 -1.5597 0.22856 1.6009 0.27344 -0.73283 -0.18888 0.19805 0.55097 -0.6011 0.51367 0.17738 0.19063 0.81325 -0.18661 -0.050596 -0.58207 0.27965 -0.4101 1.0378 0.60137 -0.41914 -1.5838 1.348 0.53357 0.78077 1.1658 0.28069 0.13473 -0.75437 0.20391 -0.2684 0.37337 0.34415 -1.2461
1.5496 -0.49586 -1.3553 -0.026431 -1.0477 -1.2059 0.1519 1.5151 0.23272 -0.7801 0.20082 -0.070049 0.40547 -1.1055 0.93613 0.42817 0.53766 0.83129 -0.0098566 0.0041323 -1.0166 0.27321 -0.51479 1.1588 0.35959 -0.93604 -1.3477 1.1546 1.2519 0.85407 0.71863 0.73519 -0.10389 -0.48115 0.056745 0.050409 -0.50115 -0.17564 -1.1155
0.94582 -0.29936 -1.6113 -0.10207 -0.38682 -1.8927 0.31619 1.1291 -0.043193 -1.1554 0.19314 0.46045 0.24714 -1.5697 1.52 1.1166 1.0773 1.3615 0.32162 -0.25152 -0.84526 0.096337 -0.62544 0.66773 -0.16462 -1.3043 -1.1268 0.74737 1.7966 0.64607 0.18465 0.8783 -0.007856 -0.14808 -0.091006 0.12413 -1.3284 -0.53338 -0.71586
0.58799 -0.10004 -0.82457 0.064143 0.28802 -0.82795 -0.058241 1.4327 0.41557 -1.0452 1.3218 0.6074 -0.046785 -1.9367 1.6323 2.0352 1.0943 1.3148 0.97222 -0.41525 -0.9702 0.33469 -0.37248 -0.42179 0.1262 -1.4586 -0.56341 -0.030967 1.4619 0.20444 -0.10583 0.87622 0.17131 0.034534 0.045883 0.72528 -1.2609 -0.093247 -0.065955
-0.1611 0.44258 -0.38683 0.48554 -0.26589 -0.89601 -0.035271 0.20015 0.67975 -1.3051 0.65522 0.25242 -0.53782 -2.2447 1.4719 2.7378 1.0809 0.93324 1.0799 0.15878 -0.92522 0.065653 -0.25112 -0.93061 -0.42061 -1.3615 0.47124 -1.1672 -0.29237 -0.48197 -0.48185 0.21103 0.52384 0.18266 0.091818 0.99148 -0.79308 0.42853 0.8438
-0.36902 1.0876 0.39235 1.1364 0.55175 -0.45287 -0.58413 0.93575 0.22465 -1.4318 -0.16331 -0.0047655 -0.90818 -1.8008 0.89971 2.3545 0.90479 0.84571 1.3644 0.16216 -0.90415 0.38572 0.76091 -0.662 0.2795 -1.0172 1.7383 -2.2058 -2.3067 -1.1609 -0.37163 -0.52119 0.65124 1.0057 0.012461 0.9344 0.035835 0.47791 1.8704
-0.86002 1.0805 1.184 0.82545 0.45216 -0.25113 -0.060307 -0.038931 0.77958 -0.96203 -0.91169 0.47113 -0.99499 -0.78565 -0.16937 0.40846 0.29812 0.66954 0.54491 0.53816 -0.48747 0.26209 0.81659 -0.8701 0.65386 -0.10359 2.6466 -2.7879 -3.4037 -1.8486 -0.30746 -0.89557 0.48929 1.259 0.00069847 0.19202 -0.0015471 0.56869 2.6327
-1.4592 0.9382 1.8675 1.0343 0.20684 -0.045946 0.86666 0.2297 -0.097169 -1.2503 -0.37426 -0.7919 -0.98391 0.49399 -1.4267 -1.121 -0.6175 0.73319 0.19067 0.73192 0.97056 0.26517 0.98534 -0.40533 0.58851 1.0615 2.5438 -2.4033 -3.0653 -1.8007 -0.30641 -0.92433 0.28185 1.1154 -0.44696 -1.159 -0.18337 -0.076535 2.7574
-1.0918 0.4778 0.79428 0.84215 1.1526 0.37537 0.0033698 -0.16931 1.1184 0.42634 0.56481 1.8946 -0.84634 1.4229 -2.2667 -1.9 -1.5065 0.40006 -0.13307 0.88218 0.84135 0.13053 0.0060155 -1.0891 0.61636 2.0313 1.6596 -1.2956 -1.4232 -1.2499 -0.31936 -0.39292 -0.24864 0.3191 -0.92274 -1.8281 -0.16252 -0.40231 2.0098
-0.013648 -0.38712 -1.2799 0.42048 0.82542 -0.60719 0.50416 0.71609 0.81382 -0.58904 -0.23596 1.1475 -0.0041149 1.7225 -2.278 -2.233 -1.4547 0.39304 -0.15414 0.57758 0.82676 -0.46094 -1.2347 -0.95656 0.1255 2.5574 0.19361 0.11959 0.49262 -0.2719 -0.39466 0.0094692 -0.37073 -0.74895 -1.6126 -2.0036 0.058789 -0.80904 0.77423
0.67761 -1.0335 -1.3835 -0.20965 0.8151 -0.57625 0.68978 2.6273 0.76416 -0.32034 -0.56783 0.2429 0.76709 1.617 -2.025 -1.7018 -1.5477 0.22717 -0.07448 0.12652 0.26847 -1.2619 -1.8465 -0.95568 0.023813 2.5323 -1.244 1.2044 1.9342 0.76535 -0.16472 0.50045 -0.60356 -1.3411 -1.9254 -0.7947 0.97166 -0.69441 -0.5826
0.99805 -1.2893 -0.64939 -0.81251 0.92625 -0.33461 0.81868 0.92892 0.22774 -2.0346 -2.5553 0.79343 1.3334 0.7432 -1.3436 -0.29838 -1.0904 0.061645 0.17654 0.37324 -0.35421 -2.339 -2.2213 -0.37811 -0.83674 2.1153 -1.9471 1.5633 2.3608 1.4307 0.037133 0.67171 -0.86931 -1.9568 -1.731 0.72601 1.41 -0.066792 -1.6339
0.39107 -1.1797 -0.88207 -0.33867 0.8935 -0.073337 0.89602 0.46113 -0.31242 -2.6331 -0.93754 0.21058 1.6339 -0.36011 -0.62508 0.75425 -0.30397 0.25222 0.70138 -0.22451 -1.4518 -2.8715 -1.1547 0.59291 -0.38168 1.273 -1.9654 1.3567 1.6779 1.7505 0.2461 0.46739 -0.93923 -1.6588 -0.63722 1.8251 1.8217 0.19547 -2.0895
0.48099 -1.433 -0.63045 -0.68883 0.81868 0.0054979 0.38856 0.32138 -1.6884 -2.3985 -0.45527 0.47771 1.5822 -0.84232 -0.23877 0.95952 0.51289 0.45714 0.80118 -0.99493 -2.52 -3.199 -0.11632 1.1418 0.1761 0.43827 -1.1152 0.81447 0.71484 1.3507 0.26308 0.15483 -0.84669 -0.99509 0.99686 2.1063 0.91728 0.18337 -1.9419
0.17551 -1.2814 -0.39855 -0.43421 1.2687 0.19395 0.74293 -0.068389 -1.9439 -2.0176 0.10817 0.54571 1.7047 -1.1771 -0.20108 0.81079 0.81905 0.50996 0.5467 -1.0793 -2.215 -2.1341 0.81918 2.0037 -0.080254 -0.14487 -0.22843 0.41843 0.050922 0.67681 0.032743 -0.20047 -0.12294 0.048226 2.3869 1.5783 -0.24012 -0.53248 -1.3608
-0.23282 -1.3379 -0.42599 -0.0466 1.0823 0.31373 0.1092 -0.75483 -2.9928 -1.6185 -0.21365 0.21508 1.6343 -0.88626 -0.13153 1.0112 0.79248 0.44614 0.56056 -0.90151 -2.1128 -0.66238 1.0865 0.77589 -0.61066 -0.44303 0.37733 0.26951 -0.072648 -0.080853 -0.2559 -0.30014 0.51526 1.0673 3.0541 1.1522 -1.026 -0.84536 -0.7717
-0.12991 -1.4101 0.23462 0.27673 1.5242 0.66945 -0.87975 -2.0612 -3.51 -1.0028 -0.231 0.87042 1.3524 -0.7607 0.049963 0.82287 0.78052 0.32586 0.41583 -0.50501 -1.5535 0.75298 1.4559 0.25509 -1.1251 -0.57558 0.73166 0.32336 -0.15346 -0.57999 -0.40618 -0.29951 0.97826 1.5992 2.7666 0.82343 -1.2187 -0.58889 -0.29665
-0.7926 -1.5399 0.16812 0.10573 1.463 0.27537 -0.17203 -2.2996 -1.8482 -1.7053 0.82532 0.24809 1.2394 -0.36954 0.10286 0.81653 0.38455 0.059407 0.26088 -0.22107 -0.55883 1.6169 1.9035 -0.12091 -1.0998 -0.64406 0.66114 0.33279 -0.58935 -0.81711 -0.62784 -0.42598 1.1707 2.0175 1.8997 0.70552 -0.48467 -0.14653 0.048136
-0.44675 -1.3083 0.40631 0.38713 1.2947 0.8266 -0.090039 -2.1552 -1.1166 -1.2214 -0.14737 -1.0686 1.1666 -0.10899 0.24345 0.61985 -0.028386 -0.076924 0.092064 0.58081 0.44307 2.3968 2.0748 -0.081054 -1.0917 -0.54249 0.63052 0.25289 -0.78117 -0.80317 -0.74165 -0.43899 0.89413 1.7996 0.7571 0.63753 0.13993 0.58827 0.24057
-0.45273 -1.2517 0.28927 0.18275 1.3469 0.5169 -0.044418 -1.4826 -0.96743 0.052716 -0.11894 -0.87807 1.0152 -0.014125 0.35 0.0080845 -0.28383 -0.56117 -0.13567 0.94627 1.2228 2.4104 2.1994 -0.079723 -0.94808 -0.3774 0.34546 0.065753 -0.97955 -0.55635 -0.8168 -0.56633 0.38437 1.0692 -0.22048 0.095494 0.96158 0.92515 0.29599
-0.31759 -1.1781 0.70901 0.099164 1.302 0.58607 0.086293 -0.91826 -0.55376 0.79186 -0.20592 -0.44628 0.99594 0.20379 0.36437 -0.2368 -0.34081 -0.79255 -0.2701 0.74094 1.4214 1.9104 2.5909 0.49529 0.031938 -0.30285 0.25924 -0.18709 -1.0326 -0.14026 -0.89648 -0.59724 -0.43693 0.35069 -1.0676 -0.55114 1.3695 1.1178 0.17891
-0.44019 -1.1316 0.46484 -0.0096654 1.1264 0.49787 0.58245 -0.7948 -0.018101 0.79325 -0.060743 -0.88164 0.95028 0.09697 0.15175 -0.59057 -0.46783 -1.1567 -0.69761 0.49429 1.2481 1.4117 1.8169 1.5414 0.28353 -0.26455 0.42929 -0.30432 -0.9864 0.2884 -0.63812 -0.70272 -1.1561 0.05452 -1.5224 -1.3318 1.3284 0.93274 -0.027998
-0.43555 -1.0697 -0.042658 -0.087915 0.62333 0.31003 0.47285 -0.64509 0.35092 1.1046 0.2367 -0.62747 0.90958 0.30131 0.0079261 -1.0156 -0.19156 -1.5071 -0.82852 -0.064004 1.1823 0.71231 1.1115 1.8978 0.64504 -0.29663 0.84124 -0.14788 -0.9054 0.63404 -0.10961 -0.63538 -1.6913 -0.17965 -1.3345 -1.8117 0.20863 0.62907 -0.1747
-0.39187 -1.0562 -0.060433 -0.15847 0.39297 0.039478 0.73417 -0.23623 1.0352 1.7265 1.5319 0.0014189 0.87724 0.71273 -0.012291 -1.4508 0.16254 -1.4325 -1.2695 -0.98118 1.4578 -0.10607 0.18369 1.9239 0.70656 -0.42647 1.2838 0.28469 -0.53914 0.7248 0.76792 -0.074838 -1.8542 -0.61017 -0.84915 -1.4413 -1.1787 0.46389 -0.25266
-0.25131 -1.1888 -0.28832 -0.20765 -0.17128 -0.28898 0.24323 -0.18593 0.33726 1.2355 1.6325 -1.0118 0.8027 1.422 0.18059 -1.5033 0.49084 -0.86169 -1.2622 -1.9371 0.92874 -0.061359 -0.33202 0.70614 1.1396 -0.51477 1.2421 0.74198 -0.21635 0.43888 1.2254 0.52317 -1.2284 -1.3704 -0.4151 -0.93277 -2.0111 0.21631 -0.2694
0.096267 -1.2522 -0.90088 0.073363 -0.46373 -0.56042 -0.37113 0.57924 -0.34726 1.7082 1.8495 0.55827 0.62466 1.8689 0.55923 -1.3574 0.50215 0.009748 -0.6347 -2.3154 0.061957 0.062167 -0.44134 -0.31374 1.0062 -0.57956 0.76291 0.93471 0.31463 -0.12793 1.1496 1.1997 0.079151 -1.8389 -0.14627 -0.11111 -1.8289 0.11282 -0.17494
0.70342 -1.0782 -1.2009 0.38807 -0.25929 -1.2912 -1.2666 1.3979 -0.54929 0.54 1.8313 0.20674 0.46586 1.9795 1.019 -1.4684 0.4321 0.14521 -0.10058 -1.8735 -1.0664 -0.21899 -0.51313 -1.1462 0.94165 -0.67235 -0.13678 0.6332 0.7526 -0.70918 0.40748 1.5449 1.2838 -1.5951 -0.19762 0.28123 -0.65066 -0.25037 -0.038119
1.51 -0.72082 -1.4903 0.51928 0.26938 -1.0009 -1.9282 -0.28996 0.92086 0.54327 0.16473 0.78481 0.38491 1.8173 1.2038 -0.87984 -0.040943 0.29094 0.55183 -0.83678 -1.4982 -0.32372 0.022015 -0.93809 1.0331 -0.64095 -0.93404 -0.056527 1.0232 -0.97236 -0.43932 1.392 1.7356 -0.87613 -0.37866 0.57026 0.46144 -0.27565 0.15298
1.7529 -0.2837 -1.5002 0.20655 0.76775 -0.049967 -2.0688 -1.0409 0.87007 1.2735 0.4817 0.56781 0.2854 1.1922 0.96412 -0.33342 -0.52294 -0.20982 1.2389 -0.05614 -1.7207 -0.27007 -0.01142 -0.34673 0.58579 -0.54707 -1.4514 -0.79488 1.079 -0.67735 -0.64485 0.76715 1.3221 0.191 -0.32285 0.47971 1.3161 -0.51295 0.39137
1.7988 0.067909 -1.9935 0.22952 -0.17056 -0.18722 -1.1129 -1.9389 -0.20848 1.0938 0.63252 0.859 0.06648 0.5546 0.48129 -0.0094034 -0.7822 -0.65704 1.4834 0.31278 -1.4954 -0.68482 0.45276 0.20852 0.59035 -0.38357 -1.4393 -1.2376 0.63867 0.054014 -0.26028 -0.28238 0.19538 1.071 0.047938 -0.0061663 0.83441 -0.69168 0.57418
1.9344 -0.084202 -1.2181 -0.3307 -0.10727 0.26769 -0.76191 -1.2741 -0.92259 1.4781 1.0724 0.84858 0.057254 -0.039455 -0.021711 0.11627 -0.42495 -0.62239 0.96828 0.24956 -0.65906 -0.69662 0.23078 0.96001 0.067572 -0.14118 -0.93639 -1.2174 0.25631 0.83939 0.62933 -1.1387 -0.75819 1.6523 0.81858 -0.47083 -0.16408 -0.62523 0.67747
1.5875 -0.37557 -1.3846 -0.33944 -0.83011 0.85775 -1.1347 -1.1939 -0.29914 0.90975 1.5348 1.333 -0.0016425 -0.19524 -0.48264 0.090548 0.006652 -0.0010263 0.11701 -0.57762 0.27086 -0.0090726 -0.13613 0.097511 -0.18114 0.12366 -0.51422 -0.85347 -0.015918 1.3225 0.99615 -1.5384 -0.96062 1.7058 1.3811 -1.0612 -0.94763 -0.54509 0.60318
1.712 -0.47383 -1.379 -0.33792 -0.55146 0.62973 -1.6249 -1.4949 -0.62015 1.1688 1.1423 0.98477 0.095826 -0.14517 -0.69777 0.09575 0.6013 0.68347 -0.36542 -1.1335 0.94526 1.0721 -0.70686 -0.65563 -0.36134 0.34072 -0.38002 -0.39455 0.054789 1.0235 0.80077 -1.4931 -0.29806 1.5139 0.95045 -0.88141 -1.0406 0.026009 0.40595
1.5289 -0.48404 -1.5359 0.26818 0.122 0.33177 -1.741 -1.8382 0.43708 1.1706 1.3145 0.4711 0.27654 -0.33573 -0.68551 -0.029845 1.0981 0.62034 -0.93876 -0.92894 1.3665 1.2633 -1.2788 -0.9594 -0.35863 0.39185 -0.53166 0.036268 0.36371 0.29355 -0.00023257 -0.98584 0.94957 1.235 -0.17762 -0.43869 -0.29711 0.6901 0.12333
1.6136 -0.68397 -1.565 0.1935 0.73166 -0.25277 -2.5944 -0.44588 0.33091 1.0858 0.20784 0.37289 0.3627 -0.66792 -0.61923 0.27819 0.88138 0.61959 -1.502 -0.16387 2.0447 0.61738 -1.0297 -0.67841 0.20038 0.40915 -0.76225 0.6493 0.83409 -0.62241 -0.79755 -0.38576 1.5483 0.76747 -1.4452 -0.12527 0.45687 1.2674 -0.43124
1.7399 -0.79573 -1.5147 0.80942 0.34905 -0.46097 -2.0688 -0.098668 1.0604 -0.11578 0.013481 0.67103 0.4 -0.90881 -0.46434 0.67961 0.39694 0.035317 -1.2956 0.87964 2.3735 -0.14239 -0.89869 -0.52906 0.98616 0.29818 -0.78436 1.4283 1.3312 -1.116 -0.89441 0.53453 1.4515 -0.14518 -1.5164 0.12324 1.2892 0.74667 -1.0611
1.1885 -1.0108 -1.1239 0.79524 -0.052587 -0.61469 -1.7733 0.81621 0.62098 -0.34172 0.53516 0.70721 0.42457 -1.2536 0.32571 1.3023 -0.17631 -0.56075 -0.96448 1.1189 2.0894 -1.1824 -1.1782 0.041765 1.6351 -0.33711 -0.81261 2.0496 1.4318 -0.71893 -0.35868 1.3236 0.91818 -1.067 -0.93639 0.37597 0.76859 -0.51206 -1.6372
0.51833 -1.0667 -0.99895 0.38488 0.028595 -1.3416 -1.3041 1.4538 0.023908 0.31404 1.0598 1.8568 0.49392 -1.4782 1.3441 1.9504 -0.39488 -0.51346 -0.13939 1.3901 1.0305 -0.94004 -0.97624 1.3048 0.49178 -1.0198 -0.45033 2.1584 1.125 -0.2732 0.20596 1.561 0.23408 -1.6906 -0.032637 0.77116 -0.15236 -1.6189 -1.6887
0.69317 -0.84037 -0.51677 0.13014 -0.14333 -0.97364 -0.41301 1.4326 -0.74013 0.44688 0.1817 2.0306 0.48184 -1.87 2.0697 2.3234 -0.02569 0.20553 0.57045 1.4593 0.42155 -0.89886 -0.24433 -0.041718 -0.64602 -1.6863 0.07878 1.484 0.46937 0.37938 0.39511 1.6795 -0.044518 -1.8968 0.57256 0.94253 -1.0341 -1.9992 -1.1233
0.019165 0.3212 0.20841 0.11717 -0.30982 -1.0063 -1.1793 1.2655 -1.0703 -0.87611 1.0783 2.4356 -0.45243 -1.4274 2.4478 2.275 -0.17426 0.055129 1.0637 1.2 -0.4275 -0.34784 0.19131 -0.82762 -1.3071 -1.8682 0.34447 0.28815 -0.49335 0.7038 0.38928 1.357 -0.17742 -1.4841 0.51569 0.57245 -1.3614 -1.3882 -0.27788
-0.058021 1.026 0.99776 0.12967 0.17491 -0.069017 -0.80998 0.81758 0.16673 -0.59455 2.181 -0.21778 -0.9635 -1.1419 2.3736 2.0181 0.39911 -0.07648 1.7982 1.1393 -1.2597 -0.30241 0.14636 -1.0456 -1.7033 -1.8024 0.56782 -0.99988 -1.3374 0.88151 0.31078 1.0092 0.20076 -0.88125 0.41992 0.42339 -0.84657 -0.64457 0.67429
-1.0378 1.2494 1.3298 1.2917 0.73913 0.3236 0.22095 0.9068 -0.22055 -0.0071135 -1.1581 -0.30469 -1.4617 -1.2211 1.692 1.1781 0.66588 0.38483 1.9643 1.2058 -1.3201 -0.17868 -0.022134 -1.02 -1.9256 -1.4283 0.35476 -1.9174 -1.6857 0.92137 0.41205 0.055832 0.033771 0.094802 0.17874 0.04004 -0.1443 0.46882 1.2911
-0.40513 1.3945 1.3833 -0.14004 -0.50781 0.31741 -0.2195 0.32892 -0.26514 0.63656 -0.2579 0.088576 -1.2275 -0.94519 0.68568 0.36613 1.1492 0.64623 2.1402 1.8793 -1.0277 -0.12004 0.70618 -1.7135 -1.7105 -0.77017 0.37551 -2.1682 -1.531 0.27874 0.2987 -1.0345 -0.49532 0.96088 0.53224 -0.47644 1.0911 1.1244 1.6019
-0.70209 1.5669 1.4102 0.92403 -0.21989 1.312 0.41303 -0.7086 -1.2237 0.22482 0.06682 0.41079 -1.3464 -0.88594 -0.081327 -0.057005 1.1178 0.49507 1.0008 0.91412 -0.34146 -0.069691 -0.030899 -0.8174 -0.32317 -0.21022 0.22054 -1.7139 -0.84565 -0.047291 0.17463 -1.6857 -0.76805 1.1951 0.97733 -0.54025 1.3206 1.3315 1.3797
-1.1751 1.367 0.91985 0.93584 0.81613 1.6744 0.77884 -0.24864 -0.87174 -0.70845 -0.31249 -0.84968 -1.4617 -0.63186 -0.55318 -0.23246 0.67663 0.4506 0.2015 0.29588 0.31427 0.73658 -0.85063 1.0701 -0.1382 0.28592 0.22769 -1.0273 -0.54709 -0.96149 -0.11133 -2.0596 -1.0188 1.095 1.3325 -0.41667 1.3542 0.92776 1.0049
-1.2557 1.2705 0.97252 1.8675 0.90327 2.2109 1.5382 0.04364 -0.29355 0.57208 -1.0054 -1.0511 -1.5744 -0.98243 -0.70435 -0.10721 0.81531 0.82504 -0.45085 0.45494 0.57561 1.3983 -0.37596 0.27699 0.092615 0.36694 0.52589 -0.24582 -0.36779 -1.5229 -0.2367 -1.473 -0.63583 0.35194 0.8979 0.6721 0.58091 0.53674 0.64745
-1.4441 0.872 1.2814 1.4933 0.63913 0.42617 -0.17294 0.73132 0.27742 -0.56092 0.51215 -0.11845 -1.1949 -0.48859 -0.81288 -0.63428 -0.44175 0.2709 -1.2682 0.057491 0.86515 1.8788 -0.00011411 0.49727 0.032249 0.63381 0.49488 0.27425 -0.37724 -1.828 -0.2422 -0.63689 -0.26729 -0.49022 0.08153 0.68337 0.16696 0.78912 0.3181
-1.4356 0.6668 1.083 1.1623 0.52508 0.40096 0.38639 1.0786 0.72591 -0.99704 0.79205 0.0040595 -0.87847 -0.0059769 -0.38927 -0.54579 -1.0817 0.13225 -1.2221 -0.24103 0.13772 1.2018 0.89764 0.63665 0.71552 0.70671 0.44791 0.56676 -0.42186 -1.6403 -0.076329 0.34494 0.031868 -1.2384 -0.39559 0.27863 0.38122 0.37009 0.1091
-1.8093 0.84766 1.2713 1.0508 0.73734 0.35709 1.0155 0.1174 1.1134 0.68138 -0.46115 0.29163 -0.95025 -0.22498 -0.23525 -0.72057 -1.6861 0.3337 -0.69393 0.11721 -0.522 1.005 -0.11053 1.2066 1.2079 0.65258 0.036502 0.64748 -0.075495 -0.42331 0.35715 0.58114 0.13262 -1.6924 -0.95654 -0.34766 0.43643 0.055501 -0.084438
-1.205 0.59993 -0.12682 0.24701 0.51996 0.014003 0.71855 0.69123 1.2223 -0.14554 0.55272 -0.65488 -0.74981 -0.30469 -0.0040284 -0.85503 -1.5338 0.65095 -0.050048 0.50536 -1.3938 1.0279 0.22619 0.67932 0.27636 0.54233 -0.15217 0.3722 -0.10694 0.54762 0.33747 0.047011 -0.071044 -1.2631 -1.0848 -1.3029 0.47674 -0.65511 -0.035213
-1.0983 1.0984 0.56752 0.12114 1.3196 0.48375 0.39212 -0.20088 0.47181 1.1894 0.23174 0.25347 -0.78917 -0.27916 0.12538 -0.62194 -0.98342 0.70673 -0.6926 -0.031027 -2.0078 0.0093397 -0.4017 1.3465 0.35825 0.57504 -0.11175 0.42681 0.40913 1.7009 -0.221 -0.41782 -0.36579 -0.27155 -0.9323 -1.0235 -0.18921 -1.2702 -0.20086
-2.0165 0.70552 0.41286 -0.095007 1.1397 0.78367 1.2534 -0.48539 1.6151 -1.0669 1.6345 1.4745 -0.6836 -0.26252 0.077896 -0.79628 -0.44271 0.60288 -1.1323 -0.29542 -1.8354 -0.51937 -1.653 1.5201 -0.25571 0.68738 0.098128 0.39201 0.64827 2.1534 -0.96235 -0.20985 -0.34422 1.2328 -0.59758 -0.79346 -0.84566 -1.1643 -0.66898
-1.9082 0.75781 0.25442 -0.25381 1.3658 0.025648 0.46085 -1.4538 2.1522 -0.19669 1.0615 -0.51855 -0.37738 -0.45607 0.46716 0.015399 0.84693 -0.064577 -0.99453 -0.20888 -0.88649 -0.128 -1.2941 0.3701 -1.2227 0.24315 0.47202 0.38158 0.82481 2.1328 -1.2027 1.042 0.18664 2.2854 -0.55455 0.60132 -2.2724 -1.0893 -1.2565
-1.662 0.92824 0.33981 0.289 1.3429 -1.1495 0.47441 -2.2623 -0.065352 -0.87674 2.0631 0.57648 -0.2211 -0.043891 0.50734 0.039517 1.449 -0.81866 -0.32374 -0.088432 0.69312 -0.12439 -0.97905 -0.59854 -1.4059 -0.41651 0.7819 0.16096 1.0393 1.4001 -1.101 2.1575 0.71908 2.4564 -0.70967 1.541 -2.6827 0.2367 -1.5092
-1.7639 0.89041 -0.52601 0.3106 1.4065 -1.1955 0.50599 -1.8703 0.29079 -1.6506 1.2418 -0.83908 -0.17179 0.46499 0.57461 0.504 1.9314 -0.90231 0.98901 0.25975 1.6376 -1.321 0.46999 -2.2943 -1.3807 -0.9866 0.9516 -0.70351 0.81869 -0.19824 -0.78785 2.3235 0.70333 1.5598 -0.45543 1.5459 -1.7664 1.2203 -0.72807
-1.7994 1.539 0.66265 1.5879 0.27657 -0.40034 0.43168 0.25801 1.6357 -0.87751 0.47374 -2.2564 -0.86535 0.69493 0.3007 0.90495 1.5491 -1.1016 2.1988 0.94475 2.1796 -1.3735 0.60056 -2.6916 0.31279 -1.2368 0.36425 -1.1771 1.0353 -1.5028 -0.34135 1.2344 0.45849 -0.21592 0.22735 1.3099 -0.036844 1.6109 0.4841
-1.3789 1.4482 0.74557 1.5418 0.23746 0.97567 0.70295 1.0259 0.819 -0.38225 -0.21168 -0.17231 -1.501 0.90164 -0.67101 1.1151 0.43672 -1.4411 2.4 0.71707 1.7206 -0.43324 1.0617 -2.2429 0.48707 -0.57097 -0.40336 -1.3605 0.74292 -2.5677 0.090413 -0.32247 -0.074271 -1.9061 1.1411 0.18894 1.6367 1.6647 1.6844
-1.3837 1.1169 0.99311 1.9155 0.43409 2.0803 1.6032 0.83039 -0.93238 0.032974 -1.4605 -0.77805 -1.534 0.39492 -0.94301 1.672 -0.52608 -1.2042 1.4424 0.62872 0.18593 -0.099357 1.3867 -0.72699 1.0553 0.19162 -0.45599 -1.2904 -0.26017 -2.363 0.047488 -1.9745 -0.54509 -2.116 1.5252 -0.45155 2.2955 0.56766 2.4421
-0.81794 1.0101 1.2138 1.171 0.1447 1.9863 1.5539 0.60517 -0.42953 0.011813 -1.3556 0.80736 -1.3339 -0.12623 -1.1986 1.5109 -1.6816 -0.6714 0.71669 0.28271 -1.4635 0.38278 0.43995 0.06222 1.7569 1.1353 0.13749 -0.85713 -1.4448 -1.5208 -0.16175 -2.874 -0.5485 -0.85503 1.3175 -0.81554 2.1134 -0.10182 2.1972
-0.6097 -0.26054 1.3097 0.42768 -0.77217 1.1822 0.82643 -0.098916 0.33784 -0.12598 0.06636 0.0028763 -0.27234 0.37176 -1.7075 0.21887 -1.6716 -1.3898 -0.92308 0.07168 -0.77743 1.3461 -0.038911 0.84948 0.86717 2.0215 0.93074 -0.59572 -2.4196 -0.44555 -0.20686 -2.5813 -0.33196 0.98853 0.57559 -0.81366 0.5676 -1.2071 1.3714
-1.9458 0.47876 2.2427 0.21321 -0.28772 0.58833 1.2179 -1.1036 1.3674 0.53139 0.48625 -0.44322 -0.26748 1.1573 -1.8 -0.8652 -1.7454 -1.6561 -2.1848 -0.10157 0.36305 1.546 0.077777 1.2882 0.35495 2.2133 1.3534 -0.029577 -2.4591 0.5746 0.28538 -1.5374 0.13499 2.16 -0.67546 -0.42655 -1.061 -1.7194 0.17481
-1.9335 0.40991 2.5923 -0.20447 -0.31712 1.7386 0.89164 -1.5105 1.6934 -0.51795 -0.36543 1.3886 -0.015189 1.4423 -1.6945 -1.6723 -1.3022 -1.1068 -2.2874 0.16301 1.3953 0.5013 -0.12507 -0.19969 -0.80675 1.962 1.1791 0.36872 -1.7802 0.8646 1.0445 -0.0024918 0.28801 1.7497 -1.953 -0.51587 -2.1044 -1.3886 -0.64648
0.11517 -1.0877 -0.21965 0.11923 -1.9175 -0.35182 1.398 1.2746 1.4171 -0.23281 0.11905 0.62749 0.85588 1.7976 -1.2632 -2.1499 -0.82718 -0.25643 -1.6881 0.52654 2.0904 -0.57535 -0.41605 -1.6222 -1.0526 1.4605 0.38914 0.69902 -0.71791 0.94273 1.2827 0.95599 0.26121 0.55803 -2.2531 -0.72094 -1.9805 -1.1878 -0.96685
0.77314 -1.0649 -0.20747 -0.4669 -1.6817 -1.3397 1.4364 1.6604 0.7683 0.51607 0.23301 -0.38497 0.99851 2.1933 -1.3346 -2.4736 -0.56644 -0.065789 -1.1802 0.35756 2.1173 -1.5907 -0.87424 -2.0499 -1.376 1.311 -0.69287 1.1106 0.89544 0.57543 1.1675 1.5066 0.024408 -1.0156 -1.4027 -0.81147 -0.73926 -0.1921 -1.0581
0.48636 -1.0916 -0.3001 -0.65959 -0.93291 -1.0379 1.3845 1.8777 0.37203 -0.37892 -1.7215 -1.0332 1.0596 1.4843 -0.7586 -1.81 -0.40749 0.30763 -0.82502 0.34672 1.1996 -2.0203 -1.0504 -1.8866 -1.8828 0.91268 -1.515 1.0871 1.8549 0.32226 0.49456 1.3826 -0.10153 -1.975 -0.11691 -0.7306 0.5733 0.58985 -0.88721
0.49723 -1.077 -0.3653 -0.46537 -0.39322 -0.4097 1.5816 1.7325 0.066749 -0.66475 -1.8205 -1.279 1.1968 0.33029 -0.0027385 -0.16613 -0.47129 0.87265 0.29857 0.31806 -0.34354 -1.6465 -1.4963 -1.6147 -0.80871 0.45613 -1.7264 0.95752 2.1419 0.12025 -0.30103 0.79188 -0.13687 -2.071 1.1213 -0.21959 1.6749 1.1431 -0.74703
0.73957 -1.0169 -0.71077 -0.42387 -0.68538 -0.3369 1.4613 1.4726 -0.65733 -1.0419 -1.9259 -1.0673 1.2732 -0.03718 -0.026239 0.16937 -0.29244 0.23514 0.34128 0.35594 -0.92523 -0.78378 -1.6276 -0.68778 -0.099976 0.39585 -1.0737 0.43128 1.5496 0.029562 -1.0814 0.20595 -0.16677 -1.3087 1.8739 0.56368 2.3 1.5127 -0.58511
0.74012 -1.0465 -0.64976 -0.61372 -0.93245 -0.38708 1.4775 1.1103 -1.0841 -1.658 -1.9939 -1.2205 1.3236 -0.19743 -0.025426 0.54738 -0.40744 -0.60655 -0.17911 0.090893 -1.2726 0.091152 -1.0603 0.76811 0.13861 0.31328 -0.19673 0.20556 0.68216 0.51304 -1.5235 -0.25068 -0.31206 -0.5063 1.9516 1.8502 2.4035 1.2095 -0.73208
0.72061 -1.1273 -0.11562 -0.75261 -0.72035 -0.55777 1.9622 0.91723 -0.58403 -1.5297 -1.4727 -0.55054 1.4104 -0.2143 0.0039628 0.73444 -0.3871 -1.0382 -0.17698 0.1376 -1.1499 0.95279 -0.1369 1.6248 0.83098 0.0004655 0.15577 0.79566 0.43601 1.1809 -1.0296 -0.24056 -0.74818 -0.045499 1.3719 2.7211 1.794 1.1309 -1.4572
0.46182 -1.0975 0.10902 -0.90925 -1.1547 -0.91067 1.7814 0.27835 0.091717 -1.6163 -1.2067 -0.96129 1.4538 0.054042 0.33702 0.82801 0.50378 -1.4305 0.051139 -0.19025 -1.321 1.4863 1.528 2.1448 1.2721 -0.57718 -0.10422 1.5543 0.14113 1.6988 0.25369 0.15064 -1.0556 0.32623 0.22305 2.3014 0.23529 0.73544 -2.2052
0.11852 -1.0858 0.28753 -1.0248 -1.6282 -1.017 1.2326 -0.016051 0.54156 -1.675 -0.76611 -1.1435 1.4219 0.11443 1.1836 0.84474 1.389 -1.3382 -0.2601 -1.0058 -1.0005 1.3321 2.6337 2.2863 1.7134 -1.6103 -0.58467 1.9832 -0.026991 1.882 1.7627 0.55378 -1.0641 0.61922 -0.88926 1.059 -1.2977 0.045946 -2.412
0.57219 -1.0039 0.19335 -0.69859 -1.7788 -0.16382 1.8775 0.24306 0.96533 -0.49778 0.33507 0.43558 1.0576 -0.55807 2.108 0.75566 1.7792 0.038663 0.16073 -1.4634 -0.64794 0.36157 2.2492 0.89427 1.2414 -2.5917 -0.83596 1.0435 -0.61299 1.4145 2.8886 0.34018 -0.44259 1.1138 -1.6444 -0.30208 -1.9215 -0.51556 -1.4317
1.1622 -0.42733 0.2574 0.67139 -2.7008 -0.21352 1.0057 -0.80028 0.85449 1.3306 0.49393 0.71711 0.38635 -0.97977 2.5949 0.71918 2.3817 1.6392 0.87497 -1.3691 -0.15742 -0.30336 1.6497 -0.44564 0.93251 -3.0507 -0.51484 -0.78785 -1.1502 0.16413 2.993 -0.26197 0.080228 1.0018 -1.847 -1.5583 -2.1181 -0.77617 0.65955
0.64085 0.66756 0.77161 0.98427 -2.0996 -1.4302 -0.032793 -0.14009 0.58279 1.3772 0.66586 1.1007 -0.8243 -0.92816 1.4576 -0.25812 2.5675 2.6689 0.16199 -0.89089 0.6493 -1.0615 1.3761 -0.46768 0.56151 -2.2656 0.34834 -2.5408 -1.4854 -1.3865 1.7398 -0.83583 0.33706 0.88558 -1.1232 -2.2734 -1.3451 -0.6867 2.7536
-0.87264 1.4136 0.97233 0.7733 0.3583 -0.11932 0.18651 -0.11876 -0.21536 0.016692 -1.3788 0.080017 -1.4955 -0.64484 0.11918 -0.80347 1.2908 3.1367 -0.7899 -1.1136 0.50198 -1.7367 -0.14963 -1.4155 0.40134 -0.66212 1.2165 -3.4259 -1.7367 -2.8969 -0.34918 -0.94749 0.40596 0.53486 0.25517 -2.1482 -0.42643 -0.61647 3.9681
-0.8778 1.5251 0.90626 1.821 0.95838 0.84214 0.24946 0.053979 0.074042 -0.027402 -1.7667 -0.032009 -1.5889 -0.097379 -1.122 -1.2658 -0.187 2.6577 -0.68686 -0.89168 0.92379 -1.2195 -1.5374 -1.4139 0.044162 0.84972 1.6642 -2.7764 -1.4469 -3.3964 -2.1645 -0.36218 0.21422 0.097839 1.8119 -1.3135 0.17893 -0.75093 3.6241
-0.10982 -0.66215 -0.93812 2.1019 0.94197 -1.3563 0.71225 1.3631 -0.81085 1.2425 0.35804 0.55612 -0.35572 0.81445 -2.1373 -2.0304 -1.4878 0.9747 -0.60456 -0.52946 0.85306 0.30155 -1.3231 -0.87643 -0.12317 2.0716 1.3417 -1.2872 -1.1141 -2.6649 -2.8576 0.41443 0.4714 -0.30348 2.5947 0.34076 0.56694 -1.4618 2.0661
0.62524 -0.90808 -0.65951 0.50134 1.1347 -1.888 -0.35964 -0.13074 -1.5308 -0.23751 -1.5184 1.7545 0.59047 1.3674 -2.2957 -2.3553 -2.1943 -0.42893 -0.66083 -0.73276 0.68231 1.6342 -0.75501 -0.39621 -0.77487 2.4684 0.47496 0.65086 -0.2447 -1.3759 -2.2088 1.3021 0.56596 -0.94259 2.2957 1.3261 0.30794 -1.8764 0.064615
0.72261 -0.77646 -0.68315 0.19555 0.34047 -0.99819 -0.83204 0.82655 -0.18583 -1.0513 -1.3808 0.19489 0.63039 1.0605 -1.5605 -2.3461 -2.5321 -0.83866 0.024375 -0.22112 -0.031179 2.1549 0.13352 -0.78539 -2.2909 2.0072 -0.35934 1.7716 0.53002 0.19794 -0.82192 1.9 0.75821 -0.84626 0.84013 1.831 0.70891 -1.6708 -1.4308
0.72177 -1.0478 -1.6667 -0.99903 -0.16077 -1.2557 -0.28324 1.2517 1.7675 -0.46072 -1.1163 0.14413 0.849 0.63843 -0.27357 -1.5671 -2.1574 -0.70011 1.6062 0.11798 -0.66146 2.5598 0.42921 -0.85316 -2.8502 0.99184 -0.52488 1.807 0.94115 1.2306 0.27126 1.749 0.96196 -0.86292 -1.2548 1.7082 1.2806 -0.20432 -1.8575
0.54551 -1.1152 -2.1124 -0.85221 0.44973 -0.28524 -0.49586 0.81969 2.0232 -0.41057 -1.9943 -1.5912 1.0983 0.5179 -0.043495 -1.4328 -1.149 -0.47355 2.0684 0.59904 -0.2954 1.563 1.8151 0.78293 -2.6291 0.40289 0.0072091 1.2394 1.17 1.777 0.68153 0.89328 0.66604 -0.55387 -2.941 0.78565 1.7251 1.82 -1.5832
0.79532 -1.0362 -2.6717 -0.48755 0.03392 -0.022355 0.53351 -0.16766 1.7968 1.4502 -1.8552 -2.9707 1.054 0.6761 0.11278 -1.0503 -0.6587 -0.08231 1.8209 0.8244 -1.0417 -0.63707 1.8825 1.4262 -1.0487 0.14528 0.54947 0.60598 1.1588 1.2634 0.51504 -0.23087 0.17382 -0.13744 -3.5077 -0.34175 1.4397 3.3198 -1.074
1.1258 -0.9717 -2.2556 -0.96092 0.23537 0.69784 0.20899 -0.21821 1.8289 0.79794 -0.86811 -1.7981 1.0081 1.0483 0.41657 -0.41417 -0.064905 0.17463 1.7046 0.79255 -1.033 -2.2682 0.9935 1.5955 0.64549 -0.23311 0.6269 0.44274 1.1658 0.46829 0.16425 -0.70173 -0.55073 0.12278 -2.5134 -1.9555 0.36389 3.3798 -0.78798
1.3785 -0.86024 -2.1424 -1.0676 0.19437 1.1214 -0.12845 0.29318 0.53684 1.5661 -0.069237 -1.5069 1.0147 1.3678 0.5544 0.093061 -0.41295 -0.023819 1.3213 0.38949 -0.5897 -2.7072 0.11481 1.6743 2.5208 -0.49668 0.32331 0.28194 0.62993 0.40889 -0.38677 -0.92922 -0.70051 0.53704 -0.69537 -2.1619 -0.047609 1.7499 -0.59827
1.4574 -0.73611 -2.4179 -0.96711 0.021543 1.0968 0.49256 -0.69274 -0.67821 1.0033 0.34853 -0.8936 0.82001 1.3077 0.50704 0.17799 -0.42519 -0.18047 0.90714 -0.28519 -0.25927 -2.5475 -1.3353 1.3803 2.7212 -0.60121 -0.2232 0.065752 0.26468 0.45759 -0.64897 -1.1758 -0.61832 0.44859 0.68829 -1.546 -0.38272 -0.0043635 -0.34923
2.0371 -0.57894 -2.4643 -0.85372 0.4376 1.1937 0.87545 -0.37744 -0.94658 0.58382 -0.13963 0.54575 0.6209 1.129 0.55653 -0.16747 0.26061 -0.6475 0.3523 -0.042291 -0.27622 -1.9187 -1.4107 1.409 1.6024 -0.67645 -0.88671 -0.041637 0.3597 0.70172 -0.55902 -1.1831 -0.62107 0.3482 1.4322 -0.45658 -0.37054 -1.3906 -0.18727
2.3698 -0.46113 -2.0049 -1.3871 0.21665 1.6807 -0.053543 -0.32142 -1.2045 0.36219 -0.25571 1.1166 0.53768 0.75469 0.52485 0.21092 0.42567 -0.76309 -0.17277 -0.23037 -0.22747 -1.2493 -1.4383 0.91413 1.0845 -0.72985 -1.4789 0.070762 0.72408 0.62588 -0.42463 -1.022 -0.6502 0.12306 1.5563 0.81364 0.1114 -1.6718 -0.20084
2.3879 -0.52127 -2.3696 -1.0789 -0.38697 1.2981 -0.25428 -0.53587 -1.2306 -0.57641 0.47292 0.18308 0.39432 0.022504 0.46626 0.74938 0.43101 -0.80819 -0.51524 -0.88231 0.14097 -0.41927 -0.79437 1.1183 0.38806 -0.7464 -1.8881 0.33364 1.0817 0.50301 0.11441 -0.69896 -0.85684 -0.10355 1.3482 1.2437 0.0015272 -1.1752 -0.29058
2.4294 -0.24789 -2.5722 -0.32409 -0.73963 1.1662 0.34824 -0.48978 -0.99017 -0.35565 1.7408 -0.19958 0.27272 -0.83963 0.67032 1.0748 0.62168 -0.91604 -0.71253 -1.1687 -0.20512 -0.10595 0.00052413 1.7277 -0.21729 -0.9031 -1.8142 0.63476 1.2546 0.43223 0.82692 -0.2953 -0.84826 -0.16471 1.2234 1.4024 -0.65721 -0.41426 -0.34774
2.1384 -0.22262 -1.6432 -0.62061 -0.5548 0.6675 -0.17065 -0.37495 -1.8733 0.0078639 0.59959 0.44212 0.11365 -1.5198 1.0636 1.4256 1.0722 -0.34503 -0.78337 -1.2959 -0.51163 0.27454 0.39577 0.97834 -0.24234 -1.0777 -1.3027 0.67325 1.208 0.18408 1.156 -0.0857 -0.67025 -0.062788 0.93936 0.97828 -1.6448 0.11562 -0.28589
1.4164 -0.17178 -1.2691 -0.66616 -0.62086 0.49384 -0.80501 -0.35576 -1.0344 0.066925 1.3908 0.41986 -0.12539 -1.7856 1.3347 2.2216 0.88651 0.60855 -0.63474 -1.7289 -0.25685 0.91308 0.81805 -0.39437 0.51291 -1.1483 -0.40651 0.37558 0.83293 -0.044165 1.0303 0.070095 -0.17896 0.31852 0.76212 0.31896 -2.0511 0.25405 -0.0041486
1.0614 0.38244 -1.0377 -0.31679 -0.78915 0.63648 -1.1038 -0.94116 -1.065 0.62034 2.1129 0.43866 -0.50393 -1.8842 1.3102 2.4375 0.6307 0.66879 -0.72983 -1.9464 0.030188 0.99869 0.77852 -1.2301 0.2565 -1.1038 0.39503 -0.47426 0.13404 -0.34417 0.3512 0.091558 0.83437 0.73721 0.16252 -0.28567 -1.363 0.09908 0.55131
0.5239 0.89884 -0.46476 0.23887 -0.24018 0.63163 -1.8177 -1.3511 -0.68959 0.25058 0.69446 0.20105 -0.71279 -1.4044 1.2004 2.1279 0.76125 0.57339 -0.60255 -1.1909 0.20676 1.0964 0.4388 -1.4131 0.059517 -0.89589 0.91492 -1.5709 -0.90358 -0.69407 -0.48076 -0.28764 1.8736 0.92371 -0.29981 -0.57539 -0.048166 0.026463 1.3031
0.41264 1.0065 0.48111 0.11436 0.6028 0.27706 -2.1083 -0.42777 0.30273 0.48921 -0.091816 0.98904 -0.85476 -0.99714 0.29179 1.7226 0.51043 0.35623 -0.61967 0.1435 0.83914 0.519 -0.024799 -1.3422 0.18291 -0.27489 1.1508 -2.506 -1.8552 -0.80684 -0.72226 -0.31271 2.4015 0.87532 -0.63245 -0.43497 1.4842 0.46669 1.8685
0.073685 1.0239 0.63378 0.071601 -0.2717 -0.2161 -2.0804 -0.10131 -0.36593 0.85688 0.041441 0.033861 -0.9159 -0.56878 -0.92066 0.88587 -0.31131 -0.15959 -1.2705 1.0429 1.322 0.54192 0.015433 -0.46435 0.59472 0.6316 0.79213 -2.7228 -2.4111 -0.5513 -0.52765 -0.051785 2.0755 0.24803 -0.98035 -0.34201 2.2277 0.1156 1.9625
0.41487 1.0155 0.85164 0.17741 -0.078079 -0.056422 -1.4837 -0.27819 -0.37198 0.4383 -0.51613 0.62106 -0.88955 -0.21207 -2.036 -0.41681 -0.29518 -0.35593 -1.0268 1.8245 1.3519 -0.016504 0.073863 1.3207 0.9647 1.2785 0.38933 -1.8755 -2.1527 -0.0017471 0.24853 0.49828 1.0487 -0.63142 -0.88992 -0.16364 1.8123 -0.33024 1.4858
-0.015125 -0.088183 0.56268 0.020633 -0.35046 -0.11628 -0.20725 0.71324 -0.46063 -0.030164 0.74947 0.72218 -0.30427 -0.36031 -2.4232 -1.3189 0.1646 -0.085574 -0.50666 2.1949 0.48168 -0.64099 -0.33626 1.8098 -0.097894 1.6317 -0.18788 -0.52412 -1.1302 0.38686 0.90478 0.9087 -0.061344 -1.2459 -0.93165 0.038176 0.5385 -0.98037 0.58921
0.27239 -0.67818 -0.065613 -0.78172 -0.7987 -1.5382 -0.27171 0.69818 0.20096 0.8888 1.3229 1.4603 0.40082 -0.39855 -2.2565 -1.2075 0.2681 0.80446 -0.0061428 1.7107 -0.099338 -0.7094 -0.20891 1.2208 -0.17994 1.7271 -0.39251 0.89449 0.23519 0.14808 1.0428 0.69762 -1.0818 -1.3848 -0.35642 0.36796 -1.1103 -1.0472 -0.38491
0.21966 -1.4047 -0.90667 0.29426 0.012988 -0.44057 0.061222 0.7626 -0.61436 0.46138 2.1117 1.6928 0.60286 -0.82422 -1.7369 -0.8364 0.10632 1.0139 0.037702 0.99099 -0.63153 -1.017 0.2107 0.66603 -0.91671 1.4002 -0.33009 1.598 1.0796 -0.3355 0.54447 0.38041 -1.389 -0.88871 0.4644 0.70256 -1.3842 -0.36248 -1.1484
-0.36386 -1.3298 -0.82404 0.59386 0.49299 -0.1857 0.55239 -0.24386 -1.1088 -0.038256 1.4679 -0.62725 0.70961 -0.70157 -0.81453 -0.21845 0.00087668 1.1148 0.09623 0.24732 -1.0691 -0.55547 0.5305 -0.41765 -0.85098 0.74753 -0.1095 1.7316 1.1934 -0.69366 -0.41072 0.021893 -1.1005 -0.31824 1.2435 0.69949 -0.8355 -0.049391 -1.3371
-0.28931 -1.1827 -0.17404 0.20619 0.86758 -0.028518 -0.034638 -0.42437 -1.3588 0.62516 0.66566 0.13696 0.89822 -0.81654 -0.34411 0.20758 -0.31048 0.81651 0.20122 0.12425 -0.945 0.23654 0.71028 -0.24447 -0.53971 0.1897 0.2976 1.2624 0.83173 -0.56137 -0.829 0.042791 -0.49799 0.29427 1.7132 0.38221 0.06746 0.47167 -1
-0.85368 -1.2767 -0.075401 -0.20653 0.74441 -0.47615 0.13325 -0.74347 -1.5427 0.76636 0.80739 -0.26963 0.78653 -0.60829 0.081663 0.50465 -0.78073 0.11413 -0.04782 -0.073024 -0.62823 1.2144 0.95127 -0.0691 -0.4838 0.08293 0.46353 0.61322 0.30709 0.019946 -0.9461 0.073345 0.085882 0.55367 1.2735 -0.043917 0.66001 0.30933 -0.42192
-0.51052 -1.2807 -0.10758 -0.33405 0.60523 -0.74348 0.025985 -0.49877 -0.24964 1.0941 0.7717 0.55753 0.7191 -0.33515 0.025773 0.35884 -0.52056 -0.083253 0.19172 0.15646 -0.22129 1.6107 0.75967 0.60351 -0.11397 0.050526 0.71762 0.31951 -0.080758 0.81008 -0.69411 0.33995 0.13705 0.40181 0.411 -0.66721 0.15414 -0.16802 -0.016123
-0.72546 -1.4181 -0.42666 -0.68389 0.3882 -0.7906 0.10867 -0.57067 0.63016 1.6565 1.9716 0.92514 0.64948 -0.10428 0.071256 0.28015 0.14082 -0.25916 0.24425 0.42107 -0.24283 1.3694 0.39135 0.48869 -0.42075 0.10814 0.6761 0.17429 -0.1581 1.28 -0.22849 0.54433 0.15517 0.1556 -0.62329 -0.98201 -0.68802 -0.46379 0.035547
-0.69292 -1.1581 -0.17716 -0.14862 0.41425 0.10275 0.1467 -0.52464 0.51688 1.1163 1.6188 -0.53585 0.85784 0.23232 0.21605 0.16769 0.69433 -0.33365 0.73312 0.17088 -0.27591 1.0041 -0.40233 -0.23336 -0.93741 0.15112 0.55345 0.16854 -0.060482 0.8435 -0.03962 0.12085 -0.070039 -0.031398 -1.1738 -0.69031 -1.4491 -0.48873 -0.088626
-0.81339 -1.2483 0.0195 0.0054474 0.75841 0.25961 0.72338 -0.80567 0.44111 0.89446 1.6381 -0.84184 0.87774 0.33322 0.28647 0.30324 0.92825 -0.19747 0.76928 0.2502 -0.26823 0.24401 -0.50583 -1.0925 -1.0636 0.093624 0.30421 -0.031661 -0.12975 -0.059723 0.040483 -0.48063 -0.33514 0.022727 -1.1539 0.015884 -0.90619 0.24568 -0.28304
-0.46504 -1.1068 0.35256 0.26644 0.41034 -0.25768 0.36171 -0.99609 0.061461 1.3506 0.79863 -0.036191 0.99279 0.4479 0.20802 0.23313 0.61183 -0.18583 0.16773 0.11542 -0.27777 -0.22799 -0.23168 -1.613 -0.8368 -0.090222 0.015929 -0.23174 -0.25848 -0.70763 0.056805 -1.0338 -0.47081 0.18461 -0.81147 0.58528 0.20685 0.79815 -0.32113
-0.38469 -1.0433 -0.18957 0.47074 0.088608 0.4674 0.017973 -1.0333 0.51464 0.075962 0.45759 -1.3057 0.80874 0.33569 0.013562 0.0035309 0.072716 -0.24997 -0.44076 -0.2155 -0.19477 -0.37522 0.31419 -0.71205 0.037464 -0.24641 -0.17594 -0.33679 -0.49984 -0.83634 0.029951 -0.88358 -0.52612 0.42547 -0.26599 0.65597 1.3059 0.95676 -0.25398
-0.13993 -1.0103 0.17075 0.50641 0.41956 0.23493 0.492 -0.71484 0.52315 1.0887 -0.06889 -0.41175 0.74284 0.25369 -0.060557 -0.16743 -0.16041 -0.19275 -0.73895 -0.53582 0.082377 -0.3454 0.36343 -0.025192 0.18868 -0.21819 -0.1585 -0.24684 -0.3379 -0.39408 0.1769 -0.50332 -0.27887 0.62071 -0.10069 0.58907 1.5399 1.0387 -0.074992
-0.33173 -1.194 -0.11645 -0.12391 0.24478 -0.57267 0.31255 -1.0721 0.11605 1.5165 0.34909 -0.80928 0.58552 0.10339 -0.17676 -0.43348 -0.2012 -0.13126 -0.55317 -0.47594 0.46433 -0.23899 0.51733 0.77226 0.43565 -0.2687 0.07173 0.014326 -0.18623 0.37332 0.077783 -0.050477 -0.074927 0.59625 -0.076406 -0.094607 0.98975 0.60869 -0.029728
-0.44368 -1.1984 -0.013615 -0.0074528 0.26064 -0.46816 -0.10715 -0.94932 -0.22684 1.4523 1.3881 -0.37433 0.68475 0.26889 -0.13639 -0.18209 0.034025 0.10159 -0.78926 -0.30451 0.72489 -0.4992 0.85028 0.78475 1.1494 -0.20413 0.3695 0.30968 0.064613 1.0498 -0.090125 0.29492 0.13234 0.48954 0.068124 -0.53244 0.42567 0.39249 -0.089668
-0.33216 -1.2473 -0.091072 0.08147 0.42901 -0.87007 -0.2079 -0.67947 0.024694 1.1087 1.2454 -0.40139 0.75823 0.45234 0.07052 -0.33881 0.65025 -0.24194 -0.52065 -0.46755 0.76363 -0.45167 -0.14764 0.89141 0.83317 -0.30231 0.49918 0.41126 0.090501 1.2155 -0.26087 0.064699 0.29717 0.46689 0.25367 -0.63023 -0.41925 0.096579 -0.21621
-0.18916 -1.2353 -0.51516 0.31552 -0.016322 -0.34021 -0.31 -0.10943 0.12867 1.6118 1.3115 0.25563 0.55355 0.74592 0.3535 -0.094643 1.3135 -0.30676 -0.16758 -0.2559 0.98306 -0.096335 -0.4203 0.76365 0.80884 -0.35115 0.44312 0.55876 -0.31483 0.66945 -0.33618 -0.079816 -0.068992 0.33447 0.5782 -0.71918 -0.71287 -0.32077 -0.39829
0.19212 -1.1274 -0.10044 0.59148 0.53637 -0.77727 0.058052 0.090525 -0.26884 1.6018 0.78674 0.54253 0.50398 0.76782 0.29437 -0.3086 1.3588 -0.42647 -0.73809 0.11827 1.3369 0.0824 -0.16412 -0.10634 0.79918 -0.55794 0.31376 0.68694 -0.44683 -0.25728 0.12201 -0.23351 -0.60335 0.068983 0.88684 -0.38055 -1.005 -0.63532 -0.436
0.34026 -0.90806 -0.34652 1.146 -0.15923 -0.80841 -0.27541 -0.020266 -0.312 0.71604 1.4217 0.23188 0.28677 0.91196 0.72677 -0.78771 0.89071 -0.45109 -0.84444 -0.72176 1.1553 0.42139 -0.64061 -0.20936 0.4772 -0.74552 -0.11174 0.79753 -0.63605 -1.111 0.37813 -0.17766 -1.2524 -0.39644 1.0016 -0.075673 -1.1684 -0.68674 -0.45366
0.47795 -0.76503 -0.075833 1.4123 -0.119 -0.73815 -0.23164 0.31852 0.072377 1.0335 1.9865 0.17489 0.29149 0.93448 1.084 -0.83001 0.39458 0.070905 -0.65435 -1.4431 0.82403 1.1094 -0.84222 -0.71586 -0.35521 -0.8378 -0.34848 0.91425 -0.23097 -1.5517 0.786 0.54321 -1.2023 -0.99349 0.75063 0.34784 -1.0955 -0.55271 -0.32108
0.39106 -1.0769 -0.69322 1.3891 -0.17657 -2.0148 0.10196 1.456 0.07978 1.5053 0.66274 0.93175 0.059975 0.45261 1.353 -1.026 -0.21733 0.18029 -0.56957 -2.0005 0.38583 1.4452 -0.26082 -1.3614 -0.076896 -0.97361 -0.65382 0.75942 0.34865 -1.4511 0.84085 1.3082 -0.30232 -1.5098 -0.065509 0.85789 -0.59466 -0.22833 -0.24527
1.0281 -0.11449 -1.554 0.76992 -0.14571 -1.6151 -1.9155 0.87349 0.87438 0.11778 0.88194 0.26616 -0.21216 0.35625 1.5806 -0.6229 -0.89811 0.78195 0.21003 -1.6659 -0.41511 1.1114 0.33486 -1.8102 -0.10331 -0.98314 -0.99166 0.50234 1.1697 -0.76515 0.48048 1.9522 0.76664 -1.7536 -1.0372 0.86702 0.43028 0.1849 -0.16672
1.1244 0.17176 -1.0888 0.85755 0.60066 -0.8103 -2.1389 0.76846 1.6672 0.68239 0.11434 -0.57273 -0.43361 0.0035919 1.806 -0.2392 -1.0917 0.82352 1.3431 -1.208 -1.4714 0.28936 0.50563 -0.91207 -0.14246 -1.0845 -1.2501 0.026295 1.9772 0.15444 0.13135 2.0163 2.0716 -1.3089 -1.6742 0.4713 1.2116 0.43984 -0.015648
0.40079 0.464 -1.164 0.58581 0.41656 -1.7282 -2.3081 0.23918 1.308 1.4398 -0.62277 0.86269 -0.63815 -0.65394 1.7336 0.96634 -0.55489 0.68286 2.3006 -0.26833 -2.0176 -0.43437 0.52805 -0.082654 0.05757 -1.0618 -1.5673 -0.58826 1.8215 1.0682 -0.12411 1.3239 2.735 -0.0795 -1.7109 -0.60341 1.1307 0.62068 0.055385
0.86749 0.80917 -0.73237 0.17805 0.82024 -0.081621 -1.6232 -0.76593 0.77077 1.4244 -0.18292 0.032693 -0.73675 -1.326 1.3166 1.8814 -0.1105 0.48857 2.4248 1.5192 -1.6274 -1.2084 0.58462 0.23944 0.76171 -0.95946 -1.249 -1.0341 1.1895 1.4649 0.19771 0.3131 2.4629 1.2549 -0.89528 -1.2444 0.23152 0.31075 0.17402
0.37757 1.1582 -0.65389 0.21967 0.70875 0.96834 -1.4843 -1.5054 0.11007 1.6941 1.2815 0.24979 -1.0298 -1.8405 0.78616 1.7272 0.54418 0.71438 2.3203 2.5347 -0.50964 -1.6414 -0.96637 -0.087669 0.74602 -0.95128 -0.72917 -1.1124 0.19201 1.3189 0.24588 -0.83807 1.4368 2.0935 0.18318 -1.3422 -0.89634 -0.097828 0.24874
-0.4092 1.1006 0.52978 0.93359 0.57563 1.0812 -0.95082 -1.2503 -0.047396 1.2994 0.34721 0.84177 -1.2465 -1.6849 0.45773 1.6072 1.0099 1.1948 1.9573 2.4028 0.46961 -0.93799 -1.3234 -0.46041 0.15941 -0.8457 0.16084 -0.8248 -0.47683 0.79882 -0.064819 -1.4318 -0.22285 2.0165 1.0321 -1.0926 -1.4157 -0.73128 0.35465
-0.61847 1.495 0.97272 0.63062 0.77538 1.5592 0.11501 -1.0835 -0.20687 0.82747 0.57363 1.1299 -1.3039 -1.8093 0.20346 1.4622 1.2718 0.80988 0.84981 2.2205 1.4311 -0.19115 -1.2947 -1.603 0.14095 -0.69887 0.96138 -0.34176 -0.80212 -0.21385 -0.63976 -1.5157 -1.4665 0.97452 1.3833 0.35358 -0.62121 -0.95532 0.52102
-1.486 0.85736 0.53274 1.6 1.9018 1.7151 1.2156 0.5612 -0.61808 -0.77234 -1.018 0.54842 -1.569 -1.0551 0.15344 1.12 0.97088 0.32038 0.28482 1.2398 1.7339 0.18404 -1.5162 -1.9412 -0.49286 -0.4876 1.2407 -0.068835 -1.0245 -0.93705 -1.101 -1.3667 -1.8895 0.06962 0.82633 0.99719 0.39495 -0.77741 0.54449
-1.0995 1.1767 0.67653 1.4035 2.1044 1.184 0.18784 0.27067 0.30563 0.57254 -0.71713 0.54359 -1.5467 -0.41045 0.33204 0.46764 0.17528 -0.080178 0.11311 0.15662 0.95078 0.63463 -0.16934 -0.65177 -0.95863 -0.25225 1.4245 0.19343 -0.8376 -1.2134 -0.91213 -0.72014 -2.0462 -0.83977 0.11489 1.1951 1.3085 -0.23307 0.49141
-1.4413 1.2604 1.3153 1.5633 1.0999 1.4371 1.0851 0.76868 0.42556 0.29973 -1.5171 0.21333 -1.569 -0.1305 0.26645 0.1849 -0.13971 -0.48347 -0.41899 -0.38304 0.85769 0.34506 0.13434 -0.1508 -0.94543 -0.15141 0.79077 0.025897 -0.75849 -0.5713 -0.29637 -0.24406 -1.0095 -0.94354 -0.58793 1.049 0.83424 0.54943 0.3184
-0.90353 1.4469 1.171 1.3712 0.57766 1.4886 -0.34549 0.73303 0.037113 -0.56164 -0.82841 -0.20864 -1.6292 0.31702 0.48051 0.36017 -0.37119 -0.54641 -0.24629 -1.1037 0.062825 -0.033131 0.30633 0.16571 -0.13648 -0.038717 0.37026 -0.27989 -0.59993 0.065111 0.31367 0.032148 -0.16663 -0.82485 -0.7649 0.3147 -0.026303 0.77473 0.1812
-1.062 1.6207 1.0792 0.78046 0.82545 1.4762 -0.31633 -0.33984 0.83796 1.5619 0.18696 -0.22025 -1.4916 0.015334 0.11857 -0.24767 0.20846 -0.014501 -0.028748 -0.16245 0.14843 -0.6833 0.37266 -0.66128 0.24681 -0.057309 0.086007 -0.45716 -0.44581 0.31692 0.55097 0.31401 0.50353 -0.84146 -0.29889 0.036153 -0.45464 0.43682 0.13198
-1.2291 1.396 0.81939 0.92199 1.0363 0.70318 0.48389 1.3344 -0.32369 -0.047814 -0.47413 -0.14482 -1.6043 0.18472 -0.091615 -0.44054 0.11788 0.29649 -0.021362 -0.27611 -0.46892 -0.41493 0.33242 -0.47759 0.072362 0.0068389 -0.017573 -0.54058 -0.24201 0.3103 0.19367 0.27249 0.64962 -0.56505 0.18775 -0.45396 -0.45066 -0.25324 0.07652
-0.88504 1.4906 1.2432 1.4796 1.6124 1.4884 -0.83269 0.31995 -0.39645 -0.13178 -1.4106 0.83899 -1.6252 0.085911 -0.25639 -0.25057 0.1884 0.16491 0.094448 0.24036 -0.68647 -0.073152 0.17103 -0.79107 -0.1372 0.049097 0.16814 -0.2111 0.24945 -0.18283 -0.42154 0.26385 0.048832 -0.6928 0.74852 -0.37662 0.3072 -0.62214 0.10558
-1.33 1.2642 0.35064 2 1.5934 1.3554 0.81517 0.66946 -0.50451 1.4697 -2.1862 0.60968 -1.6206 0.2433 -0.28741 -0.092503 0.19949 -0.25692 0.23474 0.028465 -0.73574 0.049581 -0.54815 -0.72314 -0.49084 0.03803 0.11398 -0.0083108 0.33832 -0.25282 -0.62362 0.26464 -0.078745 -0.46495 0.67356 -0.18002 0.48604 -0.5627 0.07509
-0.84211 1.2573 0.92985 1.1312 0.77339 1.4818 -0.12595 -0.56343 0.30497 0.2101 -1.0001 -0.55284 -1.5152 0.28593 -0.16035 0.044599 -0.16461 -0.54774 0.3685 -0.20004 -1.2087 0.62098 0.01625 0.066284 -0.79793 0.10595 0.12502 0.094355 0.19468 -0.29483 -0.44643 0.17191 -0.28109 -0.35226 0.47676 0.074036 0.62195 -0.37996 0.053271
