39 278
-0.27173 0.89814 -0.13955 0.71601 0.44123 -0.29648 -0.17058 -0.047778 -0.003208 0.47841 -1.157 1.4421 -0.90066 0.73182 0.28342 1.4535 0.57498 0.078917 -0.062025 0.40086 -0.027146 -0.28034 0.31826 1.0628 -1.4389 0.083564 -0.038149 -0.15486 -0.51842 -0.22262 -0.28168 -0.23125 0.24093 -0.41282 -0.22547 -0.2474 -0.11017 0.56875 -0.097342
0.77076 1.3098 1.1178 1.0227 0.66067 -0.54269 -0.96471 -0.62719 0.67717 0.94805 0.81109 1.0548 -0.79333 0.99068 0.20881 1.3842 0.59539 -0.3896 -0.56435 0.56345 -0.65922 -0.45121 0.0529 1.1048 -0.92535 0.084667 -0.78944 -0.4742 -0.89729 -0.29497 0.024092 -0.21255 0.18708 -0.013186 -0.21933 -0.24711 -0.45436 0.61422 -0.16541
0.14594 1.1635 0.52645 0.70234 0.38644 -0.39257 0.43212 -0.44757 -0.16532 1.5566 0.68288 -0.14483 -0.93301 0.53785 0.08524 0.46888 0.13801 -0.17243 -0.25108 0.75424 -0.53503 -0.5912 -0.032921 0.76709 -0.45704 -0.062184 -1.7506 -0.7091 -1.4478 -0.60012 0.13634 0.047098 0.010376 0.29757 0.065013 -0.16947 -0.75232 0.56129 -0.27417
0.33552 1.0327 1.2663 1.5646 0.5024 -0.2701 0.45354 0.36544 -0.64068 0.19465 -0.47672 -0.39529 -0.78988 -0.59994 -0.344 0.19466 0.23657 0.22668 -0.37114 0.5576 0.19996 -0.50993 0.010541 0.20625 -0.59577 -0.092759 -1.7341 -0.40932 -1.2829 -0.63393 0.39442 0.49072 -0.8823 0.024126 0.60514 -0.21458 -0.71345 0.80192 -0.24948
0.85703 1.0502 0.8625 1.131 -0.23047 -1.3927 0.29264 -1.4823 -0.35574 0.39118 0.4414 1.2388 -0.83708 -1.6469 -0.52788 -0.76628 -0.35134 -0.020744 -0.054299 0.405 0.13623 -0.11406 0.0031737 -0.12399 -0.38073 -0.24308 -0.98379 0.00035353 -0.56098 -0.46582 0.12294 0.75905 -1.377 -0.66968 0.39854 -0.21802 -0.40959 0.63956 -0.11672
0.024613 1.0232 -0.11674 0.46404 0.63885 -0.14924 0.50238 -0.46983 -0.41672 0.7062 0.049822 1.0771 -1.0387 -1.061 -0.11139 -0.49432 -0.32646 0.17155 0.30948 -0.93904 -0.94726 0.43861 -0.38684 -0.0032816 0.76448 -0.20252 0.11736 0.3355 0.12124 -0.17469 -0.048327 0.79633 -1.392 -0.61011 0.061405 -0.075457 -0.26204 -0.10339 0.021146
-1.0399 0.57963 0.88608 1.317 0.99481 -0.95494 -0.033429 0.59342 -0.14951 1.0299 -0.091099 -0.30623 -0.90963 -1.0133 -0.027891 -0.28817 -0.44464 0.041359 0.90576 -1.1046 -1.2976 -0.3163 -0.26243 -0.03756 0.25006 -0.1821 1.3285 0.35045 0.81055 0.15813 -0.49348 0.16297 -0.81529 -0.35806 -0.021447 -0.092972 -0.2096 -0.43052 0.17806
-1.1417 0.86299 0.16187 0.36038 0.14852 -0.31259 0.098696 -0.76718 0.37764 1.1163 0.82556 -0.15376 -1.093 -0.69891 -0.075483 0.17188 -0.05733 0.097483 0.71891 -1.323 -0.30051 -0.2785 -0.014871 -0.43356 -1.0832 -0.08742 1.5418 0.1087 0.71133 -0.17911 -0.82153 -0.39588 0.26899 0.16422 -0.056864 -0.16565 -0.28397 -0.52818 0.1339
-0.048597 1.2555 0.49987 0.86561 0.45943 0.10293 -1.0903 -2.2445 -0.11556 -0.030593 -0.039967 1.7639 -1.0127 0.5891 -0.004331 0.44843 -0.22786 -0.821 0.072009 -0.95414 -0.90183 0.22272 -0.37419 -0.39428 -0.31551 -0.025075 1.3855 -0.042001 0.62974 0.028534 -0.5948 -0.66751 0.75579 1.0834 0.37698 -0.23368 -0.18455 -0.12048 0.13903
-0.40254 0.90381 0.98019 0.99935 0.24383 0.57662 -0.68237 -1.578 -1.6502 -0.18225 -0.52999 0.15057 -0.9299 0.94211 0.0466 0.49354 -0.78334 -0.77925 -0.035944 -0.52683 -0.81816 0.082304 -0.65999 -0.46802 -0.016341 -0.072944 0.37516 0.11788 0.32301 0.034743 -0.59259 -0.7638 1.0692 1.5586 0.58603 0.19304 0.30053 -0.047181 0.07194
-0.38532 0.7835 0.5392 0.80059 0.33874 -0.80845 -1.1863 -0.38281 -0.060135 1.2901 -0.2687 -1.1189 -1.0079 0.68682 -0.15089 0.74955 -0.056663 -0.52578 -0.010507 -0.10001 1.1215 0.21288 -0.39773 -0.45266 -0.49131 0.0266 -0.58708 0.40923 -0.099518 0.44056 0.037352 -0.38849 0.77144 1.5922 0.55796 0.38042 0.42277 -0.2454 0.03549
0.33264 0.86559 0.55031 0.18397 -0.29252 -0.39865 -0.36596 -1.3192 0.6018 0.23004 -0.3639 0.82761 -1.0663 -0.061814 0.18167 0.62737 -0.10679 -1.052 -0.72189 0.2418 1.796 0.81973 0.34717 0.19169 -1.0494 0.0001753 -0.59139 0.722 -0.13996 0.64918 -0.092921 0.21782 0.75577 0.42987 -0.38323 0.15263 0.49628 0.054429 0.060848
-0.32023 0.80799 1.3926 0.10874 0.058646 -0.66208 -0.75054 -1.2647 -0.1723 -0.10279 -0.38537 -0.067549 -1.0398 0.029755 0.56001 0.17136 0.1999 -0.64053 -0.33285 0.093639 0.96624 0.8958 -0.17261 0.13106 -0.26908 -0.00389 -0.41795 0.70466 -0.21782 0.36563 -0.014482 0.60224 0.55548 -0.679 -1.5013 -0.11014 0.40489 0.25318 0.046627
-0.048877 0.9333 0.88605 1.0139 -0.27181 0.50438 -0.45474 0.71097 0.048975 0.24635 -0.12563 -0.21359 -0.99027 0.20152 0.80397 0.49436 0.22962 -0.89407 0.56355 0.77897 0.11632 -0.94503 -0.49879 0.25117 0.031707 0.038788 0.46704 -0.029097 -0.39691 -0.26441 -0.064245 1.012 0.40882 -0.4478 -1.4759 -0.299 0.2866 0.54422 0.32979
-0.42074 1.5148 1.2645 0.8792 -0.80866 -1.3191 -0.93812 0.070657 0.28414 0.79497 0.17181 -0.55879 -0.96241 -0.19904 0.62411 0.37738 0.4064 -0.64668 0.53715 0.65747 0.60654 -1.6429 -0.19864 0.33489 -0.45558 0.082054 0.83953 -1.0308 -0.63788 -1.0751 -0.22169 0.31041 0.14226 -0.20554 -0.19098 0.57808 0.099265 0.032132 0.57541
-0.21091 1.2815 0.66318 0.97987 -0.047383 -0.037919 -0.65975 -0.64548 -0.061076 -0.20683 -0.60821 -0.46902 -0.99228 0.90539 0.10751 -0.26026 -0.71196 -1.1735 0.83503 0.7102 1.0822 -0.60253 -0.22138 0.6563 0.23096 0.46458 1.0867 -1.9175 -0.96248 -0.84513 -0.22485 -0.28237 -0.094895 0.034914 1.8335 1.4797 -0.27411 -0.4218 0.85017
0.34311 1.5457 1.2865 0.37283 -0.98906 0.28437 0.57518 -1.0408 -1.5059 0.3077 0.2957 -0.058863 -1.0254 1.207 -0.67415 -0.70141 -1.2893 -0.88683 0.15087 0.37719 0.072817 0.39157 0.76817 0.097861 -0.25633 0.66586 0.97072 -2.1969 -0.87115 -0.20153 -0.78183 -0.65156 0.17879 -0.33401 2.7299 1.9362 -0.238 -0.38621 1.0754
-0.4033 1.2473 1.2936 0.67685 -0.72791 0.21336 0.083224 0.18622 -1.4856 -0.29168 0.13398 -0.073924 -0.95247 1.4764 -1.4927 -0.84336 -0.46893 -1.1652 0.21645 0.7224 0.45229 1.4208 1.8048 -0.25251 -0.90825 1.0493 -0.12912 -2.0376 -0.80369 0.65823 -1.0063 -0.82975 -0.038262 -0.78872 2.1252 1.5561 -0.22171 -0.35993 1.0139
1.1894 0.75784 0.72196 -0.72495 -1.4761 0.64726 -0.2455 1.5958 0.33885 -0.024378 0.97372 0.11865 -0.34508 1.2828 -1.9512 -1.0318 -0.10394 -1.9668 -0.41605 0.96923 0.25478 2.374 2.4399 0.24366 -0.65162 1.4362 -0.41601 -1.2036 -0.36443 0.60628 -1.1254 -0.31876 0.25886 -0.81578 0.77095 0.48746 0.37399 0.47596 0.75922
0.98201 0.37794 -0.03886 -0.015865 -1.042 -0.5901 -0.44938 -0.43244 1.1986 2.2748 -0.69359 -1.3637 -0.41298 0.63774 -2.3844 -1.6655 -0.14712 -2.3222 -0.4926 0.32395 -0.58242 2.3249 1.8744 0.072276 -0.28188 1.6319 -0.90829 -0.11338 0.11438 0.15319 -0.26626 -0.25699 0.5029 -1.016 -1.0828 -0.97269 0.48462 1.0501 0.14154
0.99964 0.008949 0.6239 1.0913 -1.8691 -0.6424 0.58723 -0.051674 1.4249 2.692 -0.63615 -1.9432 0.004296 0.87565 -2.0763 -1.0122 -0.38612 -2.1948 -0.10601 1.0448 -1.0374 1.3723 1.6413 0.68726 0.47436 1.538 -0.68809 0.80522 0.69755 -0.32772 0.61462 0.16274 0.73877 0.060123 -2.243 -2.3281 0.34902 1.1567 -0.36907
1.0586 -0.50305 -0.040257 0.52928 -2.5199 0.029623 1.3861 -0.58942 1.4307 2.0061 0.85786 -0.17121 0.30395 0.035436 -1.6019 -0.65009 -0.078665 -1.5113 -0.42914 1.6118 -0.9285 -0.048426 0.34669 0.512 0.77764 1.2182 -0.22804 1.6079 0.94258 -0.40783 1.3415 0.078282 0.72365 1.0614 -2.0406 -2.622 0.092204 0.65722 -0.77144
0.50515 -0.82428 -0.36468 -0.40948 -3.3939 -0.13239 0.039342 -1.1154 0.43831 1.4445 0.50151 0.073375 0.47781 0.33926 -1.1017 -0.20993 -0.75395 -1.3697 -0.11722 1.696 0.5472 -0.53911 -1.2207 0.72264 1.2913 1.0828 -0.021256 1.902 0.56295 0.31066 1.7438 -0.089123 -0.022055 1.3509 -0.94987 -2.0731 -0.50537 -0.26227 -1.11
1.5048 -0.70173 0.45946 -0.39323 -2.484 0.32002 1.3061 0.0082086 0.8774 1.9459 1.5805 0.51056 0.57578 0.49658 -0.39676 -0.26376 -0.72307 -0.52523 -0.32166 1.3406 0.74162 -0.44767 -1.6756 0.20898 0.73396 0.68447 0.28629 1.7619 0.23044 0.9877 1.6653 0.25761 -0.58528 0.98836 0.080024 -0.90615 -0.61858 -0.81729 -1.2373
1.0562 -0.78884 -0.27754 -0.133 -2.444 -0.97345 1.9038 -0.16647 0.78765 1.2568 0.30067 -0.22092 0.67201 0.61121 0.2483 -0.13587 0.46849 0.18967 -0.32192 1.1206 0.82143 -0.15408 -1.289 -0.2737 -0.0093076 0.11251 -0.46617 1.3823 -0.098587 1.4864 1.2402 0.070751 -1.4704 -0.37469 -0.14006 -0.19845 -0.70343 -0.86265 -1.3247
1.3621 -0.77422 0.08204 -0.19011 -2.8825 -0.69483 2.0017 0.53051 0.81541 0.89367 0.17596 -0.089519 0.68138 0.42405 0.435 -0.25988 1.0602 0.45612 0.18937 0.78078 0.90516 -0.076462 -1.3506 -0.34231 -0.24244 -0.18349 -1.3112 1.0476 0.46058 1.2031 1.207 0.42352 -2.0292 -1.0168 -0.84955 0.37831 -0.35906 -0.052694 -1.3998
1.4473 -0.45317 0.11626 0.23282 -2.8094 -0.51102 2.1603 0.35423 0.89357 0.26635 0.36996 -0.4082 0.71809 -0.46623 0.61054 -0.42022 1.0015 0.18099 -0.22213 -0.80698 -0.28242 -0.96422 -1.7743 -0.53409 0.013902 -0.50355 -2.2395 0.94855 0.74614 0.28991 1.7451 0.23486 -2.0287 -1.1167 -1.4502 0.65744 -0.27181 0.21704 -1.5021
1.5064 -0.33333 -0.43359 0.79561 -2.5023 -0.01211 1.9137 -0.11715 0.86025 0.65341 0.72328 0.29647 0.27715 -1.3409 1.0356 0.7502 1.148 1.4653 0.46918 -1.5289 -0.73506 -1.5845 -0.73176 -0.46312 0.65669 -1.1426 -2.5364 0.78769 0.87921 -0.27116 2.2777 0.013408 -1.3997 -0.65776 -1.201 1.1949 -0.11011 0.30033 -1.5248
1.0842 -0.49242 -0.29162 0.43551 -2.5607 0.31106 1.0554 0.58574 0.26892 0.029361 0.19242 -0.25939 0.38426 -2.5682 1.4092 0.78249 0.91969 2.5648 0.0098389 -1.5571 -0.58623 -2.0445 -0.36858 -0.83061 0.041567 -1.6993 -1.5629 0.52911 1.0973 -0.4349 2.3922 0.047346 -0.22388 0.22157 -0.11571 1.1487 0.039159 -0.21429 -0.91784
0.63652 -0.078271 0.00077131 0.55978 -2.2724 -1.1995 0.29254 -0.82699 -0.5624 -0.57485 0.1459 0.40239 0.14296 -3.1259 1.2495 0.81919 0.5871 3.0282 0.11181 -1.4941 -0.25538 -1.7234 0.19413 -0.46857 0.41898 -1.9116 0.035425 -0.029234 0.78725 -0.41793 1.1413 -0.006688 0.60825 -0.005501 0.79287 0.87125 0.1682 -0.21837 0.022159
-0.62606 0.40307 1.0897 1.2069 -0.62541 0.017088 0.38658 -0.78044 -0.99168 0.89389 -0.77167 0.73229 -0.57975 -2.407 1.3198 1.647 0.47343 3.3537 0.061369 -1.2636 -0.080874 -1.0896 -0.077142 -0.48942 -0.27207 -1.5178 1.68 -0.69836 0.28795 -0.50416 -0.60236 0.62665 1.0488 0.042393 1.7937 0.50944 0.39011 0.18739 0.91399
-1.337 0.80579 0.51551 0.76174 -0.35398 -0.6291 0.64434 0.37512 -1.2018 0.1599 -0.91665 -0.83282 -0.96921 -1.3524 1.0379 1.8208 0.59309 2.948 0.44252 -0.55037 -0.99924 -0.58891 0.75724 -0.31821 0.40012 -1.196 2.5485 -1.0494 -0.64934 -0.99333 -2.452 -0.087213 0.80579 -0.25659 1.745 -0.76102 0.48025 0.32331 1.5256
-1.4054 0.47132 0.30727 0.96038 -0.086783 0.22146 0.27281 -0.014872 -0.47196 0.66086 0.61978 0.8508 -1.01 -0.39952 0.44374 0.82002 -0.016439 1.5868 1.0826 -0.075307 -0.13028 0.69841 0.29936 -0.11984 0.48921 -0.6572 1.8144 -1.1023 -1.366 -1.3633 -2.8809 -0.36626 0.20374 -0.60591 1.1423 -1.1051 0.58769 0.72018 1.519
-0.27364 0.82348 1.5648 1.1489 0.52789 -0.018845 -0.18633 -0.2698 -0.43287 -0.17875 -0.42303 -0.63141 -0.70974 0.5027 0.076512 -0.039572 -0.98091 -0.17762 -0.55724 -0.59157 -0.74299 0.60338 -1.4507 0.32371 0.76182 -0.0075035 -0.26785 -0.46705 -1.5127 -1.6941 -1.6063 -0.88293 0.318 0.13116 0.72269 -1.619 0.50347 -0.26988 1.4411
-0.35585 0.53022 1.7656 1.0972 0.065012 0.33139 0.30752 -2.0034 -1.0743 1.2759 -0.69089 1.1878 -0.70621 -0.035212 0.1082 -0.079441 -1.218 0.11512 -0.1431 -0.87827 -1.418 0.42875 -1.0813 0.39445 1.1035 0.21227 -1.5219 0.1494 -1.3746 -0.98626 -0.21383 -1.0859 0.39586 0.25592 0.25976 -0.7101 0.61501 -0.58958 0.87809
-0.58629 0.5343 0.48586 0.44887 -0.52476 0.5258 0.44912 -0.046425 0.50937 -0.16128 -0.38839 1.0142 -0.85005 -2.0162 0.49018 -0.66954 -1.8794 0.9988 -0.65976 0.43068 -0.094288 0.8901 -1.6338 0.45094 -0.42852 0.57452 -1.1964 0.39207 -1.0781 0.11489 0.80722 -0.23915 0.47158 1.1804 0.54099 0.4198 0.29199 -1.5416 0.17195
-0.63234 0.68469 0.57431 -0.31057 -0.87336 -1.8861 -0.68074 -1.294 -0.83263 -1.8958 0.076895 0.93782 -0.77265 -1.8988 0.46925 -1.5381 -1.3674 0.62564 -0.97833 0.13952 0.055282 1.0495 -0.96921 1.0793 -0.10809 0.39686 0.50129 0.15097 -0.16332 1.226 0.46112 0.3072 0.16116 1.2198 0.12915 1.2313 -0.032297 -1.3452 -0.34922
-1.8177 0.9305 0.58622 -0.23766 0.67682 0.31473 -0.68017 -1.6346 -0.49604 -0.23239 0.36979 0.82003 -0.76184 -0.73331 0.50148 -1.4106 -0.72591 0.88952 -0.5953 -0.23215 0.87406 1.3037 -0.72702 0.55923 -1.8229 0.16643 2.3191 -0.29984 0.94306 2.0057 -0.17574 1.3553 -0.49686 0.40758 -0.38546 1.9739 -0.63874 -0.1837 -0.82212
-3.7178 1.1254 0.32974 -0.84069 1.6912 -0.56063 1.7512 0.4797 1.1135 -1.3959 0.90888 -0.95814 -0.088629 0.23832 0.33732 -0.042313 0.3839 0.9175 0.43785 -0.26216 0.53023 0.47662 0.78186 0.23076 -0.9776 -0.1137 2.9511 -0.44743 1.5412 1.582 -0.91435 1.6283 -0.30842 0.027545 -0.70898 1.3458 -1.219 0.25543 -0.81005
-0.85632 1.0383 0.1131 0.33777 0.012743 -1.2811 -0.52388 -1.2798 0.35937 -0.24982 0.86092 0.60528 -0.55394 1.131 0.097733 0.38633 0.82595 0.54317 1.2958 -0.32094 0.48063 0.48655 1.2135 -0.52001 -0.33437 -0.4227 2.1539 -0.47944 1.2409 0.80424 -1.6882 1.3328 -0.19726 -0.57084 -0.99789 1.0264 -0.84084 1.3007 -0.77926
-0.40244 0.84218 -0.081854 0.097206 0.24203 -0.077549 -0.33519 -0.042508 0.75798 -0.24351 -0.4639 -1.7302 -0.88181 2.5325 -0.014223 0.52268 0.67568 -0.73728 1.2737 -0.41426 0.3064 0.17419 0.59386 -1.0065 -0.27134 -0.54264 0.55762 -0.53892 0.34052 0.14855 -1.2041 0.26125 0.28448 0.33004 -0.519 -0.038503 -0.23917 0.66766 -0.082761
-0.66495 0.92766 1.0277 0.60489 0.3878 0.71835 -0.37297 0.05317 0.030783 0.22312 0.346 0.79869 -1.0187 2.0355 -0.057322 0.68602 0.54833 -1.1041 1.6063 -0.54528 -0.15312 -0.35927 1.2955 -0.64582 0.5987 -0.80614 -0.36089 -1.2414 -0.65968 0.23152 -0.48046 -1.4219 0.86762 1.2269 -0.38313 -0.015288 0.50114 0.20382 1.3542
-0.59477 0.93494 1.0293 0.17976 0.64034 0.24255 -0.84503 -1.2907 -0.1802 -0.27613 -0.73971 0.48042 -0.97461 0.80335 -0.41119 0.4477 0.76353 -0.27614 0.80588 0.36656 1.5048 -0.035565 0.65264 -0.25447 0.0020734 -0.044901 -0.75975 -2.1298 -1.6011 0.46294 -0.23523 -2.698 1.134 1.8098 0.26416 0.40119 0.44586 -0.33814 2.6134
0.32784 1.0706 0.63878 0.10441 0.048833 1.628 0.1623 -0.28766 0.78927 -0.016751 -0.8338 -0.80146 -0.83453 1.345 -1.61 -0.86838 1.1721 -0.50307 -1.2397 0.90157 2.3279 -0.094254 1.1399 0.12533 0.0016255 1.4009 -0.15083 -2.6544 -1.7616 0.5478 -0.91409 -2.8789 1.1744 1.7188 1.0125 0.25262 0.049745 -0.42004 3.0665
-0.99584 0.98079 0.68631 0.18416 -0.25401 0.56453 0.36859 -0.060439 0.47639 0.92422 0.5343 0.45304 -1.0858 1.5029 -2.5102 -1.8109 1.1701 -1.4463 -2.5692 0.97607 2.6751 0.54417 1.4162 -0.48791 -0.63754 2.3501 0.26515 -2.1473 -0.85404 -0.055444 -1.4061 -1.7744 0.56859 -0.142 0.85592 -0.097391 -0.39421 0.24614 2.2552
0.56302 0.24429 0.43809 1.7061 -0.011861 -0.4201 -0.47757 1.8189 0.22362 0.28412 -0.05491 -0.34657 -0.54785 1.4166 -3.0867 -1.6054 1.304 -2.0547 -2.3261 1.3396 2.6893 1.227 1.3769 -0.46472 0.081863 2.6848 -0.25663 -0.58952 0.63565 -1.2867 -0.87201 0.60179 0.5222 -1.4749 0.9455 -1.0497 -0.40004 0.30288 0.86436
1.1872 -1.2746 -0.91011 1.3096 -0.023498 -1.8688 1.0736 2.9657 0.23247 1.4821 -0.34039 -0.98823 0.95065 1.2538 -2.9719 -0.85143 0.57151 -1.8529 -2.1101 1.1982 1.0404 0.89256 0.33439 -0.83625 0.52348 2.7622 -0.72476 1.1949 1.7443 -2.555 -0.059545 2.6562 0.53377 -2.3055 0.3421 -1.5907 0.22191 0.21851 -0.56775
0.6114 -1.31 -0.41135 1.2624 -1.4833 -2.257 0.45099 1.7933 0.93484 1.6466 -1.3917 0.26709 1.1414 1.0083 -2.2829 -0.13817 -0.86921 -1.7656 -0.27977 1.754 0.20292 1.4847 -0.32256 -0.58968 0.10172 2.5189 -0.99819 2.6458 1.9428 -3.1141 0.66385 3.6067 -0.19027 -2.0915 -0.30434 -1.8331 0.85401 -0.70798 -1.781
0.88466 -1.6277 -0.21831 1.2029 -1.719 -0.94232 1.3306 1.6211 2.0447 1.0496 -1.2316 0.38456 1.0726 0.39573 -1.0722 0.80696 -2.365 -1.7076 1.6162 1.7541 -0.68059 1.0608 -0.76202 0.0039514 -0.14393 1.5692 -1.023 2.845 1.1197 -2.611 1.4514 3.4181 -0.57672 -0.51316 -0.7942 -1.0654 1.2986 -1.4855 -2.1812
1.1777 -1.3915 0.21563 0.50901 -1.4662 -0.91508 1.5371 0.65756 1.1351 0.068013 -1.2708 0.093544 1.3233 0.037789 0.034308 1.3003 -2.8552 -1.043 2.879 0.68565 -0.62224 0.60178 -1.5619 0.88462 -1.0254 0.56385 -0.95937 2.2308 0.1199 -1.4641 1.9856 1.7003 -1.2264 0.46252 -1.2872 -0.085828 0.82887 -1.5376 -1.8437
0.398 -1.4364 0.40193 -0.47445 -1.5623 0.036379 2.3557 1.569 1.9771 0.57583 0.1823 -0.12061 1.4195 -0.11381 0.24672 0.57435 -3.1579 0.1779 3.0097 0.62981 0.42893 -0.10623 -1.079 1.1387 -1.9858 0.41082 -0.66386 1.193 -0.84287 -0.055439 1.9034 -0.03915 -1.4284 0.73968 -0.46046 0.83416 -0.074068 -1.0595 -1.082
1.5628 -1.324 0.61958 -0.86652 -1.7423 1.0532 1.7219 1.7942 0.93023 -0.06444 -0.45825 -1.2003 1.4417 -0.47425 0.49036 0.19183 -3.1324 0.5706 2.362 -0.0079956 0.57013 -0.27697 -0.34192 0.5591 -2.1595 0.28477 -0.24634 0.47285 -1.1445 0.98032 1.2073 -1.3909 -1.3085 -0.063178 0.37786 1.0096 -1.0029 0.085499 -0.54343
0.76964 -1.2758 0.22693 -1.5512 -1.594 1.28 1.2045 1.7631 1.3541 -0.23132 0.69526 -2.0067 1.4832 -0.54897 0.53684 -0.28487 -2.3524 0.62811 1.8102 -0.60281 0.198 0.67257 0.19245 -0.031393 -1.7556 0.05909 -0.20621 0.29208 -0.56756 1.4835 0.51612 -2.171 -1.1839 -0.96285 1.1964 0.58202 -1.1264 1.4654 -0.4951
0.35672 -1.1766 0.061237 -1.7925 -1.219 1.5451 1.6838 2.1723 1.2634 0.45822 -0.1995 -1.8687 1.4461 -0.18721 0.61895 -0.49882 -1.5211 0.71864 0.76974 -1.1766 -0.63332 0.92358 -0.30091 -0.69762 -0.91614 -0.08702 -0.14034 0.11151 -0.085647 1.3918 0.058959 -2.3515 -0.86889 -0.98305 1.0734 -0.022936 -0.60238 2.287 -0.41347
0.49294 -1.0472 0.25317 -2.2103 -0.99149 1.6651 1.5755 1.6774 1.6542 0.38479 -0.77993 -2.2007 1.3976 -0.62703 0.63417 -0.19459 -1.3217 0.94294 -0.42926 -1.0301 -0.89029 1.5072 -0.012559 -0.66196 0.51302 -0.15617 -0.41193 0.061979 0.19729 0.8874 -0.23333 -2.1003 -0.70804 -0.16716 0.40829 -0.47394 0.33028 2.5076 -0.28812
0.57436 -0.84907 0.071083 -2.017 -1.0477 1.4087 0.86199 0.85659 2.465 0.37161 -0.81612 -1.9796 1.4246 -0.68531 0.61579 -0.036669 -1.1709 0.49317 -1.1064 -1.4463 -0.84696 1.2937 -0.29816 -0.44375 1.551 -0.23578 -0.56365 0.049322 0.22032 0.53994 -0.41978 -1.5649 -0.5468 0.65915 -0.47423 -0.39628 1.0493 1.9637 -0.16759
0.82154 -0.84782 -0.0031327 -2.0786 -1.1084 1.192 0.47173 0.98138 2.5391 -0.51536 -0.80979 -1.4744 1.3275 -1.0432 0.63635 -0.15276 -0.95782 0.33552 -1.3484 -1.8174 -0.029113 1.2546 -0.72181 0.50079 2.3186 -0.30319 0.0076529 0.0096908 0.22744 0.47417 -0.38928 -0.90938 -0.36209 0.97054 -1.6463 -0.023079 1.3545 1.031 -0.10321
0.38104 -0.71294 0.48 -2.6949 -0.64772 0.31307 0.4381 1.0061 2.4934 0.11132 -0.88494 -0.48599 1.3166 -0.9979 0.69633 -0.11206 -0.75825 0.30744 -1.8201 -1.8292 0.25024 0.19701 -0.71208 0.90444 2.3474 -0.26602 0.4653 -0.011775 0.34605 0.62461 -0.033503 -0.4929 0.00050173 0.45466 -2.0673 0.85355 1.191 -0.024157 -0.01986
-0.52968 -0.67502 -0.011324 -2.9942 -1.1776 0.079076 -0.45985 1.1102 2.6019 -0.28985 0.057759 0.018847 1.2369 -0.45211 0.61144 0.26454 -0.70156 0.37154 -1.8393 -1.5377 0.49633 -0.94885 0.13539 1.4945 2.3235 -0.29521 1.0233 -0.011568 0.48313 1.0898 0.042228 0.064062 0.13901 -0.53832 -1.721 1.4182 0.68232 -0.81464 -0.096853
-0.67846 -0.46113 -0.12348 -2.6855 -0.72134 0.31029 -0.40899 2.4503 2.9132 -0.40709 0.45991 0.93844 1.1316 -0.13121 0.61277 0.40522 -0.20196 0.40163 -1.813 -1.6035 -0.20339 -1.3818 0.87444 1.5432 1.5428 -0.26659 1.1285 0.070114 0.82554 1.3453 0.091004 0.43332 0.16765 -1.6056 -0.95107 1.4429 -0.090345 -1.1014 -0.33806
0.074103 -0.25919 0.22405 -2.7647 -0.72386 -0.81942 -0.88074 1.0723 1.6895 -0.55443 0.25774 0.20066 1.2215 0.38626 0.66297 0.50395 0.69779 0.34064 -1.2144 -1.6872 -0.87652 -1.0975 1.1555 1.5869 1.0561 -0.44736 0.65689 0.13334 0.79862 1.2883 -0.071846 0.70577 0.23953 -2.3129 -0.60225 0.519 -1.0471 -0.8285 -0.52337
0.64829 -0.35597 0.54388 -2.7724 -0.71517 -0.87509 -0.99613 1.2999 1.1489 0.81155 1.6378 1.2237 1.1113 0.63683 0.781 1.345 0.93534 0.45608 -1.2726 -1.4575 -2.2663 -1.4569 1.4953 0.62564 0.7144 -0.70291 -0.029503 0.27841 0.38049 1.1012 -0.41523 0.97227 0.7907 -1.9662 -0.63056 -0.93054 -1.5145 -0.071582 -0.95255
0.20958 -0.25283 0.51732 -2.4711 -0.60234 -1.2903 -1.6031 0.4043 1.2045 0.76358 1.1742 0.49742 1.067 0.3614 0.73498 1.3194 1.0206 0.20711 -0.71661 -1.1786 -3.0859 -1.9992 0.79256 -0.30767 1.0438 -0.87313 -0.8022 0.57846 -0.39363 0.98675 -0.17467 1.2275 1.4879 -1.0416 -1.0204 -1.7471 -1.489 -0.042564 -1.3564
0.092265 0.021817 0.69988 -1.866 -0.51819 -0.7719 -1.9396 0.13952 1.9984 1.199 1.8169 1.2607 0.76186 -0.16762 1.0075 0.71455 1.591 -0.23897 -0.14764 -0.38952 -3.0208 -2.0708 -0.72174 -0.76135 1.4436 -1.5055 -1.0183 0.52183 -1.0665 1.3106 0.64754 1.6185 1.8053 0.47533 -0.56033 -1.6659 -0.82346 0.063539 -1.5136
-0.016793 0.23955 1.4425 -2.0894 -0.65437 -1.5503 -2.0836 -1.5866 0.70093 1.0476 0.34647 1.1558 0.47526 -0.66344 1.4418 0.040891 2.1184 0.38024 0.63669 0.55794 -2.5772 -2.646 -1.0602 -0.91752 0.64708 -2.1148 -1.009 0.23203 -1.2273 1.3604 1.257 1.2832 1.4797 1.9327 0.20276 -0.97085 -0.41044 -0.62068 -1.1806
0.17157 0.24603 1.073 -1.7453 -0.53113 -0.64787 -1.6303 -1.4658 -0.37622 -0.10362 -0.43207 2.4247 0.42954 -0.695 1.2326 -0.093824 2.7173 1.4268 1.2292 1.0501 -1.5731 -2.1444 -0.74863 -0.85627 1.091 -2.391 -0.81128 -0.44596 -1.1034 0.8259 1.2439 0.82641 1.0129 2.8616 1.1707 0.10441 -0.065966 -1.326 -0.20704
0.17301 0.77356 0.68467 -0.92271 -1.2382 -1.1729 -1.0873 -2.3675 -0.9223 -1.4407 0.036043 2.1468 -0.39533 -1.2023 0.98184 -0.6651 2.8778 1.4435 1.1175 0.86521 0.044545 -1.5726 -1.0479 -1.1714 -0.037662 -2.2305 -0.52249 -1.0475 -0.66467 -0.032333 0.41737 0.0062519 0.61815 2.802 2.2747 0.9078 0.081621 -1.7224 0.81495
-0.49019 1.1727 0.38385 -0.30213 0.29128 0.26387 -0.37372 -1.3898 -1.4911 0.66492 0.88855 1.0469 -0.98949 -1.3666 0.55439 -1.0819 2.6704 1.2769 1.2409 1.343 1.3752 -0.44093 -0.54543 -0.81532 -0.95213 -1.7604 0.034031 -1.1325 -0.012629 -1.1135 -0.64441 -0.66902 0.095323 2.0636 2.3713 1.2284 -0.17731 -2.2912 1.6442
-0.65542 0.75743 0.84737 0.64964 1.2994 0.3208 -0.94414 -1.4095 0.14068 0.49582 -0.21202 2.5431 -1.0778 -1.2716 0.17292 -0.76694 2.0573 1.1303 0.65526 1.5554 1.5367 0.69535 0.54216 -0.80603 -1.9014 -1.1815 0.8928 -0.91019 0.57488 -1.9847 -1.4967 -1.0045 -0.22728 0.4549 1.4952 0.82564 0.10511 -1.4897 1.9574
-1.3129 0.92514 0.30621 0.6496 0.17852 -0.1162 -1.4458 0.091008 -0.14093 -0.71624 -1.1268 0.68275 -1.0905 -0.59378 -0.10166 -0.085212 1.0984 0.49548 0.16367 0.86592 1.7962 1.092 0.76745 -1.4559 -2.7409 -0.40004 1.3561 -0.36644 0.93497 -2.1402 -1.7915 -1.1263 -0.88007 -0.88775 -0.039069 0.41387 0.72112 -0.45929 1.7066
-1.0817 0.67108 0.2323 0.26313 0.034395 0.047819 0.35538 -0.22611 -0.62298 -0.25324 -1.1166 0.17212 -0.93659 0.037224 -0.087046 -0.070846 0.067711 -0.66887 -0.29683 0.65815 0.74082 0.42305 -0.15606 -0.66936 -2.225 0.083296 1.5042 0.008284 0.82477 -1.26 -1.1293 -0.64397 -1.2256 -1.4654 -0.90423 0.060626 1.3742 0.92024 1.0385
-0.88711 0.67018 0.22221 0.58686 0.43212 -0.039764 0.79161 -0.35105 0.24156 0.58586 -0.97816 -0.1232 -0.95657 0.44608 0.12355 0.35826 -0.21046 -0.81601 -0.47435 0.11868 0.0019711 -0.3589 0.57219 0.60405 -1.7093 0.21804 0.9746 -0.0032494 0.27801 -0.22419 0.13233 -0.28932 -1.5621 -1.1263 -0.58535 -0.077148 1.4023 1.9163 0.51779
-0.43843 0.97479 0.87757 0.43739 -0.14849 -0.55399 -0.62373 0.093003 0.17075 0.31423 -1.9864 -2.0132 -1.0678 0.94447 0.075683 0.58661 0.41922 -0.10703 -0.27338 -0.39365 -0.48942 -0.22142 0.73931 1.0362 -0.44083 0.099521 0.061964 -0.15938 -0.34574 0.20476 1.1297 0.073921 -1.5501 -0.015536 -0.027469 -0.19424 0.19436 2.2434 0.35765
-0.72326 0.97342 0.29414 -0.052921 0.077574 0.23863 -0.067152 -0.77689 -0.86971 0.034456 0.36827 -0.3052 -0.91619 0.72703 -0.18539 0.10518 0.49312 0.41637 -0.40189 -1.5634 0.16444 0.35739 0.15836 0.62308 0.43378 0.38645 -0.46111 -0.34002 -0.93782 0.11654 1.2263 0.42137 -0.29913 0.48077 0.21444 -0.74825 -0.67395 2.177 0.35233
-0.51504 0.81893 1.2089 0.67788 0.098648 -0.64828 -1.3293 -0.92636 -0.30061 0.88447 0.52745 0.34357 -0.82267 0.013996 -0.17501 -0.63007 0.057839 0.57273 -0.17626 -1.4335 0.62807 0.032065 -0.33231 -0.30792 1.4567 0.54903 -0.80001 -0.28411 -0.79782 -0.42994 0.44717 0.29464 1.0198 0.51307 0.0059716 -0.86325 -1.0068 0.86083 0.099274
-0.15096 0.84443 0.55426 1.2656 0.055208 -0.28162 -0.83404 -0.25784 -0.3963 0.10766 -0.17337 -0.32113 -1.0309 0.078762 -0.27131 -0.86288 0.15349 0.86228 0.31363 0.057888 0.4016 -0.074434 -0.32439 -0.19376 1.9559 0.5351 -0.60296 -0.029338 -0.42464 -0.857 -0.48051 0.48517 2.283 0.12016 -0.24871 -0.47075 -0.37286 -0.27441 -0.44587
-0.32184 0.31135 0.076186 0.53424 0.83912 -0.5497 -1.4182 0.38272 0.60809 0.1606 -0.99847 0.38595 -0.38755 -0.17935 -0.31559 -0.48841 -0.21061 0.39459 -0.042537 0.69485 0.4148 0.023043 -0.66949 -0.73089 0.6497 0.18039 -0.34619 0.14823 0.35984 -0.52755 -1.1508 -0.072097 1.9482 -0.55801 -0.1875 0.22857 0.75775 -0.83002 -0.78117
-1.1415 0.87642 -0.29597 0.15296 0.66629 -0.21432 -1.2608 0.52781 -0.15465 0.0085729 -2.23 1.2761 -0.54572 -0.26643 -0.15758 -0.80382 -0.9404 -0.31031 0.4926 1.6464 0.51021 -0.077045 -0.5799 0.0030165 0.30628 -0.10691 -0.20071 0.47661 0.75735 -0.30659 -1.4021 -0.28418 0.54223 -0.86602 -0.14472 0.44884 1.0444 -1.2626 -0.98638
-0.099914 0.77672 0.3214 0.57937 0.55898 0.3364 0.28995 -0.41453 -0.75066 -0.067348 -0.24142 0.94944 -0.65469 -0.4373 -0.0013203 0.017588 -0.37042 -0.76965 -0.3946 1.4167 -0.53974 -0.29323 0.21302 1.159 0.58444 -0.31991 0.51914 0.42477 0.72401 0.20546 -0.45254 0.087036 -0.73564 -0.80479 -0.049097 0.64673 0.84357 -1.3384 -0.61631
-0.9841 0.48867 0.42341 0.0013417 0.16809 -0.52157 0.33359 -0.55534 -0.61359 -0.59953 -0.23702 0.074701 -0.91905 -0.15198 0.30704 0.32917 -0.34438 -0.90148 -0.054093 0.69809 -0.84896 -0.16436 0.069092 1.0344 -0.6165 -0.71823 0.525 0.24908 0.62645 0.68739 0.14567 -0.10706 -2.0226 -0.21758 -0.055589 0.46021 -0.044541 -1.3563 -0.15631
-0.49575 0.6496 -0.021073 -0.10656 -0.40599 0.19064 0.52786 0.55044 0.15058 0.30207 0.30071 0.49435 -0.97008 0.71082 0.10787 0.32574 -0.16544 -0.079131 0.41327 -0.23237 -0.51131 -0.0058322 0.21551 0.50071 -1.6531 -0.45202 0.36713 0.15629 0.39821 0.58851 0.39884 0.18125 -2.0164 0.38425 -0.24802 0.010454 -0.79512 -0.51608 0.30308
-0.83987 0.74487 0.41903 1.0917 -0.20377 -1.4486 0.091459 -1.0654 -0.48065 0.60593 1.0935 1.1877 -1.0008 0.11756 0.17344 0.2343 0.16709 -0.43161 -0.10859 -1.3501 0.061494 -0.30519 0.27511 0.19668 -1.3766 -0.27613 -0.36324 -0.041873 0.497 0.53506 0.12488 -0.33701 -1.1807 0.21822 -0.59435 -0.0020925 -0.68385 0.25473 0.60576
-0.6588 0.92765 0.23712 -0.47065 0.27552 0.21762 -1.0546 -0.5431 0.21857 -0.24675 -0.9009 -0.71873 -1.0618 0.099296 0.30843 0.81633 0.40598 -0.36027 -0.00056683 -1.3686 -0.22911 -0.66049 0.1145 -0.14883 -0.07373 -0.074394 -0.83909 -0.11039 0.26836 0.32615 -0.24211 -0.42783 -0.053932 -0.2499 -0.48576 -0.10858 -0.69905 0.68349 0.47466
0.38051 0.86044 0.27978 0.18338 0.82503 0.99171 -0.76486 -0.21721 -0.86134 0.12102 -1.0391 -1.4524 -0.92884 -0.50106 0.145 1.026 0.3059 -0.57147 -0.4943 -0.97198 -0.55536 -0.91045 0.10033 -0.13167 -0.82661 0.021959 -0.40162 -0.38626 -0.060074 0.40125 -0.00352 -0.32192 1.3807 -0.40253 0.12123 0.22486 -0.44172 1.0916 0.35621
-0.76534 0.71033 0.70723 0.83365 -0.82231 -0.89306 -1.1244 -0.14717 -1.1724 0.14412 1.1484 -0.52312 -1.0344 -0.49878 -0.045027 0.43035 0.3254 -0.42911 -0.21867 -0.54113 -0.70184 -0.57727 0.081964 -0.85819 -0.44861 0.12765 -1.1957 -0.31217 -0.59671 0.43789 0.46005 -0.1265 1.3852 -0.077266 0.99545 0.42988 -0.19555 1.1128 0.56045
-1.0522 0.89808 1.264 0.33419 -0.49972 -0.61105 -0.98987 -0.81754 -0.81937 -0.13154 -0.47776 1.4457 -1.0131 -0.30794 -0.24113 0.29333 0.9027 -0.42094 -0.61714 0.81367 -0.50552 -0.10669 0.70192 -0.42617 1.1469 0.1706 -1.3942 -0.052342 -1.0093 0.44936 1.5624 0.75846 0.93387 0.45651 1.4254 0.34069 -0.25267 0.93172 0.94616
-1.1793 0.84888 0.86412 0.45189 -0.78189 -0.96997 -0.66025 -0.83438 -0.83219 0.83732 0.32042 -1.4949 -0.93882 -2.1637 0.024126 0.012098 0.8688 0.31043 -0.17443 0.32465 -0.40867 0.78247 0.61252 -0.45723 1.32 0.71107 -0.73819 -0.077994 -1.2294 -0.25517 1.9749 1.0034 0.64342 0.85757 0.98502 -0.015511 0.34588 -0.071304 0.87539
-0.87206 0.71214 0.35346 0.94746 0.23059 -0.55136 -1.1834 -2.0474 -0.85645 0.1061 -2.0211 -0.22734 -0.86331 -2.1956 0.032575 -0.73252 0.81606 1.635 0.97959 0.33262 0.20805 1.0438 0.46496 -0.90889 0.28951 1.1793 0.29282 -0.14808 -0.97894 -0.978 1.3578 0.80161 -0.014028 0.53019 0.11042 -0.87143 0.64514 -0.076994 0.20333
-0.21842 0.59632 0.60351 0.64123 -0.0408 0.05716 0.64083 -0.083252 -0.098935 0.85905 -1.0319 1.138 -0.88123 -0.89066 -0.29918 -1.4494 -0.11658 1.804 0.95811 0.8908 0.65128 0.6732 0.15576 0.075362 -0.12465 0.96423 1.7421 -0.17951 0.10142 -1.2226 -0.41951 -0.29722 -0.04934 0.34997 -0.4618 -0.80584 1.1445 -0.25948 -0.88071
-3.7285 1.0355 0.68366 1.5441 0.52751 -0.0031552 -1.2655 -0.64832 -0.13776 0.72077 -0.20834 0.70715 -0.010678 -0.40802 -0.30454 -0.88483 -0.38998 1.0689 0.397 0.48592 0.021453 0.16823 -0.73536 0.63417 1.7525 0.35819 1.9908 -0.1109 0.67571 -0.98123 -2.0753 -1.38 -0.27297 -0.45981 -0.90585 -0.70925 1.291 -0.45044 -1.5786
-3.0399 0.75339 0.056229 1.3119 0.82467 0.29428 -0.747 -0.093214 0.033965 0.44143 -0.81711 -0.34074 0.053661 0.11068 -0.080713 0.26625 -0.75345 -0.12095 -0.45241 0.13693 0.38211 0.39014 -0.32877 1.1564 0.088811 -0.22039 2.5384 -0.83283 0.056526 -0.34719 -2.0641 -1.2519 0.23627 -0.5818 -0.83053 -0.61588 0.28188 -0.65922 -0.91601
-0.38198 0.37778 -0.54514 -0.66185 1.1785 0.25601 0.81778 -0.48724 -0.40954 0.20763 -0.16437 0.071697 -0.50741 0.92338 -0.24455 -0.303 -0.65668 -0.86624 -1.0027 0.17803 -0.575 -0.45992 -0.65131 1.2464 -0.71765 -0.63656 2.4995 -1.7717 -1.2839 0.13811 -1.1003 -0.5443 0.92346 -0.10121 -0.44983 -0.30779 -0.5263 -0.77048 0.79065
-1.2682 0.53474 0.28437 0.61664 -0.026162 -0.80152 -0.60367 -1.8218 -0.87201 -0.51897 0.53063 2.4069 -0.94906 3.0577 -1.6071 -1.649 -0.63403 -0.67359 -0.77904 1.4707 -0.21143 -0.51967 -1.068 0.32575 -0.22817 0.065642 1.2936 -2.3482 -2.1828 0.80885 0.3144 0.54315 0.95083 0.54251 -0.15671 -0.51497 -1.2316 0.15582 2.5963
-1.1095 0.84308 1.4016 0.40205 -0.21703 -0.95514 -0.80475 -0.18184 0.45818 0.5473 -0.28641 -0.71092 -0.98537 2.6619 -2.2629 -2.4252 -0.22763 -0.4997 -0.49235 1.537 0.11583 -0.18499 -0.96399 -0.10732 0.33889 1.4267 0.20071 -2.0359 -1.6844 0.56103 1.6743 1.4942 0.64519 1.6157 0.29225 -0.46962 -1.3681 0.33455 3.5015
-0.99654 0.40804 -0.40912 0.50034 -0.66994 -0.91834 0.60993 -0.94433 -1.0417 0.028128 1.581 -0.35804 -0.85694 1.5952 -2.6796 -2.9069 0.46047 0.19991 0.36719 1.2268 1.1182 -0.017398 -1.163 -0.81869 -0.067495 2.7182 -1.2563 -0.77775 -0.39447 0.35708 2.1477 1.7558 -0.35628 1.5159 -0.071456 -0.52062 -0.73954 0.73929 2.6886
0.33503 -1.4419 -2.2026 0.63467 0.88715 -0.3252 1.2309 -0.59239 -0.66673 -1.1822 -0.99757 0.47129 0.85371 2.0238 -2.8361 -2.9458 -0.22122 1.4591 1.3596 1.4947 1.9821 -0.15701 -1.5085 -1.1229 -0.05092 3.3903 -1.4208 0.51137 1.4531 -0.0018279 2.0595 1.4928 -1.1661 1.1662 -0.27833 -0.30778 -0.20354 0.6927 0.71962
0.90258 -1.5849 -2.3603 0.075384 0.40879 -0.24794 1.5633 -0.080251 -0.082194 -0.68036 -0.89719 0.98479 1.2637 1.1002 -2.5138 -2.1687 -0.021351 1.8952 1.7422 0.80366 1.8784 -0.64723 -1.797 -0.77538 1.5633 3.1949 -1.5356 1.9379 2.9481 -0.22495 0.78252 0.37801 -1.7444 -0.049843 -0.50972 0.27398 0.95257 0.49656 -1.5064
0.38876 -1.7027 -2.0811 0.37016 0.81122 0.4039 1.0763 0.69966 -0.59851 -1.3557 -0.99256 0.45138 1.498 0.33417 -1.5569 -0.0053428 -0.016362 2.0544 1.7528 -0.46219 2.0613 -0.3634 -1.2452 -0.60155 1.0223 2.2912 -1.7732 2.4382 3.096 0.32243 -0.3565 -0.69767 -1.8003 -1.3471 -0.59412 0.64236 1.481 -0.038499 -2.5703
0.52742 -1.6074 -1.3042 0.3794 1.227 0.7536 0.73175 1.2164 -0.78037 -1.9237 -0.93023 1.0446 1.7946 -0.34373 -0.3368 1.2997 -0.072915 1.1836 0.9223 -1.0927 0.97869 -0.83227 -0.79108 0.89902 0.483 0.96984 -0.73857 2.0227 1.9726 0.19091 -1.0416 -1.2713 -0.84646 -1.9016 -0.16796 1.0351 1.5445 -0.69331 -2.4302
-0.28459 -1.7184 -1.3965 0.50754 1.5372 1.1266 0.71702 1.6564 -0.92918 -1.5562 -0.52565 1.5756 1.8439 -0.46928 -0.17293 1.2826 0.35812 1.205 0.41685 -0.96029 -0.25541 -1.1375 -0.81024 1.1386 0.45335 0.57957 0.016322 1.0061 0.12794 0.028275 -1.2734 -1.2555 0.30237 -1.938 0.17987 0.95726 1.0912 -0.57191 -1.6489
0.09943 -1.873 -1.2944 0.42885 1.8713 1.2402 0.2976 1.1942 -1.3048 -1.7131 -0.21117 0.97638 1.7564 0.16551 -0.092955 0.9798 0.10842 0.57249 -0.064663 -0.55704 -0.75663 -0.55091 -0.069452 1.5879 0.43757 0.34141 0.67047 0.18049 -0.66218 -0.090028 -0.99538 -0.58965 0.73357 -0.99963 0.67678 0.83 -0.13546 -0.57416 -0.8085
0.50146 -1.7805 -1.1113 0.20302 1.5292 0.26377 0.02534 0.17519 -1.2705 -1.9615 0.55378 1.0719 1.8699 0.11392 -0.12911 0.38382 -0.082526 0.22772 -0.19774 -0.17983 -0.9369 -0.15632 0.19159 1.3263 -0.1104 0.08971 0.71589 0.13466 -0.4406 -0.15948 -0.8857 0.10411 0.68074 0.056515 0.99397 0.87221 -0.71764 -0.60171 -0.47599
0.16343 -1.7202 -1.0064 0.74655 1.6085 0.50817 0.49933 -0.21958 -1.5472 -1.918 0.57974 1.502 1.9006 0.58685 -0.07855 0.45204 -0.040866 0.0016347 0.088227 -0.12202 -0.67487 -0.062948 0.2646 0.47692 -0.39524 -0.016939 0.44287 0.19579 0.15471 0.21404 -0.032291 0.62131 0.4024 0.691 0.76641 0.44351 -0.98773 -0.50116 -0.19104
0.64081 -1.7555 -0.84121 0.38229 1.4443 0.73016 0.34368 0.6664 -0.98757 -1.3759 1.4824 1.1897 1.932 0.6247 0.029558 0.67752 0.11957 0.0019016 0.55627 0.083768 -0.1841 0.46068 0.65927 0.13161 -0.34818 0.035053 0.1157 0.18182 0.51955 0.26688 0.49054 0.35318 0.044411 0.72584 0.53944 0.22415 -0.47258 -0.44317 -0.037612
0.072934 -1.8397 -1.1622 0.1906 1.7116 0.87441 0.53532 0.50802 -0.95237 -1.6268 0.67179 0.86314 1.822 0.71903 0.1314 1.1139 0.36598 0.61388 0.78602 0.049409 0.24466 0.56502 0.52133 0.050187 -0.45044 0.080398 -0.63178 0.037632 0.28339 0.27667 0.32186 -0.23157 -0.11173 0.066761 0.26827 0.064906 0.27254 -0.28823 -0.14306
0.6736 -1.8748 -0.86054 0.51042 1.6466 1.3916 0.18776 0.62696 -1.3793 -1.3202 -0.28703 0.75635 1.753 0.26265 0.048112 1.0386 0.1677 0.71818 0.15649 -0.20034 0.050505 0.53749 0.47242 0.49667 -0.96797 -0.012899 -0.89982 -0.056395 0.014611 0.38491 -0.29623 -0.40863 -0.33094 -0.35576 -0.22126 0.0096216 0.61103 -0.29661 -0.40068
1.0661 -1.7246 -0.34543 0.58343 1.7337 1.4662 0.31641 0.29465 -0.59283 -0.99254 0.61489 0.64202 1.9124 -0.37458 -0.027333 0.80102 0.40632 0.16 -0.15273 -0.20833 -0.65955 0.40868 0.46564 0.8311 -0.64535 -0.208 -1.0659 -0.093296 -0.65618 0.15302 -1.012 -0.32632 -0.11189 -0.26867 -0.32264 0.35119 0.33216 -0.33657 -0.84273
1.1002 -1.5304 0.19618 0.85853 2.329 0.95775 0.27093 0.33481 -0.74743 -1.6163 1.2182 0.81945 2.0419 -0.45767 0.02484 0.84427 0.76534 -0.28093 0.23841 -0.42787 -0.4421 0.15028 0.69003 0.99547 -0.82832 -0.42938 -0.66896 0.27281 -0.97635 -0.12084 -1.5787 0.35473 -0.13726 -0.17459 -0.3016 0.34467 -0.83363 -0.31047 -1.3744
-0.037518 -1.8334 -0.34547 0.55342 2.1283 0.47049 0.20247 0.17921 -0.84873 -1.0821 1.9598 -0.22332 1.7769 -0.8515 0.0022107 -0.074391 0.31603 -0.58478 0.11885 -0.065502 -0.045438 0.18397 1.0623 0.46389 -1.1817 -0.99537 -0.30997 1.1076 -0.86452 -0.71757 -1.8509 0.67747 -0.1285 -0.074214 0.050677 0.68772 -1.7404 -0.12194 -2.0258
-0.073615 -1.9191 -0.48195 0.68183 1.1661 0.84539 0.10386 -0.30998 -0.52468 -0.76624 2.121 0.51766 1.5516 -0.70887 0.45546 -0.42762 -0.030842 -1.5487 0.72687 -0.54812 -0.6053 0.11381 0.81153 -1.1281 -1.3065 -1.7155 -0.11393 2.2488 0.038298 -0.75564 -1.8783 -0.2275 -0.062364 -0.35938 0.34838 0.51748 -1.732 0.45649 -2.2479
0.15198 -1.7357 -0.09144 1.3488 1.4245 2.0434 -0.23549 0.30677 -1.1672 -0.66207 1.0173 -0.44483 1.3538 -0.8071 1.4631 -0.25092 -0.51256 -2.2973 0.9406 -0.40809 -0.7265 0.53752 1.692 -1.8379 -0.61726 -2.6565 -0.19188 2.7412 1.0613 -0.3211 -0.9138 -1.0803 -0.058042 -0.44271 0.34326 0.4533 -0.80982 0.72789 -1.7989
0.21846 -1.7355 -0.9069 0.56433 1.28 1.2813 0.4576 0.7513 -0.73935 0.19384 0.24886 -0.90853 0.78866 -0.68202 2.7548 0.9886 -0.20582 -2.5613 -0.60535 -0.39212 -0.81889 0.63059 1.3399 -1.5667 -0.10755 -3.0297 -0.30733 2.1864 1.3079 -0.095606 0.050898 -2.0283 0.16016 -0.041109 0.41745 0.25696 0.68278 0.88059 -0.71351
0.37717 -0.8986 -0.34617 0.43512 0.17052 2.1626 -0.76272 -1.2116 -0.28926 -0.80232 -1.1952 -0.88142 0.30397 -1.2086 3.0702 1.2496 -0.20036 -1.6136 -1.3163 -0.27093 -0.82217 0.57326 1.6413 -1.0747 -0.20858 -3.0831 0.039229 0.75249 1.1078 0.28689 1.0478 -1.8774 0.10052 0.0034127 -0.28155 -0.87471 1.2899 0.76254 0.72537
-0.65402 0.10671 -0.038836 0.085419 -0.09444 1.5424 -0.029449 -0.51669 -0.070397 1.1017 -0.55266 0.41668 -0.72421 -1.0614 3.0164 1.3307 -0.38525 -1.8239 -2.1005 -0.33389 -0.63999 0.8798 1.3082 -0.10325 0.3823 -2.5887 0.79778 -1.0888 -0.072242 0.35607 1.5725 -1.0127 0.3956 0.54175 -0.45599 -1.308 1.0327 0.48783 1.8294
-0.89363 0.90912 0.99121 0.88141 -0.72502 -1.2255 -0.32752 -0.7839 -0.29541 0.26901 0.64166 -0.26804 -0.92053 -0.54143 2.492 1.7 0.066813 -0.94408 -1.9724 -0.26651 -0.80968 -0.086301 0.035977 0.12394 0.78316 -1.7652 1.6646 -2.2427 -0.74001 0.024721 1.5625 0.42914 0.38345 0.68261 -0.43164 -1.9142 0.067128 0.017473 2.5112
-1.148 0.57637 0.45936 0.78808 0.45658 0.3435 -0.22926 -0.77369 -0.285 1.4378 -0.0018402 -0.50948 -1.0729 0.43776 1.3723 0.60598 0.27467 -0.30302 -2.2464 0.33113 0.25486 0.14094 -0.34987 -0.017796 0.46537 -0.89017 1.1142 -2.5221 -1.1606 -0.51556 1.5941 1.8684 0.40785 0.78801 -0.16157 -1.1872 -1.0028 -0.73717 2.1842
-0.32579 0.90787 0.63016 0.37431 -0.66395 -0.34303 -0.60299 -0.073536 0.13698 0.64052 0.2966 -0.15484 -0.89733 1.0692 0.44633 0.16461 -0.51221 0.20246 -0.39168 0.099199 0.091364 0.16794 -1.1701 -1.0162 -0.16851 -0.092335 0.11514 -1.8665 -1.1699 -0.54539 0.60749 1.805 0.10343 0.54558 0.23651 -0.011067 -0.77477 -0.7309 1.3442
-0.07744 0.85855 0.9277 0.45591 0.11946 -0.53686 -0.13043 -1.5106 -1.1155 -0.82952 -0.65171 0.50938 -0.95407 0.16113 0.16383 -0.1615 -1.0494 0.23173 0.77654 0.23175 0.48067 0.47369 -0.35237 -1.7003 -0.64409 -0.084569 -1.2086 -0.88478 -0.56134 -0.16716 0.24317 1.3868 -0.01126 -0.20752 -0.56315 0.60536 0.24141 0.070344 0.46909
0.53728 0.77797 0.082986 0.79274 -0.50358 -1.1741 0.020831 -0.27636 0.51582 -0.32762 -1.0816 -0.047839 -0.89228 -0.18931 0.22891 -0.19404 -0.27846 -0.2207 0.059449 -0.040668 0.16505 0.19905 0.00096137 -0.71844 -0.15119 -0.11081 -1.3802 -0.21551 -0.27668 0.67203 -0.014857 0.17765 0.14168 0.33868 -0.57446 0.91995 1.2144 0.51791 -0.0076564
-0.15873 0.80742 0.6785 -0.6353 0.16508 1.0315 -0.12527 -0.42228 -0.032483 -0.0057922 -1.6852 -0.45401 -0.92263 -1.1229 0.12319 -0.31693 -0.16921 0.2944 0.25324 0.3616 -0.19641 -0.89075 0.19577 0.30403 0.64927 -0.16074 -0.6656 -0.12629 0.167 1.1217 0.30859 -0.43142 -0.2778 0.0072217 -0.9385 0.4662 1.627 0.80239 0.13307
-1.5769 1.0572 0.7892 -0.10497 -0.2427 0.12727 -0.17536 0.0039171 0.27158 0.86035 -1.9399 -1.7134 -1.1507 -0.79025 0.13789 -0.31004 0.23006 0.12855 0.2297 0.28236 1.1049 -0.18673 0.28277 0.51508 0.31672 -0.062425 0.34803 -0.13903 0.13914 0.9663 0.35165 -0.35833 -0.20877 0.0096342 -0.41458 -0.029471 0.88625 0.38632 0.18664
-0.61807 0.85602 0.14758 0.97472 -0.21936 -0.37296 -0.62112 -0.85572 -0.3769 1.0001 0.060531 0.5024 -1.0823 -0.74228 0.017783 0.20117 0.68753 0.55158 -0.1404 -0.47036 0.02463 -1.0386 0.37433 1.0911 0.85092 0.098073 1.4267 -0.1879 0.39491 0.32231 -0.24505 -0.431 -0.29087 -0.14542 0.55184 -0.13919 0.31778 -0.1675 0.22732
-1.1774 1.0108 0.43523 0.015178 -0.083672 -0.38392 0.4737 -0.98363 -1.9102 -0.6184 0.8238 1.7203 -0.96871 0.25706 0.070469 -0.20222 1.0048 0.21668 -0.43256 -0.0355 0.073212 -0.47046 -0.15944 0.72579 0.60372 0.048462 1.0234 -0.17528 0.5165 -0.51444 -0.31969 -0.41904 -0.35364 -0.65125 0.62758 -0.34934 -0.67167 -1.2204 0.058517
-0.13299 0.90481 0.40093 0.79802 0.1446 -0.13975 0.26164 1.2902 0.26927 -0.44739 -1.2742 -0.364 -0.94481 0.94874 -0.12939 0.37408 -0.0032351 -0.17446 -0.24662 -0.044647 0.028844 0.28167 0.13797 0.8313 0.19915 0.13464 0.37222 -0.19229 0.042597 -0.94568 -0.53741 0.066709 -0.27331 -0.19607 1.0952 -0.26947 -1.2659 -1.4035 0.12289
-0.88337 0.75554 0.71075 0.92852 0.30847 -0.49719 -1.4016 -1.0332 -0.86486 1.1588 0.35517 0.48201 -0.79131 0.22729 -0.055411 0.58331 -0.37617 -0.057152 -0.52477 -0.61367 -0.1967 0.32274 -0.27596 -0.82005 -1.8738 0.012216 -1.0701 -0.27027 -0.36731 -1.229 -0.39239 0.44349 -0.14169 -0.45966 0.26674 -0.26309 -0.7439 0.1522 0.4537
-0.35589 1.103 0.34482 0.40069 -0.0062444 0.51941 0.30302 -0.2948 -0.35703 -0.046218 -1.0277 -0.40813 -1.1359 -0.046778 -0.21232 -0.12722 -0.34922 -0.22173 0.048405 -0.71343 -0.23202 0.59277 -0.093052 -0.86072 -0.81093 0.30747 -1.2045 -0.24124 -0.6156 -0.79945 -0.33199 0.89511 0.65557 -0.23099 -0.070997 -0.92267 -0.64768 1.383 0.55041
-0.24812 0.77109 1.159 -0.059506 -0.82165 -0.91379 -0.27924 -0.28959 0.41998 1.2115 0.94133 -0.31373 -0.97214 -1.1836 -0.30103 -0.67901 -1.059 -0.42912 0.29974 0.014204 -0.71369 -0.11878 -0.55749 -0.046357 1.4731 0.65873 -0.25724 -0.25705 -0.021324 -0.37456 -0.27659 1.0196 0.77601 -0.17971 0.029161 -0.55401 -0.011597 2.3035 0.45635
-0.78698 0.86061 0.60174 0.49566 0.20377 -1.272 -1.3622 -1.1707 -1.1363 -0.90089 -2.1204 -2.0552 -0.99879 -0.52819 -0.3749 -0.20182 -1.1261 -0.55761 1.1045 0.85566 -0.1739 0.3897 -1.484 -0.96971 1.4733 0.65582 0.37939 -0.039281 0.33673 -0.056091 0.040518 0.53464 0.41102 -0.095748 -0.028094 -0.47897 0.15504 1.0253 -0.19028
-1.0423 0.69683 -0.033146 -0.069788 -0.12795 0.60789 -0.2428 -0.04114 -0.32182 -0.5304 -0.92688 1.3936 -0.41018 0.0056318 -0.36674 0.56151 -0.68777 -0.36637 0.95417 0.042472 -0.58473 0.49539 -0.64502 -0.83122 1.8634 0.53878 1.1593 0.29482 0.45106 0.74066 -0.059072 -0.31886 -0.51685 0.13656 0.72795 1.0948 0.77226 -0.54176 -0.65686
-1.9032 0.54563 -0.23048 -0.38011 -0.34666 0.31457 0.046826 -0.47888 -0.055986 -0.12328 -0.19227 2.6048 -0.25323 0.052226 -0.23723 -0.11493 -0.66205 -0.20374 0.77932 0.026909 -0.488 0.2517 -0.97169 -0.18067 1.1908 0.080255 1.1171 0.61255 0.10996 1.4615 -0.011658 -1.4717 -1.2585 0.060573 0.26566 2.1826 1.4878 -1.6328 -0.66795
-0.49381 0.55546 1.1908 -0.47267 -0.61286 1.3135 0.4106 -1.3291 -0.11045 -1.0718 -1.9638 0.93219 -0.58009 0.63607 0.086098 0.13093 0.014814 -0.72205 -0.14929 -0.56146 -0.2848 1.304 1.2445 1.1553 0.5223 -0.053515 1.0971 0.20898 -0.3703 1.6528 -0.21697 -1.523 -0.80928 0.79998 0.04798 2.21 1.841 -2.4115 0.031971
0.17986 0.76827 1.4852 -0.21839 -0.5741 0.39055 -0.5685 -0.97792 0.53781 -0.037811 -1.7813 1.0467 -0.83512 1.1898 0.34319 0.20796 1.125 -0.41703 -1.2107 -1.2268 -0.20358 0.49061 1.6894 1.1501 -1.2381 -0.064997 0.85711 -0.47646 -0.63448 1.4335 -0.31274 -1.3102 -0.16521 1.2641 -0.27443 1.6723 1.7561 -1.8817 1.0212
-0.99651 0.50194 -0.0039257 -0.59228 -0.49428 -0.71745 -0.99866 -0.94365 -0.31134 -1.0641 0.59688 0.21291 -0.9046 1.4337 -0.33298 -0.33314 1.365 -0.63788 -1.0182 -0.87051 0.86811 0.4816 2.1945 2.3652 -1.9385 0.66377 0.4079 -1.1739 -0.81417 0.20381 -0.16093 -0.27506 1.1514 1.4258 -1.0953 -0.18396 0.94344 -1.011 1.4719
-0.44131 1.0518 0.22605 0.78772 -0.65541 -0.70571 -1.7801 -0.95701 1.0404 1.7932 0.18151 0.30276 -0.5567 1.2145 -0.75769 -1.1264 1.2148 -0.783 -1.3373 -0.14749 1.4564 0.17676 1.7051 2.8963 -1.4831 1.2853 0.42483 -1.2395 -0.18683 -1.0267 -0.33217 0.55122 2.1356 1.0278 -0.56455 -1.156 0.12787 0.43878 1.2419
0.16171 0.92084 0.396 1.0602 -0.65455 -0.42071 -0.98732 -0.24507 -0.093215 1.4089 0.74594 0.56096 -0.19848 1.3692 -1.1658 -0.79251 0.31012 -0.82417 -0.61192 1.0454 1.7286 -0.53194 0.87294 2.2412 -1.4321 1.5236 0.39079 -0.95505 0.30688 -1.8627 -0.29174 0.66389 1.9013 0.022515 -0.37837 -2.1697 -0.85377 0.94971 0.137
0.29211 -0.32229 0.21432 0.5358 -1.3368 -0.16982 -0.35056 0.50965 0.64107 1.8002 3.0805 -0.96252 0.39852 1.9983 -1.1436 0.058849 -0.22058 -0.89333 -0.32329 1.8122 1.4157 -0.021328 0.14553 1.4421 -0.52546 1.4059 0.10413 -0.39345 0.30394 -1.7384 -0.10833 0.75981 0.86481 -0.69634 0.31522 -1.7011 -1.1846 0.61225 -0.8552
1.0982 -0.061196 0.16844 0.49376 -1.3274 -1.0474 -0.05311 0.324 0.066044 0.12801 1.7717 -0.96084 0.29728 1.7562 -1.6059 -0.35088 -1.2938 -1.085 -0.21421 1.706 0.9328 -0.096308 -1.1501 1.2412 -0.37918 0.81629 -0.71597 0.43407 -0.22721 -1.0533 0.058691 0.38452 -0.71099 -1.16 0.82841 -0.4146 -1.3288 0.24222 -1.4022
0.85452 -0.25022 0.15627 -0.36313 -1.1336 -0.77265 0.35032 1.1022 -0.55999 0.81978 1.9009 -0.75938 0.33936 1.2148 -1.14 -0.77801 -1.1363 -0.85035 -0.037545 1.1298 0.46484 0.55515 -0.52047 0.8439 -0.67966 0.33591 -1.6715 0.73557 -0.59225 -0.50815 0.097106 0.34447 -1.9063 -1.2897 0.7589 1.0922 -1.2814 -0.27554 -1.281
1.2115 -0.11948 0.22222 -0.03532 -1.4035 -1.0991 0.79982 0.29135 0.65793 0.27232 2.5951 0.30215 0.44966 0.46556 -0.49755 -0.83089 -1.1528 -0.76611 0.0096511 0.031499 -0.11019 0.71805 0.40545 -0.31785 -0.80166 -0.080109 -1.7298 1.2429 0.014374 0.26309 0.14609 0.091498 -2.3153 -1.2737 0.71941 1.9079 -1.4691 -0.22551 -0.85248
1.6443 -0.82932 -0.17106 -0.39008 -1.9818 -0.47248 0.11682 0.3335 0.75816 0.65517 2.3393 -0.41451 0.25963 -0.38688 -0.56415 -0.8631 -1.2314 -0.90946 0.25088 -0.95301 -0.63567 0.98213 1.421 -0.53611 -0.84758 -0.099475 -1.5811 1.3451 0.86251 0.3956 0.62353 -0.15171 -2.1305 -1.1627 -0.23584 1.285 -1.5953 0.17213 -0.75614
1.2759 -0.53268 -0.56042 -0.088587 -1.583 -0.27316 0.60816 0.80653 0.64216 1.1083 2.9957 -1.672 0.34842 -0.5792 0.01988 -0.29848 -0.79941 -0.83082 -0.16723 -1.6239 -1.0578 1.0283 1.4772 -1.2244 -0.72357 -0.26492 -1.2748 1.7242 1.2246 1.0397 1.7444 -0.31919 -0.91477 -0.33126 -0.77211 0.082247 -1.1716 0.79909 -0.92945
0.69136 -0.60602 -0.46816 -1.0372 -2.1332 -0.76437 -0.67704 0.23407 1.1266 1.9603 1.3204 -2.3035 0.26945 -1.1292 0.67227 0.60396 -0.62784 0.1994 -0.23371 -2.0664 -1.3808 -0.015314 1.362 -2.126 -0.31251 -0.7234 -0.98294 1.9199 1.529 1.7259 2.237 -0.54302 0.33285 0.52129 -0.68465 -1.35 -0.77476 1.1849 -1.2604
0.51875 -0.58308 -0.48189 -1.1417 -2.0792 -0.83068 -1.1993 -0.51485 0.7393 1.7941 0.69588 -1.0689 0.22691 -1.4733 1.538 0.78311 0.38908 1.558 -0.3603 -1.15 -0.39884 -0.18293 0.57541 -2.0479 0.65285 -1.1846 -0.65722 1.3883 1.3949 2.2538 2.1318 -0.45529 1.3943 0.96769 -0.51676 -2.0835 0.20566 0.77701 -1.1637
0.64063 0.014759 0.27375 -0.78444 -1.9853 -1.1816 -1.2635 -0.40508 1.1399 2.183 0.502 -0.75349 0.08465 -1.7199 1.6315 1.5317 1.2522 1.5925 -0.70272 -0.58244 0.074036 0.34861 -0.70013 -1.8079 0.99593 -1.5617 0.082817 0.52961 0.99172 2.0016 0.95613 -0.094781 1.6628 1.1237 0.2422 -2.1805 0.91469 0.23758 -0.53808
0.20562 0.40064 0.84955 -0.50682 -0.94582 -0.89894 -1.7569 -1.4905 0.33745 1.6171 -0.61286 -0.3564 -0.48373 -1.4725 1.6775 1.9141 2.2879 1.9943 -0.81123 0.23735 0.14432 -0.084596 -1.453 -0.98847 0.29792 -1.6202 0.39868 -0.70354 0.29006 0.67974 -0.094364 0.35039 1.2416 0.5313 0.054715 -1.3648 0.93697 -0.12195 0.28139
-0.13722 0.78195 -0.13018 0.43289 0.00016104 -0.62438 -0.39248 1.2988 0.61642 1.3261 0.0084072 -0.48547 -0.90934 -0.97447 1.4195 1.9362 1.9964 1.5509 -0.18148 0.34788 0.58834 0.39769 -1.7688 -0.75759 0.40852 -1.3242 0.26716 -1.4867 -0.30436 -0.65289 -0.81614 0.96773 0.54777 0.26557 -0.074246 -0.1615 0.90414 -0.25171 1.298
-0.99802 0.80301 1.1608 0.80272 -0.87195 -1.7274 -0.5637 0.5749 1.7488 0.22977 -0.11861 -1.0857 -0.9822 -1.1174 0.56487 1.1233 1.2132 1.4042 0.076754 0.70098 0.40316 -0.089443 -1.4904 -0.62776 0.73555 -0.86999 0.12764 -2.1096 -0.60879 -2.3645 -1.6536 1.2716 -0.78088 -0.4955 -0.18644 0.51881 0.92325 0.054452 2.1158
-0.54864 0.8761 1.5553 1.0893 -0.44817 -1.95 -0.95074 -0.76886 0.46763 0.48565 -0.40253 -1.7966 -1.0345 -1.4076 -0.095529 1.3213 0.58889 0.51455 0.75871 0.1973 0.47376 0.23233 -1.0026 -0.11256 0.29377 0.049837 0.61442 -2.1159 -1.156 -3.2687 -1.3299 1.1742 -1.2857 -0.17729 -0.25486 0.6854 1.4475 0.42453 2.5666
0.048144 0.96083 1.5783 0.50985 -0.68398 -0.39765 -1.1483 0.20592 1.4395 -0.020335 -0.73424 0.68453 -0.85637 -1.0194 -0.80616 1.0277 -1.2875 -0.25105 1.2185 -1.1738 -0.78721 -0.32656 -0.8688 0.60525 0.51451 0.92891 1.23 -1.6932 -1.5322 -3.3624 -1.0639 0.9416 -1.1803 0.6714 0.59532 0.50835 1.55 0.47335 2.6559
-1.0247 0.50545 0.9823 0.3363 0.20038 -0.91988 -0.1331 -0.045074 0.28553 0.67994 -0.83244 0.48422 -0.93656 0.096939 -1.1458 -0.26694 -2.6587 0.15239 1.557 -1.1502 0.82938 0.066011 -0.79683 1.6536 1.455 1.7012 1.3312 -1.2635 -2.1075 -2.6185 -0.43023 0.3937 0.066079 1.0264 0.75537 0.50835 0.71088 -0.35154 2.1594
-1.9518 0.3795 2.0325 0.62034 -0.34961 0.35409 -1.3731 0.46932 1.0809 0.19132 -0.14527 -1.0165 -0.43334 0.36851 -1.5109 -1.0602 -3.2369 -0.19905 1.5319 -0.86265 1.5639 1.1041 -0.64583 1.7342 1.1933 2.3656 1.4433 -0.62683 -1.7436 -1.0349 -0.10783 0.091913 1.567 0.94666 0.96433 0.13052 -0.61278 -1.438 1.368
-1.0837 -0.09317 1.0875 -1.3917 -0.99252 0.050827 -2.4537 -0.41666 0.51903 -0.39655 1.6187 -0.25666 0.09045 0.32046 -1.6833 -1.7237 -3.1724 -0.24371 1.3844 0.14765 1.3448 0.92117 -0.16665 0.78895 -0.73851 2.6341 1.1419 -0.12688 -1.0364 0.43017 0.13148 -0.31085 2.4787 -0.72487 -0.24909 -0.30211 -1.87 -2.1563 0.29464
0.18026 -0.17723 0.91929 -2.0882 -0.40555 -0.23772 -1.7687 1.8941 1.9494 -0.79827 2.3388 1.4444 0.68849 1.4943 -1.4986 -1.6299 -2.9184 -0.24994 1.4968 1.1051 0.84266 1.0336 -0.95201 -0.30263 -1.3619 2.556 0.44955 0.35264 -0.13831 1.9767 1.0213 -0.066655 2.8948 -1.3488 -1.6381 -0.4983 -2.1657 -1.8617 -0.81171
-0.00087329 -0.56552 0.32608 -2.0852 -0.58152 0.64426 -1.4814 1.3192 2.0655 0.10691 0.92923 0.38984 1.1557 1.6123 -1.3444 -2.002 -2.0706 0.37824 0.97865 2.508 -0.25629 -0.33839 -1.2312 -1.3336 -1.7481 2.0597 -0.542 0.49827 0.59288 2.7955 1.6333 0.21619 2.2391 -1.4823 -2.6775 -0.54485 -1.519 -0.78687 -1.5693
-0.8105 -0.81317 -0.27677 -2.3469 -0.56064 1.4904 0.14681 1.4793 1.6441 0.35375 -0.84032 -1.6418 1.3418 0.54363 -1.1355 -1.2061 -0.25885 1.1679 1.6165 3.3814 -0.3262 -1.2554 -1.0726 -1.837 -2.1642 1.4162 -1.3576 0.45176 0.97331 2.9044 1.7433 0.030582 0.92961 -0.88964 -2.9405 -0.12887 -0.12041 0.48159 -1.7695
0.38174 -0.92229 0.25775 -2.4002 -0.22245 1.08 0.67234 0.37099 1.2811 -1.4392 -0.90015 -2.179 1.3742 -0.18362 -1.0961 -0.80824 0.49944 1.7413 1.7597 3.201 -1.0278 -2.8316 -1.1535 -1.7053 -1.9439 0.80999 -0.83742 0.51211 1.3613 2.4721 1.1009 -0.26295 -0.91301 0.044272 -1.8974 0.44792 1.3124 1.8427 -1.3005
0.13008 -0.99132 -0.11124 -2.1381 -0.23626 1.0251 0.79963 -0.41561 0.04958 -1.8757 -0.67685 -2.3733 1.5946 -0.068131 -0.9255 -0.36452 0.99409 1.9452 1.1783 2.488 -0.54653 -3.0998 -1.2502 -0.41311 -0.20834 0.48098 -0.16226 0.48237 0.87855 1.4033 0.13066 -1.0855 -2.0258 0.53864 -0.56822 1.2175 1.9928 2.3532 -0.67706
-0.26421 -1.2354 -0.062731 -1.717 0.60896 2.2552 1.725 0.80332 -0.25678 -1.237 -0.2571 -1.3872 1.5458 0.40232 -0.65938 0.18897 1.7228 1.7997 0.69555 1.2198 -0.058356 -2.8816 -0.3094 0.69576 1.1863 0.54383 0.0035683 0.37179 0.46325 0.51437 -0.73445 -1.4268 -2.316 0.95239 0.94017 1.6592 1.7077 1.6565 -0.34865
-0.27925 -1.4125 -0.11902 -1.5889 1.4409 2.3173 2.1311 0.85087 -1.1601 -1.3885 -1.1003 -1.2011 1.5633 -0.039244 -0.60954 -0.025583 1.6271 1.3377 0.037251 0.54496 0.26287 -2.2559 0.79591 1.1462 1.2544 0.51839 -0.21039 0.29172 0.039686 -0.23083 -1.2201 -1.3074 -1.9386 0.33839 1.5547 1.2976 0.76578 0.077034 -0.33388
-0.26513 -1.532 -0.22575 -1.1702 0.88026 2.0283 1.701 0.52384 -1.2325 -1.2136 -0.14164 -0.63491 1.6744 -0.18685 -0.67977 -0.10077 1.0817 0.80765 -0.44889 -0.20001 0.46652 -1.5102 0.95046 1.0943 0.84631 0.26215 -0.59356 0.20671 -0.31066 -0.84741 -1.3205 -0.84756 -1.2587 -0.14243 1.7436 0.18829 -0.034052 -0.85233 -0.61301
0.43077 -1.3143 0.35393 -0.47378 0.98652 1.8022 1.3851 0.84724 -1.5575 -0.57048 0.46468 -0.63049 1.9704 -0.15084 -0.46412 -0.16091 0.87309 0.39743 -0.79504 -0.46513 -0.13457 -0.91406 0.56204 0.97004 0.16825 0.11524 -0.7513 0.28889 -0.39159 -1.0537 -0.80545 -0.14755 -0.5112 -0.43598 1.5953 -0.77305 -0.75254 -0.92752 -0.75956
0.10524 -1.577 -0.025331 -0.97718 0.97675 0.71363 1.3339 0.14744 -1.4576 -0.8101 1.0665 -1.0185 1.8608 -0.61495 -0.41162 -0.36138 0.54929 0.059329 -0.53424 -0.66003 -0.14425 -0.3343 0.14881 0.67059 -0.014551 -0.18764 -0.71991 0.44996 -0.3842 -1.0721 -0.22856 0.54166 0.21003 -0.44641 1.3213 -1.1583 -1.2567 -0.51322 -0.68982
-0.67992 -1.8767 -0.43785 -1.2073 0.92967 1.3416 0.89134 0.94945 -1.7876 -0.6297 0.55871 -1.0844 1.6429 -1.1847 -0.29677 -0.66961 -0.02821 0.35663 -0.19654 -0.20446 -0.30185 0.10209 -0.28263 -0.27841 -0.21686 -0.41365 -0.087525 0.64434 -0.11224 -1.0682 0.0018494 0.90847 0.43638 -0.076058 1.0298 -0.93405 -1.4606 0.11629 -0.45388
-0.38641 -1.649 -0.15436 -0.59164 1.5233 1.7781 1.736 0.60487 -1.4423 -0.81851 0.57142 -1.0215 1.6033 -0.97241 -0.068927 -0.60649 -0.42216 0.43064 0.32373 0.046232 -0.34075 0.42477 -0.83623 -0.98693 0.0066643 -0.52379 0.84593 0.91435 0.29726 -0.90833 0.11149 0.80414 0.51681 0.043655 0.98169 -0.45269 -1.1858 0.47812 -0.078411
-0.88224 -1.8018 -0.45129 -0.83168 1.0978 1.5863 0.95207 0.48551 -1.5611 -1.3653 0.0012967 -0.85633 1.4363 -0.1263 0.35793 -0.27308 -0.58871 0.19694 0.56545 -0.016123 -0.18855 0.61422 -0.72971 -1.3388 0.44665 -0.4066 1.2614 0.86446 0.45775 -0.99727 -0.43495 0.27995 -0.12124 0.32462 1.1983 0.35919 -0.67166 0.75153 0.089351
-1.2476 -1.6554 -0.67304 -1.135 1.1645 1.4323 1.4292 0.024593 -1.0539 -1.241 -0.36959 -0.9681 1.4923 0.39663 0.6696 -0.0033413 -0.83052 0.30638 0.67014 0.19917 -0.11436 1.2292 -0.50028 -1.3543 0.7021 -0.30744 1.1708 0.71668 0.27976 -0.98499 -0.96922 -0.55993 -0.53823 0.56273 1.5142 1.114 -0.13282 0.59956 0.091845
-0.26106 -1.3976 -0.13891 -1.2326 1.4639 1.8827 1.3668 0.4192 -1.1301 -1.6592 -0.8188 -0.76033 1.4951 0.42606 0.66582 -0.10488 -1.6441 -0.32135 0.19012 -0.52717 0.23189 1.9171 0.21434 -1.5597 1.0577 -0.38179 0.77058 0.51045 -0.0083373 -0.74269 -1.4212 -1.4546 -1.0984 0.84096 1.7109 1.2741 0.55147 0.68334 -0.16103
-0.11113 -1.3273 -0.46325 -1.7987 1.0262 1.5862 1.0623 0.32977 -0.90651 -1.3999 -0.98478 -0.35815 1.3831 0.88209 0.88175 -0.16809 -1.6924 -0.93741 -0.57182 -0.72848 0.57087 2.5705 0.7861 -1.1991 1.0044 -0.39235 0.29419 0.46807 -0.16611 -0.10044 -1.5406 -2.1828 -1.5023 0.94755 1.423 1.2837 1.287 0.63446 -0.40633
-0.40658 -1.1641 -0.32882 -1.696 1.5995 2.6953 1.5677 0.9366 -0.043724 -1.1214 -1.4514 -0.13354 1.3062 1.0349 1.0394 -0.22472 -1.5199 -1.5589 -1.6472 -1.6357 1.1456 3.1018 1.0248 -0.28836 1.7746 -0.60664 -0.053147 0.61774 0.011914 0.87893 -0.8808 -2.3806 -1.224 0.37899 0.32805 1.0672 1.8198 0.17668 -0.56768
-0.36844 -1.1277 -0.45634 -2.5923 0.69453 1.3652 0.38835 0.66654 1.0009 -0.53572 -2.0762 0.45741 1.1505 0.63113 1.2052 -0.2822 -1.0996 -1.6508 -2.6693 -2.0895 1.3182 3.2665 1.5103 0.6974 1.7201 -0.81228 -0.68118 0.66546 0.29501 1.2743 -0.50225 -1.9911 -0.67405 -0.5724 -1.2324 0.79036 1.9289 -0.33949 -0.78401
0.068553 -0.83282 -0.78099 -2.5853 -0.1567 0.23477 0.12449 1.0174 1.407 -0.52645 -1.5933 0.037859 1.1353 0.45977 1.4566 -0.042722 -0.386 -1.4451 -3.4064 -2.1663 0.61362 2.1888 1.8581 1.3089 1.1155 -1.0356 -1.1252 0.75438 0.88147 1.7331 0.35628 -0.62531 0.61656 -1.7213 -2.8041 0.242 1.516 -1.0896 -0.79066
0.3664 -0.44963 -0.58374 -2.5575 -0.15801 -0.64209 -0.75227 1.7787 2.2916 -0.33845 -0.21555 1.882 0.89503 -0.062498 1.699 0.29286 0.0061773 -1.8462 -3.5753 -1.7487 -0.30534 0.78239 1.851 2.0504 0.66638 -1.3722 -1.4763 0.55739 1.307 2.0029 1.0209 0.79664 1.4739 -2.2595 -3.3211 -0.7259 0.26778 -1.4562 -0.70324
0.32439 -0.18108 -0.33355 -2.3108 0.17884 -1.0745 -1.0671 2.0316 2.2286 0.3112 0.38924 1.23 0.65298 -0.65678 1.9551 1.1726 1.0179 -0.88753 -2.4053 -0.66513 -1.4764 -0.7858 1.2975 2.2081 0.059646 -1.5311 -1.5087 0.056315 1.1106 1.743 1.0511 1.6317 1.9375 -2.0476 -2.7169 -1.8147 -1.033 -1.9044 -0.36516
-0.07224 0.10257 -0.47154 -2.0783 -0.074514 -1.9485 -1.0764 0.44563 1.1497 1.1221 0.33006 0.54233 0.34291 -1.4866 1.8157 1.617 1.7744 -0.25235 -1.5991 -0.087322 -2.1439 -1.3248 0.40058 0.77445 -0.76323 -1.6354 -0.62118 -0.52828 0.5874 1.1018 1.0708 2.0919 1.3713 -1.1124 -1.189 -1.9621 -1.6474 -1.6164 0.14417
-0.80516 0.4945 -0.0007663 -2.1471 -0.97112 -1.7094 -0.5148 0.15102 1.0099 1.0234 1.2509 0.76334 -0.062383 -1.563 1.4875 1.4226 1.8384 -0.51456 -1.19 0.62734 -2.5517 -1.7273 -0.86874 -0.28422 -2.1217 -1.4584 0.3567 -1.0006 -0.14623 0.075403 0.49734 1.9869 0.23627 0.33711 0.51625 -1.303 -1.2692 -0.54954 0.64135
-0.76487 0.90588 0.81886 -1.3559 -0.23341 -1.6455 -0.40763 -1.2147 0.20215 0.41254 1.1968 0.51022 -0.17427 -0.73259 1.1231 1.2846 1.5513 -0.27264 -0.078298 0.16495 -1.987 -0.9118 -0.79716 -0.23707 -1.5905 -1.1848 1.0829 -1.0341 -0.61558 -0.75218 0.45392 1.3343 -0.64879 1.4191 1.2926 -0.063281 -0.56382 0.12476 0.93357
-1.3352 0.9195 0.69568 -0.47783 -0.15347 -2.0366 -0.48596 -0.57891 0.77536 -0.51515 -0.96101 -0.51233 -0.37767 -0.38134 0.76534 1.0384 1.2387 -0.069513 0.7336 -0.36534 -0.88303 -0.027098 -0.5867 -0.018073 -0.63515 -0.77307 0.97917 -1.0959 -0.88503 -1.2869 0.52929 0.71697 -0.95505 2.0585 1.7694 1.3042 -0.029395 1.1479 1.0341
-0.96062 0.90911 0.52086 -0.94919 -0.73191 -2.4467 -0.15708 -0.95002 0.40866 -1.2345 -0.32036 -1.3893 -0.4431 -0.10639 0.58928 0.60205 0.69502 0.2609 0.061583 -0.82907 -0.14825 0.21536 0.12441 -0.59501 -1.1997 -0.54819 0.56368 -0.98171 -0.7096 -1.6149 0.35443 0.34144 -0.84618 1.3492 0.91605 1.5632 0.38396 1.4575 1.0185
-0.16056 0.9213 0.77941 -1.0328 -0.11815 -0.78522 -1.3912 -0.70419 1.1261 0.84887 0.95887 -0.39656 -0.50343 -0.093397 0.071978 0.036334 -0.074366 0.079592 0.15486 -0.68954 0.63411 0.97461 1.1251 -0.20865 0.13708 -0.19316 0.53056 -1.0297 -0.23736 -1.0957 0.37673 0.47423 -0.46147 0.6358 0.17627 1.4455 0.59303 1.5897 0.96165
-1.0941 1.0307 0.73209 -0.89638 -0.61584 -0.84781 -1.3177 -0.80591 0.94827 0.6446 0.96228 0.59469 -0.43882 0.15172 -0.037096 0.39698 -0.72305 0.2234 0.89125 -1.2822 -0.055069 0.28645 1.292 0.63114 1.1273 0.084881 0.76611 -1.2283 0.005827 -0.14499 -0.026875 0.76675 0.37982 0.12009 -0.28844 0.46047 0.75048 1.0652 0.99829
-1.1676 1.3449 0.97625 -1.1245 -0.33999 -2.5342 -1.2582 -0.36487 0.7843 0.63409 -0.70537 -1.859 -0.67072 0.45774 -0.50216 0.66449 -0.049231 0.55686 1.2587 -1.0247 0.33797 0.27851 1.5517 0.585 1.5826 0.38313 1.5866 -1.3183 -0.15668 0.78793 -0.35892 0.49795 1.0094 0.044348 -0.61734 -0.2326 0.66552 -0.48555 0.95782
-1.0004 0.69477 0.63023 -1.0951 -0.048872 -1.5386 -0.88404 -0.14845 1.7949 1.1581 0.066724 0.99751 -0.27217 1.0139 -1.0098 0.28132 0.39532 -0.040262 1.0219 0.034318 0.23882 0.051528 0.76788 0.55812 0.35805 0.69238 2.0437 -1.5294 -0.90732 1.2401 -0.89409 -0.043242 1.6602 0.58874 -0.52097 -0.43585 0.7896 -1.2753 0.90503
-0.72498 0.86108 1.1859 -1.5959 -0.20671 -0.29823 -2.5865 -1.3279 0.48395 0.41932 0.84791 0.6927 -0.30888 2.3612 -1.4661 -0.2264 0.75725 -0.40242 1.0759 0.53176 0.57509 -0.023543 0.93138 1.1977 -0.45245 0.96997 1.8018 -1.0815 -1.6759 0.90422 -1.3559 -0.76108 1.7135 1.1951 -1.0106 -1.0127 0.53956 -1.6287 0.67276
0.15214 0.26284 1.3278 -0.61782 -0.0020487 -0.055428 -1.5405 -0.080166 1.0588 1.8364 1.452 1.0053 -0.052119 2.9158 -1.9042 -0.92813 1.0778 -0.79941 0.91025 1.0426 1.0001 -0.50123 0.76144 1.9577 -0.48691 1.1777 1.0293 -0.55806 -1.8517 0.74525 -0.69044 -1.2634 1.721 2.1372 -0.91741 -1.408 -0.45104 -0.82524 0.49571
0.57334 -0.009718 0.76153 -0.4224 -0.66398 -0.040407 -0.75787 -0.38922 1.2413 1.5793 1.4491 -0.81081 0.16021 2.7833 -1.7153 -1.9859 1.2095 -1.3328 -0.16221 1.6744 2.3403 -1.2826 -0.37826 0.98801 -1.3683 1.1718 -0.63253 0.009962 -1.57 0.0042584 0.23954 -1.3147 1.2174 2.0107 -0.70031 -2.2974 -1.7019 0.09199 0.338
1.3616 -0.25086 0.30364 -0.27464 -1.0851 -0.87974 -0.41439 0.32817 0.84035 1.5551 1.9556 -1.0811 0.39407 2.6766 -1.7406 -2.4337 1.4832 -0.73937 -0.81845 2.6804 3.6183 -0.98535 -1.2592 -0.33434 -0.87112 1.3523 -1.9029 0.29725 -0.70362 -0.52372 1.2876 -0.36821 0.45906 0.89655 0.22329 -2.5361 -2.5163 1.2491 0.19317
1.7672 -0.75853 -0.093041 -0.27352 -0.79932 -1.2612 -0.16065 0.98281 0.24513 1.4238 2.5765 -1.0181 0.50186 1.337 -1.5299 -2.5242 0.53582 -0.052619 -0.61966 1.9834 3.2758 -1.0494 -2.4246 -1.3054 -0.022351 1.4026 -2.4772 0.22839 0.48177 -0.76512 1.8495 1.1501 -0.50731 -1.263 0.94982 -2.1212 -2.1282 1.992 0.049397
1.6522 -0.77858 -1.2464 -0.079998 -1.4458 -0.93926 0.38314 2.795 -0.32662 -0.16115 1.1275 -0.044193 0.80289 0.18831 -1.5372 -2.036 0.4463 0.68055 0.43082 1.7328 2.32 -0.19039 -3.0337 -2.2712 1.5066 1.361 -2.6492 0.28494 1.231 -0.79141 1.4244 1.9828 -1.1046 -3.1213 1.0045 -1.3973 -1.1066 1.3991 -0.27499
2.413 -0.95952 -0.57894 0.46836 -0.40591 -0.91401 1.1656 3.437 -0.069734 -0.62888 -0.14958 -0.38302 1.0434 -0.46608 -1.4632 -1.272 0.32548 1.0102 1.4753 1.1761 0.46985 0.080979 -3.5236 -2.5965 1.6686 1.2465 -1.8846 0.3473 1.7762 -0.16758 1.2675 1.8321 -0.81392 -3.7115 0.58113 -0.17936 0.24391 0.078949 -0.52668
1.0898 -1.3581 -1.1682 -0.40083 -0.16576 -0.67296 0.77751 3.0106 0.39521 -0.78491 -0.4082 0.294 1.3347 -1.2277 -1.3332 -0.6998 0.13863 1.0764 2.0254 0.98901 -1.2047 0.31084 -3.3713 -2.076 1.2648 1.0138 -1.0404 0.71185 1.5345 0.014385 0.64482 0.85496 -0.91887 -3.1175 -0.66435 0.70932 1.6151 -1.0364 -0.67895
0.84941 -1.6461 -1.2438 0.13928 -0.35098 0.55847 1.38 1.5844 1.2889 -2.0094 -1.6193 1.1579 1.4018 -1.3723 -1.0953 0.22071 0.36191 1.8361 2.1794 0.80679 -2.3651 -0.21569 -2.6108 -0.92703 0.30915 0.77506 -0.29835 0.97256 1.0721 0.11394 0.1304 -0.23605 -0.81267 -1.2271 -1.4501 1.6355 2.3313 -1.3202 -0.7643
1.3597 -1.7901 -0.91764 0.078318 -0.22806 0.73121 0.70919 0.78841 0.046595 -2.7201 -1.0802 0.78928 1.4936 -1.243 -0.62396 0.16381 0.42761 1.3203 1.7635 0.17159 -2.481 -1.244 -2.1621 0.27699 0.056075 0.56293 0.24511 1.1116 0.67043 -0.14695 -0.16069 -1.2549 -0.98463 0.54583 -1.953 2.3679 2.2015 -0.98974 -0.609
0.38865 -1.973 -1.1646 -0.063064 0.058744 1.1324 1.4656 0.57064 0.10693 -2.8901 -0.53964 0.5073 1.4481 -0.99546 -0.31977 0.3492 0.35957 1.0869 1.1566 0.038545 -1.34 -1.7859 -1.0461 1.1284 -0.45301 0.30774 0.19822 0.99799 0.22347 -0.38588 -0.42125 -1.4668 -0.58003 1.5704 -1.1149 2.6519 1.4015 -0.29196 -0.41409
0.57152 -1.6989 -0.5844 0.69717 1.1646 1.5303 1.7635 0.792 -0.72859 -3.0309 -0.66936 -0.19438 1.6467 -0.96634 -0.0090532 0.5131 -0.15087 1.1664 0.093994 -0.49639 -0.62909 -2.4714 0.31545 1.5224 -0.3864 0.32051 0.4237 0.81798 0.3293 -0.39907 -0.32635 -1.1149 0.046848 1.3709 0.15347 2.5689 0.59825 0.086602 -0.11318
0.79139 -1.6151 -0.72778 0.49714 0.64768 0.90731 0.79107 0.37094 -1.2093 -3.0002 0.31473 0.2419 1.667 -1.146 0.13446 0.45982 -0.06924 1.1958 0.15687 0.031956 -0.1594 -1.6309 1.1574 1.3804 -0.037445 0.26715 0.35904 0.47042 0.21243 -0.48714 -0.68098 -0.25809 0.57813 0.66282 1.0678 1.8229 -0.1724 0.22411 -0.060634
-0.30911 -1.918 -1.0687 -0.26702 0.40907 1.1123 0.86902 1.1843 -0.95583 -2.0442 0.88815 0.25697 1.5695 -0.39366 0.4093 0.72668 -0.1021 0.70611 0.09455 0.24466 -0.33751 -1.0222 1.586 1.3782 0.074983 0.41382 0.53881 0.16155 0.24123 -0.2655 -0.8096 0.84576 1.1336 0.35443 1.5381 0.79429 -0.85689 -0.37049 -0.24183
0.17685 -1.6957 -0.47968 -0.098811 0.85955 0.56744 0.4991 0.15413 -2.1338 -1.8371 0.46545 0.76408 1.7601 -0.62511 0.19703 0.63485 -0.56734 0.16838 0.66361 0.73667 -0.16431 -0.53294 1.7555 0.7939 -0.16842 0.17197 0.86406 0.023548 0.12237 -0.24791 -0.67487 0.93338 0.80759 0.18039 1.1321 -0.10185 -1.2587 -0.87927 -0.47587
-0.16148 -1.6897 -0.48656 0.27953 1.3684 1.5592 1.6891 0.6282 -1.3749 -1.5511 1.0669 0.35576 1.7128 -0.24366 0.21071 0.87365 -0.40569 0.31789 1.5074 1.2643 0.079754 -0.17945 1.5054 -0.042066 -1.0536 0.0021579 0.64748 -0.11612 -0.50339 -0.18544 -0.59999 0.5942 0.27531 0.25978 0.91456 -0.75106 -1.5002 -0.95099 -0.7844
0.40391 -1.3037 -0.17197 0.21461 0.95005 1.4155 2.0673 0.093907 -1.0308 -1.243 1.5834 0.088261 1.9954 0.35274 0.2726 0.60481 -0.38969 0.25142 1.2886 1.0222 -0.0087673 0.043385 0.98953 -0.61896 -1.2736 -0.25054 0.64114 0.021241 -1.225 -0.096923 -0.76606 -0.49351 -0.33616 0.078082 0.76269 -0.93072 -1.1434 -0.16488 -0.8208
-0.29072 -1.671 -0.151 -0.28013 0.8837 2.3542 2.0593 0.84522 -1.6891 -1.0206 0.33375 -0.50895 1.6382 0.29785 0.19559 -0.24861 -0.55082 -0.34953 0.95667 0.6012 0.10233 0.38604 0.53129 -1.1369 -1.3234 -0.5698 0.64763 0.14313 -1.779 -0.037921 -0.92901 -1.5142 -0.51035 -0.088535 0.63466 -0.83097 -0.53617 0.72406 -0.84205
0.27994 -1.5772 -0.073431 -0.30964 0.7799 2.7729 1.93 0.78128 -1.4222 -1.0139 0.18511 -1.2459 1.5452 0.27306 0.23987 -1.1883 -0.69545 -0.78777 -0.014316 0.41789 -0.02039 0.60191 0.46457 -1.1237 -0.33462 -0.79255 0.94939 0.62292 -1.6103 0.34231 -0.88914 -2.3391 -0.44112 0.0090214 0.52025 -0.22879 0.56303 1.2069 -0.63731
0.25463 -1.5717 -0.50002 -0.62399 0.99655 1.9217 1.7719 0.68358 -1.2516 -0.89167 -0.2115 -0.79583 1.3594 0.97689 0.44979 -1.6841 -0.34737 -0.72296 -0.79122 0.58863 -0.091551 0.72386 0.1788 -0.96745 0.041511 -1.0098 0.64018 1.6146 -0.086602 0.79337 -0.59245 -2.5432 -0.8109 0.044159 0.50832 0.19985 1.2484 1.2549 -1.0174
0.43693 -1.3739 -0.87709 -0.27735 0.57885 1.7631 1.6439 0.096834 -1.3844 -1.3532 -1.008 -0.80798 1.2866 1.7419 1.106 -1.8059 0.097916 -1.0561 -2.4014 0.18084 0.10563 0.84705 0.71717 0.44886 0.62177 -1.0007 -0.45299 2.1033 1.6329 1.1081 0.29011 -1.4691 -1.5134 -0.23523 0.50677 0.25103 1.2962 0.60247 -1.2795
0.088784 -1.2964 -1.7325 -0.47727 0.29422 1.446 2.8618 0.64699 -0.18867 -0.6486 0.21652 0.31939 1.0836 0.73064 2.2479 -0.125 0.45309 -1.217 -2.8131 -0.82316 0.12686 1.2141 0.76818 0.68238 0.87717 -2.0166 -1.1956 1.32 2.2508 0.9774 0.94209 -0.23752 -1.777 0.10279 0.47614 0.21386 0.73409 0.43715 -0.86245
1.748 -0.9084 -1.4518 -0.27749 0.22939 0.79936 2.7573 0.28081 -0.7241 -1.0536 -0.32003 -0.55772 0.92942 -0.42164 2.5775 1.1684 0.87098 -0.076966 -1.8654 -1.7398 -0.59929 1.3046 0.63 0.75825 0.55693 -2.2405 -1.0245 -0.41315 1.4005 0.51728 1.4061 0.87483 -1.8431 0.21699 0.15993 -0.41152 -0.32014 0.0065737 0.0899
1.7345 -0.45409 -1.6124 -0.21278 -0.227 -0.90608 1.4741 1.4063 -0.9637 0.28101 1.5963 -0.081294 0.63235 -0.10761 1.7464 1.1587 0.99768 0.33381 -1.5117 -1.8103 0.4654 1.3867 0.61209 0.39306 1.0363 -1.7041 0.045122 -2.2518 -0.86067 -0.33529 1.4821 1.324 -1.3259 0.45753 -0.11484 -0.43076 -0.77861 -0.11672 1.5409
0.087538 1.09 0.67813 0.15254 -0.25623 -0.56729 0.11718 0.49523 0.38283 -0.44162 0.38754 -0.016693 -0.88961 0.3055 0.72411 0.23965 0.72964 0.48528 -1.3284 -2.8092 0.36862 1.0719 0.00055474 -0.12626 0.60091 -1.0161 1.2308 -3.0439 -2.6283 -1.0839 1.0695 1.2934 -0.084251 0.37538 -0.53458 -0.26305 -1.2564 -0.29155 2.2962
-0.78678 0.59559 0.24948 0.44182 1.5763 0.58221 -0.18638 -1.0093 0.21126 -0.62018 0.21987 -0.066368 -0.41508 0.45373 -0.28521 -1.3411 -0.10565 0.9448 -0.47909 -2.7997 0.55493 1.1373 0.25178 -0.56711 0.65514 -0.27105 1.7347 -2.7207 -3.5559 -1.4038 0.59246 1.1724 1.0788 -0.41262 -0.89303 0.15621 -1.2616 -0.83521 2.4393
1.3817 -0.53022 -1.0971 0.62068 0.39021 -0.18498 0.97915 2.0539 0.513 -0.42135 -0.31341 1.3886 0.32429 1.5373 -1.0845 -2.6766 -0.5532 1.3755 0.16078 -1.4218 0.10411 0.46561 0.29666 -1.4664 0.18056 0.55476 1.3188 -1.314 -2.7471 -1.4308 -0.24763 0.73553 1.9948 -0.79459 -0.64403 0.97621 -0.68124 -0.89586 1.4379
1.6826 -0.75006 -2.2052 -0.091882 0.33161 -1.0117 -0.93621 1.0037 0.55172 -0.78701 0.33941 0.23166 0.30463 2.4311 -1.5301 -4.27 -0.91219 0.85451 0.049443 -0.494 -0.22586 0.06818 0.74458 -1.6526 -0.46146 1.2408 0.096911 0.67112 -0.36304 -0.65409 -0.85191 0.702 2.159 -1.723 -0.59555 0.85313 0.27029 -1.0734 -0.097469
2.1121 -0.625 -2.5344 -0.71951 1.1198 -0.20012 -1.4413 1.1305 0.29858 0.11588 -0.65312 0.092722 0.33409 1.7163 -0.6712 -3.6204 -1.4668 0.10136 -0.14152 -0.23 -0.82635 0.44188 1.5877 -1.0688 -0.67607 0.42831 -1.4726 1.9698 2.1765 0.11558 -1.5623 0.77694 1.8916 -1.3777 -0.37735 0.096811 1.4149 -0.42134 -1.3126
2.1629 -0.58513 -2.7955 -0.41317 1.4355 -0.29979 -0.051793 0.52407 -0.1742 0.51515 -1.3437 0.087628 0.41141 0.54497 0.5427 -1.5884 -0.85164 0.14945 1.0576 0.64526 -2.4169 0.073518 1.2067 -0.23397 -1.1244 -0.35322 -2.1789 2.1938 3.8348 0.71388 -1.908 0.75443 1.4715 -0.50576 -0.49643 -1.0769 2.2564 0.27749 -1.7243
1.9967 -0.5216 -3.4293 -0.39541 0.92877 0.12589 -0.1602 -0.65733 0.83054 0.031098 -2.504 -0.68048 0.42428 -0.18887 0.9106 0.16888 -0.40194 -0.88395 1.1889 1.5467 -1.5488 -0.21213 0.23364 0.78272 -0.32732 -0.65018 -1.5321 1.2126 3.6264 0.89388 -1.7211 0.40845 0.69239 0.79124 -0.49504 -1.4552 2.2556 0.70474 -0.96339
1.5482 -0.5319 -3.607 -1.273 0.98284 -0.13892 -0.19813 -0.66365 1.0449 1.6687 -0.38473 -0.078067 0.12697 -0.56812 1.055 1.2251 -0.187 -1.8388 0.87237 1.3659 -0.87391 -0.49849 -0.63315 2.1642 -0.0085103 -0.85082 -0.52852 0.096877 2.247 0.71331 -0.83725 -0.46162 -0.10101 2.0777 -0.21096 -0.58183 1.4346 0.83841 -0.1586
2.4255 0.15021 -2.3177 -0.16255 0.23 1.2134 1.3008 -0.99539 0.13593 0.26414 0.1926 -0.51807 -0.12026 -0.50444 0.93978 1.96 -0.21773 -1.7802 0.76236 0.69316 -0.020257 -0.16323 -0.26367 2.4729 0.29 -0.79123 0.11264 -0.52179 0.62802 0.63565 0.76054 -0.70774 -0.91979 1.7029 0.09305 0.4299 -0.15164 0.22091 0.60775
1.348 0.15977 -1.8045 -0.88129 -0.36162 0.34011 0.29374 -0.22886 -0.14009 -0.84096 1.3372 -0.020223 -0.27791 -0.25222 0.6797 1.8386 0.31284 -0.81049 0.37994 0.8638 0.96232 -0.32058 0.33812 1.9212 0.37149 -0.52148 0.47753 -1.2254 -1.1003 0.36067 2.0775 -0.7956 -1.3341 0.97205 0.35844 1.3676 -1.9349 -0.19684 1.219
1.5378 0.32803 -1.6513 -0.82752 -0.40886 0.73429 0.4959 0.029642 -0.41071 -0.28963 1.9049 0.058745 -0.30733 -0.13755 0.29853 1.0574 0.46506 -0.15321 0.062673 0.0501 0.92901 -0.11269 0.54686 0.54165 -0.0087333 0.11719 1.0406 -1.5728 -2.0608 0.54399 2.6565 -0.5092 -1.1702 -0.16694 0.6654 0.9704 -2.7304 -0.48962 1.5376
1.6691 0.10861 -1.5265 -0.64995 -0.090859 0.64141 0.68154 -0.11171 0.74394 1.0418 1.1386 0.14418 -0.15861 0.12028 -0.50608 -0.46687 0.093945 0.77921 -0.32206 -0.83915 0.58969 0.1518 1.5363 -1.0132 -0.22735 0.56084 0.87639 -1.7858 -1.8207 0.47769 2.3526 -0.27216 -1.1438 -0.95646 0.60276 -0.19687 -2.626 -0.43856 1.3666
1.774 0.069953 -2.1718 -0.08922 0.53729 0.51745 1.1911 0.53689 0.62098 1.2633 0.56224 -0.28289 -0.10937 1.2036 -0.88317 -0.88596 0.84378 1.818 0.12939 -0.67373 -0.16744 0.83959 0.95973 -1.8895 -0.39325 1.0203 0.2178 -1.5603 -0.81818 0.5232 1.6898 -0.15673 -0.42103 -0.87551 0.11211 -1.4871 -1.5657 -0.035391 0.71702
1.6323 0.011369 -2.143 -0.64258 0.41544 0.35081 -0.18127 0.11398 0.21501 1.4047 0.72941 -0.34185 0.25558 0.67329 -1.4727 -0.72464 0.9563 2.0922 -0.17366 -0.94301 -0.39766 0.32729 -0.25647 -2.4715 -0.31175 1.1184 -0.70947 -1.0072 0.33087 0.61066 0.41969 -0.042219 0.25568 -0.42463 -0.16271 -2.4793 -0.16347 0.38146 0.091804
2.3519 -0.46947 -2.6309 -0.43679 0.6109 0.64578 -0.28594 -0.22365 -0.17236 1.1755 -1.4453 -0.69632 0.302 -0.013842 -1.6148 -0.4121 0.94854 1.9782 -0.30595 -0.70785 -0.32407 0.022942 -1.3883 -2.0897 0.0041226 0.9374 -1.5729 -0.4543 0.6509 0.60796 -0.64292 0.1726 0.56894 0.52002 -0.27068 -1.8674 0.94485 0.69497 -0.42992
2.8521 -0.67943 -2.3089 0.25048 1.6602 0.75382 -0.24453 -0.4582 1.4087 -0.11764 -0.91677 -0.20617 0.71384 -0.55452 -1.6863 -0.082577 1.1135 1.378 -0.1748 -0.35969 -0.17946 0.27904 -2.0005 -1.3008 0.4195 0.74607 -1.0012 0.43276 0.89508 0.8095 -0.94433 0.52608 0.80671 0.90751 -0.20415 -0.35068 1.5384 1.045 -0.49693
1.6903 -1.3059 -2.0892 0.27241 1.7069 0.2766 -0.26978 -0.26262 0.0041429 0.0026295 -2.0962 -0.25184 0.65767 -1.0338 -1.4723 0.032428 1.8323 1.0896 0.47982 0.085977 0.76012 0.38444 -1.7202 -0.51285 0.74465 0.55316 -0.53213 0.95497 0.60539 0.41076 -1.1249 0.65494 0.5236 0.87626 -0.58632 0.88586 1.2758 0.91583 -0.60669
1.2851 -1.3086 -2.1536 0.38255 1.8403 0.066719 0.26251 -0.019687 0.79371 -0.28967 -1.6515 0.052765 0.58842 -0.63005 -0.8759 0.76419 1.944 0.95062 0.47483 0.15847 0.86975 -0.2106 -0.77001 -0.039482 1.5562 0.55483 0.2582 1.5655 0.23484 -0.19804 -0.92267 0.49832 0.17452 0.59377 -0.9387 1.297 1.1003 0.5789 -0.62423
1.2745 -1.4495 -2.4611 0.8403 1.3911 0.48769 0.15892 0.29233 0.68162 -1.0688 -0.82423 0.14366 0.67312 -0.93761 -0.54898 0.31602 1.2457 0.30615 0.66272 -0.00080081 0.89851 -0.79091 -0.3412 -0.056681 1.4029 0.10965 0.84807 1.6374 -0.2034 -0.71756 -0.6633 0.1286 0.14834 -0.098734 -1.0058 0.57575 1.0684 -0.3788 -0.6977
1.1074 -1.464 -2.2452 1.5227 1.5445 1.6343 -0.50344 1.1291 0.54892 -0.35704 -0.71237 0.52541 0.88231 -0.12905 0.2619 0.21135 1.0243 0.21987 0.72084 -0.0064745 0.9351 -0.83879 -0.24904 0.76272 1.3503 0.017655 0.82218 1.369 -0.52058 -1.0503 -0.4668 -0.16152 0.30977 -0.64886 -0.8398 0.12756 1.0173 -1.2856 -0.80517
2.5739 -1.2903 -1.3506 1.7748 2.2809 0.92767 0.029415 0.25454 -0.21605 0.198 -2.1259 1.8843 1.0194 0.26034 0.47925 -0.10197 0.97522 0.33575 0.62059 0.42904 0.52999 -1.1301 -0.90556 1.3099 0.097492 -0.24068 0.61339 1.0244 -0.44537 -1.4709 -0.61966 -1.0376 0.34286 -1.5975 -0.71578 0.31054 0.88797 -1.6747 -0.77755
0.72019 -1.5108 -2.2677 0.94098 1.8363 1.1071 -0.21551 0.59216 0.18373 -0.89778 -1.3722 1.0937 0.53901 0.26865 0.71767 -0.05033 0.16393 0.14284 0.19211 0.50765 -0.24068 -1.5649 -0.26156 1.3928 -0.44449 -0.49662 -0.50291 0.55431 -0.1789 -1.6228 -1.2168 -1.1716 0.090662 -1.9712 -0.71883 1.0905 0.45157 -1.8034 -0.85074
1.4049 -0.80968 -2.0428 1.2875 1.7356 0.86088 0.054101 1.1923 -0.83103 -0.50993 -0.015985 1.2463 0.6009 -0.01792 0.80085 -0.43137 -0.99602 -0.70212 -1.0906 0.36845 -1.7003 -1.7241 0.23787 1.4697 -1.1697 -0.81763 -0.72407 0.58012 1.0946 -1.3766 -0.99603 -0.56021 0.029467 -1.7385 -0.50568 1.9476 -0.22015 -1.2339 -0.59777
1.7597 -0.95996 -2.5709 1.8945 2.0207 1.2205 1.0529 0.61104 -0.15055 -2.236 1.1941 -0.7032 0.38758 -0.8984 0.95605 0.012552 -0.9352 -1.2995 -0.70348 0.17598 -1.882 -1.8437 1.2291 1.5991 -1.7562 -0.9901 -1.0729 0.49579 1.7629 -0.84527 -0.611 0.092381 0.18065 -0.8564 0.08909 1.6282 -0.98385 -0.35445 -0.47206
1.6759 -0.80766 -2.079 1.0038 1.4551 1.1674 0.083841 -0.1422 -1.5174 -0.099863 0.56784 0.21755 0.3935 -0.46618 1.2547 1.9631 -0.97756 -0.61479 -0.015393 0.63198 -2.1174 -1.9014 2.0222 0.69895 -1.7914 -0.90369 -1.0421 0.54529 1.9812 -0.086975 -0.21125 0.59367 0.18861 0.26367 0.56354 0.91924 -1.3453 1.0682 -0.27224
1.3195 -0.69921 -2.3159 0.012897 0.88612 -0.71204 -0.26492 -1.957 -1.6339 0.72512 0.18997 -0.22948 0.11756 -1.4506 1.2557 2.1398 -1.3919 -0.93323 -0.15258 0.69722 -1.7407 -1.2952 1.9145 -0.34867 -0.83261 -1.1713 -0.90708 0.2904 1.1521 0.3486 -0.14172 0.52432 -0.027712 0.7422 1.5663 -0.41533 -0.87116 1.4571 -0.17715
0.54858 -0.31545 -1.2745 0.88467 0.90794 0.65316 0.37243 -1.3036 -2.1562 1.3167 0.50661 -0.57461 -0.1228 -1.6294 1.4921 2.3142 -0.95043 -1.2539 -0.19243 0.44413 -1.2455 -0.94636 1.6208 -0.44947 0.65533 -1.1394 -0.9225 0.033605 0.2113 0.99619 -0.76858 0.10107 -0.81622 0.87229 2.1993 -1.117 0.17197 0.90502 -0.0079722
0.63639 0.063462 0.19516 0.16193 1.758 1.862 1.2262 -1.0545 -1.9247 0.75478 0.29147 -1.6073 -0.25064 -1.9592 1.2865 2.0445 -0.34813 -1.2332 0.42298 0.1995 -0.83811 0.57147 0.62796 0.28533 0.12347 -1.1394 0.13506 -0.11036 -0.035409 1.3167 -0.83706 -0.57604 -1.341 0.43381 2.0216 -1.0487 0.84819 -0.07655 0.31861
0.056182 0.33624 -0.82058 0.1091 0.57719 0.30622 1.185 -0.73434 -1.8119 0.67506 -0.26674 0.34864 -0.56673 -1.8823 1.2936 2.401 0.26592 -1.7589 -0.093261 -0.67204 -0.82948 1.2199 0.53469 0.70545 -0.32505 -0.92831 0.82092 -0.46724 -0.45858 1.3334 -0.69987 -1.3161 -1.1885 0.43552 1.5923 -0.86337 0.50538 -0.8711 0.46569
0.29027 0.39077 -0.64181 0.81219 0.28815 0.55959 0.66784 -1.743 -1.5953 0.3255 0.59838 0.9966 -0.56678 -1.0742 1.1879 2.0101 0.3418 -2.0885 -1.3169 -1.2842 -1.0841 1.3501 0.45615 0.83097 -0.45816 -0.78655 1.1174 -0.60383 -0.55453 0.91351 -0.0095364 -1.3831 -0.65194 0.5442 0.78888 -0.51105 -0.45984 -0.83828 0.52406
-0.81088 0.28961 -0.15988 0.11538 -0.030111 1.2723 -0.44272 -2.1195 -0.61731 1.5656 1.2238 -0.68502 -0.71942 -0.57648 0.8256 1.4276 1.0766 -2.0062 -1.8851 -1.0668 -0.25443 1.6048 0.05626 0.30805 -0.83718 -0.60084 0.89639 -0.75916 -0.83607 0.1035 1.2831 -0.62618 0.14697 1.1301 -0.055926 -0.76382 -1.3105 0.016782 0.43219
-0.8653 0.84073 0.95992 0.72983 -0.83086 -0.87204 -0.87916 -2.8114 -0.5419 1.7087 1.3027 -1.7334 -0.77852 -0.57832 0.59467 1.4421 0.86322 -1.1432 -1.3746 -0.84711 -0.040764 1.8447 -0.11599 -0.53191 -1.3349 -0.4989 0.46243 -0.76383 -1.0241 -0.61047 1.8333 0.33725 0.71762 1.5119 -0.75623 -0.99592 -1.7572 1.2597 0.43717
0.0046824 1.0665 1.1284 1.0527 -0.52159 -0.44135 -0.22623 -1.8003 -1.0104 1.2398 1.3343 -1.1322 -0.90566 -0.4978 0.42555 1.0521 0.165 -0.11901 -1.2772 -0.63257 0.90233 0.88752 -0.64113 -1.4325 0.19348 -0.4083 0.37397 -0.71264 -1.3929 -1.2908 1.8861 0.9966 0.63079 1.2022 -0.97543 -0.65709 -1.2186 2.3218 0.47108
0.067167 0.73605 0.59072 1.3474 -0.36312 -0.87854 0.56433 -0.48213 0.12197 0.006646 -0.28495 -1.484 -0.86005 -0.26912 0.21608 0.20169 -0.32674 -0.006076 -0.94888 -0.17044 1.3525 0.33812 -1.0966 -2.0652 1.7153 -0.21139 -0.22199 -0.67446 -1.228 -1.1419 0.99401 0.96907 0.24903 0.68264 -0.79613 -0.4538 -0.16309 1.8179 0.47461
-1.0588 0.78992 0.17956 0.86736 -0.67556 -0.87287 -0.50539 -1.7546 0.54578 0.75553 -1.0337 -0.6569 -1.0615 -0.04728 -0.078254 -0.6606 -0.67635 0.53898 -0.13613 -0.23753 1.4461 0.58513 -0.71319 -1.5499 2.5555 -0.021354 -0.29416 -0.4188 -0.58142 -0.40787 0.42758 1.4124 0.41254 -0.43851 -0.78929 0.010911 1.1102 -0.30213 0.30887
-0.71039 0.76648 0.90069 0.35577 0.34477 -0.52508 -1.0379 -0.97708 -0.97281 0.18571 -0.87881 1.2628 -0.92745 -1.2019 -0.18788 -0.091589 -0.79633 0.16031 -0.03715 -0.59473 1.0484 0.55212 -0.9547 -0.86008 1.3445 0.036255 -0.037741 -0.07756 0.18387 0.40587 0.61007 1.8164 0.98942 -0.67199 -0.87086 -0.05506 1.8076 -2.2282 0.081401
-1.0264 0.77313 0.5214 -0.15146 -0.80024 -0.68436 -0.6035 -0.68469 -0.23533 0.62223 -1.5841 0.69001 -0.88748 -0.56081 -0.013805 0.05769 -0.36015 0.48985 1.0423 0.3369 0.17927 -0.65072 -0.70671 0.27748 -0.21026 -0.056716 0.27201 0.20609 0.24546 0.9095 0.079442 1.194 1.1501 -0.64492 -0.59337 -0.068794 1.7739 -2.9887 -0.07259
-0.0087106 0.90075 0.24811 0.69594 -0.049737 -1.0938 -0.58487 -0.53269 0.37196 0.67543 -0.35078 1.4133 -0.80123 -0.076159 0.067222 0.17981 0.2188 1.0135 2.0275 1.3843 0.64513 -0.62492 -1.2194 0.81214 -1.5333 -0.065819 1.0358 0.30239 -0.15125 0.89099 0.21137 0.34266 0.3561 -0.30782 0.39785 0.076972 1.2408 -1.453 -0.090664
-2.0065 0.66285 1.1131 0.45719 -0.46138 -0.43137 -0.61949 -0.049761 0.088535 -1.0098 -0.55622 -0.75257 -0.94916 -0.11151 0.11372 -0.34006 0.42554 0.22637 1.1796 0.91693 0.36091 0.10204 -0.72643 1.3337 -2.2332 -0.077696 0.6866 0.11786 -0.25398 0.24848 -0.24331 -0.91781 -1.0883 -0.010095 1.2517 0.42782 0.15385 0.63693 -0.021632
-0.49705 0.75287 0.28789 0.87314 0.37857 1.0754 1.1251 -1.4064 -1.2182 -0.35261 -0.12799 -1.9415 -1.0633 0.45894 0.21595 -0.2028 0.387 0.6251 0.57675 -0.23353 0.34305 0.92362 -0.81438 1.2013 -0.64862 -0.088248 0.6698 -0.013961 -0.43683 -0.29539 -0.54992 -1.8032 -1.7906 0.18198 1.1786 1.4043 -0.61727 2.4125 0.054584
-1.0134 0.94125 0.68243 0.66099 0.77687 1.9781 0.74855 -0.40138 -0.54811 -0.69712 0.075956 -1.2606 -1.0504 0.42313 0.095683 -0.25953 -0.023697 0.26218 -0.015677 -0.9187 0.30964 0.8903 -0.1143 0.368 0.72909 -0.075027 0.033653 -0.13106 0.26561 -0.40654 -0.52557 -1.6994 -1.5383 0.61824 0.6047 1.4408 -1.0523 2.4877 0.12571
-0.75537 0.88301 0.26457 0.44493 -0.51652 -0.69356 -0.73555 -0.15627 -0.052976 -0.0027251 1.1627 -0.99383 -0.84938 0.8775 0.057405 -0.72219 -0.11421 0.064646 -0.89024 -1.0828 1.0332 1.162 1.1187 -0.054709 2.0938 0.019765 -0.38757 -0.18187 0.48826 -0.17793 -0.81138 -1.3115 -0.26985 0.25502 -0.68871 1.2093 -0.98864 0.99453 0.10391
-0.089946 1.0338 0.35156 0.57285 0.066812 -0.61402 -1.4425 -0.1352 1.9454 -0.60914 0.096239 1.082 -0.95544 -0.25495 -0.0059015 0.41481 -0.081395 -0.38396 -1.3994 -1.569 1.2484 1.1104 1.0204 -0.31024 1.6617 0.063888 -0.32615 -0.019283 0.49472 -0.23448 -0.026014 -0.24057 1.1263 -0.27518 -1.2127 0.31006 -0.70348 -0.34318 -0.0078832
-0.4914 0.76078 0.37306 0.69431 0.28648 -0.41071 -1.2437 -0.27508 0.36988 0.054227 -0.34434 1.3556 -0.98226 0.098947 -0.010278 0.38528 0.069479 -0.41694 -1.285 -0.43402 0.38178 -0.43306 0.89319 -0.59663 1.0173 0.0045684 -0.47457 -0.01358 0.36256 -0.24152 0.41961 0.62718 1.7115 -0.72178 -1.5407 -0.70639 -0.011834 -1.266 -0.057175
-0.8375 0.71666 0.057826 0.38598 -0.088253 -0.33015 -0.45961 1.1508 0.32028 0.81546 -0.5761 0.58606 -1.006 0.2249 0.1025 0.12446 -0.56363 0.44187 -0.27676 0.85609 0.085954 -0.52064 0.57037 -0.89351 0.592 -0.075949 0.38834 0.066623 -0.45453 -0.12684 0.53021 1.0293 1.5221 -0.77962 -0.49891 -1.2528 0.70913 -1.3769 0.015121
-1.145 0.93276 1.3245 0.80885 0.047461 -0.23805 -1.0037 0.066107 0.08913 0.55733 0.029671 -0.53633 -0.95331 -0.21943 -0.01505 0.10542 -0.33385 0.33054 -0.21239 0.90422 0.17428 -0.83304 -0.0093691 0.17076 0.016419 0.0058551 0.41557 0.10086 -0.30584 0.19316 0.35526 0.71748 0.2614 -0.65805 0.46371 -1.5276 0.96299 -0.73173 0.11936
-0.3461 0.99626 0.68426 0.57044 -0.2402 -0.95244 -0.27714 -0.21874 -0.89945 0.14815 -0.42113 0.67997 -0.95826 0.61413 0.10156 -0.34119 -0.13423 0.10474 0.090203 0.60523 -0.20336 0.4122 -0.91623 0.76836 -0.68269 0.08987 0.22431 -0.10444 -0.18841 0.85339 -0.064404 0.47851 -0.52517 -0.89037 0.4102 -1.0056 0.73063 -0.44213 0.12254
0.0055076 1.0122 -0.068755 -0.56887 0.4443 -1.0688 0.061882 -0.037832 0.97854 0.3995 -0.81629 1.1011 -0.97244 0.66366 0.1479 0.0094071 0.17584 0.32358 -0.052626 0.16456 -0.78659 -0.030699 -1.2718 0.57291 0.16387 0.10754 -0.24956 -0.18689 0.013918 0.98274 0.11042 0.59101 -0.6325 -0.65766 0.28497 -0.12079 0.014374 -0.18014 -0.0060923
-0.96737 0.74784 0.61337 0.76351 0.51123 -0.3842 -0.62494 0.51373 0.4157 -0.65324 0.75073 1.2204 -0.96996 0.19539 -0.13694 -0.20939 0.69008 0.3205 0.59168 0.22025 -1.21 -0.15126 -0.71809 0.41328 -0.36472 0.063943 -1.0708 -0.38036 0.064348 0.78021 -0.032864 0.25885 -0.75763 0.21497 -0.916 0.66701 -0.12926 0.47805 -0.12304
0.245 0.87352 -0.050147 0.64832 -0.10648 0.082791 -0.32647 -0.20949 0.75882 -0.68848 0.89937 -1.066 -0.86541 -0.45849 -0.18055 0.048496 0.99519 0.38809 0.70528 -0.11077 -0.63465 -0.010627 -0.35251 0.33769 -0.47571 0.013034 -0.84683 -0.20457 -0.14618 -0.15279 -0.27135 -0.3218 -0.6591 1.0442 -0.53585 1.0493 -0.22775 0.33696 -0.095835
-0.43963 1.0725 1.0249 0.69766 0.25178 -0.83467 -0.49753 -0.45299 -0.62632 -0.54286 -0.17603 1.0656 -0.89958 -0.76442 -0.31645 -0.25435 0.83301 1.0952e-05 0.22984 -0.69983 0.14889 -1.2617 -0.12797 0.57086 0.68534 -0.047336 -0.75996 0.029494 0.042654 -1.021 -0.025259 -0.8196 -0.29808 1.4001 0.34214 0.55204 -0.33033 0.81526 -0.073883
-0.8403 0.70952 0.77856 1.454 0.38605 0.46934 -0.32043 -2.0985 -0.30217 -0.014027 0.27628 -0.86305 -0.93267 -0.38941 -0.074267 -0.26839 -0.19679 0.015378 -0.48906 -0.63288 0.61615 -0.44151 0.40513 -0.02978 0.39098 0.020285 -0.19872 0.092309 0.12129 -1.5185 -0.29816 -0.8231 0.10299 1.077 1.1086 0.16481 -0.14182 0.55659 -0.052905
-0.74649 0.80197 0.069903 0.89372 0.47586 -0.43386 -0.30733 0.23337 0.2767 -0.30699 -0.042712 1.0183 -0.98948 -1.2144 -0.1421 0.013537 -0.5767 0.44702 -0.40238 -0.097407 0.95658 0.70981 -0.066737 -0.14437 0.95791 -0.049037 0.40666 0.37546 0.6182 -1.3644 -0.41369 -0.41748 0.30686 0.40288 1.2057 -0.086162 -0.21475 -0.64795 0.013974
-1.0879 0.5272 -0.36513 0.45235 0.2757 -0.70858 -1.5502 1.0793 -0.89034 -0.31982 1.2858 2.5585 -1.0092 -0.58962 -0.12316 0.13093 -1.0574 -0.34838 -0.57669 -0.23665 1.109 1.0563 -0.086312 0.35356 0.60109 -0.06342 0.73719 0.36723 0.9094 -0.54323 -0.516 0.40687 0.16216 -1.0475 -0.34145 -0.17381 0.13008 -1.3386 0.09049
-0.64752 0.9498 0.73745 0.46983 0.17825 -0.95237 -1.1395 0.6473 0.40035 -0.21956 0.35197 -0.40168 -0.81446 0.078836 0.28795 0.72225 -1.217 -0.5229 -0.53088 -0.33932 0.70548 0.22029 -0.060738 -0.11716 -0.73468 0.01939 1.2611 0.43837 0.6716 0.22958 -0.31292 0.58727 0.47127 -1.7744 -1.5414 -0.035086 -0.2846 -1.8032 0.2
-1.606 0.78933 0.55616 0.13483 0.66401 -0.23725 0.29504 -0.10971 1.5643 -0.94838 -0.16478 0.72839 -0.97139 0.30732 0.27801 1.116 -0.88002 -0.37434 0.38337 -0.22535 -1.3481 -0.80593 0.057656 0.1913 -1.5271 0.12785 1.0244 -0.015615 -0.10162 1.0381 0.31135 0.46675 0.44124 -1.5262 -2.1712 0.12323 -0.54352 -0.76745 0.1611
-0.97323 0.77334 1.1664 -0.090951 -0.41779 -1.3258 -1.12 0.27621 0.016241 -0.13292 0.82295 1.6932 -1.0285 0.63191 0.334 0.80041 -0.27881 -0.077482 0.27869 0.76468 -1.3544 -1.171 -0.22048 -0.70769 -1.7175 0.16441 0.75692 -0.44533 -0.6343 1.3842 0.14081 0.0065574 -0.0089717 -0.59053 -1.8058 0.27208 -0.42147 0.019842 0.073079
-0.39225 1.0971 0.87417 0.13786 -0.009337 -0.13779 -1.0847 -0.33309 -0.54902 -0.055358 -0.12667 -2.2639 -0.89092 0.99879 -0.16757 -0.12236 0.31435 -0.072031 -0.056162 0.022633 -0.90554 -2.2159 0.21163 -0.54453 -0.47326 0.11372 0.49751 -0.35616 -0.91048 1.1689 0.2379 -0.23371 -0.27214 0.38632 -0.23693 0.15485 -0.45387 0.78677 -0.041431
-0.58946 0.92096 0.8457 -0.22014 0.23972 0.068929 -1.0915 -1.3516 -1.3037 -0.42007 1.1835 0.32703 -0.80528 1.1123 -0.17139 0.098257 0.64898 -0.45817 -0.28609 -0.49848 -0.69417 -2.372 0.36225 -0.68384 -1.175 0.14163 -0.39414 -0.15541 -0.76519 0.5524 -0.094963 -0.2167 -0.29543 0.87649 1.0349 -0.065875 -0.12326 1.6485 -0.172
-0.46768 0.97284 0.71171 0.41412 0.30762 -0.87025 0.35277 -0.17618 -1.1991 -0.92479 -1.0281 -0.5335 -0.79536 0.97526 -0.014311 -0.30958 0.73209 0.1931 0.22073 -0.12372 -0.90823 -0.62278 0.044255 -0.82393 -0.10219 0.079462 -1.039 0.16804 -0.52963 0.13596 -0.29905 -0.01518 0.3902 0.94735 2.4322 -0.16864 -0.17697 1.4067 -0.26678
0.15228 0.51102 0.56309 0.82916 0.053813 -1.1035 -1.1683 -0.54362 -1.3795 0.24763 -0.54238 -0.12268 -0.83581 -0.067276 0.021042 -0.60199 0.47951 -0.38563 -0.2715 0.26411 0.39461 -0.050352 -0.27686 -0.87039 1.6017 -0.07772 -1.1677 0.15298 -0.30792 -0.1909 -0.288 0.023485 0.37029 0.97917 2.3485 -0.077524 0.64914 1.0132 -0.27854
-0.45186 0.73235 1.1774 0.49575 -0.51455 -0.70308 -1.1552 -0.97667 -1.6363 -0.23637 -0.64295 -1.114 -0.91926 -0.29341 -0.0027654 -0.81322 0.61726 -0.62275 -0.080967 0.35665 0.43903 1.1055 0.19649 -0.86751 1.1357 -0.18066 -0.8508 0.13371 0.11073 -0.49765 -0.29677 -0.16724 0.75863 1.1541 1.2092 0.058371 1.117 -0.090336 -0.077292
0.4659 1.1293 0.59019 0.52718 0.26085 -0.12011 -1.3154 -1.3472 -0.3793 -0.16838 -0.28746 0.83003 -0.88063 -0.36909 0.060698 -0.26264 0.3367 -0.54635 -0.077112 -0.060777 0.58465 1.0925 0.12401 0.67305 0.37743 -0.15034 -0.19615 0.02975 0.39864 -0.12852 0.65815 0.15502 0.88283 0.70227 0.59128 0.47078 1.3473 -0.93121 0.10433
-1.225 1.0706 -0.032876 0.39324 -0.39222 -0.60047 0.060109 0.71567 -1.1173 -1.0016 -1.4174 0.88905 -0.91734 -0.41401 0.17408 -0.28326 -0.11792 -0.23719 -0.19145 1.4467 1.298 1.043 -0.06094 0.73129 0.36527 0.0012065 -0.34301 -0.25193 0.50409 -0.066423 1.07 0.13827 0.6118 0.55513 -0.062374 0.77853 0.87122 -1.2348 0.033048
-0.69708 0.64408 0.082991 0.90738 -0.38364 -0.59584 -0.17293 -0.80588 0.3265 0.12804 -0.77792 1.3873 -0.98204 -0.35842 -0.019008 -0.11483 0.5896 0.49648 0.099203 1.3606 1.3653 1.0839 0.72813 1.1454 0.07744 -0.0057387 -0.11314 -0.37674 0.12893 -0.077862 1.2346 0.13406 -0.31992 -0.42833 -0.7893 0.94491 -0.07125 -1.0896 -0.061247
-0.28023 0.86651 1.0399 0.93625 -0.34062 -1.3924 -0.86043 0.59397 -0.51502 -0.37069 1.0013 -1.4575 -0.92586 -0.91685 -0.34766 0.068703 0.34498 0.61452 0.11358 0.77791 1.1554 1.0129 1.3535 0.70225 -1.261 -0.19894 0.088869 -0.17184 0.11552 -0.36357 0.60679 0.17027 -1.4902 -0.97332 -1.3406 0.35393 -0.57859 -0.93349 -0.13574
-0.2873 0.85845 0.39652 0.18269 -0.2535 -0.86043 1.0675 0.79438 -0.45851 0.10318 0.28098 0.64565 -0.79668 -0.31839 -0.2551 -0.20748 -0.061152 1.0599 0.04483 -0.34616 -0.19889 -0.32374 1.191 0.49544 -1.0513 -0.14031 0.37885 0.17385 -0.11181 -0.9972 -0.42723 0.23436 -1.5373 -1.245 -1.0162 -0.55201 -1.4066 0.21406 -0.019049
-0.88308 0.94954 0.78311 1.5108 0.57469 0.25273 0.20724 0.3343 0.19436 0.74943 0.93595 -0.081991 -0.98192 -0.26793 0.030521 -0.031689 -0.47281 0.47071 0.18104 -0.51999 0.13826 -0.69643 0.36261 -0.21143 -0.98461 -0.13537 0.88182 0.45812 0.034364 -0.90438 -1.1698 0.19634 -1.3971 -0.95947 -0.30211 -1.1819 -1.4807 1.0101 0.17614
-1.4655 0.58541 0.060763 0.57782 0.52461 -0.37406 -0.32604 0.6581 0.85657 1.2483 -0.52399 -0.93026 -1.1999 0.0097799 0.061857 -0.29853 -0.82141 -0.15889 0.53615 -0.89908 -0.60993 0.090675 0.16286 -1.4208 0.43341 -0.063104 0.95657 0.41525 0.26176 -0.85926 -1.7232 0.05783 -0.58771 -0.20696 0.61406 -1.1849 -1.2934 1.1897 0.29992
-1.0623 0.6759 -0.24215 0.29106 0.35897 -1.2057 -0.89812 -0.55873 -2.3053 0.1424 -0.38302 -0.24334 -0.96563 0.52503 0.20092 0.1627 -0.92785 -0.73632 0.26421 -1.5906 -0.55329 0.26869 -0.38598 -1.5197 0.16145 0.035078 1.0041 0.34436 0.41381 -0.30536 -1.1686 0.10986 0.012837 -0.064302 0.84296 -0.70474 -0.45354 1.1459 0.37445
-0.24773 0.90941 1.0128 0.38164 -0.38694 -0.52273 -0.72877 0.28759 -0.19878 0.080848 -0.12558 -0.97717 -1.0259 1.0268 0.30083 0.18304 -1.4054 -1.2157 0.12857 -0.93408 -0.26644 0.33846 -0.69402 -1.6335 0.91762 0.23622 0.71614 0.32505 0.51692 0.09849 -0.53823 0.12139 0.51471 0.32274 0.47631 -0.4187 0.26426 0.60778 0.31281
-0.23997 1.0207 0.51974 -0.20148 -0.4611 -0.071154 -1.0837 0.03434 0.3055 0.14027 -1.7709 0.54488 -0.8744 1.0516 0.44317 0.50895 -0.75636 -0.95909 0.61195 -0.49666 -0.16227 0.74462 -0.55894 -1.1077 1.2231 0.29058 0.29421 0.20212 0.27288 0.29044 -0.046105 0.29506 0.70794 0.22243 0.36033 -0.047581 0.33776 0.55722 0.18272
