39 223
-1.0302 1.087 1.1586 1.206 0.023273 -0.41855 -0.70723 1.2747 0.63806 -0.31625 -1.9744 -0.56649 -1.3905 -0.27925 0.1172 -0.84321 -0.0063771 0.24829 0.63845 0.60234 -1.1043 -0.7828 0.2032 1.3066 0.29717 0.053224 0.072985 -0.030575 -0.094066 -0.39085 -0.35266 -0.18541 0.30795 -0.12568 -0.1592 0.061984 -0.24401 0.36434 -0.045176
-1.2235 1.0778 1.0442 1.6123 -0.051494 0.46653 -0.54842 0.65102 -0.16244 0.041812 -0.47748 -0.63224 -1.3038 -0.18409 0.01945 -1.1866 -0.17703 0.027534 0.30013 0.90619 -1.407 -1.1325 0.21477 0.95862 0.8063 0.02863 0.15623 -0.03855 0.27813 -0.55318 -0.35357 -0.036111 0.33746 0.2783 0.092951 0.048775 -0.54224 0.31044 -0.033368
-1.618 0.98841 0.27765 1.7662 1.0533 0.63395 -0.23902 -0.34462 -0.33372 0.23807 -0.47187 -0.87607 -1.3899 -0.1844 0.11353 -0.83424 -0.62107 -0.30714 0.40521 1.0823 -1.178 -0.94977 0.33186 0.98046 0.67746 -0.010095 0.21013 -0.077706 0.72614 -0.62497 -0.2742 0.28176 -0.10458 0.81121 0.42135 0.010782 -0.57357 0.025675 -0.02152
-1.1836 1.3758 -0.14174 0.67964 -0.18734 -0.28292 0.042742 0.29851 -0.19616 -0.32007 -1.0993 0.317 -1.3117 -0.033274 0.053274 -0.29947 -0.69839 -0.14148 0.65582 1.0565 -0.50906 -0.5118 0.2467 0.3785 0.64312 0.028904 0.2998 -0.033749 1.2488 -0.18964 -0.13125 0.88408 -0.49921 1.0436 0.69671 0.1754 -0.52596 -0.60907 0.0095054
-1.1324 0.96254 -0.37276 1.0019 -0.13176 -0.30644 0.29554 -0.40299 -0.9898 0.011503 -1.301 0.73155 -1.3827 0.036476 -0.030373 0.11723 -0.87745 -0.18877 1.0068 0.28901 0.038557 -0.21624 0.2185 0.44338 0.39303 0.016809 0.16335 -0.14654 0.75527 0.47938 0.22915 0.66535 -0.80463 0.74166 0.6616 0.42161 -0.097685 -1.1469 0.0058916
-1.3764 1.2838 0.66909 0.37195 -0.39154 0.48971 0.40128 0.099813 -0.37679 0.34806 -0.41961 -0.25004 -1.4075 0.25923 0.033596 0.73992 -0.37781 -0.29042 1.7686 0.23236 0.027264 -0.044308 0.63445 0.1682 -0.20038 0.030493 -0.05978 -0.086746 0.1742 0.86726 0.093085 -0.49465 -0.82417 0.27573 0.47825 0.46334 0.44461 -1.0627 -0.013286
-1.1589 1.0576 0.91303 0.84773 0.38417 1.0415 0.40929 0.58669 -0.16105 0.13386 -1.0092 0.064922 -1.2627 -0.024339 -0.12138 0.10568 0.12339 0.17113 1.1739 -0.22025 0.010781 0.19773 0.99715 0.87541 -1.0353 -0.0015836 -0.14633 -0.12543 -0.61472 1.0913 0.28022 -1.5968 -0.38504 -0.063467 0.061809 0.04125 0.11651 -0.32373 -0.010028
-1.3807 1.0035 0.56774 0.51918 0.11545 1.6999 -0.54582 0.1151 -0.73652 0.40659 0.49682 -0.20287 -1.319 -0.10119 -0.046872 0.056002 0.42121 -0.16777 -0.45809 -0.44476 0.058193 0.27756 0.80063 1.027 -0.62287 0.015515 -0.24696 -0.15241 -0.91381 0.55536 0.19038 -2.123 0.041617 -0.35072 -0.47388 -0.30138 0.43438 0.44031 -0.059892
-0.9033 1.267 0.98289 1.1436 0.14658 1.929 0.56838 -0.55607 -0.39572 1.1267 -1.2793 -0.75509 -1.3609 -0.038591 -0.1999 -0.69802 0.75616 0.24759 -1.1482 -0.20213 -0.081346 -0.25504 0.22807 0.22827 -0.021744 0.0071305 0.13871 -0.37321 -0.98241 0.040933 0.45051 -1.045 0.46562 0.052645 -0.6558 -0.77655 -0.11337 1.0991 0.064712
-1.3841 1.0353 -0.82013 0.78535 -0.23169 -0.12793 -0.1805 0.35872 -0.092942 1.112 0.19071 -1.0063 -1.3537 -0.17141 -0.18162 -0.58673 0.35066 0.0038774 -1.4071 0.29349 -0.58818 -0.82036 0.42118 1.336 0.066917 -0.073952 0.58077 -1.3151 -1.4813 -0.54208 0.99167 0.28467 0.12191 0.27649 -0.55564 -1.0273 -0.25141 1.2352 0.66105
-1.4307 0.96826 0.6775 1.4891 -0.46799 -0.9347 -0.12847 -0.13673 -0.54819 0.94305 0.26135 0.12469 -1.3508 0.27239 -0.67445 -1.4325 0.25489 0.89606 -0.49946 0.37511 0.4547 -0.63763 -0.3685 0.47962 0.60108 0.15027 1.252 -1.847 -1.2215 -0.7963 1.1336 1.2577 -0.27227 0.3489 -0.17904 -1.1532 -0.51271 1.2733 1.3616
-1.2746 0.95327 -0.31303 1.4055 0.74215 0.49123 0.31338 0.28015 -0.93661 0.1121 -0.70403 -0.073863 -1.3184 0.80661 -1.9912 -2.3893 -0.30704 1.3136 -0.23038 -0.49385 0.345 -0.70521 -0.96187 0.38648 1.2963 1.0427 1.6001 -1.4883 -0.94729 -0.35985 1.0776 1.6726 -0.2554 0.65717 0.36535 -1.0428 -0.58422 1.0065 1.3928
-1.4264 0.84576 0.24857 0.85805 0.17592 0.43359 0.63112 -0.89607 -1.8073 1.346 1.7057 -0.16959 -1.4046 1.753 -2.3583 -2.1129 -0.36267 1.6593 0.79127 -0.40031 0.14732 -0.69609 -1.3949 -0.32968 1.6641 1.7125 0.76769 -0.82304 0.35978 0.18873 0.42978 0.99042 -0.062455 0.54977 0.89476 -0.29043 0.013998 0.54224 0.86143
-0.46509 0.035014 -2.3524 1.0223 1.4057 1.6755 -0.043866 1.2178 -0.94808 -0.1525 -0.28797 0.42488 -1.0058 2.0002 -1.8084 -2.039 0.016591 1.5858 1.3178 0.12493 0.85858 -0.031779 -1.1575 0.56624 1.3471 1.4606 -0.48551 0.031038 1.4938 0.69595 0.42993 0.53777 0.24794 0.70715 1.159 -0.27076 -0.31183 0.0011865 0.22749
0.26078 -1.7916 -3.2283 0.56042 1.2376 -0.083907 -0.62258 -0.24493 -0.98645 -0.18882 -0.70007 1.2591 0.44809 1.0779 -2.1319 -0.90347 0.46184 1.5326 0.71162 -0.083591 1.2827 0.89638 -0.84644 0.40087 1.5366 1.3734 -1.6159 0.47992 2.453 0.57322 0.29698 -0.026586 0.10511 0.029134 0.85659 0.054539 0.23119 -0.52232 -0.13818
1.0778 -1.2791 -2.2955 0.78232 1.4388 0.30395 -0.4113 0.35426 -1.3577 -1.0021 0.16262 1.7565 0.6621 0.27379 -2.0549 -0.12377 0.58481 2.1499 0.87548 -0.14685 1.1673 0.92405 -1.7722 -0.61341 1.3295 1.5901 -1.8183 0.88365 2.7734 0.16973 0.34604 0.20727 -0.15201 -0.47489 0.25877 0.22912 0.32892 -1.0738 -0.17952
0.8416 -0.084929 -1.4358 2.0335 1.6081 1.6575 1.0332 1.2532 -0.6599 -0.24811 1.5463 1.4109 -0.45703 -0.30407 -1.4415 1.6319 0.43102 1.9058 0.93251 -0.060325 0.068104 0.61659 -0.9681 0.70171 0.68292 1.4175 -0.93987 1.1314 1.881 -0.35329 -0.14153 0.16959 -0.39194 -0.96904 -0.39154 0.44769 0.42555 -1.7137 -0.14786
-0.9262 -2.0205 -1.2693 1.6468 2.5736 1.39 0.055296 1.6386 0.33081 -0.3176 0.019168 1.8314 0.15678 -0.5962 -0.6908 2.0078 0.36573 2.0179 1.6023 -0.22491 0.56358 0.64371 -0.6254 1.0511 -0.22653 1.1395 0.23402 0.83881 0.74559 -0.76001 -1.1813 -0.71153 -0.87853 -1.0969 -0.80667 0.79447 0.57609 -1.4992 -0.077942
-0.70615 -2.2394 -1.3914 1.1484 3.1986 1.5814 -0.21262 0.59694 -0.81284 -2.2937 -0.28206 1.7858 1.2044 -0.18148 -0.94058 1.6406 -0.059366 1.3209 0.66665 -0.88881 -0.27602 0.20699 -0.50813 0.39539 -0.85862 1.3523 1.2807 0.88721 -0.51785 -0.69347 -1.8871 -1.2287 -0.75273 -0.79232 -0.93479 0.50668 0.2887 -0.96181 -0.3022
0.18319 -2.1463 -0.32199 1.2238 3.1989 1.8388 -0.54355 0.30615 -0.33813 -1.015 0.78259 1.5591 1.4066 0.64697 -0.9169 1.313 -0.55076 0.25307 -0.46229 -1.6032 -0.76911 -0.57218 -0.39165 0.66486 -0.67982 1.4926 1.3721 0.9039 -1.0677 -0.50277 -2.222 -1.402 -0.048675 -0.63382 -0.53414 0.71683 0.34263 -0.067013 -0.83304
0.066341 -1.8029 -0.12285 1.3085 3.2177 1.6999 -0.4845 1.0732 -0.26776 -0.79786 1.418 0.75992 1.6082 1.4069 0.14018 1.0071 -0.3688 -0.69856 -0.55596 -0.97641 -0.78345 -0.74546 -0.054377 1.4504 -0.88573 0.73787 0.56697 1.064 -1.7179 -0.33321 -1.5607 -0.62676 1.1133 -0.24251 0.21824 0.81346 0.0063477 0.62497 -1.3799
0.83007 -1.8717 0.13003 1.2802 2.5678 1.3066 -0.75335 0.30893 -0.99665 -1.4501 0.75111 0.37422 1.4908 1.1079 0.26511 0.30217 -0.38595 -1.0748 -0.65911 -0.30135 -0.39323 -0.0089898 0.60181 1.186 -0.36856 0.060923 -0.29301 0.79407 -2.2366 -0.24866 -0.56175 -0.0019602 1.7565 0.016474 0.65099 0.7865 -0.76068 0.84601 -1.4445
0.84035 -2.0647 0.094003 1.088 2.0655 0.92222 -1.1689 0.38665 -1.2484 -0.78784 1.7277 1.2136 1.4127 0.62631 0.23008 -1.1184 -0.73549 -0.90183 -0.53353 0.7908 -0.9156 0.37592 0.64396 0.13078 0.098224 -0.22707 -0.79474 0.27551 -2.0837 -0.40698 0.057496 -0.21454 1.4133 0.61613 0.40713 0.36116 -1.31 0.45189 -0.88791
0.92537 -1.9649 -0.20728 0.90577 2.2609 1.0952 -0.9475 0.15496 -0.8272 -1.2462 1.3209 0.64068 1.4229 0.51597 0.35241 -1.8795 -0.80521 -0.69552 -0.50341 1.2003 -0.65244 0.2261 0.85366 -0.1995 0.34571 -0.42755 -0.67675 0.23532 -0.94865 -0.073101 -0.016687 -0.5566 0.66207 0.74067 -0.52006 -0.083285 -0.81176 -0.71409 -0.47236
0.98187 -1.7733 -0.91011 0.63615 2.2423 1.2482 -0.21736 0.082972 -0.22925 -0.79938 1.4174 1.4262 1.3817 0.27169 0.5513 -1.8653 -0.88893 -0.79999 -1.0954 1.2361 0.55965 -0.015952 0.55705 -0.4696 -0.44757 -0.49491 -0.5129 0.15527 0.81884 0.44478 -0.6456 -0.93878 -0.65712 0.85713 -1.0591 -0.086099 0.017868 -1.5544 -0.26286
0.92273 -1.7014 -2.2246 0.28061 2.3017 1.3372 0.79541 -0.86925 0.34583 0.35237 0.88048 1.2403 1.1459 0.068058 0.49266 -1.1195 -0.4233 -1.1739 -1.5343 0.85485 0.32416 -0.91242 0.48696 -0.13917 -1.437 -0.59116 -0.5034 0.16394 2.1673 0.72356 -0.78027 -0.97254 -1.5366 0.3566 -1.1172 -0.074532 0.61496 -1.6878 -0.20947
1.0964 -1.3487 -2.4564 0.46602 2.0632 0.74917 0.35102 0.59856 -1.0615 -0.10964 1.136 0.87448 1.0261 -0.069787 0.41543 0.082605 -0.085501 -1.867 -1.9502 -0.44001 0.27694 -1.2858 0.66333 0.11941 -1.8915 -0.58288 -0.90858 0.43776 3.0016 0.73051 -0.26728 0.073924 -1.0086 -0.37433 -0.29249 -0.16887 0.39856 -0.90092 -0.32225
1.2621 -1.396 -1.7036 0.071661 1.092 -0.49339 -0.098473 1.5685 -1.5967 -1.1879 0.5135 -0.59535 0.88819 -0.21612 0.69019 1.3034 0.1481 -1.614 -2.0767 -1.2203 0.19911 -1.4919 0.65985 0.70811 -2.0579 -0.73239 -1.4422 0.7436 2.651 0.19994 0.56696 0.74341 0.43053 -0.9179 1.3225 -0.2078 -0.4688 0.41915 -0.34588
0.73173 -1.6555 -0.93522 0.8263 0.7577 -0.43831 -0.35746 -0.13846 -2.4882 0.03961 2.1677 -0.96773 0.74881 -1.2238 1.1762 2.6737 0.19322 -1.0888 -0.7 0.12871 -0.085106 -0.34782 0.13983 -0.11998 -1.8208 -0.96067 -1.828 0.78396 1.2711 -0.33776 1.1661 1.0113 1.4302 -2.0114 2.2202 -0.30785 -0.90051 1.4225 -0.21113
0.82991 -1.3613 -0.22411 0.6685 0.24103 -0.46793 -1.3065 -0.015187 -1.5144 0.184 1.2102 -1.3483 0.80787 -1.9602 1.3429 2.6657 -0.17322 -0.53816 -0.67583 1.461 -1.2562 1.3873 0.33949 -0.96516 -0.73709 -0.97792 -1.5482 0.54525 -0.13821 -0.84661 0.96084 0.63095 1.219 -1.9608 2.5021 -0.60239 -1.3479 2.1221 0.044181
0.69442 -0.59432 0.11323 0.55748 1.1006 -0.66661 -0.72662 0.098633 -1.8017 0.73171 2.1664 -0.79966 0.28727 -2.5027 1.3866 1.8463 -0.52695 -0.27852 -0.623 1.2182 -2.8775 1.9277 0.21266 -0.8452 0.021944 -0.8117 -0.68739 -0.016249 -1.1087 -0.6754 0.37524 0.27615 0.098255 -1.3773 1.2598 -0.30213 -0.035253 2.0967 0.26323
-1.3522 0.0065034 1.4909 0.41345 1.2358 1.1144 2.1839 -0.23632 0.0070568 -0.31723 -0.19666 -1.4327 -0.18877 -2.3742 1.4869 1.47 -1.0323 -0.27015 -0.85996 0.7885 -2.1886 2.6153 -0.58096 -1.6172 0.87657 -0.7339 0.28685 -0.37206 -1.3185 0.0094007 -0.39937 0.60149 -0.83446 0.20783 -0.16872 -0.17426 0.98557 1.2609 0.27834
-1.4547 -0.099965 0.96829 -0.032685 0.86762 -1.3634 1.6041 -0.8444 0.60183 -0.14218 -0.049124 -0.2609 0.010548 -2.2533 1.0754 1.1707 -0.60199 -0.55043 -0.073125 0.65458 -2.2714 1.6751 0.00074365 0.11954 1.1818 -0.64543 1.5766 -0.45121 -1.6673 0.79084 -0.62919 0.99795 -1.6486 1.6175 -1.588 0.35938 1.6525 0.62059 0.0080722
-2.0523 -0.26876 0.53125 -0.35822 0.17597 -1.4305 -0.35236 -3.6921 -0.029558 -0.39419 1.0144 -0.99339 0.14687 -1.5546 0.87991 0.50187 -0.097622 -1.1539 0.24465 -0.034802 -1.1376 1.1518 0.1038 0.48908 0.96082 -0.59869 2.1712 -0.23068 -1.9558 1.4058 -0.15853 1.9678 -1.3623 2.293 -2.3488 0.60471 1.4407 0.064878 -0.35026
-1.8473 0.26113 1.5122 -0.41874 0.38287 -0.99624 -0.32223 -1.8019 1.3475 -0.48747 0.21985 0.55567 -0.13342 -0.043299 0.94035 -0.83744 0.48482 -1.0108 0.82514 -1.8648 -0.2475 -0.68177 0.60402 1.36 1.0843 -0.86637 2.2288 0.11024 -1.7957 1.1275 0.61856 1.7568 -0.9442 2.7313 -2.1095 0.10272 -0.57515 -0.040392 -0.56092
-2.1932 0.19202 1.7312 0.33474 0.064959 0.51472 0.47793 -2.1907 -0.015534 1.0715 2.3717 0.2179 -0.26749 0.4683 1.1702 -1.2447 1.0375 -0.34887 2.6607 -0.84272 1.2649 -1.1446 0.34555 0.60117 1.0114 -1.2064 1.395 -0.051739 -1.3674 0.55543 1.1866 1.0286 -0.12672 1.6658 -1.7118 -0.46447 -2.0617 -0.29715 -0.41088
-2.0285 0.8238 0.84739 0.53357 -0.06743 0.069193 1.0277 -0.60952 0.415 0.19201 1.2883 -0.045875 -0.76574 0.78711 1.1111 -1.369 0.93042 0.16676 2.2601 -0.95051 1.8427 -1.6126 0.096394 -1.093 1.0497 -1.2749 0.41502 -0.53873 -0.36693 -0.21929 1.2309 -0.39689 0.63953 0.93877 -0.15189 -1.1805 -3.0807 -0.4133 0.18462
-1.0135 1.0135 -0.74133 0.7971 0.047297 0.96273 -1.0087 -1.4459 -1.4027 0.31978 0.92992 0.42018 -1.2046 0.57006 0.70689 -1.8272 0.72457 0.42138 1.5898 -0.77681 1.0664 -1.984 -0.56885 -2.3869 0.4008 -1.0782 -0.18576 -1.4036 0.10773 -1.3438 0.65155 -2.1579 0.67584 -0.25285 1.0447 -1.3421 -1.2809 -0.018464 1.2372
-1.0526 1.0687 -0.78341 1.0078 0.46383 1.279 0.12066 -0.27136 -0.70607 -0.052992 0.77393 1.2358 -1.2072 0.66853 0.27722 -1.2301 0.25762 0.84951 0.52875 -0.5665 1.6909 -0.58851 -1.3082 -3.2679 0.59942 -0.62394 -0.60768 -1.7597 0.57832 -1.923 -0.20888 -2.9667 1.4199 -0.66536 2.3342 -0.72399 0.84822 -0.14381 1.9644
-1.24 1.0184 -0.21325 0.44473 0.43012 0.81078 -1.816 -1.3388 -1.7483 -0.17824 -0.76029 0.8091 -1.2869 0.2008 -0.74112 -1.0914 -1.0835 0.4901 -0.8812 0.37314 0.86913 0.52878 -1.6473 -0.86641 1.1699 0.52497 0.0067012 -1.7787 0.84654 -1.9358 -1.1815 -3.1818 1.2557 -0.96119 2.4608 0.74282 1.735 -0.48423 2.2064
-1.55 0.96364 -0.76926 0.83481 0.72969 1.1636 0.15633 -0.4111 -1.4799 -0.75041 -1.7047 0.61922 -1.3881 -0.12018 -1.0833 -0.61528 -1.6909 -0.26909 -2.5543 1.4518 0.6697 2.0235 -0.81383 -0.18882 0.36878 1.1897 0.93202 -1.3624 0.66171 -1.1162 -1.9171 -2.4024 0.72574 -1.2983 1.5504 2.1949 1.661 -1.2019 1.8676
-0.96212 0.61983 -0.15617 0.7765 0.95535 0.78039 0.35123 0.96007 0.035708 -0.90442 -0.81819 0.97007 -1.0275 0.98665 -1.5628 -0.50065 -1.8502 -1.2089 -3.3553 0.84493 -0.26836 1.8682 0.69042 -0.50459 -0.40401 1.6835 1.875 -0.43506 0.97368 0.18153 -1.7479 -0.79186 -0.76336 -1.0252 0.22027 2.8406 -0.23291 -1.7002 0.91872
-1.451 -0.28145 -2.027 -1.6265 0.13146 -1.239 0.81403 -0.48948 0.81192 -2.2599 1.7963 2.383 0.19753 1.9759 -1.5719 -0.24461 -1.3967 -1.8428 -3.1383 0.71073 -0.2395 1.9888 1.9556 -0.17354 -0.84884 1.9019 1.7748 0.33397 1.088 1.0625 -1.016 1.0076 -1.834 -1.05 -1.1759 2.0233 -1.5508 -1.4301 -0.068992
-1.1005 -0.0032742 -1.3484 -1.0373 -0.40014 -1.68 0.44182 -0.78763 1.3329 0.32772 -0.01256 0.41566 0.07978 2.5632 -1.2198 0.60004 -0.87507 -1.9539 -2.2231 -0.88399 -0.64573 1.0009 2.7019 -1.3522 -1.3697 1.6961 0.62763 1.0739 1.3894 1.6797 0.11784 2.2464 -1.8139 -0.49654 -1.6284 0.30587 -2.1215 -0.95754 -1.0716
0.99551 -0.79152 -0.76874 -0.99123 -0.99404 -1.9619 -0.054589 -1.2069 0.481 1.6473 -1.7326 0.01097 0.61624 2.3202 -0.70319 0.92958 -0.19832 -1.782 -1.1004 -1.5696 -1.1592 -0.019064 2.2673 -2.8551 -1.8019 1.0681 -0.64824 1.2266 1.1823 1.3341 1.0566 2.377 -1.4024 -0.07272 -1.7515 -1.6467 -1.2744 0.21085 -1.5402
1.4586 -0.57738 -0.40621 -0.60856 -1.3376 -1.6162 -0.39656 -0.7623 0.77911 2.0719 -1.2633 -0.48593 0.69346 1.9627 -0.21908 1.5832 0.66891 -1.0402 0.16108 -1.8583 -0.75277 -0.55388 1.1605 -3.3849 -1.715 0.31794 -1.8528 1.4054 0.51468 0.83315 1.5112 1.8185 -0.40917 0.57872 -1.2031 -2.6656 0.74812 1.1692 -1.646
1.6617 -0.3759 0.27269 -0.2567 -0.93812 -0.76234 -0.60048 -0.37159 0.25747 1.8297 -2.5781 -0.65932 0.61245 1.1106 -0.041139 1.5392 0.31225 -0.37469 0.47031 -1.7776 -0.30837 -0.91819 -0.58256 -1.6996 -0.3226 0.029279 -2.3203 1.3272 -0.10918 0.20214 1.5607 0.83248 0.62929 0.73919 -1.015 -2.1754 2.3085 1.739 -1.3727
1.2165 -0.45685 0.026635 -0.69166 -1.2766 -1.402 -1.1981 -1.5004 0.49873 0.7185 -2.5004 -0.69923 0.56351 -0.18193 0.77668 1.2953 0.42676 0.10322 0.65815 -1.6606 0.069776 -1.0828 -1.2352 -0.46397 0.00044268 -0.52209 -2.2683 1.1421 -0.67742 -0.27248 1.1419 -0.34473 1.7707 0.2518 -0.82849 -0.84208 3.0022 1.5783 -0.92498
1.1029 -0.53331 0.19757 -0.73124 -1.2054 -1.5088 -1.1992 -1.8544 0.1905 -0.034388 -2.2197 -0.45565 0.49669 -0.80511 0.99686 0.88194 0.31626 0.49815 0.31552 -0.35873 -0.11837 -1.893 -0.90919 0.24298 0.4943 -0.79511 -1.5219 0.83612 -0.76029 -0.079208 0.76214 -0.529 2.3839 -0.27842 -0.35774 0.47918 2.0085 1.0492 -0.53473
1.3553 -0.29486 1.2533 -0.54547 -0.9664 -1.2089 -1.672 -0.78406 -0.42276 0.69269 -2.2387 0.079083 0.26456 -1.1828 1.153 0.6348 0.18517 0.60518 -0.48744 1.1495 -0.34082 -1.8133 -0.36365 1.5771 0.73594 -0.80854 -0.60259 0.186 -0.70334 -0.044808 0.30228 -0.49429 2.1481 -0.68133 0.47115 0.7497 0.91994 0.93637 0.023763
0.85491 0.53959 0.99606 -0.0023072 -0.96626 -0.81862 -1.9394 -0.61705 -1.0955 0.57514 -1.9706 -0.43621 -0.064482 -1.1387 1.1547 0.43415 0.30772 0.75799 -0.056982 1.8279 -0.62436 -1.3116 -0.043184 1.2437 1.1995 -0.71721 -0.080864 -0.2203 -0.52161 -0.025608 -0.082193 -0.11466 1.03 -0.78525 1.5361 0.11886 0.12692 0.78605 0.39967
0.18406 0.64159 0.62637 -0.18122 -0.51468 -1.0634 0.049143 -1.1321 -2.1704 1.0061 -1.2688 0.19807 -0.2892 -1.0978 1.0042 0.19272 0.36915 0.51153 -0.1852 1.7592 -0.97988 -0.39209 -0.14791 0.8422 1.331 -0.52201 0.45952 -0.65878 -0.26868 -0.31795 -0.11965 0.35661 -0.33466 -0.46535 1.8285 -0.66087 -0.40526 0.67229 0.55383
-0.16414 0.71263 0.97896 -0.46376 -0.4227 -2.0126 0.90904 -1.7685 -1.52 0.69902 -0.62609 0.36386 -0.1916 -0.98418 0.70425 0.12363 0.19779 0.37639 -0.094348 1.4913 -1.303 0.61351 -0.76801 0.84534 1.6044 -0.27424 0.82321 -0.75956 -0.072316 -0.3908 -0.24312 0.57954 -1.5919 0.26496 1.5913 -1.1813 -0.17876 0.14689 0.51861
-0.048138 0.58206 0.63921 -0.36329 -0.56675 -1.1724 0.13107 -2.7468 -0.67496 0.079497 -1.622 1.3702 -0.17589 -0.41669 0.28442 0.29382 -0.32544 0.55854 0.22942 0.5944 -0.88529 1.055 -1.3235 0.95651 1.7326 -0.10953 0.98079 -0.51112 -0.23078 -0.36262 -0.15476 0.60985 -1.9866 0.93809 0.89363 -1.0453 0.0092051 -0.54951 0.38809
-0.031617 0.72154 0.99848 0.055496 -0.72098 -1.4123 -0.16535 -2.1773 -0.40073 0.061979 -1.5281 1.3638 -0.1724 0.023681 0.25375 0.26244 -0.044901 0.27006 0.88655 -0.96479 -0.13917 1.2978 -1.8265 0.8157 1.235 -0.061523 0.81002 -0.14162 -0.39115 -0.4203 -0.011521 -0.20313 -1.4517 1.1157 0.25567 -0.49152 0.27145 -1.6163 0.31878
-0.13621 0.93373 1.479 -0.12116 -0.42739 -0.89846 -0.17613 -1.8662 -0.10264 -0.26302 -0.85952 2.0415 -0.22688 0.18696 0.38041 -0.30053 -0.15746 0.26272 0.53674 -1.2205 0.27607 1.1341 -1.7156 0.85865 0.4759 0.016498 0.35366 0.015342 -0.35823 -0.72908 -0.015852 -1.088 -0.36622 0.51968 -0.088719 0.10884 0.062257 -2.3533 0.37463
0.11225 0.87813 1.0325 -0.88877 0.092868 -0.69631 -0.33024 -1.8177 -0.60703 -1.1695 -0.18891 1.8389 -0.3193 0.19303 0.41965 -0.30937 -0.64052 0.48565 -0.6864 -0.68075 0.29868 1.1031 -1.553 1.4156 -0.76192 0.19237 0.050356 -0.21522 0.094765 -1.1395 -0.051792 -1.5885 0.40112 0.0076039 -0.31583 0.95619 -0.48758 -2.5067 0.51198
0.085584 0.89232 0.8521 -0.075287 -0.41391 -0.4753 -0.71176 -1.7291 -0.20269 -1.5204 -0.31061 1.7252 -0.30103 0.15008 0.22502 -0.087558 -1.3513 0.40413 -1.2193 -0.33763 -0.077769 0.95855 -1.2314 0.76332 -1.614 0.38601 -0.033747 -0.59112 0.72202 -0.90716 -0.36164 -0.90875 0.22359 0.20497 -0.45221 1.5888 -0.89116 -2.0055 0.5842
0.11425 1.1714 0.11087 -0.66906 -0.31837 -1.7577 -0.62127 -2.0738 0.64566 -1.4714 -0.36663 1.0202 -0.022178 0.14352 -0.02715 0.35393 -1.5285 0.086666 -1.4869 -0.5778 0.071135 0.71499 -0.1321 -0.11953 -2.3463 0.60462 0.13934 -0.97807 0.70436 -0.34347 -0.53468 0.45696 -0.21224 1.0338 -0.69153 1.7727 -0.97191 -0.8632 0.47862
0.20953 1.088 0.70539 -1.2165 0.045085 -2.2181 -0.56759 -2.3233 1.0052 -1.7764 -0.0099522 0.012069 0.12605 0.16059 -0.37781 0.76392 -1.3656 -0.22011 -0.93418 -0.818 0.80598 0.3712 0.78536 -0.1565 -2.4397 0.78136 0.362 -1.248 0.21071 0.62859 -0.6125 1.6593 -0.29547 1.8371 -0.91966 1.5877 -0.68238 0.16085 0.24376
0.071611 0.94496 1.5819 -2.0696 -0.16306 -2.2256 -0.37447 -2.0008 0.47387 -1.4331 -0.62437 -0.59199 0.24538 0.45054 -0.9019 0.62727 -1.246 -0.20267 0.07297 -0.90579 1.8803 -0.062591 1.0206 -0.067214 -1.9637 0.79011 0.6147 -1.3272 -0.67889 1.4116 -0.69138 2.311 0.34968 1.9522 -1.1244 0.93734 -0.26664 1.1514 -0.0044022
0.16955 0.77115 1.9072 -2.0997 -0.25385 -1.8028 -1.1916 -1.4623 0.27622 -0.239 -0.82655 -0.97189 0.42947 0.66312 -1.408 0.19523 -0.31267 -0.59471 1.344 -0.81441 2.599 -0.5909 1.4013 -0.63181 -1.5434 0.69813 0.72118 -1.0655 -1.6001 2.0176 -0.70504 1.8885 1.3772 1.3594 -0.93307 0.022603 0.19856 1.5866 -0.18454
0.42801 0.31855 1.4991 -1.8836 -0.47008 -1.2143 -1.5194 -0.46853 -0.11315 -0.29758 0.018199 -1.2376 0.62171 1.0171 -1.7137 -0.64151 0.56896 -1.0146 2.0406 0.14035 2.9792 -1.1721 1.4584 -0.42692 -0.7173 0.63842 0.54456 -0.43603 -1.9121 2.1124 -0.55412 0.66163 2.2035 0.42761 -0.40156 -0.95588 0.51231 1.5245 -0.27893
0.88489 -0.14026 0.88144 -1.5368 -0.58574 -0.81141 -1.4889 0.61057 0.36051 -0.56984 -0.35916 -0.79842 0.70269 1.1952 -1.7397 -1.6411 1.4683 -1.1278 1.8907 1.5462 2.9114 -1.0404 0.62154 0.40025 -0.18821 0.54983 0.21425 0.34842 -1.5942 1.3675 -0.014557 -0.78502 1.9485 -0.48562 0.36743 -1.7162 0.67079 1.2414 -0.36777
1.0078 -0.46461 0.4125 -1.1646 -0.88423 -0.69285 -1.0458 0.59184 -0.06125 0.41122 -1.4149 -1.6493 0.82408 1.1821 -1.4606 -2.09 1.7797 -0.9723 1.1172 2.5438 2.572 -0.68843 -0.50628 0.41546 0.11962 0.39992 -0.18681 1.0019 -0.69261 0.45581 0.38631 -1.6289 0.50125 -1.2797 1.0182 -1.7581 0.41949 0.95565 -0.50123
1.588 -0.91013 0.35123 -0.8424 -1.2192 -0.0386 0.26733 1.1489 -1.26 0.29278 -0.34175 -0.93461 0.88974 0.97923 -0.95891 -2.1087 1.6246 -0.66008 0.1858 2.0759 1.8795 -0.069019 -1.0654 0.25976 0.28026 0.20531 -0.46274 1.4703 0.34509 -0.326 0.59659 -1.7578 -1.3995 -1.5945 1.2513 -1.1267 0.045187 1.1008 -0.68184
1.5655 -0.96394 -0.72468 -0.13374 -1.444 -0.30025 1.2992 1.6611 -0.82742 -0.63781 0.29616 -0.90044 0.9402 0.7964 -0.44543 -1.7137 1.3521 -0.55571 -0.4405 0.91511 1.0321 0.47204 -1.2316 0.45806 0.76689 -0.023325 -0.78652 1.7769 1.0371 -0.58193 0.76736 -1.1966 -2.7156 -1.9068 1.1704 -0.09912 0.034181 1.2008 -0.96208
1.7808 -0.88028 -1.1413 0.15589 -1.1719 -0.71818 0.93343 2.0168 -0.25152 -1.3427 -0.22464 -0.88966 0.93382 0.55901 0.1877 -1.1531 1.1017 -0.25679 -0.92566 -0.60896 0.60779 0.99845 -1.2768 0.45189 1.4725 -0.37289 -1.3871 1.8644 1.8648 -0.33497 0.80656 -0.38242 -2.5006 -1.8294 0.51937 0.87564 0.030626 0.85984 -1.3534
1.8026 -0.83617 -1.5229 -0.020854 -1.1009 -1.0496 -0.16378 1.9329 0.35063 -1.6798 -0.12534 -0.80865 0.83134 -0.024024 0.90941 -0.56992 0.98873 0.2193 -0.78287 -1.859 -0.47134 1.2271 -0.59079 0.37052 1.6912 -0.91135 -2.0572 1.7931 2.3219 -0.25545 0.76522 0.60955 -0.8673 -1.633 -0.51474 1.279 0.16538 0.22319 -1.5302
2.0465 -0.74616 -1.1989 0.14281 -1.4746 -1.0612 -0.62414 1.4302 0.72454 -1.2358 -0.38925 0.32265 0.64312 -1.116 1.4519 0.8983 1.2093 0.41774 -0.44547 -1.8288 -0.89787 0.63612 0.38834 0.34762 1.361 -1.6018 -2.3626 1.3391 2.1106 -0.26104 0.86476 1.5589 1.0889 -1.1245 -1.2447 1.5446 0.21057 -0.92565 -1.24
1.8568 -0.26311 -0.90526 0.401 -1.2998 -1.3057 -1.0165 1.4692 0.34042 -0.92486 -0.38504 0.74268 0.30826 -2.0868 1.8926 1.7127 0.848 0.49635 0.53119 -0.3218 -1.3632 -0.43498 0.52288 0.82135 1.1989 -1.954 -1.9099 0.58702 1.3276 -0.3822 0.94541 1.9714 2.0084 -0.26186 -1.2744 1.0576 0.40071 -1.5741 -0.55234
1.2567 0.2959 -0.82512 0.83338 -0.81623 -0.55396 -0.95948 0.47271 0.24983 -0.77647 0.88048 1.3113 -0.3506 -2.6841 1.9137 1.7541 0.71141 1.177 1.5567 0.90158 -1.1083 -0.79099 1.2886 0.62718 -0.010366 -1.914 -0.77973 -0.72885 0.085764 -0.90611 0.98511 1.4864 1.5665 0.42538 -0.46248 0.34713 0.054229 -1.7734 0.61876
-0.553 0.8046 0.81886 1.7552 -0.85411 -1.0469 -0.39045 0.99366 0.17264 -0.38312 0.31852 0.12866 -1.1238 -2.6934 1.6496 1.5549 0.5536 1.5602 2.193 0.99429 -0.85532 -0.74222 1.1 1.0083 -0.5404 -1.6742 0.65463 -2.0531 -0.72118 -1.5172 0.74222 -0.2979 0.12012 0.62429 0.46562 -0.40298 -0.44906 -1.6996 2.0435
-0.97023 1.2553 0.95029 0.48027 -0.65158 0.059757 0.65753 0.18136 -0.9686 -1.1867 0.57009 0.81 -1.2078 -2.2166 0.3635 1.1579 -0.29369 1.6794 1.7159 0.79963 -0.30825 -0.18875 0.80887 0.34501 -1.0519 -0.71323 1.9281 -2.3794 -0.6772 -1.8929 0.19192 -1.8742 -1.1056 0.11551 0.92163 -1.0695 -0.3112 -0.74774 2.8473
-1.2811 1.0904 0.33953 0.76064 0.34954 0.82066 0.42367 0.65239 -0.23137 0.92973 0.16963 -0.95545 -1.1562 -1.1233 -0.7371 0.65018 -1.4265 1.5922 -0.17921 -0.035061 -0.5339 0.23374 -0.039786 0.055869 -1.4277 0.84334 2.4642 -1.9382 -0.31161 -1.7399 -0.66801 -2.848 -1.68 -0.29125 1.0501 -0.72295 -0.11726 0.21133 2.7942
-1.038 1.1491 0.80483 1.1543 0.21868 1.1093 -0.30678 0.30542 -0.14897 0.080992 1.1903 0.42026 -1.3297 0.037443 -0.83847 0.92994 -1.7684 1.4964 -1.0887 -0.93316 -1.0263 0.64817 -0.2872 0.47003 -0.96976 1.5616 2.3335 -0.70103 0.1151 -1.2673 -1.7266 -2.5527 -1.6701 -0.81433 0.4311 -0.40371 0.1938 1.1171 1.8001
-1.2408 -0.24139 0.70748 -0.089467 0.67433 -0.060978 -0.2549 1.0206 0.28143 -0.14456 0.12596 -0.63737 -0.40336 0.65842 -0.96382 1.0907 -1.8968 0.40618 -2.2135 -1.7003 -1.0425 1.0362 0.20064 0.69676 -0.22698 1.8344 1.6888 0.22471 0.058652 -0.5691 -2.2933 -1.1049 -1.0432 -0.67249 -0.18805 0.41898 0.039932 1.151 0.44344
-0.72794 -0.36651 0.7042 -1.098 0.78082 -1.8281 -0.75405 -0.71116 0.3616 -1.3963 0.95651 -1.2166 0.84684 1.1345 -0.68693 1.1745 -2.3748 -0.9193 -2.4763 -1.9079 -1.6145 0.30738 -0.11536 0.39204 0.36206 1.7842 1.0774 0.59965 -0.61843 0.21242 -2.3234 0.48992 -0.3174 -0.040873 -0.58676 0.82419 -0.19612 0.80469 -0.58781
-0.64127 0.74295 2.8911 -0.54853 0.81373 -1.3178 -0.85609 -0.64202 0.47197 -0.45641 0.96541 -0.7797 0.28254 1.4009 -0.44229 0.6569 -2.152 -1.4335 -1.7548 -1.7655 -1.5253 0.0017332 0.72816 0.15739 -0.01707 1.4689 0.52513 0.39499 -1.3717 0.97686 -1.5817 1.9166 0.43831 0.98601 -0.44163 0.55941 -0.78611 0.29222 -1.2039
-0.047867 0.16837 1.6723 -1.7995 -0.40884 -1.2837 -1.346 -0.75704 0.59166 0.70938 1.4101 0.73167 0.66245 1.6302 -0.10721 -0.01747 -1.2284 -1.8726 -0.34916 -1.5876 -0.84553 -0.073967 1.1195 0.33442 0.36707 0.76632 0.0085498 -0.31447 -1.8778 1.402 -0.58474 2.1853 0.84505 1.8623 0.26364 -0.041578 -1.3454 -0.49885 -1.1227
0.35809 0.11586 1.6099 -2.0029 -0.96026 -1.363 -2.0604 -1.3678 -0.17128 0.41372 0.4947 -0.31658 0.74496 1.3729 -0.60087 -0.91649 -0.64791 -2.0425 0.58865 -0.95361 0.50383 0.29218 0.72008 -0.84898 0.27321 0.3408 -0.42514 -0.40165 -1.2135 1.8105 0.21942 1.6625 1.2423 1.8447 0.54818 -0.90425 -1.274 -1.057 -0.9624
0.7544 -0.10507 1.3021 -1.7642 -0.91598 -1.1673 -2.0282 -1.1915 0.030095 0.62261 1.128 -0.48446 0.81406 1.174 -1.1307 -1.6087 -0.52075 -1.7073 0.76334 -0.54907 1.001 0.70798 -0.18558 -1.7878 -0.73001 0.48078 -0.73089 0.22343 -0.37432 2.0614 0.78804 0.66932 1.4982 0.82048 0.3605 -1.1003 -0.44548 -1.1149 -0.95889
1.0272 -0.41084 0.65275 -1.6898 -1.0262 -1.0442 -1.8082 -0.16413 0.50648 0.67796 0.81766 -0.46969 0.95244 0.86807 -0.59811 -0.8484 0.85352 -1.1302 1.0388 0.31788 1.1474 0.75392 -0.43204 -1.323 -1.4383 0.010822 -1.1727 1.5754 0.43901 2.3908 1.5809 0.18549 1.5213 -0.36957 -0.4814 -0.30827 0.85195 -0.21341 -1.5445
0.91592 -0.64371 0.23058 -1.6851 -1.557 -1.0022 -1.5614 0.062976 1.1102 -0.52536 -0.30356 -0.41582 1.0143 0.56726 0.25986 -0.74954 1.8431 -0.89746 0.7589 0.91904 0.44246 0.44434 -0.51232 -0.32807 -0.85298 -0.66375 -1.7946 2.3395 0.90253 2.2771 2.0936 0.096327 0.96864 -1.2366 -1.3603 0.51012 1.1054 0.66486 -2.1327
1.0793 -0.67945 0.53753 -1.804 -1.5199 -0.26574 -1.7421 0.35101 1.3873 -0.073598 -1.1198 -1.5856 0.9143 -0.44028 1.3131 -0.49052 2.5997 0.4415 0.94158 1.5035 0.085065 -0.59421 0.27176 0.092938 -0.089158 -1.6558 -2.0722 1.8954 0.4788 1.2879 2.3837 0.22065 0.31393 -1.2181 -1.5855 0.80288 0.83196 1.3359 -1.8583
1.3308 -0.25422 0.80707 -0.20849 -1.8891 -0.25281 -1.1078 -0.087815 0.77921 0.53383 0.66921 -1.6373 0.50885 -1.4162 1.7893 -0.046718 2.8261 1.3383 0.98164 0.88356 -0.84728 -1.4813 0.50006 -0.32169 -0.21903 -2.233 -1.8642 0.8054 0.23883 0.16887 2.2428 0.26019 -0.068166 -0.28071 -1.2086 0.5088 0.36297 1.3603 -0.96247
1.2083 0.79467 0.26156 0.78203 -1.7888 -0.89373 -1.0141 -1.4499 -0.04965 -0.33257 0.91888 -1.0705 -0.31823 -1.888 1.7769 -0.26829 2.7578 2.1167 1.3496 0.98016 -0.55126 -1.6192 0.68928 0.30603 0.65985 -2.2953 -1.0349 -0.50854 -0.073338 -1.1987 0.9413 0.12207 -0.17836 0.77642 -0.10648 0.16042 -0.084534 1.1542 0.3034
-0.46848 1.4427 0.23197 1.435 0.50718 0.13366 0.018997 -0.17244 -0.8284 1.576 0.95646 0.12203 -1.3696 -2.0795 1.3611 -0.3875 2.0962 2.3706 1.0573 1.0193 0.23489 -1.5879 0.31378 0.26811 1.2324 -1.945 0.042451 -1.4781 -0.18522 -2.1582 -0.47694 -0.024917 0.098344 1.4802 0.78024 -0.03648 -0.45904 0.85698 1.3295
-1.2028 1.0884 0.59535 1.1726 0.12962 0.12755 -1.4861 -1.1573 -0.98717 0.48783 -1.2181 -1.4891 -1.3637 -1.9753 0.68253 -0.44325 0.77484 1.6384 1.1257 1.0418 1.0683 -0.77203 0.69771 -0.3861 1.2675 -1.2958 1.104 -1.5812 -0.064439 -2.3814 -1.9064 -0.28404 0.10506 0.68209 1.1828 -0.59452 -0.89337 0.0040289 1.8211
-1.1106 0.97013 -0.25916 1.4469 0.40879 0.95609 -0.31644 -0.062495 -0.33542 0.28494 0.26488 0.39258 -1.2777 -1.2854 -0.1153 -0.29606 -0.14151 0.68318 1.0171 1.0426 1.2321 -0.27457 0.43186 -0.90197 1.0148 -0.52235 1.4261 -1.3261 0.35596 -1.7368 -2.1141 -0.39648 0.1215 0.0015205 1.09 -0.56392 -0.19255 -0.33067 1.7255
-1.0581 0.97828 0.22821 1.2665 0.63675 0.43699 -0.25104 0.64742 -1.0537 0.5421 0.39341 -0.070911 -1.305 -0.27289 -0.10753 -0.42013 -0.49399 -0.56177 0.76701 1.1725 0.29153 0.19944 -0.5583 -0.89605 0.74326 0.021225 1.1128 -0.9342 0.91474 -0.8869 -1.3901 -0.8372 -0.23042 -0.64967 0.75125 -0.73408 0.40993 -0.93784 1.3671
-1.2839 1.0699 -0.040266 1.0528 -0.48284 0.55205 0.39679 0.5526 -0.44132 1.9312 0.6195 0.41224 -1.3664 -0.33448 -0.44373 0.29784 -0.45136 -0.43347 0.40564 1.1926 0.64487 0.20682 -0.18509 0.12488 0.85576 0.26535 0.77279 -1.3157 0.38209 -0.76366 -0.71906 -1.0463 -0.057108 -0.3363 0.54511 -0.62106 0.44862 -1.2764 1.3792
-1.1188 0.86046 -0.13942 0.71024 -0.052205 0.50444 0.2252 -0.13239 -0.93133 0.39007 -0.94037 0.50925 -1.3457 -0.42274 -0.70352 1.024 -0.68499 -0.37643 -0.29448 0.4632 0.12069 0.55674 -0.4636 -0.10373 -0.4044 0.58327 0.89857 -1.8437 -0.14404 -0.92667 0.027209 -0.99007 0.26148 0.66273 0.29817 -0.47337 0.26421 -1.4703 1.7627
-1.0624 1.3566 -0.33284 0.85481 -0.10298 1.3694 0.77586 -0.53679 -0.44725 -0.062633 -0.8831 0.42734 -1.3058 0.20099 -1.9999 -0.27132 -1.4335 -0.7489 -0.60267 1.2592 0.68402 0.68349 -0.85752 -0.42566 -0.78314 1.4896 1.4512 -1.6529 -0.86392 -1.0479 0.091231 -0.64077 0.73256 0.87415 0.085693 -0.65593 -0.31878 -1.4791 2.0186
-1.9458 0.029554 1.3874 0.82062 -0.093776 0.56344 -0.20159 0.64847 -0.5543 0.41901 0.26879 0.18784 -0.81277 1.099 -2.3872 -0.39372 -1.691 -0.37151 -0.76514 1.6732 1.5758 0.57944 -1.1665 -0.11377 -1.1644 2.3398 1.5965 -0.88271 -1.1286 -0.67802 0.47215 -0.12188 0.92886 0.60445 -0.42066 -0.67998 -0.6937 -0.66878 1.6603
-1.5178 0.1754 1.3063 0.39779 0.079177 0.13513 0.39029 0.48269 0.49226 0.080546 0.71976 -0.68504 -0.49221 1.5465 -2.3434 -0.6265 -1.86 -0.28568 -0.68607 2.1151 1.6312 0.36774 -1.1459 -0.51848 -1.5074 2.7434 1.1233 0.74918 -0.71613 0.20404 1.1505 0.64874 0.47406 -0.89099 -0.81199 -0.75375 -0.95356 -0.14826 0.54443
-0.18009 -1.9311 -1.8281 -1.2845 -1.0945 -0.29633 2.1862 1.7415 -0.368 -0.033252 -0.77729 -0.97194 0.8223 1.8098 -1.9967 -0.93711 -1.7013 0.2425 -0.52618 1.9767 0.83794 -0.17608 -1.6802 -1.4487 -1.3006 2.7168 0.14517 1.5779 -0.25242 1.0288 1.5831 1.1401 -0.21588 -2.1947 -1.1027 -0.58389 -0.55198 0.53925 -0.66014
0.66324 -1.1903 -0.38363 -0.9453 -0.52974 0.22768 2.2495 2.0523 0.077821 -0.29926 -0.17039 -0.81446 1.4502 1.8926 -0.95528 -1.3505 -1.0313 1.0417 0.56922 2.0897 -0.65628 -0.65097 -2.1101 -1.6646 -1.0195 2.2059 -0.80028 2.0991 0.8142 1.7884 1.9958 1.1925 -1.0419 -2.5855 -0.89665 -0.14821 0.92862 0.95204 -1.6517
0.54734 -1.2202 -0.47593 -1.2155 0.04162 0.41785 2.2693 0.97655 -0.5951 -1.7221 -1.9325 -1.6216 1.5861 1.1993 -0.46789 -0.49689 -0.1875 1.8576 0.89622 1.213 -1.518 -1.2336 -1.8515 -0.65126 -0.45298 1.5103 -1.4229 1.5783 1.0387 1.7513 1.3377 0.65888 -1.2995 -1.8512 -0.55948 0.78661 2.0522 0.93076 -1.9886
0.53278 -1.1316 -0.6626 -0.84156 0.45032 0.57491 2.0836 0.33647 -0.71392 -2.0799 -1.6366 -1.21 1.7101 0.41056 0.36952 0.72556 0.70174 2.5584 0.99825 0.28199 -2.1863 -0.99341 -1.3494 0.90653 -0.21939 0.59952 -1.4583 0.66101 0.81389 1.225 0.086847 -0.028897 -1.2511 -0.38289 0.04206 1.5609 2.3881 0.86318 -1.6536
0.61106 -1.1437 -0.80852 -0.50047 1.1806 1.0461 2.4187 -0.368 -1.1372 -2.075 -0.67635 -1.5094 1.7384 -0.019459 -0.044955 0.025924 0.68242 1.9259 0.57125 0.12218 -1.9684 -1.187 -0.46582 1.3162 -0.027848 0.21268 -0.93519 0.008167 0.13252 0.35738 -1.1457 -0.23815 -0.83668 0.76086 0.39552 1.6894 1.2861 0.67454 -1.021
0.63985 -1.2552 -0.43338 -0.5493 1.6267 0.69792 2.4985 -0.62893 -1.4585 -1.9051 0.039738 -1.2027 1.7382 -0.13246 -0.073017 -0.040368 0.81347 1.1498 0.64711 -0.021314 -1.155 -0.59362 0.35213 2.068 0.31687 0.1044 -0.49994 -0.39491 -0.40661 -0.26541 -1.7212 -0.2457 -0.45397 1.6845 0.61876 1.1483 -0.14611 0.43293 -0.40282
0.72149 -1.2161 -0.10929 -0.34887 1.7593 0.92882 2.5121 -0.44734 -1.3691 -1.7039 0.3291 -1.2405 1.7448 -0.21509 -0.23496 0.15616 0.43641 0.43813 0.56229 -0.41762 -0.53951 -0.61086 0.7118 1.3003 0.48219 0.059588 -0.39937 -0.10179 -0.26182 -0.40115 -1.435 0.020231 -0.50063 1.4368 0.90395 0.20425 -0.92557 -0.00068917 -0.16317
0.47301 -1.2383 -0.69084 -0.22219 1.4487 0.86335 2.205 -0.66607 -1.7842 -1.3255 0.15584 -1.1363 1.7517 -0.38817 -0.19189 -0.099265 0.35605 0.12052 0.4779 -0.42319 0.38452 0.0098431 0.3853 0.6083 0.28613 0.0057101 -0.27145 -0.050004 -0.23259 -0.47425 -0.85262 -0.075728 -0.41172 0.72589 0.70987 -0.40765 -1.1744 -0.38406 -0.092984
0.26344 -1.2645 -0.82448 -0.011294 1.2811 1.4118 2.1561 -0.6935 -1.1426 -1.5429 0.26527 -1.0615 1.7634 -0.60577 -0.1561 -0.42776 0.19213 -0.21506 0.67101 -0.75037 0.066763 0.40129 -0.06126 0.1951 -0.046535 -0.0097957 0.013636 0.068201 0.068562 -0.26845 -0.14136 -0.14671 -0.078676 0.043564 0.59636 -0.46868 -0.69611 -0.42007 -0.057353
0.35148 -1.5025 -0.2619 -0.38408 1.2406 1.2779 1.6462 -0.56989 -1.9775 -1.0474 0.061468 -0.46541 1.8094 -0.41931 -0.19719 -0.17571 0.081797 -0.10857 0.41305 -0.7409 -0.031753 0.38289 -0.073311 0.2765 -0.15534 -0.016027 0.39245 0.11048 0.54225 -0.19956 0.33125 -0.36891 0.22 -0.49889 0.032361 -0.14668 -0.43968 -0.34301 -0.049864
0.10672 -1.3271 -0.95017 0.0043071 1.8152 1.356 2.3853 0.38435 -0.8952 -1.8232 0.46595 -1.4298 1.7009 -0.16472 -0.12113 0.34232 0.099234 0.27532 0.27089 -0.44229 -0.22825 0.44692 0.006147 0.070047 -0.099636 -0.025409 0.60969 0.21525 0.76656 -0.14133 0.39802 -0.34233 0.52909 -0.41116 -0.15483 -0.052585 -0.38653 -0.21445 -0.064311
-0.23759 -1.3898 -1.0145 -0.34028 1.2635 1.463 1.4636 -1.1404 -0.88881 -2.0028 0.38163 -1.4068 1.7344 0.11307 -0.028122 0.56841 0.055235 0.46683 -0.097057 -0.1308 -0.41681 0.047339 0.065535 -0.21715 -0.34868 -0.069894 0.52481 0.27295 0.68012 -0.27992 -0.12031 -0.066249 0.39868 -0.23529 -0.2227 -0.074908 -0.68281 0.11638 -0.039633
0.32972 -1.4685 -0.28793 -0.11162 1.504 1.2942 1.6412 -0.6121 -1.2673 -1.2694 0.65791 -1.2853 1.7513 0.24378 0.11426 0.68136 -0.034471 0.2115 0.20503 0.042934 -0.51943 0.23641 -0.22712 -0.34073 -0.37563 -0.090298 0.44335 0.19765 0.40299 -0.41298 -0.78454 0.256 0.090651 0.6868 -0.082371 0.06327 -0.75782 0.48189 -0.074807
0.26732 -1.3703 -0.078052 0.029665 1.793 1.3833 1.8548 -1.0443 -1.1437 -1.1287 -0.033065 -0.89775 1.7407 0.33825 0.13564 0.97084 -0.34681 -0.31531 0.28553 -0.16022 -0.32381 0.013019 -0.0981 -0.88793 0.16314 -0.049982 0.12705 0.075618 -0.00022619 -0.45752 -1.1318 0.89077 -0.066399 1.3798 0.50217 0.33709 -0.56617 0.3721 -0.20291
0.49823 -1.3601 0.056322 -0.13935 1.8669 1.2357 2.0681 -0.93577 -1.5215 -1.4847 -0.066193 -1.598 1.6622 0.53678 0.12271 0.92784 -0.44057 -0.79341 0.57349 -0.25397 1.0758 0.28354 0.225 -1.113 0.49472 -0.16026 0.10727 0.12079 -0.31977 -0.022532 -1.4454 0.74442 -0.25414 1.7077 0.76434 1.1211 -0.045823 0.098627 -0.55054
0.46261 -1.2724 0.2311 -0.48688 1.4136 1.7753 1.8412 -0.81747 -1.0117 -2.0061 0.0044952 -1.3593 1.6635 0.20706 0.091119 0.46171 -0.56468 -1.1288 1.5015 -0.13998 1.48 1.0704 0.52831 -0.96965 -0.13478 -0.37284 0.076867 0.70613 -0.58301 0.79714 -1.4346 0.036358 -0.30919 1.1 0.88185 1.7487 0.45409 -0.048989 -1.1443
0.33194 -1.1865 0.22677 -0.60598 1.0158 1.6957 1.7416 -0.42799 -0.7501 -1.9131 -0.56306 -0.99922 1.6863 0.51398 0.33485 0.34209 0.053655 -2.0565 1.0827 -0.52079 1.909 1.3047 1.7285 -0.40729 -0.078735 -0.84487 -0.36886 1.5037 -0.57897 1.5269 -0.77101 -0.92204 -0.48173 -0.10799 0.46891 1.8138 0.84561 0.067908 -1.7418
0.88062 -1.3799 0.56545 -0.74851 0.26375 2.0859 0.98377 0.75145 -0.71197 -0.74917 -0.73851 -0.35059 1.4985 0.49912 1.1981 0.16706 0.8968 -2.3386 0.078839 -0.69653 1.4115 1.3461 2.6837 -0.35749 0.32731 -1.611 -0.91029 1.9267 -0.26087 1.7868 0.20272 -1.7179 -1.1152 -0.92941 -0.3323 1.0011 1.0297 0.34158 -1.9442
0.43599 -1.3492 0.21227 -0.60239 0.74274 3.2818 2.1173 0.91895 0.46118 -0.19438 -0.37311 -2.1521 1.1883 -0.26809 2.0597 -0.013766 1.6652 -1.6234 -0.61333 -1.0093 0.91925 1.1224 2.812 0.24012 0.35533 -2.4382 -1.6165 1.6566 -0.25197 1.0878 1.2641 -1.7649 -1.172 -1.3394 -0.9416 -0.82526 0.44156 0.41377 -1.4078
1.3041 -0.7101 0.42564 0.53145 -0.83322 1.8082 1.2129 0.95046 0.21661 1.3622 -0.24897 -1.0427 0.48175 -1.0426 2.4203 0.15832 1.9453 -0.99017 -1.1647 -2.2655 0.19115 0.45626 2.0135 0.73064 0.24133 -2.8096 -1.6212 0.62571 -0.28313 -0.15305 1.4475 -1.3255 -0.54174 -0.86554 -1.277 -2.1551 0.14155 0.63837 -0.24673
1.0045 0.58297 0.26001 1.0195 -0.81858 0.85969 1.1524 0.1973 0.12776 1.5244 -0.54027 -0.70276 -0.4965 -1.6365 2.4676 -0.11786 1.556 -0.42418 -1.9052 -2.2258 -0.059556 -0.23471 0.41004 -0.092879 0.68969 -2.5871 -1.1275 -0.64872 -0.24368 -1.3636 1.5383 -0.25573 0.63607 -0.25172 -0.82675 -2.662 0.0583 0.57993 1.0688
-0.71215 1.2175 0.18059 1.4212 0.034232 1.4153 0.38848 0.47689 0.47999 1.1023 0.30775 -0.54211 -1.2558 -1.7467 2.0293 -0.30474 0.68987 -0.29454 -1.9927 -1.2485 0.24104 -0.66374 -0.44877 0.072934 1.2971 -1.9473 -0.27242 -1.7341 -0.1001 -1.8375 1.1872 0.56494 1.9088 0.35256 -0.068068 -2.2017 -0.33318 0.20989 1.9132
-1.0842 1.0124 0.77647 1.401 -0.1219 0.99678 -1.557 0.31907 -0.49308 0.66373 0.14795 -0.82325 -1.3481 -1.9507 1.1781 -0.23072 -0.20098 0.83931 -0.74452 -0.19382 0.42479 -0.060752 -1.3119 0.6679 0.85735 -1.0925 0.70893 -2.0505 0.35538 -1.3535 0.85828 0.75328 2.2113 0.17875 0.59029 -1.3389 -0.62522 -0.52273 2.0264
-1.0283 1.0672 -0.036223 0.81333 -0.22622 0.51968 -0.23812 1.132 -0.72285 -0.30405 -1.3812 0.122 -1.2329 -1.3694 0.18893 0.040511 -0.54385 0.5431 -0.62379 0.72698 0.65133 0.21877 -1.5528 -0.32666 0.50933 -0.376 1.127 -1.5996 0.354 -0.36359 0.8282 0.80944 1.5322 -0.21225 0.99369 -0.40865 -1.0669 -0.98872 1.459
-1.1496 1.1583 -0.37618 0.49615 -0.43458 0.72488 1.7906 1.1804 -0.19606 0.28423 0.33704 -0.016456 -1.1481 -0.52938 -0.012616 0.40529 -0.30232 0.7174 -1.086 1.4328 0.10059 0.5556 -1.7267 -1.1488 0.092906 -0.0035527 1.2045 -0.82368 0.21829 0.64474 0.61187 0.59917 -0.17354 -0.37886 0.77948 0.52403 -1.0126 -0.88912 0.66289
-1.4399 1.1824 0.36298 0.66546 0.52837 0.96227 0.68649 0.86674 0.65175 -0.12026 0.97053 0.17536 -1.2005 -0.40339 -0.028435 0.070404 0.09081 1.2715 -0.20426 1.1522 0.01017 1.1065 -1.0554 -1.1497 -0.16526 -0.066053 0.94835 -0.14731 -0.07209 0.78971 0.69166 0.71909 -1.4379 -0.3772 0.038769 0.94633 -0.095782 -0.64872 0.10924
-1.4957 0.91344 0.5688 0.70266 -0.05409 0.2246 1.1759 0.89278 0.33927 -0.831 -1.5701 -0.3245 -1.3225 -0.23939 -0.080297 0.18826 0.69136 1.5825 0.23643 -0.79002 0.029297 1.1241 -0.49502 -0.94391 -0.46744 -0.14559 0.72257 0.0029316 -0.41526 0.24491 -0.24599 0.50106 -1.6135 0.14893 -0.66066 1.2404 0.67108 -0.6443 -0.087157
-1.4604 1.2197 1.0461 1.3102 1.0456 -0.036144 0.85961 0.32546 0.62301 -1.6339 -1.3158 -0.69003 -1.2854 0.21546 -0.023262 0.028292 0.43632 1.3646 0.14921 -1.2119 -0.025884 0.0082805 -0.25205 -0.63552 -0.43206 -0.12382 0.69467 0.13346 -0.66277 -0.37796 -1.1113 -0.046039 -0.8888 0.32385 -1.1628 1.1842 1.3348 -0.26295 0.053917
-1.5635 0.93709 -0.1472 1.1832 1.2237 1.2243 0.015094 0.91469 0.78305 -0.30355 -1.2467 -0.54916 -1.3777 0.48163 -0.012213 -0.34988 -0.0027127 0.20113 -0.27124 -0.80583 0.42608 -0.28982 0.38085 -0.092518 -0.98714 -0.1201 0.47184 0.040107 -0.96431 -1.0529 -1.7752 -0.26941 0.29873 0.31984 -1.029 0.96762 1.5193 0.43034 0.21719
-1.2676 1.0489 -0.04073 1.5571 1.3842 0.96389 -0.48887 1.4898 1.0241 -0.42639 -1.1845 -0.27425 -1.3282 0.50594 0.15686 -0.90952 -0.23839 -0.098281 -0.069841 -0.73212 0.45845 -0.63512 0.90269 1.0532 -0.42005 0.010369 0.2642 -0.13481 -0.65607 -1.1201 -1.7142 -0.46737 0.43631 0.074226 -0.61639 0.2827 1.3866 0.89399 0.40411
-0.76367 1.1939 0.15053 0.634 1.0593 0.68567 0.82937 0.64777 -0.62406 -0.18294 0.5924 -0.60324 -1.2791 0.48112 -0.10575 -1.1678 -0.89209 -0.96709 -0.22702 -0.41743 0.42604 -0.72205 0.8871 1.2061 0.28236 0.14799 0.11123 -0.30215 -0.20139 -0.74516 -1.1745 -0.23518 -0.11302 -0.64563 -0.40216 -0.53134 0.84799 1.3495 0.47387
-0.92868 1.0278 0.17916 0.61895 0.038219 -0.10288 -0.037988 1.4346 0.4814 -0.08711 -0.62408 -1.9693 -1.4425 0.70491 -0.20181 -0.79894 -1.1637 -1.2201 -0.84784 -0.50346 0.13672 -1.0772 0.074052 1.4465 0.53863 0.41365 0.13321 -0.5414 0.22078 -0.17923 -0.66879 0.082663 -0.59449 -0.93083 0.035024 -0.93154 -0.50548 0.97938 0.44472
-0.99979 1.2509 -1.0262 0.85213 0.49034 0.36885 0.2298 1.0996 -0.52565 0.089212 -0.71866 -0.38837 -1.2255 0.59394 -0.33555 -0.77287 -0.89343 -1.4146 -0.38571 -1.1761 -0.64646 -0.92065 -0.26606 1.3748 0.97366 0.46578 0.4123 -0.55614 0.25925 0.20801 -0.043905 0.45019 -0.47443 -0.94225 0.016974 -0.75104 -0.54814 0.66011 0.4592
-0.88677 0.81612 -1.0912 0.0055187 0.21415 0.54099 -0.14375 1.0132 0.059309 -0.050798 0.34257 0.39015 -1.0573 0.70118 -0.62745 -0.66829 -0.5475 -1.1215 0.15143 -1.6242 -0.7918 -0.46991 -0.38845 -0.049497 0.99621 0.59053 0.62579 -0.75004 0.1235 0.12758 0.048517 0.62774 0.22894 -0.4096 0.18251 -0.22345 -0.30428 0.047409 0.42361
-0.1841 0.69025 -0.88157 -0.2516 -0.037678 0.20066 -0.87901 1.2966 -0.99447 -0.43775 0.79651 0.12674 -0.7706 1.2408 -0.81657 -0.72096 -0.79588 -1.1146 0.16156 -0.87528 -0.91835 -0.99768 -0.38562 0.85121 1.2304 0.82268 0.77878 -0.82373 -0.099817 0.037808 0.39887 0.41144 1.1696 0.042751 0.12256 0.23922 0.23839 -0.56355 0.46773
-0.35745 0.81933 -0.69799 0.51111 -0.5296 0.45228 -1.3824 -0.15159 -0.63639 -0.79422 0.85394 0.60745 -0.88916 1.5264 -1.2063 -0.57203 -0.9565 -1.2984 0.12725 -0.1886 -0.50302 -0.66316 -0.30694 1.0887 0.46434 0.93914 0.48278 -0.78868 -0.38036 0.14268 0.94915 0.53269 1.5251 -0.0076703 0.52473 0.9314 0.67669 -0.78589 0.4121
0.12993 0.33196 -0.84834 -0.055979 -0.43716 0.67051 -0.77439 -1.9345e-05 -0.79238 -0.32508 -0.93074 -0.28797 -0.65174 1.6037 -1.4133 -0.9947 -0.59847 -0.6104 0.4359 0.55537 -0.6893 -0.57436 0.18481 1.2615 0.17412 1.0688 -0.024098 -0.72044 -0.48 0.53179 1.6161 0.62247 0.7264 0.037524 1.4575 1.2052 -0.25836 -0.99449 0.32178
0.87464 0.093938 -1.7234 -0.58451 -1.1339 0.041796 -0.48494 0.66363 -1.3242 -0.34622 0.91378 0.61533 -0.28384 1.4053 -1.6382 -1.241 -0.36235 0.35388 1.07 0.8596 -0.90255 0.41235 1.2128 1.0698 0.051433 1.1523 -0.52436 -0.31884 -0.13807 1.0744 1.8473 0.39089 -0.39645 0.24649 1.9979 0.51713 -0.88844 -0.53956 0.15218
1.0824 -0.43055 -1.9364 -0.79022 -0.85195 0.80254 0.12197 0.70197 -1.1599 -0.36504 1.4649 0.62551 0.041841 1.2677 -1.7966 -1.2864 -0.09156 1.0129 0.92821 0.11513 -0.62717 1.5166 1.2927 0.33199 -0.41832 1.2507 -0.93174 0.11502 0.95832 1.2217 1.2376 -0.34739 -0.89634 1.1489 1.8966 -0.72258 -1.6989 -0.3726 -0.12178
1.3892 -0.86846 -2.31 -0.50474 -0.15898 1.0623 -0.079215 -0.29702 -0.89761 0.19686 2.1726 0.4374 0.27276 0.7536 -1.545 -0.67294 0.79211 1.2686 0.64888 -0.82225 -0.037443 2.4779 0.19076 -0.2239 -0.26097 1.1007 -1.1338 0.69731 1.7811 1.0473 -0.060909 -1.2726 -0.022619 1.9499 0.74081 -1.8231 -1.6231 -0.19184 -0.3567
1.4287 -1.0292 -2.2575 -0.078838 0.49754 1.6208 -0.47112 -0.70117 0.14738 1.5744 1.074 0.046038 0.4586 0.24993 -1.2711 0.56874 1.098 1.1901 -0.084862 -0.51181 1.1247 2.3667 -0.75077 -1.4752 -0.38526 0.89155 -1.0843 1.1605 2.1387 0.2378 -1.3717 -1.3791 1.6066 1.9865 -0.76746 -1.8045 -0.80768 -0.039069 -0.50877
1.3973 -1.3508 -2.4776 0.30715 0.3701 1.1068 -1.4766 -0.67475 1.837 0.59009 -0.25738 -0.48685 0.61056 -0.13189 -0.74704 1.2506 0.99497 0.13583 -1.0334 1.1078 2.0216 1.5349 -1.4298 -1.2599 -0.34943 0.73821 -0.62754 1.2878 1.7099 -0.93464 -2.0784 -0.89459 2.4252 1.136 -2.0417 -0.60574 0.38668 -0.31161 -0.5224
1.3276 -1.428 -1.7843 0.73623 0.4254 0.83793 -1.35 1.2269 1.9929 -1.1375 -0.36215 0.057853 0.74833 -0.24579 -0.27403 1.854 0.26627 -0.96 -1.057 2.5211 2.2143 0.36944 -1.5238 -0.76729 -0.47847 0.58544 -0.11305 1.3396 0.87694 -1.5385 -1.846 0.013211 1.5863 -0.40219 -2.3985 1.322 1.1136 -0.47286 -0.56975
1.2624 -1.4851 -0.54409 0.37968 0.009677 -0.10213 0.083321 2.6276 0.7495 -1.5319 0.37703 0.4442 0.86299 -0.12649 0.088989 1.9675 -0.49483 -1.4948 -0.70749 2.7588 1.6394 -0.81727 -0.63386 0.17185 -0.81818 0.3846 0.28132 1.2507 0.09409 -1.4483 -0.84716 0.40186 -0.582 -2.0907 -1.7301 2.9508 0.35259 -0.6706 -0.72423
0.91494 -1.3005 -0.52516 0.38921 -0.69461 0.11108 2.3262 2.0887 0.40848 -1.3406 0.95832 -0.16118 0.98546 0.052298 0.52941 1.9023 -0.97352 -1.4058 -0.24691 1.9908 0.55453 -1.5001 1.525 -0.00064041 -1.0502 0.12041 0.33313 1.1461 -0.55717 -0.44608 0.40356 0.35432 -2.7553 -2.8787 -0.70051 3.0146 -0.49386 -0.41382 -0.98302
1.2405 -1.1624 -0.016736 -0.29806 -1.0001 0.70267 2.0849 1.1062 0.042876 -0.38699 0.73072 -0.7991 0.97542 0.23931 0.92235 1.4231 -1.0351 -1.2162 -0.64834 0.12782 -1.1843 -1.17 3.0017 -0.96106 -1.3252 -0.23411 -0.063142 1.0414 -0.93619 0.65972 0.90842 -0.30322 -3.5783 -2.1447 0.27841 1.6529 -1.1512 0.12568 -1.2553
1.397 -1.0305 0.028044 -0.58123 -0.94869 0.96151 0.90344 1.0401 0.04788 0.97576 0.33551 -1.4901 0.88569 0.18551 1.207 1.0789 -0.26545 -0.37489 -0.393 -1.9922 -1.9379 -0.93239 2.7429 -1.1962 -1.0161 -0.74039 -0.77203 0.74643 -1.1667 1.4453 0.83105 -0.56368 -2.4399 -0.83761 0.76193 -0.44499 -0.14971 0.9381 -1.3542
1.4778 -0.72385 0.33888 -0.5941 -0.94768 0.37335 -0.046191 1.0061 0.063515 2.1315 -0.78635 -1.3721 0.71963 -0.29753 1.4744 0.60792 0.38844 -0.35773 -1.2761 -2.8145 -1.2548 -0.52427 2.0975 -1.5285 -0.63773 -1.2729 -1.2426 0.34164 -1.1836 1.4443 0.68898 -0.094797 -0.25526 0.39641 0.49154 -1.8591 1.0631 1.522 -1.0279
1.554 -0.28302 0.57381 -0.42317 -1.0756 -0.83228 -0.5235 0.23395 -0.018873 2.1605 -1.0306 -1.2297 0.42921 -1.0693 1.4887 0.098254 1.0007 -0.3247 -1.1035 -1.7017 -1.0159 -0.23104 1.0899 -0.030225 0.29234 -1.6126 -1.0284 -0.41465 -1.4431 0.55202 0.059509 0.34832 1.3626 0.46055 0.60966 -2.2721 1.4256 1.4945 -0.16472
1.1696 -0.029025 0.96784 0.46992 -0.44098 0.0037548 -0.83469 -0.030996 -1.0461 1.2496 0.13942 -0.90846 -0.10862 -1.3767 1.3459 -0.33046 1.016 0.0078979 -0.51149 -0.57339 -0.85788 -0.49642 0.09127 0.5462 0.7768 -1.5078 -0.15239 -1.4123 -1.1732 -0.76778 -0.041534 0.88946 1.699 0.41785 0.91416 -1.9049 0.50536 1.1454 1.0193
0.25993 0.48096 -0.051184 0.61858 -1.6809 -0.96901 -0.25149 0.55127 -0.031054 1.7384 -0.85157 -1.5924 -0.5979 -1.1298 0.58209 -1.1914 0.45948 -0.46578 -0.093949 -0.2564 -1.2246 0.32592 -0.82308 0.57515 0.98256 -0.89734 0.99932 -2.0345 -0.49744 -1.8994 -0.019096 0.59092 0.90102 0.76819 1.1777 -1.1822 -1.4217 0.57107 2.0036
-0.24576 0.41153 0.0014452 0.59993 -1.2764 0.26416 0.10942 -0.30945 -0.085939 1.7933 1.215 -0.24099 -0.87499 -0.53354 -0.41492 -0.97116 -0.73604 -0.38103 -0.00070392 0.028814 -0.32152 1.1087 -0.77521 -0.84627 1.0833 0.064012 1.6288 -2.0805 0.42423 -2.0511 0.41046 0.19337 0.38084 0.77244 1.1674 -0.72483 -2.0833 0.57868 2.2957
-0.045744 0.5011 -0.32027 0.35942 -0.51576 0.24432 -0.28001 0.03979 -0.97573 1.586 -0.033192 -0.40487 -0.62172 0.33149 -1.0049 -0.51459 -1.6051 -0.18282 -0.18497 -0.12 0.22425 1.4312 -0.84971 -2.1681 1.1528 0.93286 1.4379 -1.2513 1.1682 -1.2881 0.93311 -0.20985 0.35734 0.79066 0.58534 -0.35194 -1.7326 0.42319 1.7885
0.53589 -0.29437 -1.4457 -0.21911 -1.8957 -0.55222 -0.94497 -1.2755 1.039 0.60805 -0.7332 0.030084 -0.055721 0.85646 -1.3109 0.15841 -1.7134 0.60355 -0.099249 0.14408 -0.065676 1.394 -1.3466 -2.2274 1.7193 1.3941 0.60181 -0.12407 1.1745 0.033309 0.92923 -0.080508 0.39872 0.27435 -0.035537 -0.09113 0.32718 0.34516 0.67056
0.90947 -0.89882 0.061298 -1.3948 -1.1926 -0.82754 -0.3518 0.53374 1.2626 1.0169 -2.1695 0.14655 0.53086 0.79289 -1.0458 0.49207 -1.4064 0.7399 -0.4967 0.42207 0.19948 1.4044 -1.2371 -2.1846 1.4072 1.4112 -0.41473 1.0508 0.87639 1.1063 0.788 0.20414 0.34929 -0.058141 -0.83185 0.37184 2.1972 0.013939 -0.56654
1.2094 -0.77525 0.18278 -1.2185 -0.89641 -0.095235 -0.594 0.69229 0.77308 0.34305 -2.128 0.39384 0.67616 0.33721 -0.60194 0.7858 -0.75322 0.84846 -0.034241 0.58116 0.24154 1.0398 -0.75563 -0.20627 1.5558 0.93943 -0.92066 1.9428 0.11934 1.6123 0.079382 0.10331 -0.22901 -0.53833 -1.2579 0.74096 3.0575 -0.38335 -1.5203
0.85921 -0.74116 0.0099756 -1.1107 -0.60847 -0.50223 0.53634 -0.47065 1.626 0.042165 -1.8115 1.6084 0.68675 -0.1509 0.38052 0.86268 -0.024421 1.1259 0.17112 0.38057 -0.02347 -0.14565 -0.38632 1.1591 1.2273 0.21758 -0.96126 2.1408 -0.47163 1.5928 -0.35304 -0.097415 -0.5661 -0.82324 -1.6089 0.96289 2.6526 -0.58359 -1.9444
0.67444 -0.57884 0.29222 -0.9821 -0.19848 -0.20073 0.24064 -0.285 1.2668 0.29381 -0.95914 1.4116 0.74489 -0.33115 1.1942 0.21802 0.58958 0.539 -0.2493 -0.33578 -0.97953 -0.47921 -0.26923 2.1436 1.074 -0.53775 -0.63263 1.7703 -0.83343 1.0694 -0.76978 -0.38179 -0.81385 -0.5926 -1.7367 0.76742 0.56518 -0.99638 -1.7663
0.62455 -0.50138 0.24741 -0.77925 -0.29447 -0.11729 -0.28931 0.13834 0.95847 0.54033 -0.31308 1.6321 0.61565 -0.60606 1.6024 -0.10793 0.88025 0.22812 -0.6129 -0.33104 -0.76784 -1.2212 0.46965 1.8808 0.54589 -1.084 -0.30727 0.88759 -0.88462 0.36639 -0.93119 -0.27341 -0.37452 -0.25854 -1.0679 0.40784 -1.1513 -0.82225 -1.2052
0.57667 0.09318 0.27447 -0.76284 -0.67277 -0.65798 -0.54666 -0.79132 0.71122 0.15753 -0.24674 1.4177 0.29101 -0.57239 1.7195 -0.30386 0.78717 -0.13529 -0.4434 -0.79716 -0.51684 -2.0759 0.37243 0.53636 0.037825 -1.3474 -0.14064 0.028808 -0.49771 -0.12805 -0.46514 0.19411 0.2882 0.015847 -0.32122 -0.13656 -1.9305 -0.60052 -0.44082
0.68564 0.69864 0.36329 -0.60153 -0.46419 -0.96758 -0.67194 -0.6947 0.43643 0.44206 -0.060868 1.8334 -0.22423 -0.57742 1.5871 -0.54912 0.57317 -0.26632 -0.31294 -0.19624 -0.73755 -1.5968 0.12425 -0.33556 0.20586 -1.3822 -0.012831 -0.71925 -0.17634 -0.38906 0.0067486 0.38402 0.4815 0.07989 0.76847 -0.73362 -1.3061 -0.20917 0.31192
0.029284 1.0692 -0.33191 0.17396 -0.42018 -0.6417 -0.081359 -0.58132 -0.9492 1.1808 -0.13717 1.4484 -0.65796 -0.59044 1.2477 -0.4951 0.52774 -0.086388 -0.031075 0.1871 -0.94531 -0.97335 -0.36219 -0.59077 0.11076 -1.1223 0.082344 -1.107 0.16886 -0.61881 0.37262 0.023641 0.31945 0.20787 1.5919 -0.90864 -0.11733 -0.06237 0.92285
0.014566 1.0097 -0.33483 -0.32703 -0.65363 -0.64387 -0.51093 -1.0859 -1.2782 0.33313 -1.4358 1.597 -0.70052 -0.61022 0.64435 -0.33218 0.31327 0.1986 -0.065223 0.1748 -0.38004 -0.16687 -0.6319 -0.16081 0.093327 -0.67843 0.30036 -0.99731 0.6596 -0.95798 0.5024 -0.3603 -0.52722 0.57383 2.0612 -0.99789 0.69208 -0.14959 1.2478
-0.0019005 1.0878 -0.38701 -0.4221 -0.5321 -0.3509 -0.08079 -1.0701 -0.20439 0.40589 -0.78799 1.8775 -0.73098 -0.39658 0.35415 -0.07282 -0.20327 0.29981 -0.54518 -0.32649 -0.27384 0.54342 -1.071 0.19985 -0.052991 -0.16515 0.40306 -0.62956 0.80678 -1.1307 0.46975 -0.58996 -0.68766 0.62397 1.8994 -0.6427 1.4596 -0.53484 1.2013
-0.060123 1.0894 -0.22788 -0.017558 -0.48529 -0.44335 -0.28161 -1.4916 -0.022083 -0.32158 -0.48798 1.6463 -0.71094 -0.11958 0.37905 0.51661 -0.80716 0.44673 -0.81341 -1.069 0.058169 1.9643 -1.5227 0.6241 -0.019178 0.21387 0.35126 -0.23342 0.98654 -1.068 0.15123 -0.6593 -0.28492 0.67549 1.0886 -0.25785 1.2635 -1.0874 0.92428
-0.25334 1.0432 -0.098493 -0.31395 -0.261 -1.1763 -0.45713 -0.91441 0.35662 -0.38862 0.024512 1.6027 -0.66798 -0.094739 0.33502 0.63851 -0.97632 0.63568 -0.88085 -0.65896 0.064287 1.9408 -1.2024 1.8928 -0.84588 0.42871 0.1583 -0.21726 1.0506 -0.97615 -0.14495 -0.24668 0.44128 0.9082 0.011441 0.59687 0.60988 -1.33 0.58148
0.031194 1.3574 -0.034678 -0.80163 -0.081162 -1.5713 -1.045 -0.94258 0.27686 -0.55278 -0.074483 1.593 -0.52857 -0.11406 0.26516 1.2135 -1.2488 0.29121 -1.262 -0.27749 0.77949 1.412 -1.0763 1.48 -1.5357 0.56115 0.015492 -0.46816 0.95654 -0.5918 -0.65248 0.45158 0.72413 0.88128 -1.2016 1.2493 -0.19343 -1.174 0.30501
-0.1566 1.5674 0.48035 -1.2092 -0.078552 -1.1005 -1.4758 -0.67086 2.0408 -1.1959 -0.15197 1.4966 -0.3746 -0.10219 0.049126 1.6025 -1.7618 0.093601 -0.84767 0.1909 1.1454 0.83596 -0.081919 0.96394 -1.7647 0.62767 0.054134 -0.78469 0.93862 -0.0172 -0.99049 1.2637 0.107 0.69169 -1.6577 1.4836 -0.69245 -0.38719 0.10107
-0.11672 1.2326 0.40306 -1.5522 0.068102 -1.2358 -0.46857 -1.4649 1.2881 -1.0642 1.4192 -0.010038 -0.16414 -0.07768 -0.25583 1.8787 -1.485 -0.49925 0.061028 0.015772 1.2453 -0.013378 0.44418 0.68858 -1.7439 0.6211 0.30784 -0.99232 0.26501 0.91686 -0.87738 1.8096 -0.63016 -0.065176 -1.9411 1.5584 -0.40956 0.61424 -0.079291
-0.24289 1.3175 1.663 -1.672 -0.43228 -1.9678 -0.076059 0.32942 1.3757 -1.1006 0.68313 -0.39097 -0.10227 -0.0046757 -0.70694 2.1158 -0.86921 -0.8075 0.99776 -0.5975 1.1914 -0.83408 1.0367 0.89962 -1.4841 0.56632 0.59476 -0.76343 -0.68201 1.8561 -0.72044 1.4809 -1.015 -0.76556 -1.8033 0.94805 -0.3361 1.4452 -0.31703
-0.23816 1.0396 1.9834 -2.4877 -0.25227 -1.4383 -0.34907 0.082515 0.72609 0.19458 0.34219 -0.4059 0.010214 0.40552 -1.0034 1.48 0.016367 -0.8887 1.4638 -1.23 0.64873 -1.8355 1.5143 0.68392 -0.58321 0.45947 0.80293 -0.19158 -1.9657 2.2934 -0.27894 0.64835 -0.4908 -1.4958 -1.373 0.28824 0.10654 1.994 -0.66566
-0.21149 0.85324 2.3097 -2.0924 -0.94339 -0.8316 -1.3224 0.49752 0.19997 0.085472 0.74646 -0.30501 0.089113 0.74486 -0.84431 0.51606 0.93099 -1.0536 1.432 -1.3447 -0.022324 -2.0462 1.303 0.28358 0.2705 0.1808 0.40617 0.53947 -2.8446 2.3507 0.6077 -0.1249 0.43066 -1.4416 -0.35072 -0.74073 -0.73775 1.4245 -1.1624
0.10234 0.55975 2.8958 -1.692 -0.87526 0.064163 -2.2194 0.083756 -0.16881 0.45359 1.3385 -0.36759 0.20522 1.0137 -0.50654 -1.0592 1.8647 -0.90648 1.1345 -0.66339 -1.03 -2.2973 0.90139 1.1911 0.99994 -0.29357 -0.52078 1.0541 -2.3607 1.8995 1.6548 -0.65555 1.3388 -0.75054 0.79268 -1.3372 -1.6931 0.26535 -1.4528
0.58303 0.27204 1.8612 -0.94659 -0.90506 0.19884 -2.0573 -0.52203 -0.62985 0.70579 1.1505 0.40979 0.20964 0.43788 -0.063095 -2.0312 2.5621 0.30113 0.88287 0.0099411 -0.74632 -1.3471 -0.14003 -0.83269 0.30199 -0.99057 -1.581 1.1296 -1.0466 1.0306 2.155 -0.78857 1.7687 0.32677 1.4418 -1.1854 -1.9688 -0.5251 -1.3602
0.86155 0.49166 1.0741 -0.39177 -1.3361 -0.69077 -0.89364 -1.0006 -1.5676 0.49907 1.3343 0.039409 -0.082103 -0.37532 0.3513 -1.7386 2.7243 1.4587 0.38133 0.8988 -0.42614 -0.52861 -0.44933 -2.13 -0.14548 -1.3713 -2.1223 0.92516 0.64548 -0.16886 1.753 -0.29956 1.2211 1.5546 1.9843 -0.70609 -2.0132 -0.85013 -0.80265
0.99276 0.91734 0.011099 0.37728 -1.3808 -0.82852 -0.61813 -0.724 -1.8546 0.4784 2.0577 1.287 -0.64391 -1.4177 0.59711 -1.1263 2.4224 1.7082 0.18143 1.5871 0.32809 0.088558 -0.40083 -1.9743 -0.15181 -1.5428 -1.5798 0.44008 1.4648 -1.1041 0.78623 0.2906 0.47223 2.0729 1.7844 -0.23709 -0.4624 -0.21673 0.079317
-0.32676 0.8988 -0.45346 0.69441 0.7406 0.36185 -1.2056 -0.29046 -0.41164 -0.3367 -1.9542 -0.93704 -1.3172 -1.8971 0.6949 -0.26166 1.6439 1.5952 0.851 1.1059 1.4663 1.1429 -0.3816 -2.2444 -0.36381 -1.3527 -0.54278 -0.11699 1.0842 -1.6172 -0.30131 0.4372 -0.27612 1.5475 1.0626 0.23977 0.91744 -0.117 0.83377
-0.883 1.0748 1.2355 1.4707 0.80012 0.0047166 -0.83236 -0.095006 -0.42706 -0.2322 -1.0886 -0.54388 -1.2601 -1.6561 0.49264 0.045208 1.0871 1.6608 1.2122 0.88483 2.346 1.5555 -0.64215 -1.7085 -0.018799 -0.86847 0.63633 -0.81547 0.44547 -1.7107 -1.2022 -0.23307 -0.46473 0.17535 0.21703 0.363 2.3008 0.27224 1.5655
-1.6375 1.0163 1.2646 1.3093 0.41365 0.19292 -0.054698 0.15931 -0.54692 0.54163 0.47616 0.25354 -1.3838 -1.2304 0.20775 -0.23642 0.43059 0.91096 0.72778 0.64994 1.5845 0.96101 0.16405 -0.46137 -0.45918 -0.32247 1.319 -1.4378 -0.43326 -1.253 -1.4561 -1.1693 -0.21942 -1.3129 -0.50384 0.20363 2.408 0.23699 1.7951
-1.2931 1.1821 0.698 0.92959 0.11308 0.82803 -0.52902 1.3651 0.64466 0.13983 -1.1595 0.067227 -1.3298 -0.58701 -0.51279 -0.2711 -0.10484 -0.17726 -0.25614 0.81726 0.62768 0.62747 0.067402 1.6774 0.36196 0.54492 1.5934 -1.5092 -0.7768 -0.78589 -1.5345 -1.8236 -0.24824 -1.9762 -0.55394 0.064741 1.4169 -0.01571 1.536
-0.81508 1.2059 0.1001 1.2651 0.80839 0.3753 0.28395 2.0838 0.13776 -0.90362 -0.31018 0.41046 -1.2782 -0.029531 -1.1873 -0.9141 -0.049972 -0.18011 -0.81513 0.65928 -0.20207 0.54157 -0.31648 0.81828 -0.1527 0.92523 1.1477 -1.2339 -0.6121 -0.18673 -0.96942 -1.5954 -0.21007 -1.5244 -0.1407 -0.085806 0.41974 0.51359 0.83818
-1.2463 1.0681 -0.75053 1.0579 0.46473 0.17327 -0.51201 0.31257 -0.54207 1.1331 0.22106 -0.83657 -1.2656 0.64322 -1.3132 -1.0827 -0.10115 -0.63214 -1.7451 0.33899 -0.5744 0.59474 -0.26189 0.4431 -0.23362 1.0614 0.51241 -0.46653 -0.52495 0.037105 -0.36269 -0.57769 -0.69239 -0.62811 0.0042485 0.24661 -0.73608 0.71113 -0.1094
-1.6452 -0.13096 0.60957 0.76449 0.50642 -0.20991 -0.032333 -0.0084098 0.74892 -0.57254 0.46895 0.0045959 -0.28906 0.24585 -1.439 -0.9828 0.10513 -0.66127 -1.7932 0.42842 -0.75213 0.67438 0.16531 0.971 0.74696 0.81264 0.33441 0.32171 -0.24238 0.089103 -0.11719 0.68767 -0.58965 0.53863 -0.10781 0.211 -0.51492 1.1323 -0.73656
-0.95406 -0.3686 0.071118 1.684 0.28967 -0.86367 0.36403 -0.094174 0.23029 -0.4547 -0.035531 -0.41877 -0.21572 0.21462 -1.162 -1.2225 -0.093225 -0.62093 -0.96604 -0.54525 -0.29673 0.56236 0.33301 0.12561 1.1825 0.41881 0.50758 0.56977 -0.67363 -0.26884 -0.209 1.5465 -0.35382 1.2901 -0.33936 0.24397 -0.36138 0.48677 -0.74015
-0.168 0.011439 -0.94755 0.76085 -0.76055 -1.4309 0.09914 0.62414 0.76667 0.31099 0.30923 0.19133 -0.39716 0.8013 -0.7315 -1.2902 0.13112 -0.41863 0.16575 -0.15985 0.72228 0.32381 -0.17919 -0.060058 1.1814 0.021179 1.0654 0.53894 -0.2783 -0.99278 -0.42347 1.4967 -0.090381 1.6824 -0.56742 -0.059913 -0.18455 -0.58125 -0.047243
-1.2769 -0.26492 -1.1147 1.2687 0.0070495 -0.65121 0.10598 0.91342 1.3819 0.26281 0.29272 1.7263 -0.68938 1.2961 -0.72445 -2.1988 -0.58916 -1.1552 0.38969 -0.13071 1.2089 0.049999 0.41154 0.22583 0.40839 0.2258 1.1099 0.16439 0.71436 -1.2182 -0.54205 0.77488 0.60312 0.96162 -0.89132 -0.30992 0.26293 -1.7486 0.84103
-0.81075 -0.1514 -1.9102 0.92971 0.3992 -0.28151 -1.1105 0.82152 0.020016 0.1467 -0.026462 1.2574 -0.81075 1.6473 -0.76644 -1.0093 -1.4569 -1.1902 0.54198 0.012933 1.7765 -0.26822 0.014838 0.53855 0.036081 0.83009 0.82481 -0.022399 1.549 -1.3882 -0.62882 -0.12647 0.87428 -0.21408 -0.72259 0.00694 0.25062 -2.528 1.3908
0.07146 -0.33733 -1.5987 1.3513 -0.13668 0.47357 0.043862 0.80762 0.21302 0.0759 0.39042 0.22849 -0.71384 1.8145 -0.87397 0.018498 -1.525 -1.2492 0.39332 0.62284 1.0597 -1.0204 -0.37902 0.33077 -1.482 1.4124 0.11023 0.22851 2.23 -0.8696 -0.0025004 -0.53573 1.1085 -1.1393 -0.013375 0.35259 -0.32042 -2.18 1.1286
0.73989 -1.4687 -2.9069 -0.28536 -1.7085 -0.7779 0.38754 1.6805 1.068 0.062263 0.75312 0.11948 0.62295 2.048 -0.69574 0.57694 -1.9402 -1.5451 -0.11879 1.2898 0.40035 -0.66554 0.2396 0.36755 -2.5387 1.7401 -0.81037 0.73026 1.7516 -0.28035 0.75616 -0.84844 0.51431 -1.7959 0.75564 1.1208 -1.1739 -1.1267 0.21195
1.6181 -0.80828 -0.75763 -0.64503 -1.2069 -0.70667 0.25273 2.7263 -0.213 -0.14719 0.64761 0.20481 0.72386 1.3057 -0.38291 1.2847 -1.9303 -0.99975 -0.39366 1.5513 -0.29382 0.21296 1.0192 -0.34031 -2.3318 1.6472 -1.4987 1.4106 1.3489 0.61535 1.5293 -0.69597 -0.4268 -1.8349 1.1388 1.2791 -1.9033 0.28553 -1.0536
1.3797 -0.84112 -0.85629 -0.69723 -1.5329 -0.5156 0.6537 1.1872 -0.78399 -0.15643 0.4554 -1.7039 0.92123 0.44214 0.19653 1.7204 -1.7504 0.057801 -0.81323 0.6159 -1.0108 0.69377 1.5839 -1.469 -1.6365 1.0647 -2.2192 1.3716 0.58042 1.6115 2.2333 -0.19503 -1.1129 -1.5291 1.1345 0.22952 -1.4865 1.5771 -1.8107
1.2552 -0.96505 -0.85446 -0.97377 -1.173 -0.26527 1.2055 0.77131 0.5655 1.1027 0.59369 -1.9231 1.0493 -0.090374 1.0161 2.0403 -0.46438 0.74343 -0.69858 0.042019 -1.7746 0.68308 1.536 -2.5395 -1.4427 -0.0024686 -1.9325 0.97872 -0.15459 1.7098 1.7899 0.013645 -1.2847 -0.73644 0.64587 -1.0725 -0.15623 2.4333 -1.8335
1.0625 -0.66759 -0.26739 -1.3552 -0.79705 -0.51031 0.83955 0.3651 0.81478 1.7776 -0.61195 -1.8733 1.1071 -1.2685 0.87619 1.3248 0.31917 1.6716 -0.38828 -0.32051 -1.8059 1.4734 0.45326 -1.4955 -0.12604 -0.44668 -1.1674 0.1994 -0.63334 1.0152 0.4377 0.04023 -0.99573 0.0073883 0.040747 -1.8982 1.3865 2.6421 -1.1071
0.95399 -0.44906 0.46861 -1.4284 -0.65239 -1.2039 0.56426 0.25929 1.5784 1.9744 -1.2354 -1.3652 0.92043 -1.3334 0.89756 1.2042 0.20854 1.4665 -0.60436 -0.70784 -1.3058 1.1714 -0.56721 -0.65328 1.3391 -0.64655 -0.23109 -0.63155 -0.97529 -0.13663 -0.76955 0.23098 -0.6176 0.90207 -0.28714 -1.9086 2.2466 2.4124 -0.053618
1.0939 0.15355 0.58784 -0.50276 -0.96781 -1.6039 0.23021 -0.0030099 0.77367 1.3589 -2.0907 -1.9791 0.43027 -1.0434 0.5844 0.94568 -0.19411 0.48349 -0.80458 -1.1269 -1.2122 0.52756 -1.1802 0.31912 1.7814 -0.45486 0.70307 -0.92768 -1.0203 -0.8419 -1.3719 0.65245 0.044789 1.2307 -0.55744 -1.2576 1.6465 1.4305 0.66594
-0.87617 0.011762 0.75042 0.028489 1.2939 -0.29297 0.21233 0.025642 1.5593 -0.4243 0.35384 -0.080723 0.2348 -0.61191 0.11333 0.38392 -0.43896 -0.09476 -0.047335 -0.875 -0.30339 0.54563 -1.4839 0.98887 1.9916 -0.088034 0.93417 -1.0899 -1.1008 -1.0118 -0.85612 1.0913 0.76649 1.286 -0.0781 -0.43174 0.90916 0.62619 1.0583
-0.13781 -0.070486 0.43154 -1.2253 -0.44416 -1.1271 0.28928 -0.85904 1.0598 -0.17303 0.0031542 0.06795 0.44371 -0.34416 -0.27115 -0.19693 -0.88886 -0.087399 0.63209 -0.16005 0.098266 0.60847 -1.6131 0.92982 2.1362 0.38099 1.0962 -0.78255 -0.82642 -0.63993 -0.13987 0.87664 1.0555 1.296 0.10667 0.3352 -0.17274 -0.059961 0.90309
0.37539 -0.41328 0.65159 -1.9494 -1.1763 -1.4949 -0.28992 -0.81393 1.5038 0.70825 0.27581 0.29998 0.84493 0.021133 -0.48296 -0.31012 -1.2891 0.16053 0.86727 0.4078 0.55146 0.95932 -1.2113 0.82654 2.2764 0.69491 0.69805 -0.31089 -0.17828 0.1858 0.86753 0.46245 0.78165 0.86668 -0.075077 0.60568 -0.4487 -0.50111 0.34546
0.51754 -0.40396 0.47516 -1.6737 -0.79785 -0.51653 -0.13948 0.70174 1.9036 -0.016149 -0.50596 0.74571 0.98768 0.6381 -0.41636 -0.26889 -0.92835 0.081213 0.49224 0.44028 0.89223 0.53701 -0.63151 0.041325 1.4963 0.65496 0.21685 0.098115 0.18514 1.0063 1.2607 0.075762 0.24407 0.42211 -0.43629 0.61085 0.026335 -0.87932 -0.31591
0.16859 -0.44985 0.093005 -1.8199 -0.10437 -0.40674 0.72882 0.20729 2.1145 -0.91336 -0.55934 1.4233 1.0878 0.17294 -0.33121 0.096335 -0.055848 1.3983 0.93568 0.45587 0.99899 0.41613 -0.74459 0.52726 1.3605 0.34896 -0.2297 0.26293 0.24035 1.189 0.85537 -0.31087 -0.34452 -0.40357 -0.72738 0.67522 0.59762 -1.1275 -0.66895
0.22982 -0.34216 0.27536 -1.7752 0.3731 -0.20768 0.79572 0.39869 2.1547 -0.92873 0.21089 1.835 1.0302 -0.016728 -0.18627 -0.029552 0.37099 1.5939 0.7258 0.3131 0.71173 -0.04344 -0.60595 1.115 0.94998 0.028139 -0.43001 0.20005 0.21323 0.76307 -0.046538 -0.40278 -0.57297 -0.99015 -0.48002 0.95858 0.85662 -1.0606 -0.61561
0.35527 -0.58363 0.39652 -1.5607 0.53769 -0.38651 0.36016 0.57036 1.7416 -0.69267 0.62229 1.6804 1.0355 -0.057929 -0.16408 0.04627 0.27455 0.95926 0.093337 -0.27284 -0.12228 -0.28504 0.14619 1.4575 0.45055 -0.10458 -0.17713 0.092372 -0.10086 0.18309 -1.329 -0.54017 -0.51978 -1.3458 -0.13629 1.2859 0.1877 -1.1155 -0.30409
0.35617 -0.60522 0.83893 -1.5698 0.57487 -0.32797 0.39711 0.25593 1.671 -0.49115 0.5248 1.797 0.98294 -0.016205 -0.17021 0.18041 0.33435 0.19772 0.069627 -0.42144 -0.44867 -0.12772 0.86435 1.2573 -0.02504 -0.14248 -0.10583 -0.037563 -0.17872 -0.068525 -1.5018 0.011464 -0.17754 -1.1469 0.36913 1.2965 -0.38407 -0.97194 -0.0036252
0.38831 -0.58818 0.19775 -1.3469 0.6037 -0.3455 0.072678 0.72538 1.639 -0.3063 1.2302 1.6158 0.92511 -0.13846 -0.188 -0.18433 0.32085 -0.36429 0.141 -0.29073 -1.0121 0.16453 1.1211 0.81151 -0.22887 -0.071908 -0.070094 -0.18258 -0.34389 0.098964 -1.0976 0.53723 0.3577 -0.64575 0.48557 0.88025 -0.58505 -1.0101 0.17211
0.2059 -0.53577 0.2765 -1.4976 0.41274 -0.31779 -0.020355 0.10144 1.7133 -0.20442 0.83997 1.6253 0.91462 -0.1583 -0.23844 -0.23866 0.24222 -0.52286 0.69932 -0.070009 -1.049 0.49905 1.5288 0.66025 -0.52417 0.0052839 0.066942 -0.33532 -0.21446 0.27053 -0.6659 0.61908 0.62052 -0.23604 0.31708 0.41439 -0.4913 -1.0899 0.18753
0.14224 -0.64257 0.51683 -1.3934 0.20598 -0.18811 0.6516 -0.60054 2.1159 0.38402 1.1067 1.5256 0.93101 -0.10391 -0.43446 -0.38409 0.52385 -0.71568 0.84343 0.28831 -1.0558 0.4133 1.5974 0.5799 -1.1837 0.10726 0.31968 -0.3341 -0.0046129 0.5589 -0.47467 0.39589 0.47916 0.459 -0.045751 0.041719 -0.30566 -1.1379 0.029214
0.12179 -0.68296 -0.072913 -1.2557 -0.01956 -0.062303 0.2574 -0.84875 2.1984 0.72 1.2793 1.4845 0.9885 0.097999 -0.60464 -0.11239 0.75246 -0.86826 0.94954 0.58024 -0.86593 0.40592 1.4708 0.38281 -1.5777 0.07929 0.44244 -0.062902 -0.0041654 0.67161 -0.49501 -0.138 0.024964 0.8723 -0.44337 -0.31688 -0.4166 -0.8628 -0.17795
0.24977 -0.96598 0.32129 -1.2611 0.10904 0.62039 0.17215 -0.40441 2.2644 1.6099 1.3882 0.7532 1.0451 0.3232 -0.56054 -0.23931 1.1171 -1.0817 0.79383 0.37719 -0.19484 0.10743 1.2437 0.32786 -1.8201 -0.060821 0.53448 0.26792 0.14709 0.36759 -0.37306 -0.58759 -0.41155 1.0592 -0.73014 -0.31011 -0.90042 -0.090051 -0.37188
0.25241 -1.1272 -0.028238 -0.63526 -0.26099 0.42604 0.79128 -0.84093 1.9396 1.411 1.3581 -0.20871 1.091 0.44058 -0.28153 -0.30203 1.2048 -1.2674 0.41798 -0.079383 0.23083 -0.28639 1.0766 -0.055975 -1.8199 -0.20708 0.48862 0.62254 -0.13942 0.097955 -0.30814 -0.8118 -0.84728 0.73476 -0.74554 -0.53473 -0.86863 0.73489 -0.47941
0.54132 -1.2308 0.17108 -0.42362 -0.50328 0.55381 0.76691 -0.49938 2.2699 1.4234 1.526 -0.40514 0.92804 0.70415 -0.15382 0.0086572 0.99628 -1.2194 -0.10984 -0.26749 0.46853 -0.78093 1.1791 -1.0018 -1.2604 -0.36845 0.30641 0.97795 -0.30354 -0.15742 0.15526 -0.75116 -0.99321 0.35487 -0.72042 -0.62163 -0.65134 1.4989 -0.62612
0.6114 -1.0569 -0.086101 -0.05913 -1.0123 0.42305 0.43694 -0.41599 1.8803 1.5984 1.1716 -0.56162 0.76984 0.8037 0.22197 -0.48572 1.0142 -1.3834 -0.27294 -0.90206 0.24594 -0.72261 0.43509 -0.69044 -0.54361 -0.56461 -0.15426 1.4746 -0.47617 -0.21988 0.7941 -0.81901 -0.65785 0.045478 -0.91168 -0.79834 -0.20524 1.8008 -0.83448
0.69188 -0.83882 -0.14248 0.0017761 -1.2456 0.26555 0.2287 -0.45467 1.6547 2.2267 1.0883 -0.76221 0.72016 0.70739 0.80675 -0.71029 0.94283 -0.75575 -0.4119 -1.3239 0.50444 -1.1944 0.32129 -0.66235 0.25568 -0.92374 -0.99113 1.8425 -0.27366 -0.03068 1.2736 -0.87738 -0.29214 0.13081 -0.78142 -1.1781 0.17686 1.6452 -1.0125
1.2602 -1.0835 0.23065 -0.24623 -1.096 0.027035 -0.10378 -0.079472 0.87981 2.8333 -0.18265 -0.18539 0.60426 0.16929 1.6805 -0.83512 0.84681 -0.056788 -1.12 -0.95628 0.31971 -2.0011 -0.09378 -0.64906 0.68925 -1.3176 -1.5749 1.7036 0.47744 0.049277 1.564 -0.73764 0.18862 0.42475 -0.56364 -1.4925 -0.34632 1.0317 -0.97707
1.2995 -0.70758 -0.87483 0.41815 -1.6162 0.55515 -0.62895 -0.49406 1.5578 1.3785 1.3902 -0.35201 0.35135 -0.76595 2.1689 -0.3224 1.0442 0.44125 -1.4938 -0.87413 0.70396 -1.7897 -0.92107 -0.68858 1.1051 -1.6761 -1.8059 1.0769 1.0146 0.015535 1.2839 -0.19258 0.35975 0.43266 0.024293 -1.3997 -0.27642 0.17713 -0.58928
1.0907 0.056725 -1.0657 0.7995 -0.87403 -0.10799 -0.43003 -0.0074958 0.10547 1.7688 0.77887 0.19367 -0.25186 -1.3056 2.3627 0.24926 1.0752 0.87603 -1.2557 -0.7467 0.98853 -1.6158 -1.9419 -1.3803 0.88947 -1.8137 -1.3832 -0.15835 1.3617 -0.30553 0.91516 0.45095 0.48836 0.1551 0.61754 -0.51755 -0.31575 -0.41623 0.08855
0.39591 1.1589 -0.83943 0.60138 -0.57802 -1.0655 -0.043474 -0.17836 -0.90799 1.438 0.58966 0.47897 -0.81265 -1.8201 2.2486 0.70253 0.87802 1.1207 -0.76099 -0.68749 1.0277 -1.3437 -1.5657 -0.86117 0.44737 -1.6561 -0.35516 -1.2735 1.0248 -0.73089 0.40795 1.2665 0.79922 -0.37858 0.88564 0.11952 0.29152 -0.84632 0.7967
-0.81481 1.3305 0.047039 1.3344 -0.72766 -1.1612 -0.80008 0.72342 -0.087582 0.54274 0.015817 0.93086 -1.1615 -1.8019 1.3762 1.2704 0.3872 1.2684 -0.59662 -0.037168 0.47726 -0.93535 -0.80491 -1.2051 0.22261 -1.1809 0.53935 -2.0651 0.39765 -0.9129 0.024709 1.775 0.96107 -0.70307 1.324 0.60969 0.92568 -0.50768 1.2019
-0.49031 1.3953 0.48008 1.0926 -0.23936 -0.51125 -0.80144 0.82077 -0.43548 -0.40113 -1.1733 0.18484 -1.2195 -1.1518 0.54939 1.1414 0.061085 0.97755 0.72237 0.43921 0.24407 -0.27836 -1.2392 -0.21503 -0.1451 -0.66819 1.1411 -2.0623 -0.56372 -1.0313 -0.19112 1.7095 0.96688 -0.64483 1.6192 0.63654 0.76198 -0.31177 1.1876
-0.90959 1.34 0.47984 0.92621 -0.017845 -0.17351 -1.0587 0.79453 -0.69337 1.1037 0.30648 0.19913 -1.2451 -0.65155 -0.21242 0.80632 -0.17905 0.97558 1.5809 0.69941 0.035551 0.62329 -0.86701 0.11457 0.22259 -0.30944 0.93562 -1.3445 -1.1647 -0.75234 -0.37343 1.1805 0.43906 -0.44846 1.4605 0.44918 0.51178 -0.038286 0.83546
-1.0299 0.95869 0.44551 0.96143 0.014746 -0.56717 0.013385 -0.46693 -0.1472 0.74878 0.20768 0.23228 -1.131 -0.31584 -0.37713 -0.12521 -0.7199 0.89834 1.5955 0.96595 0.016717 1.2686 -0.24236 -0.027516 -0.15673 -0.11736 0.44507 -0.49661 -1.067 -0.49424 -0.48293 0.3329 0.13111 -0.32366 0.82018 0.56191 -0.4091 0.030681 0.43323
-0.45567 1.2243 0.43613 0.81669 0.27748 0.50649 0.44138 0.59034 -0.85379 -0.5802 0.60991 0.27678 -1.2997 -0.5131 -0.3908 -0.30409 -0.58893 0.60404 1.338 0.60793 -0.26012 1.3496 -0.38861 -0.30125 0.12547 -0.067473 0.22926 0.20152 -0.63281 0.078462 -0.49017 -0.067675 -0.18126 -0.23957 -0.33965 0.6408 -0.76639 -0.24472 0.16649
-1.0921 0.97212 0.66768 0.61781 0.44688 0.58648 0.14606 0.35231 0.80978 -0.016565 -0.0080988 1.3891 -1.3437 -0.40378 -0.18639 -0.32452 -0.62464 0.25801 1.4939 0.74389 -0.21712 1.0726 -0.33648 -0.8345 -0.073109 -0.069237 0.16096 0.33244 -0.092744 0.78921 -0.6148 -0.52152 -0.42079 -0.51934 -1.287 0.86403 -0.4598 -0.52176 0.10416
-1.2551 0.93668 -0.38707 0.20328 0.35502 0.65048 -0.16599 1.0789 1.8394 0.37309 -0.85584 -0.24886 -1.2825 -0.18174 0.024342 -0.2858 -0.061246 0.37713 1.4684 0.41055 -0.29348 0.00061105 0.48093 -1.0174 -0.30046 -0.057139 0.43468 0.3319 0.036275 1.091 -0.66061 -0.88781 -0.31518 -0.53843 -1.9555 0.94232 0.3124 -1.0237 0.11314
-1.3632 0.91936 0.2612 0.47412 0.46903 0.88436 -0.31571 -0.21965 0.43663 -0.44852 -0.80637 0.37248 -1.2492 -0.17953 -0.035557 -0.29454 0.49236 -0.13594 0.44542 0.15953 -0.9551 -0.76639 1.0736 -0.59729 -0.93267 0.050198 0.44137 0.16646 0.19682 1.1583 -0.63786 -1.2399 -0.33029 -0.5051 -1.8437 0.57789 1.0511 -0.72822 0.095647
-1.3045 1.1082 0.10876 0.1672 0.12237 1.407 0.73158 -0.025064 0.29803 0.90682 0.04418 0.11522 -1.301 0.17314 0.082026 -0.23282 0.88524 -0.43095 0.033565 0.21776 -0.91665 -1.8435 0.81484 0.18266 -1.3534 0.060453 0.30633 0.016797 0.12183 0.63158 -0.62166 -1.2215 -0.28102 0.061371 -0.74855 -0.035413 1.0651 -0.41375 0.043984
-0.76898 1.0982 0.1173 1.312 0.79728 1.2858 0.74567 -0.5104 -0.8392 0.98465 -0.90083 0.0091748 -1.2671 0.22928 0.058798 0.041919 1.0588 -0.52809 -0.33226 0.12607 -0.86643 -1.8834 0.67066 0.63198 -0.91387 0.030529 0.19414 0.0006734 0.045796 0.16577 -0.2784 -0.69423 -0.24909 0.56441 0.079027 -0.27774 0.61353 -0.0049603 -0.025205
-1.0451 1.0143 -0.063684 1.3735 -0.12928 0.5901 0.065061 -0.43226 -0.954 0.93411 -0.10056 -0.99582 -1.2424 0.17946 0.0031353 -0.20434 0.84095 -0.58714 -0.64892 -0.18303 -0.20016 -1.0199 0.62056 0.46222 -1.1008 0.025346 -0.015815 -0.063261 -0.058432 -0.094343 -0.091516 -0.40132 -0.25496 0.53163 0.60163 -0.11357 0.10662 0.10472 -0.022375
