39 276
-0.28838 0.90013 0.6481 1.292 -0.063608 0.50136 -1.4985 1.9931 -0.68217 -0.095623 -1.0635 0.13419 -1.7211 -0.01947 0.37756 0.14494 0.050323 -0.27286 0.7066 0.45853 -1.3358 -0.20307 0.28393 -0.045066 0.11094 0.065971 -0.043538 0.022106 0.010267 0.14298 -0.21271 -0.31132 0.16247 0.076587 -0.17289 0.10516 0.49946 -0.055207 0.083858
-0.059668 0.96584 0.77716 1.4742 -0.318 0.82839 -1.2505 1.1085 -0.3262 0.25172 -0.90181 0.86784 -1.708 0.095739 0.45662 0.125 0.14398 -0.41923 0.39034 0.32544 -1.4775 -0.20472 0.50146 0.33816 -0.022528 0.12722 -0.12631 -0.13993 -0.035987 0.19373 -0.010652 -0.59336 0.44473 0.5092 -0.37747 -0.13189 0.90493 -0.0013927 0.052742
-0.1191 1.4508 0.87694 1.2049 0.29436 1.5156 -0.81831 0.87328 -1.2644 -0.51538 -1.4828 0.30796 -1.6991 -0.16003 0.3679 0.17078 0.26086 -0.5806 0.30239 0.83954 -1.0892 -0.55609 0.38213 0.77308 0.062004 0.18443 -0.090834 -0.23696 -0.1515 0.12926 0.059275 -0.73901 0.58849 1.291 -0.22097 -0.57391 0.57462 -0.081642 0.0023583
-0.52177 1.1059 0.73233 1.3759 -0.82879 1.0025 -1.0782 0.059497 -0.82143 0.68631 -0.9199 0.010778 -1.6209 -0.18276 0.16089 0.05594 0.2974 -0.13379 -0.16952 1.1215 -0.4038 -0.80326 -0.014472 1.3741 0.12379 0.099829 -0.092108 -0.36873 -0.19721 -0.068097 0.16203 -0.70195 0.27881 1.8822 0.40183 -0.66119 -0.30556 -0.00043662 -0.10365
0.0040994 1.2984 0.75693 1.5241 -0.61497 0.54919 -1.3175 0.36897 -0.80731 0.59125 -0.33453 0.093034 -1.5721 -0.04924 0.1534 -0.12624 0.2053 -0.30367 -0.3581 1.1885 0.77213 -0.35702 -0.55821 0.59844 -0.129 0.082085 0.24365 -0.26903 -0.11976 -0.34353 0.46537 -0.28313 -0.35277 1.3789 0.76711 -0.46498 -1.1382 0.05056 -0.14077
-0.66353 1.1675 0.92025 1.6443 -0.83266 0.97395 0.048301 0.9927 -1.5523 0.1228 0.011917 0.57339 -1.5293 -0.13099 -0.012559 -0.12309 0.03412 -0.2596 -0.55626 0.68758 1.4386 0.52981 -0.29648 -0.18983 0.063211 -0.0099622 0.26445 -0.27381 0.0012972 -0.49334 0.38291 0.51297 -0.81174 -0.083295 0.5575 0.19732 -1.3413 -0.07072 -0.098957
-0.30795 1.0708 0.70045 1.6137 0.28561 0.44394 0.09567 1.3124 -1.6328 -0.37846 0.7029 0.66824 -1.7059 0.25374 0.032866 0.017675 -0.26058 0.33006 -0.015015 0.38709 0.8131 0.36644 -0.3673 -0.74114 0.18113 -0.015828 0.22005 -0.28323 0.0010457 -0.43711 0.57222 0.63881 -1.2554 -1.3986 0.058892 0.48795 -0.78771 -0.040485 -0.051341
0.0077937 1.4412 0.5877 1.4841 -0.99184 0.93216 0.19352 2.1639 -0.55529 -0.77734 -1.4637 0.13328 -1.5874 0.14326 -0.20801 -0.017983 -0.4031 0.24767 0.6043 -0.023642 -0.57353 -0.0091786 0.27445 -0.66227 -0.17694 -0.031124 0.13873 -0.20098 0.14942 -0.25938 0.40682 0.44963 -1.1676 -1.8425 -0.49965 0.54955 -0.0035906 -0.11626 0.11215
-0.64243 1.2849 0.7538 1.1596 -0.47849 0.62254 -0.71862 2.2804 -0.10169 0.19987 -1.8378 0.16336 -1.6863 0.21035 -0.19267 -0.18126 -0.4043 0.48404 0.23716 -0.8489 -1.0452 0.037707 0.1001 -0.75395 -0.096129 -0.0015543 -0.26867 -0.26174 0.27314 -0.055944 0.21808 -0.39312 -0.66092 -1.0444 -0.68734 0.64318 0.89147 -0.084436 0.16025
0.20466 1.0768 0.87902 1.1864 -0.11531 0.96172 -0.71338 0.14414 -0.88772 0.51689 -0.90095 0.50667 -1.5448 0.13943 -0.21598 0.26886 -0.38962 0.40506 0.14716 -0.9197 -1.3582 -0.33506 0.53215 -0.18915 -0.03188 0.1829 -0.46203 0.08286 0.35599 0.019468 -0.041635 -0.96662 0.36355 0.086051 -0.16525 -0.047808 1.2661 -0.013975 0.27138
-0.17187 0.96218 0.73144 1.2324 -0.27332 1.6009 -0.55425 -0.68718 -1.7796 0.73399 -0.19628 -0.10967 -1.6137 -0.237 -0.3736 0.41269 -0.38222 0.65102 -0.49841 -0.42272 -0.89793 -0.88779 0.7464 0.82342 -0.06358 0.16372 -0.99656 0.17376 0.27664 -0.010647 -0.31348 -0.71736 1.3157 0.75216 0.74467 -0.69718 0.98882 -0.59069 0.3009
-0.39018 1.0602 0.45163 1.2472 0.34722 0.63847 -0.89668 0.66293 -1.2682 -0.81294 -1.0769 0.73521 -1.6002 -0.47757 0.0065755 0.38819 -0.38791 0.093239 -0.78886 0.46171 -0.4521 0.11552 -0.13616 1.1064 -0.22916 0.37278 -1.1776 -0.040652 -0.15382 -0.081333 -0.14024 -0.40055 1.4952 0.84968 1.6942 -1.1308 0.23918 -0.96456 0.37088
0.083946 1.0945 1.318 1.0239 0.24544 0.59814 -1.0557 0.27797 -1.2724 0.59902 -0.47247 0.27126 -1.4039 -1.2984 -0.038817 0.30449 -0.43528 0.076433 -0.59986 0.97696 0.051107 1.3551 -0.90311 0.59589 -1.1485 0.44318 -0.95452 -0.19835 -0.3595 -0.071963 0.15504 0.2998 1.2641 0.16484 1.7706 -0.97391 -0.34152 -1.2219 0.46573
-0.77112 0.98814 1.1515 0.84443 -0.15178 0.18472 -0.34162 1.3136 -1.4336 0.97519 -0.6591 -0.17338 -1.4721 -1.4766 -0.45086 0.012639 -0.5255 0.44275 -0.52767 1.2399 -0.085128 2.0488 -0.81501 0.40895 -1.3633 0.70877 -0.49876 -0.5176 -0.6602 -0.081975 0.45898 0.26834 0.66644 -0.25402 0.94882 -0.44972 -0.17001 -0.75902 0.38734
-1.0663 1.3118 1.1267 0.7367 -0.41096 0.083258 0.16364 0.14686 0.32507 -0.31252 0.31552 -0.044067 -1.1649 -1.4782 -0.457 -0.11874 -0.4583 0.7617 -0.07355 1.6062 -0.72619 1.8089 -0.7842 0.48425 -1.868 0.83202 0.53764 -0.35526 -0.76706 -0.089457 0.37571 -0.17955 -0.098068 -0.21865 0.089848 0.034414 0.12158 0.10899 0.33944
-1.754 0.80828 0.97049 0.84349 0.32093 1.0716 0.62522 -0.55467 0.48882 -1.2212 -0.18066 -1.8517 -1.1275 -1.299 -0.59171 -0.71718 -0.54001 0.58676 -0.5541 1.4239 -0.55981 1.8533 -1.0567 0.82056 -1.346 0.87358 1.1131 -0.083515 -0.7256 -0.21736 0.027521 -0.49297 -0.81229 0.3018 -0.66386 0.65671 0.15372 0.58161 0.14457
-1.9287 0.35074 0.47333 0.62357 0.96912 0.55995 0.55731 -0.057162 0.63597 -0.34729 -0.22983 -1.3843 -0.7987 -0.4125 -0.52393 -0.86001 -0.60564 0.6897 -0.90797 0.70193 -0.13599 1.6421 -0.71148 0.63703 -0.95541 0.9698 1.3948 0.30823 -0.54338 -0.46881 -0.39463 -0.74771 -1.3874 0.80917 -1.1621 1.1178 0.029589 1.023 -0.042986
-1.7736 0.8994 0.84511 0.66438 1.4342 0.25763 0.97715 -0.12569 0.45575 -1.0435 -0.42084 -1.8497 -0.69968 0.012358 -0.55137 -1.0637 -0.8688 0.53312 -1.0051 0.1452 0.25346 0.76354 0.41723 0.64439 -0.70397 0.89822 1.4115 0.71601 -0.23531 -0.536 -0.67546 -0.083661 -1.2396 0.74962 -1.277 1.2316 -0.23378 1.1362 -0.26152
-1.6435 0.54577 0.35309 0.18121 0.059706 -0.58053 0.8376 0.036472 1.0906 -0.20123 1.2009 -1.2295 -0.55155 0.40066 -0.0034329 -1.0302 -1.1814 0.077966 -1.2086 -0.39941 0.5324 -0.044776 0.63489 0.63358 -0.21981 0.74052 1.3482 0.57362 -0.2858 -0.5363 -1.0187 0.056512 -1.0138 0.053311 -1.2483 1.0357 -0.35765 1.5944 -0.27978
-1.2347 0.64667 0.045912 0.1532 0.72763 -0.70624 0.53922 0.90691 1.3686 -0.60117 0.11382 -1.5636 -0.37102 0.85927 0.25436 -1.1044 -1.2654 -0.32679 -0.54971 -0.38821 0.65014 0.060839 0.64521 0.35188 0.47415 0.51577 1.4298 0.44218 -0.27399 -0.026417 -0.91458 0.020673 -0.66061 -0.81696 -0.78416 0.60569 -0.32168 1.8083 -0.1649
-1.4863 0.48962 -0.27378 -0.26145 0.83141 -0.13001 0.45208 -0.33978 1.122 0.11931 0.94013 -1.8977 -0.22048 1.6138 -0.041365 -1.4124 -1.4212 -0.72178 -1.0252 -0.96309 -0.20585 -0.58321 1.1726 0.062816 1.5295 0.65571 1.1496 0.077184 -0.28418 0.44758 -0.58933 -0.3553 -0.09939 -1.2269 -0.20499 0.6362 0.33096 1.75 -0.098305
-1.4065 0.79606 -0.25726 -0.57755 0.82987 -0.29028 0.067412 0.42175 -0.22989 -0.33518 0.13734 -2.1175 -0.3589 2.0039 0.14913 -1.4219 -0.80857 -0.7197 -1.0519 -0.83021 -1.0183 -0.58453 1.3188 0.28193 1.9089 0.64203 0.62426 0.090107 -0.13953 0.75818 -0.16317 -1.0106 0.24916 -0.92254 -0.010771 0.17349 0.39428 1.0442 -0.10283
-0.45786 0.83957 -0.71843 -0.73692 0.38155 -0.18826 0.54096 1.0944 1.2046 0.43953 0.19739 0.077122 -0.25391 1.9166 0.1645 -1.441 -0.58246 -0.78893 -1.6003 -0.36397 -1.1077 -0.14228 1.5272 1.3382 2.4377 0.49865 -0.17854 0.2108 0.086431 0.80617 0.4239 -0.75353 0.88452 -0.19486 0.5206 -0.48958 0.33984 -0.41054 -0.24251
0.81742 0.59025 -1.0705 -1.1028 -0.44044 -1.9573 -0.5787 -1.1601 -0.26053 0.89841 0.37421 0.91581 0.21759 1.8401 0.28679 -1.372 -0.27609 -0.58436 -2.1036 -0.20775 -0.75443 -0.17838 0.80639 0.51165 2.0301 0.40741 -0.9503 -0.21982 0.42685 0.49026 0.80153 -0.047404 1.0209 0.37222 0.37777 -1.0965 -0.46883 -1.8842 -0.23572
0.77444 0.70259 -1.5038 -0.31786 -0.63292 -1.5896 -0.089622 -1.3405 0.97336 1.4526 1.8473 0.77129 0.16372 1.367 0.2124 -1.27 -0.18895 -0.016843 -1.8705 0.41895 -0.71385 0.29325 0.49099 0.6355 0.66616 0.33477 -1.4688 -0.83598 0.64819 0.34444 0.85982 1.2727 1.1578 0.72944 0.1549 -1.4713 -1.3791 -2.6545 -0.096737
0.46569 0.8333 -1.6493 -0.71269 0.34951 -2.0221 0.41326 -0.37222 1.1914 1.2907 2.1164 1.1564 0.033987 0.54564 -0.22024 -0.66335 -0.098048 0.35111 -0.99639 0.73205 -0.43835 -0.01797 -0.26907 -0.31163 -0.85755 0.29795 -1.4064 -1.6107 0.66753 -0.013937 0.39807 2.0185 0.71442 0.45783 -0.34618 -1.263 -1.4774 -2.1714 0.15687
0.6459 0.96263 -1.737 -0.82553 0.1744 -2.2542 0.044346 -0.69572 -0.10757 0.39725 0.10294 0.27487 0.076915 -0.11276 -0.88326 -0.5113 -0.037082 0.30581 0.18103 1.3812 0.23737 0.10119 -0.76237 -1.0326 -1.2601 0.37747 -0.85771 -1.9648 0.51523 0.049227 -0.14212 2.1222 -0.023275 0.12902 -0.53975 -0.64528 -1.0771 -0.73753 0.44952
0.79028 0.96827 -1.8411 -1.0026 0.67197 -2.2198 0.94453 -0.25514 0.75018 0.60882 0.8996 -0.83413 0.057049 0.017045 -1.6684 -0.42891 -0.38831 -0.019886 0.56979 0.67959 -0.27912 -0.79437 -0.99341 -1.6351 -1.2142 0.66654 -0.34331 -1.7343 0.11232 0.27159 -0.14126 1.6091 -0.26974 -0.2841 -0.023536 0.37362 0.26801 1.0097 0.55406
0.72429 0.15631 -1.4099 -0.8212 0.16982 -1.5549 0.98903 -0.72583 0.85452 0.45738 -0.18692 -0.5488 0.39489 0.06679 -2.116 -0.36754 0.038102 -0.084357 1.2352 0.40496 -0.51106 -0.43066 -0.38431 -0.87564 -0.5905 0.9576 -0.12818 -0.80131 0.13554 0.54056 0.21299 0.95266 -0.72754 -0.55221 0.055854 0.47688 1.0532 1.5876 0.49469
0.50594 -0.47697 -2.0581 -0.74504 -0.3865 -1.5693 1.3426 -1.1253 0.16882 0.24089 0.077458 -0.41095 0.70351 -0.17261 -2.2987 -0.51648 0.36242 0.29474 1.4268 0.7093 -0.62163 0.20281 0.26561 0.15239 0.75104 1.0031 -0.30508 0.51661 0.3965 0.59109 1.0584 0.45639 -0.60561 0.24466 0.43664 0.11982 1.786 1.2414 0.21533
0.75249 -0.77528 -2.1699 -1.0188 -0.18027 -1.0832 0.37831 -1.4804 -0.26339 0.10581 0.039015 -0.6756 0.74949 -0.25491 -1.8156 -0.20262 0.58896 0.53893 1.5021 -0.018721 -0.69398 -0.27845 -0.46942 0.20124 0.81811 1.0976 -0.42727 1.4419 1.0028 0.23924 1.5357 0.21349 -0.7882 0.74162 0.19645 -0.87947 1.4728 0.32193 -0.00041975
0.62303 -0.84981 -1.9993 -0.60565 0.75351 -0.78678 0.90638 -0.7209 0.62263 0.84201 0.68884 0.29617 1.002 -0.381 -1.0216 0.2723 0.43224 1.5907 1.2782 -0.26079 0.32986 0.035545 -0.71566 1.4332 0.4729 0.98222 -0.60452 1.7025 1.3803 -0.020961 1.3563 0.41472 -0.67788 1.1142 -0.15565 -1.7942 0.74013 -0.75686 -0.083698
0.38787 -1.1254 -2.3771 -0.36311 0.90832 -0.79072 1.7357 -1.5386 0.75753 0.93893 0.48131 1.2513 1.0379 -0.61027 -0.52206 1.227 0.4407 2.0549 1.7071 -0.61089 0.54109 0.062524 -1.5819 1.4586 0.16213 0.96547 -0.61556 1.3309 1.0417 -0.34575 0.52455 0.54299 -0.39965 1.0691 -0.37678 -1.9276 0.13412 -1.3083 -0.21685
0.44564 -0.9044 -1.608 -0.27617 1.0231 -0.27926 0.58609 -1.4121 0.10325 -0.85438 0.66126 -0.43018 1.3983 -1.0987 -0.30875 1.5081 0.38712 1.9988 2.09 -0.28484 1.0461 -0.28587 -2.627 1.0193 -0.39332 0.91674 -0.20494 0.86235 0.23894 -0.59556 -0.94826 0.31724 -0.17575 0.75784 -0.5484 -1.1347 -0.51326 -1.4765 -0.34889
0.096087 -1.0458 -1.1149 -0.56266 2.468 -0.20256 0.54659 0.17168 0.629 -0.54176 2.153 -0.12096 1.5092 -1.0199 -0.11187 1.2458 -0.045726 1.2899 2.0965 -0.76562 1.1416 -0.89302 -3.2194 0.68045 -1.2873 0.73826 0.57779 0.63706 -0.93697 -0.78367 -2.2106 -0.80973 0.39112 0.66637 -0.1667 0.88502 -0.65774 -1.1278 -0.64473
-0.26013 -1.0973 -0.52012 -0.35371 2.4081 0.75222 0.13671 -0.84498 -0.12765 -2.007 1.6046 -0.1856 1.7101 -0.55284 0.10664 0.73337 -0.44928 0.25952 1.6708 -0.51481 1.5905 -0.61668 -2.0764 0.78772 -1.6663 0.46615 1.4861 0.73286 -1.4366 -0.78004 -3.2945 -2.0074 0.10243 0.12374 0.29447 2.6617 -1.0706 -0.49645 -0.97198
-0.83171 -1.1205 -0.66146 -0.41366 2.72 1.4583 0.74492 0.29387 -0.29561 -2.91 0.91945 -0.80288 1.6828 0.16449 0.25409 -0.25279 -0.61787 -1.0765 0.44267 0.25519 1.6438 -0.11311 -0.14914 0.24814 -1.3909 0.028701 1.7825 1.2052 -1.039 -0.40137 -3.4205 -2.8241 -0.24139 -0.22347 0.66958 3.8785 -1.1221 0.55026 -1.5678
-0.4364 -0.96308 -1.0976 -0.63645 2.0048 1.1452 0.20408 0.34002 -0.39442 -2.843 1.4523 -1.3479 1.7278 1.0097 0.64073 -0.60297 -0.79678 -2.783 -0.74769 -0.59543 1.0667 -0.063666 0.96566 -0.92429 -1.3103 -0.47947 1.178 1.7868 0.16559 0.46449 -2.4697 -2.4445 -1.0217 -0.92559 0.28733 3.4776 -1.0911 1.4956 -2.2564
0.14081 -0.89231 -1.4511 -1.006 0.76182 0.71901 0.91752 0.71091 0.15706 -1.2147 1.9498 -1.7005 1.5585 1.4389 1.4863 -0.15612 -0.63331 -3.3823 -1.8528 -1.182 0.96927 0.21795 2.7295 -0.72712 -0.41025 -1.6122 -0.13864 1.9265 1.5466 1.3876 -0.69828 -0.73901 -1.0533 -1.5036 -0.21297 1.9224 -1.1645 2.0952 -2.59
0.8097 -0.65068 -1.6806 -1.0302 -0.13271 -0.21091 0.86273 1.4091 0.27894 -0.40575 1.3523 -2.1566 1.4156 0.9499 2.258 1.0097 0.4175 -3.0581 -1.6456 -1.7429 0.066 -0.1848 3.1825 -0.92576 0.72634 -2.7758 -1.5396 1.4697 1.9808 2.0545 1.5623 0.88632 0.16174 -1.3807 -0.63844 -0.25255 -0.87784 2.0694 -2.1282
1.137 -0.41126 -1.2442 -1.3875 -1.4703 -0.63187 -1.1643 0.83687 0.078623 -0.14501 0.13615 -1.492 0.94105 -0.061623 2.4296 2.0109 1.3616 -2.1997 -0.45302 -1.1782 -0.89277 -0.48922 2.4472 -2.1004 1.6329 -3.486 -2.439 0.45404 1.4114 1.6809 2.903 1.7156 1.3832 -1.424 -0.66542 -2.0854 -0.15013 1.2526 -0.68537
0.97548 0.66283 -0.23955 -0.74549 -1.7251 -0.69895 -1.1626 0.52933 -0.16374 1.0183 0.71315 -0.4009 -0.41877 -1.0454 2.4446 2.2466 2.0404 -0.53901 0.1807 -0.28427 -0.78927 -1.0262 0.62524 -2.0082 1.6605 -3.3743 -2.1547 -0.7521 -0.08057 0.23326 2.8943 1.0222 2.398 -0.97158 -0.20336 -2.7533 1.2528 0.18289 1.2438
-0.15004 1.1848 0.64919 0.54875 -0.95604 0.21237 -1.1339 0.23251 -0.79526 0.77809 0.17221 0.12798 -1.3818 -2.0055 2.0929 2.0267 1.6908 0.62296 0.37924 0.73409 -1.4781 -0.73324 -0.0012166 -0.48742 1.5357 -2.5481 -0.87282 -1.8608 -1.8429 -1.4236 1.7948 -0.56989 2.0503 -0.55137 0.60004 -2.1439 2.1564 -0.74165 3.0576
-0.42899 1.0337 0.90929 0.73309 -1.2856 0.85544 -0.098047 -1.0488 -0.59612 0.45037 -1.345 0.53426 -1.6068 -2.0029 1.2552 0.83705 0.67925 0.7794 -0.18491 1.8843 -1.5966 -0.47962 -0.88838 0.79836 1.1196 -1.0083 0.81347 -2.5587 -2.7331 -2.6889 0.22991 -1.8107 0.80392 -0.1535 1.2478 -0.51124 1.8914 -0.91459 3.841
-0.76471 1.2956 0.53424 0.92377 0.14606 0.071312 1.0062 0.77749 -1.0321 -0.76869 -0.27497 -0.28546 -1.3692 -1.175 0.13325 -0.95236 -0.63221 0.39774 -1.3055 1.6569 -1.59 0.48125 -0.91796 0.85089 0.4604 0.83155 2.0243 -2.538 -2.4633 -2.7887 -0.52412 -2.1626 -0.99576 0.66744 1.0852 0.63284 0.62389 -0.82049 3.3961
-1.5948 1.3781 0.66882 0.043082 0.0566 -0.49769 0.57324 -1.3131 -0.31125 0.22688 1.3451 0.19348 -0.9634 0.015868 -0.54923 -1.7016 -1.8404 -0.005302 -2.2819 0.79368 -1.0253 0.94925 0.10414 1.1422 0.42082 1.8463 2.18 -2.0864 -1.0329 -2.0812 -0.65566 -1.3143 -2.315 0.948 0.66525 1.6023 -0.85308 -0.35181 1.9866
-1.0796 1.0489 -0.19355 -0.79368 -1.2585 -1.0291 0.79739 -1.6649 -0.70891 -0.91098 1.4699 0.77272 -0.40315 0.66505 -0.94646 -1.6053 -2.2784 0.070114 -2.5209 -0.61785 -0.38662 0.79882 0.72517 0.60162 0.28974 2.1344 1.6132 -1.3246 0.60712 -0.75501 -0.18863 0.084097 -2.1271 1.4993 -0.10295 1.4174 -1.7702 -0.10763 0.40352
-0.44369 0.84959 -1.4392 -0.79072 -1.0665 -1.7369 0.69984 -1.6515 0.65104 0.34844 0.66244 0.31188 0.13239 1.0404 -1.446 -0.89429 -2.4028 -0.24032 -1.9741 -1.3948 -0.25078 0.74014 1.3788 -0.79758 0.51581 1.9134 0.65701 -0.51586 1.6971 0.48449 0.44481 1.255 -1.346 1.4888 -0.32805 0.77692 -1.9433 -0.33173 -0.62547
-0.006693 0.52829 -0.83285 -1.2576 -0.64049 -1.7576 0.036312 -0.8439 0.17395 1.1391 0.54639 0.86282 0.27616 1.2447 -1.4776 -0.15365 -1.7742 0.17796 -1.2985 -1.3063 1.091 0.37653 1.1774 -1.7511 0.19589 1.5223 -0.23425 0.38519 1.8833 1.0545 0.35041 1.6627 -0.4223 1.0008 -0.36529 -0.13382 -0.90759 -0.61792 -1.1434
0.049481 0.23567 -0.58068 -1.7358 -0.22296 -2.0052 -0.7082 -0.74333 -0.11505 0.66936 -0.45276 0.37151 0.55925 0.91791 -1.0883 0.94174 -1.196 0.75126 -0.59056 -1.428 1.283 0.48586 1.378 -1.6029 -0.18259 1.0249 -0.77149 1.4664 1.3767 1.4028 0.013284 1.5572 0.33983 0.33228 -0.088427 -0.9879 0.75232 -0.96094 -1.3454
-0.076812 -0.039947 -0.14907 -2.1658 -0.41135 -2.1948 -0.66754 -0.4656 0.03067 1.1376 -0.3566 0.72041 0.64261 0.2963 -0.53217 1.216 -0.91858 0.21377 -0.16431 -1.4034 0.90138 0.17444 0.47257 -0.82634 -0.56476 0.51928 -0.86571 2.2155 0.55832 1.7859 -0.78416 1.4904 0.51374 -0.53205 0.04742 -1.4357 1.6971 -0.89183 -1.7115
0.13539 -0.011761 0.055501 -1.9999 -0.38171 -1.9352 -0.58404 -0.054982 0.2078 1.2219 -0.56195 0.63799 0.787 0.107 0.35167 1.1531 -0.21545 -0.22965 0.31417 -0.69314 0.53969 0.66192 -0.16571 0.26023 -0.97084 -0.0081224 -0.56896 2.2293 -0.30402 2.5191 -0.79776 1.5962 0.91932 -0.5444 -0.6177 -1.5678 1.469 -0.54268 -2.1432
0.44677 0.10384 0.40235 -1.8931 -0.08797 -1.7876 -0.96075 -0.073002 0.61092 1.3902 -0.61255 0.1745 0.78431 0.071087 1.2349 0.84604 1.0675 -0.74796 0.98229 -0.68856 0.40105 0.39002 -0.80963 0.74465 -1.1433 -1.043 -0.26231 1.5775 -0.54455 2.93 -0.059818 1.7392 1.0491 -0.04372 -1.031 -0.72463 0.45204 -0.06112 -2.2762
-0.16767 0.3803 -0.12424 -1.9765 -0.89336 -2.0134 -1.4759 -0.45151 0.60248 1.0053 -0.17413 -0.61251 0.60599 -0.0085829 1.4821 0.51778 2.5151 -0.2089 1.7628 -0.025756 0.44643 -0.89517 -0.99397 0.57863 -0.95153 -2.0527 -0.27925 0.49749 -0.42997 2.4905 0.44888 1.6401 1.2532 0.43428 -1.7197 -0.24909 -0.57762 0.608 -1.8714
0.18009 0.93807 0.90798 -1.5909 -0.81501 -1.3042 -0.72055 -0.021069 0.83278 0.51796 0.97494 -0.51398 0.19137 -0.12698 1.3453 0.44655 3.1891 0.099509 2.2997 0.27044 0.87923 -1.1744 -0.50351 -0.071493 -0.70152 -2.5565 -0.21075 -0.55904 -0.1905 1.2016 0.83748 1.1019 1.4503 0.76028 -1.3625 0.086181 -1.0367 0.81121 -0.76169
0.12171 1.395 0.40983 -0.16762 -1.4685 -0.79286 -1.7327 -0.064061 0.0025182 -0.49149 0.028753 -0.99445 -0.84154 -0.30586 1.0638 0.49353 3.3743 0.16448 2.6625 1.2247 1.2036 -2.1069 -0.79367 -0.4962 -0.025056 -2.621 -0.76255 -1.6973 -0.036076 -0.66035 0.74517 -0.18921 1.1567 0.56912 -0.085072 -0.28468 -0.93059 0.51274 0.96617
-0.00063692 1.0746 0.44681 1.1367 0.088738 0.060099 -0.0020902 0.46634 -1.7069 0.54281 -0.11335 -0.13283 -1.5489 -0.16751 0.57238 0.47492 2.8763 0.58735 2.555 1.4598 1.5883 -1.8167 -0.73934 -0.80915 -0.04696 -2.1314 -0.72396 -2.462 -0.23046 -2.6275 0.49197 -1.6548 0.92272 -0.38284 1.5598 -0.7067 0.2657 0.2471 2.8176
0.071167 1.1184 0.71076 1.243 -0.077508 0.56518 -0.56038 1.351 -0.40898 1.2734 -1.0973 -0.63419 -1.5044 -1.3797 -0.76889 0.42734 1.4256 0.90192 1.2961 1.5926 1.2691 -0.74635 -1.4195 -0.92957 -0.29632 -0.52837 -0.13821 -2.6932 -0.82253 -3.9467 -0.26831 -2.6933 0.19082 -1.3619 3.292 -0.72899 1.2596 0.20784 4.0128
-0.28717 1.2394 0.95316 1.2582 -0.55597 0.82723 0.69125 1.1708 -2.1053 -0.40991 -0.61923 -0.0093294 -1.6676 -0.91121 -1.562 0.016969 -0.76387 0.62673 -0.036745 1.8527 0.08826 1.3727 -1.5463 0.68307 -0.097015 1.4659 0.74873 -2.337 -1.3419 -3.8679 -0.83078 -2.7121 0.11431 -2.1766 3.2453 -0.49327 1.3353 0.64124 3.9509
-0.18894 1.1725 0.6631 0.94362 -0.19676 0.70917 0.16825 1.7358 -0.95519 -0.465 -0.34721 -1.1899 -1.5421 -0.18923 -2.0514 -0.91717 -2.2017 -0.33687 -0.96084 1.3968 -0.79504 3.1061 -1.7888 1.302 0.39293 2.7999 1.8328 -1.3859 -1.4516 -2.3234 -0.71466 -1.3239 0.17178 -2.2108 2.196 0.73686 0.21432 1.0778 2.6122
-2.367 -0.17529 1.3961 0.24641 0.59605 -0.21932 1.0249 1.296 0.10288 -2.0908 -0.45799 -1.1109 -0.19099 0.59604 -2.4162 -1.525 -2.5587 -0.2941 -1.27 1.7802 -1.7848 2.9682 -1.4996 0.77203 0.83937 3.3126 1.5571 -0.48073 -0.95892 -0.12279 -0.24079 0.42114 0.35716 -1.5419 -0.21904 1.7024 -1.2157 1.0872 0.71422
-0.097474 -0.24279 -0.17477 -0.8869 -0.34498 -0.69933 1.1083 -0.58968 1.7379 -1.3276 1.3837 -0.39151 0.75987 1.1983 -2.496 -1.692 -2.0352 0.071889 -0.50173 1.9611 -2.2691 2.9983 -0.019956 -0.53989 1.3106 3.2473 1.0074 0.6171 -0.09337 1.6777 0.44487 1.7595 0.38644 -0.38925 -2.474 2.2107 -1.4674 0.37659 -1.0462
0.41065 -0.76837 -0.88414 -1.166 -0.87297 -0.44756 1.6234 -0.06778 2.3712 -0.83625 0.7928 0.94865 1.2065 1.2249 -2.0898 -1.5064 -1.0871 -0.0094665 0.51111 2.2568 -2.2895 0.97735 0.85054 -0.84854 1.5373 2.5257 -0.25666 1.2829 0.8685 2.6276 0.82118 1.9581 -0.11769 1.214 -3.6313 1.6791 -0.90229 -0.5844 -2.0639
0.80065 -0.86664 -0.73394 -1.2481 -0.47611 -0.36865 2.1272 -1.0103 1.6772 -1.2294 -1.0623 0.34894 1.4391 1.3258 -1.2617 -1.1166 0.19205 0.33141 1.374 1.9007 -1.314 -1.0086 1.2959 -0.84844 0.76321 1.3089 -1.0665 1.4918 1.2813 2.4755 0.93491 0.94863 -0.82137 2.1998 -3.7614 0.6067 0.32166 -1.4186 -2.2307
0.59446 -1.1241 -0.62703 -0.56334 0.28782 0.74445 3.173 -1.5708 1.4124 -0.32977 -1.6317 1.2343 1.3952 0.061492 -1.0477 -0.090735 1.2348 1.0686 1.3808 1.5899 0.22583 -2.5303 1.079 -0.89361 -0.025802 0.56574 -1.0404 1.1328 1.1319 1.6298 0.72728 -0.19389 -1.4633 2.4939 -2.0752 0.039879 1.173 -1.4684 -1.6855
0.059535 -1.2693 -0.71464 -0.40384 0.036432 0.89268 2.9803 -1.2845 0.1569 0.11918 -0.4394 0.46957 1.466 -0.16454 -0.70739 0.14279 1.4263 1.2314 0.80566 0.73032 0.96564 -3.0189 1.0382 0.13349 -0.65962 0.211 -0.45387 0.65264 0.75165 0.34832 -0.091233 -0.96416 -1.553 1.7426 -0.065768 -0.33683 1.2341 -0.8104 -0.86832
0.19733 -1.3534 -0.48892 0.07092 0.70929 0.80336 3.1257 -0.66681 -0.55202 -0.51109 -0.12423 -0.064842 1.5031 0.073042 -0.61408 0.1095 1.3356 0.86285 0.44771 0.051935 1.6612 -2.3033 1.0607 1.03 -0.59943 0.039508 0.51993 0.59188 0.24744 -0.74535 -0.89929 -0.79803 -1.5869 0.36764 1.5467 -0.48922 0.5069 -0.25429 -0.42461
0.41447 -1.3633 -0.62052 0.27453 0.85002 0.53989 3.0608 0.35928 -0.89493 0.27 0.007213 0.17102 1.5203 0.49038 -0.47049 0.27294 0.78333 0.27347 0.08407 -0.29168 1.5314 -1.2545 0.66127 0.68253 -0.52587 0.0075186 0.61223 0.37715 0.10014 -1.3927 -1.4108 -0.23047 -1.658 -0.75597 2.1176 -0.34411 -0.59514 0.08884 -0.29833
0.45698 -1.4709 -0.73014 0.22742 0.89107 0.39082 2.5214 0.80251 -1.33 0.40401 -0.14738 -0.0091089 1.4817 0.67645 -0.25235 0.33154 0.15126 -0.077424 0.28903 -0.92512 0.71051 -0.21207 0.33032 -0.14335 -0.59328 -0.098472 0.49679 0.32059 0.077536 -1.5464 -1.5539 0.15566 -1.8551 -1.8078 1.7835 -0.28022 -1.2789 0.16403 -0.34159
0.9205 -1.5676 -0.48529 0.45158 0.80617 0.80745 2.6711 0.47343 -0.77586 0.4573 -0.13124 -0.095626 1.4377 0.64413 -0.3076 0.2263 -0.59807 -0.85039 0.47053 -1.9429 -0.075881 0.316 0.7456 -0.47972 -0.49983 -0.25871 0.15222 0.45068 0.18488 -1.156 -1.2897 0.37933 -1.9007 -1.4634 1.0901 -0.32789 -0.79341 0.22807 -0.47304
0.94118 -1.6239 -0.17225 0.25034 0.33757 1.1104 3.0238 0.095951 -0.22946 0.5389 -0.45529 0.38622 1.4413 0.89647 -0.20261 0.28241 -0.8778 -1.3864 0.54629 -2.6606 -1.1906 0.60136 0.48377 -0.96907 -0.30421 -0.44392 -0.3037 0.76027 0.44837 -0.65408 -0.93785 0.033577 -1.8136 -0.23581 0.20777 -0.57723 -0.019575 0.31648 -0.67751
0.78597 -1.4159 -0.33027 -0.31011 0.12926 1.1374 1.3438 -0.30722 -0.52466 0.070695 -0.45124 -1.1013 1.3751 0.65365 0.19935 0.6605 -0.87564 -1.4045 0.65637 -3.0492 -0.47328 0.59548 -0.042012 -0.50473 -0.23833 -0.67286 -0.97707 1.7646 0.78425 0.43711 -0.020016 -0.21635 -0.95982 0.84036 -0.54008 -0.9897 0.27122 0.40448 -1.3195
1.1126 -1.7492 -0.43128 -0.65428 -0.54239 1.0288 0.21575 -0.19205 -0.5307 1.1505 -0.66785 -0.49567 1.1819 0.11531 0.66915 1.0012 -0.94421 -1.4952 0.26462 -3.8309 0.44989 0.081158 -0.38235 -0.16884 -0.12103 -1.1125 -1.5233 2.5607 0.83975 1.4785 0.8461 -0.60621 0.30974 1.3235 -0.73543 -0.45947 0.19708 0.46165 -1.854
1.867 -1.5452 -0.32584 -0.50614 -1.0968 1.0039 -0.29439 -1.3732 -0.30271 0.93283 -1.4704 0.1267 0.99538 -0.74705 1.9895 1.4214 0.24295 -0.82773 0.22274 -3.1863 0.83253 -0.5367 -0.72176 -0.33082 0.18175 -2.3009 -1.8745 2.0928 0.56708 1.8213 1.188 -0.84286 1.6422 0.61553 -0.15484 0.015732 -0.0055872 0.11396 -1.4316
1.1128 -1.1293 0.52647 -0.45096 -0.71617 1.4834 -0.6842 1.0508 -0.34803 -0.1738 -0.18572 -0.41798 0.72905 -1.179 2.8703 1.5668 1.3196 -0.13713 -0.33862 -1.9963 0.86743 -0.34911 -0.056172 -0.65667 0.36946 -2.9682 -1.6959 0.78974 0.19209 1.4563 1.2602 -0.90651 2.7921 -0.37731 0.91222 0.2727 0.024409 -0.42276 -0.23444
0.67941 -0.80125 0.98272 -0.76018 -1.4568 1.0981 -2.0062 1.143 -0.60801 -0.11649 -0.30095 -0.25759 0.1593 -2.1141 2.3409 1.5005 1.3907 0.073493 -0.5766 -0.8264 0.58948 0.49408 -0.17026 -0.27058 -0.27214 -2.3231 -1.1569 -1.0634 -0.37053 0.22715 1.3254 -0.59311 2.6914 -1.6407 1.4647 0.23704 -0.0062929 -0.36393 1.2993
-0.53273 0.88749 1.3808 0.92379 -0.41259 1.4049 -0.83807 0.50691 -1.3144 -0.3591 -1.3701 0.19528 -1.4931 -2.2911 1.7142 1.339 1.197 0.34214 -0.98671 0.32502 -0.17559 1.4548 -0.12864 -0.14817 -0.72043 -1.5251 -0.54055 -2.3335 -0.94588 -0.86721 1.4221 -0.21497 2.0224 -1.7925 1.4288 -0.37754 0.44154 -0.018208 2.3519
-0.15707 1.0902 1.0542 1.1461 -0.14183 0.26991 -1.3781 0.25686 -0.60283 1.3406 -1.6789 -0.61098 -1.5908 -2.2999 0.91358 0.79414 0.71915 1.3387 -0.53097 0.79651 -1.9615 1.5923 -0.22471 -0.59626 0.014096 -0.68605 0.49984 -2.4598 -1.1371 -1.3768 1.2823 -0.18167 0.91314 -1.1016 0.87427 -0.63722 0.94875 0.44062 2.5267
-1.3538 -0.49835 1.2645 0.34043 -1.1087 0.5328 -0.6457 0.16026 0.98461 0.61797 -0.66736 -0.83955 -0.28685 -2.0735 -0.040355 0.03506 0.022265 1.8115 -0.74754 1.0583 -1.4813 2.0585 -0.75107 0.39901 0.18221 0.44397 1.0053 -1.6286 -1.011 -1.2329 0.62443 0.15874 0.43474 0.067279 -0.30094 -0.8976 1.3505 0.43905 1.74
-0.93912 0.098805 1.7467 0.52866 -0.49471 0.16788 0.15783 -0.90839 1.732 -0.317 -0.9783 -1.1217 -0.32376 -1.317 -0.60216 -0.11259 -0.60863 1.6668 -1.0214 0.55486 -0.97717 2.0028 -1.081 1.3726 0.11958 1.2376 1.4422 -0.17546 -0.61396 -0.33835 -0.15496 0.080817 -0.21043 1.4926 -1.4944 -0.61048 0.95177 -0.074333 0.33158
-2.2822 0.16969 1.5909 0.20222 1.9057 1.4646 -0.55274 -1.8167 0.52713 -0.801 -1.1535 0.52054 -0.50743 -0.95683 -0.058851 -0.22192 -0.45664 1.3141 -0.44405 1.2802 -0.51086 0.63105 -1.4236 1.5951 0.06684 0.64267 1.314 0.58469 -0.28656 0.46998 -0.81051 0.41068 -0.56061 1.7637 -2.099 0.086985 0.016367 -0.5475 -0.72039
-2.1742 -0.054159 0.67922 -0.038492 1.2151 -0.22518 -0.542 -0.21435 1.5249 -0.79425 0.12785 0.094339 -0.15959 -0.2375 0.64622 -0.30242 0.31521 1.3112 -0.5278 0.28796 0.60796 -0.77935 -1.0589 0.72854 -0.080867 -0.19052 1.0921 0.61648 -0.16775 0.95488 -1.2726 0.43289 -0.31348 1.5938 -1.8168 0.67174 -0.37027 -0.79335 -1.0094
-1.5989 0.48299 1.3039 0.63278 1.4507 -0.38355 -0.2756 -0.70656 1.4465 -0.67082 0.34261 -0.47172 -0.26689 -0.22576 0.23806 -0.44424 0.42967 0.52517 -0.23606 0.1255 1.3321 -0.88535 -0.59011 0.75558 -0.78511 -0.14021 0.6254 0.033787 0.14687 0.6474 -1.0639 0.74907 -0.48162 0.97694 -0.9835 0.90919 -0.6662 -0.40531 -0.5665
-1.5595 0.39596 0.95427 0.29328 0.55752 0.23772 1.2224 -0.558 0.42684 -0.55845 0.47949 -1.1245 -0.5612 0.30113 0.20131 -0.33946 0.72499 -0.24019 -0.32649 0.53785 1.3618 -0.99071 -0.20023 1.0464 -0.99736 -0.18941 -0.066142 -0.42398 0.10366 -0.20367 -0.87435 1.0338 -0.074744 0.25948 -0.080936 0.77986 -0.63848 0.037692 -0.12052
-1.6619 0.21609 1.3033 0.92805 1.3104 0.1782 -0.8353 0.85494 -0.019242 -1.4267 -0.6717 -0.70465 -0.52456 -0.091794 0.2116 0.084027 0.53983 0.16658 0.83251 0.23983 1.1185 -1.2926 -0.098418 0.092833 -0.26753 -0.37917 -0.22517 -0.29424 0.20083 -0.40522 -0.45565 0.70268 -0.003357 -0.35579 0.42354 0.81944 -0.57685 0.14201 -0.022904
-2.0273 0.29343 0.98744 0.71914 1.3138 0.46949 0.04287 0.31541 0.6816 -1.1701 0.10364 -1.6925 -0.40895 -0.42857 -0.0026803 -0.36502 -0.13122 -0.08935 0.83597 0.09229 1.2624 -0.73951 0.20087 -0.22745 -0.2757 -0.28977 -0.23473 -0.23645 -0.02971 -0.62188 -0.8049 0.13185 0.35042 -0.62549 0.98741 0.58078 -0.15675 -0.043749 0.13058
-1.7422 0.34479 0.72892 0.92742 1.3492 0.2506 0.36042 0.26531 -0.41466 -0.68294 1.3031 -0.48551 -0.56925 -0.27438 -0.12083 -0.036771 0.089242 -0.37138 0.47507 0.34609 0.67856 -0.13203 0.79116 0.22954 -0.88028 -0.13308 0.34883 -0.063172 -0.20132 -0.49141 -1.2774 -0.9032 0.19722 -0.38888 1.38 -0.17069 0.18469 -0.14392 0.29464
-2.1163 0.40617 1.2135 0.61092 1.4125 0.78659 -0.057423 1.2674 0.081163 -0.75599 -0.19321 -0.32795 -0.64462 -0.038461 -0.0036989 -0.34267 -0.22372 -1.4252 0.1005 1.1581 0.33022 0.47343 0.47742 0.66313 -0.7845 -0.079289 1.015 -0.0020101 -0.41961 -0.66094 -1.1393 -1.3134 -0.31798 -0.51377 1.1307 -0.67836 0.060407 -0.050716 0.6188
-2.0891 0.43059 0.6164 0.17347 0.67116 0.74438 0.39685 1.0101 0.32129 -0.34113 -0.31421 -1.7151 -0.68056 0.3442 0.10969 -0.33191 -0.34375 -1.4757 -0.4447 0.087773 0.81408 0.95679 -0.56068 0.021883 -0.30034 0.043986 1.4935 -0.22175 -0.97747 -1.1221 -0.64792 -1.5394 -0.99723 -0.61264 0.56484 -0.5285 0.12119 0.30772 1.0297
-1.8151 0.027031 1.2653 0.99057 0.11674 0.6263 1.1641 0.47477 0.13408 0.24779 0.80768 -2.9153 -0.59702 1.1055 -0.12548 -1.0562 -1.1618 -1.5971 -1.0994 -0.38152 0.17016 1.0567 -0.42436 -0.00016023 -0.67265 0.73345 1.5238 -0.48418 -0.96736 -1.1861 0.36448 -1.3982 -1.3717 -0.68564 0.16648 0.36914 0.24753 0.53498 1.3087
-1.7712 0.36079 0.49263 0.58035 -0.88137 0.11006 0.77258 1.1882 1.052 -1.4675 0.73337 -1.2721 -0.48919 1.8676 -0.40836 -1.6277 -1.5518 -1.4549 -1.7336 -0.78414 -0.46688 0.74732 0.22936 0.80736 -0.35013 1.3118 1.086 -0.43983 -0.88678 -1.1355 0.82452 -0.86218 -0.57585 -0.83164 -0.02535 1.3596 0.41585 0.75974 1.1286
-1.4025 0.58302 0.48558 0.1849 -0.097294 -0.15867 -0.43038 1.7159 1.6097 -2.1124 0.2018 -1.0008 -0.39618 1.969 -0.50021 -1.6224 -1.8496 -0.77062 -1.8055 -1.0211 -0.40317 0.92578 0.79749 0.7716 0.2659 1.64 0.26896 -0.21327 -0.13014 -0.35078 1.1867 -0.050941 0.29356 -0.59066 -0.20223 1.6467 0.19362 0.77953 0.444
-0.048036 0.054498 -0.78689 -1.0695 -0.73121 -0.85533 -0.25404 0.24281 0.4472 -0.25171 0.69843 -1.7236 0.45295 1.885 -0.38967 -1.8162 -2.1351 -0.39044 -1.6616 -0.6878 -0.56997 0.97337 1.4499 0.47699 0.69048 1.6199 -0.55589 0.062927 0.61474 0.3907 1.0394 0.71462 1.0376 -0.26546 -0.13467 1.0684 -0.16242 0.58672 -0.30137
0.23332 -0.16861 -0.73843 -1.1552 -0.86427 -0.96854 -0.64193 0.30054 1.0077 0.47605 0.95763 -1.7684 0.76552 1.5826 -0.47009 -1.2252 -1.5368 0.025353 -1.2215 0.13511 -0.95907 0.5292 2.1396 0.55739 0.3054 1.3766 -1.2018 0.36522 1.2052 1.1244 0.71731 1.0139 1.1618 0.0066578 -0.090334 -0.19819 -0.31532 0.61681 -0.99516
0.027754 -0.12139 -0.75826 -1.2578 -0.46127 -1.0826 -0.084882 0.51672 1.8017 0.78257 1.1499 -1.741 0.88655 1.0456 -0.33022 -0.6088 -0.98723 0.034913 -0.71141 0.62339 -0.70854 0.67077 1.6194 0.5881 0.75565 0.89936 -1.4321 0.46779 1.4186 1.3156 0.45225 0.92055 0.81479 0.19323 -0.15672 -1.272 -0.32275 0.75629 -1.2543
0.32387 -0.011785 -1.0046 -1.2746 -0.78476 -1.2629 0.45067 0.10283 1.7919 0.91668 1.2409 -0.79632 0.85397 0.19792 0.03221 0.16529 -0.32953 0.32096 -0.41901 0.54604 -0.30024 0.89388 0.33584 0.081022 1.417 0.20757 -1.2089 0.43257 1.0633 0.87638 0.1451 0.61403 0.051291 0.2445 -0.32869 -1.5902 -0.34126 0.94797 -1.1347
0.3124 0.078777 -0.89259 -1.2196 -0.45035 -1.2442 0.43301 0.025446 1.5428 0.62812 1.0139 -0.72488 0.87552 -0.032494 0.080438 0.30416 -0.28698 0.28573 -0.37192 0.66684 -0.48643 0.47062 -0.091952 0.065158 1.5881 -0.054601 -0.77889 0.21328 0.55136 0.45984 0.15531 0.24202 -0.46453 -0.04148 -0.73384 -1.0566 -0.15015 0.30399 -0.71919
0.47929 -0.0028249 -0.53268 -1.4991 -0.22674 -1.0541 0.036439 0.33068 1.9663 0.53679 1.0823 -0.29247 0.82569 -0.082096 -0.0087959 0.42762 -0.25707 0.16737 -0.26099 0.21555 -0.55294 -0.046595 -0.060949 0.1315 1.7132 -0.19019 -0.3754 -0.031358 -0.088156 0.12983 -0.11327 0.048576 -0.63601 -0.20976 -0.81399 -0.15644 0.24918 -0.38303 -0.28773
0.097164 -0.070615 -0.56013 -1.4659 -0.42903 -1.4736 0.25411 -0.31188 1.6915 0.48463 0.83101 0.15088 0.77603 -0.23554 0.016727 0.35157 -0.17312 0.39763 -0.34065 -0.094194 -0.64643 -0.37228 -0.21152 0.26128 1.1864 -0.19784 -0.25818 0.043338 -0.27696 0.070019 -0.33421 0.18161 -0.83463 0.031563 -0.63272 0.010793 0.092038 -1.054 -0.10679
0.064085 -0.077527 -0.44018 -1.4762 -0.42056 -1.4223 0.64684 -0.3307 1.969 0.64099 1.3617 0.38719 0.76338 -0.38741 0.011 -0.038211 -0.1537 0.064273 -0.3387 -0.28372 -0.6266 -0.36362 0.099071 0.48749 0.86832 -0.24044 -0.097805 0.19836 -0.21911 0.020799 -0.46368 0.44338 -0.66284 0.52788 -0.2999 -0.26565 -0.16956 -1.5845 -0.029446
0.099232 -0.040069 -0.41902 -1.5208 -0.3275 -1.3461 0.3104 -0.33572 1.54 0.91806 1.4017 1.0465 0.66484 -0.35339 0.13335 -0.018057 -0.21783 -0.2638 0.0062165 -0.67307 -0.36533 -0.67514 -0.14662 0.074478 -0.036369 -0.22349 0.088406 0.44529 0.00049655 0.11734 -0.49516 0.54606 -0.65614 0.81747 -0.073095 -0.42912 -0.53664 -1.7498 -0.19267
0.11445 0.12015 -0.67183 -1.4064 0.10208 -1.6612 0.17062 -0.89537 1.0439 0.28079 1.4203 0.47067 0.68696 -0.20488 0.23619 0.17229 -0.20599 -0.33759 0.38366 -0.75652 0.39985 -0.51153 -0.60016 -0.11587 -0.74803 -0.23218 0.2562 0.92483 0.399 0.42841 -0.49907 0.617 -0.57424 0.96998 0.24917 -0.5048 -0.76532 -1.41 -0.61541
-0.24822 0.0054134 -0.92115 -1.5522 -0.55274 -1.4675 -0.2158 -0.5651 1.4767 0.88948 1.5821 0.42134 0.60457 -0.16966 0.59048 0.24275 0.062425 -0.29416 0.30407 -1.1065 0.52243 -0.4459 -0.68332 -0.51882 -1.3977 -0.55052 0.41022 0.93731 0.41504 1.0011 -0.14182 0.9031 -0.069563 0.86611 0.18063 0.11025 -0.74965 -0.43033 -1.0315
-0.040241 0.091656 -0.25011 -1.872 -0.90934 -0.94646 -0.81745 -0.15372 1.0598 0.11345 0.71922 -0.59749 0.59371 -0.01678 1.2127 0.62002 0.4977 -0.82035 0.64803 -1.1593 0.92169 0.040275 -0.59966 -0.75928 -1.1862 -1.1862 0.58838 0.52619 0.027649 1.4297 0.22851 1.0009 0.57054 -0.13006 -0.2647 0.66852 -0.87192 0.58897 -1.06
-0.14416 0.1741 -0.18678 -1.577 -0.78573 -1.0424 -0.088532 0.4874 1.2896 -0.36663 0.97544 -0.69407 0.52273 0.29533 1.0947 0.5786 1.2937 -0.2749 1.533 -0.60028 1.1547 -0.57419 0.069892 -1.1156 -0.65825 -1.6045 0.68884 -0.47493 -0.57012 1.4912 0.58805 0.82773 1.2618 -0.66569 -0.44434 1.1072 -0.76624 1.313 -0.47423
-0.076143 0.71858 -0.26666 -1.1748 -0.4374 -1.2975 -0.95801 -0.016368 1.2335 0.1686 0.84936 -1.2786 -0.037316 0.62961 0.79592 0.054789 1.8437 0.071343 1.607 0.084068 -0.16062 -0.99098 0.31457 -1.5761 0.012133 -1.6147 0.71782 -1.4795 -1.0548 0.82063 0.85834 0.060966 1.2823 -1.0232 -0.66238 1.0556 -0.56027 1.2499 0.49907
0.15286 1.4119 0.26439 -0.75673 -1.739 -0.54879 -1.2863 0.71551 1.5565 0.20012 0.47313 -0.1185 -0.83 0.75695 0.057702 -0.61254 2.1699 0.33004 1.3456 0.68558 -0.26973 -0.84517 0.99522 -1.6557 0.533 -1.1915 0.41113 -1.8692 -1.0409 -0.27846 0.56136 -0.96423 1.023 -0.81756 -0.2006 0.41015 -0.084663 0.95346 1.3895
0.464 0.69528 -0.33844 0.20665 0.11965 0.60947 -0.24797 0.70553 -0.22222 0.89673 -0.10825 -0.44872 -0.86079 1.0549 -0.56829 -0.88584 1.5851 0.43698 0.8603 0.65054 -0.42618 -1.1898 0.97409 -1.6187 0.62587 -0.49641 0.0080382 -1.6618 -0.68336 -1.2466 0.10593 -1.6697 0.33293 -0.36226 0.12802 -0.16379 0.35264 0.28324 1.7331
0.61102 0.44261 -0.90714 0.17717 -0.75434 0.22944 0.0050273 -1.6054 0.24933 0.8597 -0.84489 0.14336 -0.70663 0.82709 -1.1273 -1.0249 0.89166 0.56395 0.14978 1.0742 -0.35457 -0.88589 0.53415 -1.2637 0.86953 0.33516 -0.30818 -0.57228 0.078257 -1.8253 -0.59422 -1.8992 -0.67598 -0.16837 0.38581 -0.61385 0.70619 -0.26166 1.2782
0.8333 0.012598 -0.93061 0.48717 -0.36459 0.00062187 0.29798 0.36955 0.53875 1.1437 -1.0534 -0.23884 -0.32618 0.60544 -1.194 -1.1021 0.13983 0.15082 -0.84196 0.52976 -0.83462 -0.7025 0.23441 -1.0587 0.38261 0.73907 -0.41934 0.54142 0.63875 -1.3512 -0.7516 -1.2026 -1.1728 0.25896 0.62565 -0.33183 0.96036 -0.61283 0.38742
1.2685 0.076356 -1.0667 -0.083794 -0.1694 -0.60569 -0.012483 0.02851 -0.20434 0.81019 -0.54809 -0.070473 -0.16054 0.41717 -0.52164 -0.3534 -0.53362 -0.5991 -1.27 -0.54063 -0.38773 -0.28787 0.18807 -0.5086 0.13976 0.48906 -0.23631 1.3373 0.83895 -0.60828 -0.8375 -0.15092 -1.2845 0.0041962 0.52083 -0.21091 1.1338 -0.83104 -0.47289
0.75872 0.066613 -1.1638 -0.081312 -0.042307 -0.76741 0.20907 -0.26416 0.372 0.81549 -0.67562 0.57573 -0.085862 0.49309 -0.035623 0.043673 -0.24116 -0.33887 -0.62236 -0.77739 0.13698 -0.19214 0.51298 -0.056073 -0.20311 0.12201 -0.21852 1.2219 0.87741 0.045033 -0.53313 0.88831 -0.75703 0.098429 0.46148 -0.31013 1.3565 -0.65119 -0.75444
0.98178 0.078353 -1.2633 -0.22646 -1.4797 -0.83913 -0.48494 -1.0558 -0.10143 0.78614 -1.3582 0.12251 -0.2675 0.44951 0.36373 0.065481 -0.06638 -0.70423 -0.22899 -0.7208 -0.81174 -0.061038 -0.0065347 0.52524 -0.4534 -0.20914 -0.32621 0.63063 0.89586 0.3494 -0.26355 1.2791 -0.064791 -0.092035 0.30645 -0.32622 1.0852 -0.20319 -0.57577
1.0979 0.10195 -0.70695 -0.32343 -0.85292 -0.67522 -0.95048 -0.34027 -0.51205 1.4746 -0.90168 -0.40404 -0.39663 0.18789 0.25447 0.42819 -0.019714 -0.75813 0.26944 -0.82151 -0.4024 0.14144 -0.26066 1.1642 -0.58885 -0.27135 -1.1412 -0.10782 1.3963 0.34813 -0.044972 1.3719 0.46795 0.091497 0.18892 -0.74873 0.61571 0.44217 -0.21919
1.543 0.32792 -0.9067 0.31495 -0.75256 -0.33558 -0.54151 -0.5078 0.52879 1.7392 -0.78004 -0.28563 -0.40965 -0.027587 0.30718 1.2307 -0.00067027 -0.86251 0.63078 -0.63807 -0.28505 0.18226 -0.048453 1.0734 -0.069158 -0.35224 -1.6644 -0.46872 1.6026 0.4191 0.43594 1.5714 0.94681 0.50143 0.008996 -0.62152 -0.03769 1.0169 -0.0041392
1.4602 0.40618 -1.0634 0.17368 -1.2919 -0.59918 -0.38501 -1.0704 0.22153 0.32116 0.23596 -0.81085 -0.40392 -1.3489 -0.17904 2.2322 0.36728 -0.33672 1.4641 0.079042 0.079766 0.080199 -0.90266 0.91428 0.45081 -0.20271 -1.6043 -0.47233 1.1822 0.18591 0.49765 1.0741 1.0214 0.4262 -0.17405 -0.21142 -0.67039 0.80197 0.065652
0.99715 0.16817 -0.42506 -0.47671 -1.2869 -0.38218 -1.2229 -0.53962 -0.030095 0.31246 0.98963 -0.35908 -0.35406 -1.8146 -0.15105 2.3449 0.51423 -0.12051 2.055 0.64113 -0.013258 -0.0083152 -0.87728 0.57564 0.98418 -0.25273 -0.69061 -0.57053 0.15242 -0.32058 0.47301 0.14506 0.43011 0.65087 -0.21972 0.43754 -1.0149 0.30988 0.32764
0.56669 0.38954 0.77519 -0.087568 -1.9686 0.053162 -0.74276 -1.0299 0.44601 1.4455 -0.46362 0.8612 -0.61588 -1.8417 -0.25356 2.2167 0.060561 -0.22289 1.5291 0.49349 0.34831 -0.11952 -0.24864 0.061316 0.42621 -0.20479 1.008 -0.51679 -1.0896 -0.92884 0.17229 -1.163 -0.46402 0.77938 -0.17946 0.8564 -0.99568 -0.32791 0.7164
-1.2682 -0.33995 1.9033 0.55028 -1.3135 1.3336 -0.20519 -0.44839 -0.39298 -0.55762 -0.40215 0.31079 -0.47636 -1.0416 -0.54503 1.5369 -0.45744 -0.057822 0.87071 -0.019747 0.92406 -0.16853 0.47128 -0.54733 0.5334 0.23659 2.0942 -0.66243 -1.8849 -1.513 0.24492 -2.2052 -1.2791 1.0996 -0.18414 0.38336 -0.36052 -0.81847 1.1833
-0.47687 0.31689 1.3399 0.54742 -0.52043 1.6954 0.26939 -0.4608 0.01052 0.84482 0.23982 0.85712 -0.70286 0.095178 -0.78816 0.46552 -0.89532 -0.051381 -0.063929 -0.47237 1.2158 -0.20712 0.076035 -0.53266 0.03325 0.84002 2.4632 -0.26394 -2.2233 -1.6975 0.35574 -2.5406 -1.4385 0.83903 -0.02696 0.080494 0.11158 -0.38439 1.2249
-0.21315 0.1599 1.0003 -0.17118 -1.7564 0.32193 -0.28997 -0.21712 0.5497 1.1954 -0.18779 -0.66937 -0.50962 1.0242 -0.91579 -0.53123 -1.8494 0.24202 -1.1748 -1.3143 1.8087 -0.3416 -0.29716 0.14638 -0.41083 1.3525 1.5256 0.17136 -1.7451 -1.4263 0.42023 -2.1615 -0.81418 0.23792 -0.14408 -0.12058 0.23383 0.0032432 0.78119
0.46244 -0.41903 0.76913 -1.0901 -1.5869 -0.035813 -1.3525 0.51818 -0.35911 0.9385 -0.30077 0.59184 0.13751 1.6042 -0.48205 -1.1736 -2.4304 0.27629 -2.0879 -1.6019 1.632 -0.085192 0.29508 -0.058786 0.14616 1.4397 0.24129 0.85969 -1.016 -0.56148 0.74933 -0.93077 0.34319 -0.65363 -0.090689 0.21918 0.23341 0.73757 -0.037952
0.90714 -0.69639 0.77958 -1.2225 -1.5044 -0.079056 -1.7092 0.98584 -0.22446 0.25358 -0.24824 0.20813 0.58716 0.97645 -0.43668 -1.1171 -2.3692 0.54429 -2.0638 -1.0055 1.2198 -0.52378 0.13423 -0.31073 0.4743 1.3407 -0.87158 1.4287 -0.5458 0.69625 0.52703 0.18304 1.6851 -1.7825 0.19798 0.67243 0.044577 0.72823 -0.87967
0.91151 -0.56506 0.6871 -1.7712 -0.93338 -0.51062 -1.8187 1.6257 -0.23044 0.2883 -0.084878 0.072498 0.69671 0.5544 0.30149 -1.2658 -1.6964 1.1598 -1.3148 0.032799 0.20141 -0.29997 0.28678 0.16858 1.0079 0.77576 -1.3239 1.4456 -0.32766 1.516 0.11759 0.85564 2.1108 -2.1599 0.45309 0.76449 0.24943 0.40164 -1.264
0.73719 -0.22253 0.14265 -2.0345 -0.4923 -0.77976 -1.5393 1.3092 -0.146 0.76831 -0.275 0.85818 0.67476 -0.04075 0.9043 -1.5747 -0.92365 0.75976 -1.2195 1.0903 -1.08 0.1785 1.0058 0.1242 0.55746 0.099575 -0.89511 1.1785 -0.31995 1.8221 -0.51427 0.85878 1.6993 -2.0018 0.9036 0.684 0.42425 0.078156 -1.1802
0.74964 -0.064162 -0.22126 -2.3517 -0.3454 -1.0864 -0.73872 0.79591 -0.6222 1.6542 -0.3877 1.0724 0.60295 -0.3002 1.0855 -1.6007 -0.32628 0.38612 -0.93795 1.3851 -1.5894 0.50369 1.3353 0.22879 0.87225 -0.21626 -0.39423 0.41874 0.10163 1.7173 -0.93927 0.47804 0.85934 -1.11 0.99148 -0.17915 0.42602 -0.49011 -0.7045
0.79132 0.24064 -0.57481 -2.1889 -0.29474 -1.0775 -0.65797 -0.10553 0.095347 1.1705 0.22466 1.0635 0.47428 -0.22885 0.99507 -1.5903 0.34542 0.0037584 -0.67434 1.5675 -1.9345 0.94559 0.93109 0.5171 0.68432 -0.28897 -0.05098 -0.021121 0.84678 1.5014 -0.59721 0.56782 -0.25682 0.17228 0.71928 -1.3809 0.83168 -0.63087 -0.30422
0.50542 0.21183 -1.07 -1.9591 -0.86672 -1.3409 -0.18248 -0.89028 -0.083203 1.9844 -0.25833 0.93731 0.42032 -0.072682 0.90127 -1.0605 0.87266 -0.15968 -0.70593 1.4394 -1.6079 1.3693 -0.016099 0.83365 -0.012114 -0.29961 -0.16151 -0.19679 1.6897 1.2199 -0.012306 0.54059 -1.324 1.3803 -0.10512 -1.7677 1.0411 -1.3804 -0.28855
0.53654 0.33858 -0.90506 -1.6527 -0.73658 -1.0848 -0.26843 -0.3979 0.60936 1.7834 0.16692 1.5256 0.47877 -0.251 0.95924 -0.16601 1.2763 -0.044966 -0.28981 0.57701 -0.70038 1.2359 -0.97192 1.5022 -0.22909 -0.40804 -0.76254 -0.19818 2.2925 1.0765 0.36992 1.0984 -1.9185 2.0433 -1.079 -1.6132 0.88105 -1.5402 -0.58815
0.65054 0.53402 -1.4065 -1.5268 -0.58287 -1.4089 0.34198 -0.96552 0.98734 1.4592 0.62046 1.2091 0.40543 -0.58676 0.79374 1.0416 1.4809 0.39269 -0.13433 -0.64372 0.61985 0.14477 -1.1111 1.8393 -1.349 -0.67782 -1.2069 -0.27577 2.2364 0.86468 0.6498 1.72 -1.7371 1.9001 -1.8099 -1.285 0.099758 -0.98556 -0.8009
0.73414 0.76379 -1.0079 -1.1626 -0.54224 -1.8054 0.54525 -0.9924 1.3627 0.69074 0.74873 0.57109 0.30408 -1.3632 0.73698 1.9114 2.0457 0.40236 1.056 -1.0501 1.1259 -0.66877 -1.622 1.7943 -1.6343 -1.1601 -1.2576 -0.52055 1.6146 0.73009 0.51568 1.9518 -0.53828 1.463 -1.5191 -1.0444 -1.2807 -0.38682 -0.73951
0.21757 0.98852 -0.14174 -0.83613 -0.37126 -1.0764 -0.5202 -0.16582 0.66082 0.16699 1.9845 0.77635 0.036566 -1.7165 0.58017 2.342 2.096 0.79858 1.7744 -1.06 1.362 -1.4157 -2.1599 0.89047 -1.2241 -1.3667 -0.78438 -0.69928 0.44999 0.44665 0.34308 1.5434 0.73883 0.54369 -0.66725 -0.55207 -2.2008 0.70942 -0.41524
-0.29696 0.82989 0.85406 -0.38031 0.20312 -1.2332 -1.9708 0.93412 -0.36108 0.47594 2.2247 -1.583 -0.35412 -1.9784 0.25409 2.3889 2.3249 0.69099 2.3329 -0.23852 1.9231 -1.1203 -2.4532 -0.60722 -1.0484 -1.3962 0.14981 -0.86173 -0.70387 -0.16104 0.42955 -0.029558 1.2792 -0.49358 0.54064 0.17801 -2.3157 0.98118 0.20823
-1.6102 0.89239 1.0307 0.72281 -0.6489 0.55915 -0.84659 0.39223 -0.67259 -0.041153 1.5144 -0.56444 -0.86212 -1.7102 -0.054013 1.6929 2.167 0.87454 2.0573 0.36556 1.3467 -1.0051 -1.7536 -1.401 -0.27917 -1.3088 0.78065 -0.86565 -1.5328 -0.99133 0.2267 -1.1894 1.3217 -1.4366 1.2524 1.0177 -1.3344 1.098 0.74905
-1.1569 0.99082 1.377 0.4398 0.86936 0.61079 -0.74367 1.0109 -0.55656 -1.5863 0.86929 0.63722 -0.76789 -1.0974 -0.28713 0.83221 1.6986 1.1472 0.86758 0.6841 0.15017 0.24691 -1.4779 -1.733 -0.21847 -0.81614 1.3017 -0.78751 -1.7902 -2.0032 0.21381 -2.0082 0.38309 -1.4624 1.1338 1.9773 0.24297 0.57475 1.1636
-1.5641 0.81549 1.231 1.1598 0.13579 0.63372 0.86063 1.7026 0.4581 -2.0022 -0.51025 -0.77872 -0.94158 -0.74016 -0.49652 0.068676 0.54376 0.98574 0.33863 1.0069 -0.65223 0.49287 -0.68415 -1.2389 0.47511 -0.3106 1.0128 -0.5484 -1.3263 -2.1385 -0.24915 -1.5863 -0.5282 -0.9091 0.51423 2.2036 1.1014 -0.11815 1.1465
-1.3229 0.74214 1.1752 1.2171 0.87969 0.14481 -0.015326 0.65895 -0.4585 -0.7761 0.068062 0.22056 -1.1189 -0.098481 -0.75074 -0.36229 -0.62247 1.0273 -0.47378 0.17658 -0.030561 0.47763 0.82248 -0.19626 -0.32318 0.19679 0.75071 -0.018641 -0.75502 -1.9301 -0.6118 -0.74387 -1.4279 -0.13616 -0.39775 2.0372 1.4919 -0.32778 0.8509
-1.3814 0.62298 1.1859 1.0746 1.5145 -0.44533 -0.9814 -0.12728 0.84496 -1.3743 0.6371 -0.86419 -0.80425 -0.37037 -0.67736 -0.35091 -0.6847 0.48755 -0.16654 -0.38508 -0.39108 -0.054084 1.3422 0.055527 -0.46419 0.246 1.0199 0.58316 -0.92793 -1.3876 -1.1627 -0.69706 -1.0498 0.18486 -0.18707 1.1905 1.28 -0.51126 0.70037
-1.9249 0.31368 0.95021 0.1211 0.99078 0.21921 -0.061132 -0.074424 -0.41479 -0.2917 0.60531 -0.18193 -0.79523 0.08008 -0.23004 -0.46347 -1.3095 0.29225 -0.23336 -1.3424 -0.23712 -0.29822 1.4346 0.63303 -0.39153 0.43499 1.4164 1.1356 -1.3315 -0.90618 -1.538 -0.867 0.24563 -0.36201 0.22622 0.071001 0.57588 0.10775 0.63299
-1.3664 0.22981 0.62944 -0.18857 1.1379 0.35254 -0.29977 1.6203 0.063973 0.61933 0.92329 -0.73677 -0.54845 1.0227 0.14336 -1.7299 -1.7197 -0.74904 -1.0495 -0.234 -0.15301 0.49765 1.3059 0.93184 -0.48819 0.82885 1.9385 1.2671 -1.5572 -0.52259 -1.2293 -1.6479 1.182 -0.95732 0.92146 -0.70401 0.13639 0.2547 0.70556
-1.856 0.46121 1.1742 0.43723 1.2716 0.49627 -0.69985 0.41217 -0.41754 -0.68658 -0.14617 -0.32308 -0.71315 1.7788 0.59617 -2.3243 -1.811 -1.1367 -1.6111 0.57432 -0.86551 0.67286 0.98187 0.52962 -0.11176 1.0427 1.4437 0.88052 -0.94228 0.0092219 -0.88491 -1.4379 1.5553 -1.4736 0.83322 -1.0136 -0.37733 0.45789 0.46957
-1.0526 0.77386 0.52067 -0.31634 0.66599 -0.26337 -1.5861 0.72501 0.091045 0.27364 0.81227 -1.3606 -0.55201 2.3042 0.87074 -2.5206 -1.4221 -1.021 -2.4847 0.91783 -2.0031 1.3685 0.21806 0.38407 -0.12052 1.2101 0.49208 0.024097 0.50963 0.24827 -0.32454 -0.20461 0.60529 -0.94773 0.18598 -0.74331 -0.64238 0.73049 0.060523
0.5402 0.81916 -1.8009 -1.1334 -0.33585 -1.9271 0.16043 -0.4461 1.0453 0.99062 2.0749 -0.52236 0.099078 2.0627 0.76779 -1.9459 -1.4512 -1.1707 -2.1386 1.0559 -2.2879 0.99208 0.032084 0.14672 0.30106 1.0876 -0.34175 -1.0552 1.846 0.84793 -0.27307 1.419 -0.11636 0.056204 -0.45129 -0.40539 -1.0969 0.98549 -0.44323
0.53517 1.043 -1.4378 -1.3872 -0.0075798 -1.673 0.48975 -1.5222 1.2152 -0.051148 0.76251 -0.69705 0.37689 1.7725 0.090509 -0.91058 -1.4452 -1.3156 -1.1528 0.68529 -1.3485 0.72595 0.35464 -0.17195 0.70892 0.91347 -0.95045 -1.7876 2.5219 1.5871 -0.60691 2.6677 -0.86762 1.1992 -1.3661 -0.021716 -1.2581 0.89404 -0.98852
0.75681 1.022 -1.5535 -1.1808 -0.012063 -2.051 1.0087 -2.1355 1.0815 0.077733 0.74898 -0.42958 0.37726 1.419 -0.65499 0.53594 -0.22287 -1.4797 0.32567 0.47261 -1.0584 0.064863 0.13784 -1.4051 1.3701 0.39148 -0.69814 -1.8481 1.8031 2.2857 -0.61246 2.3121 -0.96989 1.9198 -1.517 0.2484 -0.86235 0.64141 -1.1332
0.61263 0.97422 -0.66178 -1.431 -0.42242 -1.288 0.030576 -1.0005 0.6844 0.31453 0.64492 -0.21906 0.26737 0.89276 -1.1953 1.2473 0.92361 -1.9617 1.1697 -0.44308 -0.15972 -0.98795 0.12795 -1.3781 1.0647 -0.22264 -0.28893 -1.3758 0.39075 2.2546 -0.40488 1.237 -0.70693 1.9031 -0.98112 -0.1201 -0.40169 -0.018468 -0.84848
0.61318 0.40375 0.11913 -1.4709 -1.0789 -0.82268 -0.64653 -0.8774 0.63418 0.35472 0.071417 0.47724 0.20488 1.2284 -1.4606 0.55519 1.6317 -1.9529 0.93623 -0.22779 1.0409 -1.283 0.62811 -0.98948 1.3544 -0.38543 0.13058 -0.76993 -1.2618 1.3454 0.15489 -0.21012 -0.10506 1.6469 -0.061696 -0.41291 0.13461 -0.82505 -0.11545
1.7955 0.045999 0.017699 -0.49324 -2.0395 -0.52376 0.08982 -1.5266 0.67208 0.89111 -0.61674 0.90445 0.085456 1.3383 -1.6454 -0.14796 1.8367 -1.8081 0.81158 -0.31022 1.4912 -0.62453 -0.11711 -1.1891 0.67212 -0.22681 0.18651 -0.14468 -1.9239 0.16934 1.3148 -0.91848 0.6374 1.2112 0.74171 -0.71833 0.029118 -1.0249 0.6558
1.585 -0.1869 -0.91786 0.06176 -3.0542 -0.98702 0.11676 -1.2519 -0.43052 0.56507 0.47034 0.5064 -0.019485 1.4302 -1.6288 -1.2794 1.8282 -1.2713 0.12751 0.20979 1.4845 -0.24086 -0.52984 -1.2263 -0.037804 0.18398 -0.59674 0.22611 -1.3531 -0.87754 2.4814 -0.70657 0.71127 0.56372 0.87057 -1.1661 -0.17153 -0.97112 1.0539
2.1182 -0.13535 -1.0151 0.47007 -1.8491 -0.93951 0.63685 0.31435 -0.35293 0.76222 -0.60326 1.3598 0.055563 1.1276 -1.3401 -1.6647 1.1321 0.08433 -0.098813 0.5595 2.101 0.027577 -0.67117 -1.1994 -0.22986 0.671 -1.2115 0.32926 -0.05752 -1.3019 3.4588 0.091599 0.76275 -0.070321 0.48786 -0.94239 -0.063431 -0.088052 1.1124
2.1851 -0.62531 -1.2588 0.41649 -2.4839 -0.7542 -0.24395 0.35285 0.87175 -0.50324 -0.9235 0.017017 0.21587 0.24413 -1.2669 -1.3809 0.33158 1.6017 0.10614 0.69978 1.9022 0.19389 -1.3348 -1.3291 -0.081211 1.0603 -1.85 0.11453 1.2095 -1.2524 3.219 0.93166 0.23999 -0.99653 -0.046705 -0.58807 0.6951 0.66179 0.85201
2.4026 -0.83721 -1.8728 0.34959 -2.4173 -0.94569 0.034665 0.79108 0.38297 -0.13742 -1.1424 -0.16414 0.58949 -0.2771 -1.3199 -0.2161 0.13835 3.0272 0.9969 0.90553 1.1595 0.16997 -1.524 -1.2643 0.51465 1.335 -1.9054 0.060346 1.9129 -0.46519 2.303 1.1562 -0.32566 -1.9478 -0.63415 0.034884 1.8061 1.1608 0.39441
2.3299 -0.96561 -1.7258 -0.072721 -0.82109 -0.77491 0.67066 1.6234 0.44788 0.037031 -1.5058 0.81735 0.93609 -1.2377 -1.4656 0.39625 -0.02892 3.0946 1.2908 0.49926 -0.050657 -0.40508 -1.2308 0.2108 0.86064 1.3834 -1.5105 0.28317 2.0654 0.35649 1.032 0.77505 -1.177 -2.1145 -0.8237 0.69809 2.5912 1.0124 -0.12974
1.7035 -1.1902 -1.8279 0.24094 0.28681 -0.45202 1.3644 0.5413 0.23064 -1.1904 -1.7714 1.0066 1.0766 -1.6025 -1.1516 1.245 0.43158 3.5154 1.4307 0.042112 -0.86243 -0.98017 -0.65146 1.6781 1.5347 1.2174 -1.0763 0.62303 1.4998 0.79708 -0.30682 -0.14258 -1.9635 -1.6243 -0.55977 1.1616 2.7598 0.4851 -0.56803
1.2376 -1.4429 -0.63855 0.62617 1.8151 0.50104 1.185 0.68402 -0.3369 -1.4384 -1.0789 1.627 1.3319 -1.8457 -0.91624 1.9899 0.8419 3.232 1.314 -1.1119 -1.3657 -0.93007 -0.4228 2.432 1.3574 0.88384 -0.14795 0.92423 0.7936 0.70597 -1.2902 -0.88145 -1.907 -0.45678 0.083139 1.5278 1.779 -0.24314 -0.73868
0.42605 -1.7742 -0.67789 0.3071 1.3834 0.39163 0.27966 0.02719 -0.31135 -0.78145 0.14005 1.8323 1.5034 -1.9355 -0.63256 1.9641 1.1844 2.407 0.73164 -2.034 -1.4653 -0.72103 0.31251 3.1978 1.1953 0.56076 0.80568 0.92665 -0.24768 -0.0028981 -2.3063 -1.5127 -0.94759 0.48465 0.5226 1.4558 0.029207 -1.2794 -0.71214
0.5576 -1.6496 -0.011173 1.0003 2.0546 0.51185 -0.46211 -0.75908 -0.37513 -0.90077 1.4459 1.88 1.5473 -1.3442 -0.29579 1.6098 0.90563 1.3154 0.035202 -2.0999 -0.65777 -0.3593 1.2326 3.0437 0.5513 0.38059 1.6444 0.91673 -1.0597 -0.60291 -2.4725 -1.3671 0.6398 1.1006 0.46709 0.86418 -1.9455 -2.0754 -0.58924
0.19915 -1.6248 0.44762 1.1561 2.6105 0.28919 -1.0596 -0.49002 -0.7583 -0.49383 1.1282 1.9142 1.5465 -0.39085 -0.028697 0.93816 0.3841 0.2992 -0.68965 -1.2691 -0.21096 -0.18187 1.3275 1.4328 -0.54496 0.18565 1.906 0.72434 -1.5799 -1.0801 -2.0759 -0.58391 2.1653 1.0788 0.31503 -0.35124 -3.6845 -2.7069 -0.53048
-0.43656 -1.5994 0.34498 1.367 2.9957 0.058507 -1.2352 -0.46785 -0.33035 0.070495 2.1277 2.8225 1.5097 0.37069 0.19952 0.39165 0.10356 -0.18976 -0.46881 -0.26835 0.26477 -0.2307 0.73766 -0.61124 -1.7943 0.0091785 1.6326 0.60442 -1.6956 -1.0997 -1.6465 0.34315 2.6672 0.04558 0.35245 -1.5908 -3.9712 -2.6116 -0.58124
0.11878 -1.5989 0.25314 1.1253 2.0692 -0.038774 -0.77958 -0.0027565 -0.34764 0.28969 1.8611 1.4173 1.5967 0.67182 0.23903 -0.57209 -0.44604 -0.59741 -0.077299 1.1892 0.28678 -0.13069 -0.11156 -2.411 -2.8747 -0.21 0.9528 0.76702 -1.2247 -0.85659 -1.36 0.85411 2.0303 -0.70224 0.47751 -2.1062 -2.6819 -1.7253 -0.68902
0.96362 -1.62 0.43543 0.65951 1.7258 -0.2748 -0.37929 0.10484 -0.69375 0.30212 0.42215 0.33996 1.6045 1.0917 0.50357 -1.0104 -0.74747 -1.2152 0.36377 1.7683 -0.79387 0.34712 -1.1054 -3.0494 -3.3424 -0.46941 -0.046448 1.1921 -0.51201 -0.51399 -0.95483 0.76771 0.61695 -1.0448 0.63793 -1.6154 -0.7819 -0.078646 -0.89154
0.94256 -1.4875 -0.15402 0.72912 1.3595 0.20694 -0.37847 -0.16735 -0.70012 -0.28728 -0.63687 -1.0565 1.4714 0.9788 1.0047 -0.80001 -0.80362 -1.6478 0.4634 1.5938 -1.0893 0.51972 -1.8005 -2.7604 -3.1158 -0.81684 -1.1599 1.5644 0.55611 -0.022431 -0.43111 0.48715 -0.67887 -0.54498 0.56352 -0.79364 1.2729 1.4468 -0.99931
0.97673 -1.3571 -0.74671 0.69345 1.967 0.56041 1.2288 -0.57289 -0.55599 -1.3166 -1.626 -1.8417 1.2168 0.12895 1.6616 -0.51678 -0.68974 -1.3902 0.67214 0.7117 -1.1512 0.76616 -1.5226 -2.0134 -1.8348 -1.2936 -2.0633 1.3639 1.1609 0.19574 0.19815 -0.2016 -1.5886 0.17527 0.53122 0.14122 2.4527 2.3748 -0.69779
1.2297 -1.0307 -0.64282 0.35485 0.79171 0.54512 0.76236 -2.1487 0.20721 -1.6352 -1.6314 -1.7414 0.99455 -0.9612 2.0824 0.28204 -0.52708 -1.2866 0.66665 0.42538 -0.62246 0.82804 -1.426 -0.35799 -0.83984 -1.5981 -2.324 0.60851 0.97132 -0.019629 0.42836 -0.80572 -1.5403 0.64384 0.34774 0.8701 2.9805 2.4905 -0.060125
0.83303 -0.48554 -0.2108 0.38358 0.04794 0.24168 0.44705 -1.2443 0.2985 -1.8043 -0.37755 -1.4206 0.66204 -1.6967 2.0761 0.75178 -0.52962 -1.0322 -0.099501 -0.67673 -0.65084 1.2945 -1.0163 0.70211 0.1025 -1.3364 -1.817 -0.25323 0.41514 0.058439 0.83498 -1.3147 -0.47797 1.0523 -0.086603 0.31817 2.3614 1.5251 0.62239
0.37192 0.10505 -0.15264 0.15793 0.24028 0.72881 -0.24359 -1.012 0.22864 -0.97898 -1.2956 -1.3536 0.19685 -2.3413 1.7371 0.49209 -0.93061 -1.0461 -0.61743 -0.64914 -0.01036 0.97783 -0.37437 1.8999 0.72212 -0.90551 -0.60239 -0.85093 -0.37139 0.092069 1.0859 -1.4974 0.38921 0.55569 -0.35974 -0.26946 0.82218 0.25605 1.1099
-0.59462 0.30146 0.80075 0.16697 0.20914 0.69832 0.68103 -0.51499 0.066906 -1.9964 -0.2631 -1.5203 -0.064405 -2.4912 1.437 0.19893 -0.38881 0.007052 -1.0834 0.34046 0.70234 0.51577 -1.4314 1.626 0.3241 -0.5217 0.52711 -1.1553 -0.48044 0.42387 0.79088 -1.339 1.0881 -0.11725 -0.24496 -0.56342 -0.23116 -0.72984 1.1387
-1.2274 0.292 0.104 0.16444 0.38753 -0.10337 -1.0113 -2.054 1.48 -2.1268 -0.24404 -1.1822 0.33187 -1.6639 1.0774 -0.18437 -0.43539 0.16593 -1.5732 0.66422 -0.14918 0.47733 -1.7325 0.84128 -0.46448 -0.0098773 1.3486 -1.0988 -0.049483 0.75634 0.50955 -0.57495 0.54218 -0.84447 -0.028565 0.24295 -0.73073 -0.6026 0.69741
-1.7422 0.22988 -0.6308 -0.82701 -0.17629 -0.24405 1.0556 -0.94021 0.63851 -1.6699 1.2215 -0.55902 0.37204 -1.0799 0.60921 0.13039 0.005797 -0.2007 -2.0637 0.74864 -0.79971 1.0419 -1.4171 0.7663 -0.72432 0.26312 1.2358 -1.0747 0.77415 0.62797 -0.093379 0.61112 -0.1905 -0.82897 -0.19786 2.0155 -0.74406 0.3524 -0.11505
-1.6624 0.68968 -0.06417 0.43771 0.91345 -0.77258 1.3309 -0.49833 0.60013 -4.2758 0.21439 -1.6528 0.26525 -0.59645 0.442 0.42345 0.27731 -0.014432 -1.1718 0.18633 -0.95612 0.65923 0.090668 0.85619 0.072245 -0.044692 0.66401 -0.97251 1.3516 0.94129 -0.20823 1.7042 -0.74354 -0.18412 -0.56909 3.0161 -0.96706 1.2446 -0.88332
-0.864 0.84314 -0.14947 -0.2794 0.10808 -1.2393 0.64392 -1.8113 0.81974 -3.2721 -0.18723 -2.6087 0.46159 -0.77969 0.083063 1.4294 0.41984 -0.067463 -0.15917 0.21985 -0.55946 0.019377 1.5411 0.11806 0.72821 -0.71315 0.49207 -0.75465 1.1816 0.72378 -0.46009 2.4777 -0.82409 0.74615 -1.4754 3.0316 -1.3115 1.7876 -1.3454
-1.5349 0.57018 0.78858 0.36895 -0.31589 -1.4308 0.54211 -2.4628 2.1147 -2.3161 0.042803 -2.1272 0.32215 -0.60936 -0.17255 1.8485 1.1089 -0.2735 0.59874 -0.487 -0.62354 -0.18417 2.5983 -0.78525 1.2069 -1.1132 0.70739 -0.33744 0.58705 0.70296 -0.55542 2.1607 -0.70207 1.9211 -1.7136 1.5419 -1.1596 1.5783 -1.308
-1.9167 0.60765 1.0022 0.35254 0.55606 -0.16224 0.19017 -2.0924 0.90856 -1.1184 1.737 -0.057765 -0.1562 -0.18171 -0.25862 1.7623 0.93428 -0.90034 1.5901 -0.48412 0.57109 -1.5825 3.1688 -1.0589 2.1558 -1.6256 1.9677 -0.37465 -1.2497 0.2082 -0.34163 1.3997 -0.46418 2.4582 -1.2911 0.25278 -0.81645 0.52331 -0.40749
-2.7659 0.21202 1.4943 0.16786 0.16198 -0.20249 0.30375 -1.8993 0.83368 0.072877 -0.28602 0.27772 -0.53735 0.38811 0.084959 1.4195 1.3254 -0.5999 1.9128 -0.7981 2.4045 -2.0782 2.2492 -0.89474 2.4012 -1.9441 3.0122 -1.0112 -2.986 -0.56471 -0.27269 -0.065999 0.34945 1.6449 -0.085432 -0.71532 -0.67943 -0.83412 0.98304
-1.9166 0.35718 1.5198 1.1779 -0.43741 0.11005 0.94103 -1.3217 0.082471 0.12266 -0.64964 0.024586 -0.76799 2.2987 -0.63131 -0.84494 0.69103 -0.51878 1.751 -0.50676 2.9445 -1.6986 2.2068 -1.4738 1.134 -1.0328 3.1559 -1.7583 -3.9771 -0.9171 0.15713 -1.2452 0.82982 -0.27303 1.5011 -1.2143 -0.46395 -1.5524 2.3349
-0.92925 0.72817 1.9946 1.2473 -0.91177 0.78672 0.26752 0.20468 -1.6638 -0.7447 -1.4787 0.66167 -1.3788 3.6282 -1.5593 -2.7883 0.16354 -0.95388 0.40462 0.19585 1.5542 -0.29915 1.7071 -1.9478 0.096095 0.3577 1.9859 -2.2814 -3.4297 -1.2248 0.67963 -1.5792 1.1229 -1.9082 2.1603 -1.1406 -0.35971 -1.1037 2.9804
-0.47142 0.95632 1.618 1.2942 -0.51404 0.63776 -1.0014 1.4015 -0.56527 -0.046721 -0.15983 0.93236 -1.4912 3.9375 -2.1685 -4.0445 -0.21126 -0.43413 0.073718 0.60772 0.46126 0.6342 1.1072 -1.4674 0.29783 1.4235 -0.31425 -1.7916 -1.225 -0.65655 1.4968 -1.1871 0.91304 -2.3277 1.3287 -1.739 0.052743 -0.17508 2.484
1.6262 -0.82483 -1.4227 0.64757 -0.41174 0.8627 0.3581 0.94172 0.51371 1.8408 -1.2365 -0.3596 -0.25209 3.1787 -2.69 -3.8033 -0.52572 0.59376 -0.13001 0.79318 -0.21336 1.2241 0.60816 -1.6226 0.67622 2.1894 -2.2932 -0.68061 1.274 0.00083583 1.9798 -0.075248 0.49623 -1.1227 -0.4331 -2.2893 0.59372 0.26965 1.2734
2.1524 -1.3495 -2.4771 0.28893 -1.1865 -0.30269 1.2281 -1.5155 0.73584 1.3237 -1.6826 0.26787 0.50888 1.9478 -2.8496 -2.7772 -0.20321 1.4242 -0.14593 0.94229 -0.88419 0.28961 -0.58636 -1.5285 0.49646 2.5197 -3.3374 1.0422 3.4705 0.72064 1.6238 0.59277 -0.29814 0.3944 -1.7077 -2.5583 1.3314 0.027724 -0.18817
1.7865 -1.5385 -2.5219 0.56527 -0.48113 0.20038 1.3396 -1.0399 0.94714 0.73264 -2.6067 1.1165 0.65809 0.44618 -2.2789 -0.89387 0.15089 1.7089 0.38391 0.98036 -0.03561 -1.0185 -1.8481 -0.71723 0.50925 2.0994 -3.0146 2.2321 3.8551 0.89071 0.81221 0.93941 -0.96006 1.4515 -1.7938 -1.782 2.3684 -0.53216 -1.2849
1.9501 -1.5887 -1.4579 0.99352 0.84707 0.60265 1.1147 -0.026942 0.36912 -0.029905 -2.6292 1.461 0.92893 -0.77312 -0.76162 1.3953 0.78886 1.9551 0.90809 -0.050968 1.1943 -1.7706 -2.5844 0.76906 0.42601 1.1281 -1.8095 2.4977 2.7776 0.3419 -0.16553 0.38975 -1.2235 1.3496 -0.72458 0.092802 2.7825 -0.71519 -1.6165
1.4162 -1.8136 -0.95813 1.0949 1.4283 0.79062 0.46193 -0.16464 -1.8493 -1.5704 -2.4265 0.92794 0.98627 -0.95041 -0.27584 1.7695 0.63494 1.8045 1.0683 -0.53924 1.7185 -1.4499 -1.8182 2.0113 -0.32643 0.5712 -0.54263 1.8006 0.72935 -0.25842 -0.92779 -0.5173 -0.74905 -0.11567 0.60893 1.7918 1.8632 -0.72827 -1.3586
0.65215 -1.8843 -0.76008 1.0328 1.4493 1.0925 0.97626 1.5263 -0.91619 -1.1175 -0.47821 0.81601 1.112 -0.65047 0.019054 1.4084 0.1844 1.0809 0.23182 -0.63011 1.0027 -0.98888 -0.41813 2.7257 -0.47748 0.37303 0.37989 0.75597 -1.0148 -0.64218 -1.4446 -1.1095 0.33015 -1.5798 1.5795 2.5706 0.1102 -0.27213 -0.89758
1.1512 -1.5719 -0.39136 1.4215 1.6188 1.3829 0.74742 1.2095 -1.0136 -1.0845 -0.55222 0.2889 1.1574 -0.60633 0.11955 0.54497 -0.040701 0.46934 -0.21707 -0.1562 -0.15488 -0.14728 0.52219 2.0672 -0.45609 0.030165 0.45872 0.2884 -1.4609 -0.64262 -1.5622 -1.0338 0.75371 -2.2042 1.5348 1.8793 -1.3155 0.38801 -0.75414
1.0443 -1.6607 -0.7093 0.86798 1.2967 0.67973 0.61304 0.20684 -0.44437 -0.8366 0.26419 0.28033 1.0913 -0.25759 0.20899 -0.014294 -0.085294 0.0095292 -0.47144 0.39217 -1.0607 0.8462 1.1979 0.96509 -0.044266 -0.21853 0.075766 0.51647 -1.1014 -0.42825 -1.4537 -0.55359 0.4821 -1.5821 1.1173 0.68108 -1.6144 0.34763 -0.88723
1.133 -1.5396 -0.48733 0.87348 1.6041 0.38771 0.33958 0.51238 -0.77795 0.27284 0.30282 1.02 1.133 -0.31581 0.072166 -0.42777 -0.44301 -0.48601 -0.46384 0.39309 -1.7111 0.80845 0.99568 0.23765 0.19828 -0.49198 -0.27349 0.81377 -0.3133 -0.35735 -1.3046 0.0167 0.10204 -0.41877 0.59149 -0.26015 -1.2615 0.03682 -0.81362
0.75346 -1.6565 -0.73546 1.115 1.8469 0.64119 1.0339 -0.41724 -0.79891 -0.24122 -0.55095 0.53003 0.89659 -0.66158 0.83952 -0.29934 -0.42607 -1.0709 -0.65026 0.020061 -1.4156 0.84614 0.66064 0.38294 -0.14142 -0.96437 -0.39464 0.69983 0.1963 -0.52681 -1.2985 0.4373 -0.34705 0.38912 0.16193 -0.95351 -0.5984 -0.46892 -0.43996
0.81928 -1.6463 -0.97061 1.0595 1.1951 0.60009 1.3821 -1.0068 -0.30486 -0.096872 -0.72338 0.76011 0.77473 -0.90574 1.0623 0.060116 -0.54926 -1.3499 -0.090019 0.22894 -0.80874 1.0788 0.29468 -0.18684 -0.34524 -1.0629 0.11767 0.23652 0.61082 -0.63979 -1.0002 0.82479 -0.94029 1.1803 -0.0079572 -0.87222 0.10933 -0.61743 0.2459
0.31487 -1.7211 -1.1927 0.36992 0.45537 0.81772 1.2374 -0.58833 0.35473 0.11705 0.39141 0.85358 0.60486 -0.68449 0.79516 0.12745 -1.0283 -1.9068 0.14861 -0.18423 -0.7007 1.0492 -0.28231 -0.029127 -0.68811 -0.72663 0.72172 -0.77419 0.76208 -0.64434 -0.20001 1.085 -1.5178 1.4139 -0.78796 -0.7209 0.10952 -0.48501 0.95542
0.3734 -0.17523 -0.48718 0.90084 -0.099084 0.076788 0.055815 -0.90436 -0.0030232 -0.1992 0.4796 -0.34159 -0.027427 -0.093939 0.45685 0.56856 -1.3494 -1.876 0.65244 -1.2961 0.35128 0.69398 -0.20714 0.6659 -0.73114 -0.17016 1.0438 -1.4445 0.61294 -0.24807 0.58211 0.66612 -1.7562 1.1461 -1.752 -0.49165 -0.16587 -0.16397 1.2564
-0.1753 -0.87796 -0.4412 0.080633 -0.14956 0.68802 1.2278 -0.60792 0.82338 -0.0012051 -0.53352 0.28331 0.16638 0.24216 -0.063174 0.95685 -1.242 -1.1658 0.97024 -2.1115 0.89916 -0.58659 -0.47149 0.17917 -0.89519 0.30678 0.95431 -1.7611 0.27464 0.35324 1.3772 0.27528 -0.92854 1.0252 -1.9788 -0.16436 -0.32018 0.29982 1.1408
0.48492 -1.298 -0.59866 -0.28346 -0.93807 0.81809 0.31247 -0.97339 0.1493 -0.40749 -0.1599 -0.022283 0.66187 0.52665 -0.75384 0.85936 -0.91682 -0.66109 0.72466 -2.1568 0.74147 -1.7211 -0.5525 -0.6243 -0.56766 0.67953 0.58777 -1.1424 -0.15111 1.028 1.5649 -0.5306 0.11236 0.53908 -1.5658 -0.17504 -0.0011286 0.35821 0.57854
0.94188 -1.4504 -0.13509 -0.38402 -0.76406 1.7284 -0.8323 0.30104 0.13716 -0.39351 0.72258 -0.42981 0.83671 0.73809 -1.3359 0.52348 -0.59369 -0.01429 0.62311 -1.5227 1.2085 -1.8298 -0.42142 -0.028853 -0.19905 0.89973 0.087762 -0.1951 -0.44113 1.3364 1.3662 -1.0794 0.95696 0.38174 -0.58914 0.054141 0.51793 0.58615 -0.086576
0.8594 -1.5503 0.21104 -0.33605 -0.34192 1.5043 -1.5509 0.36182 -1.3905 -0.63316 -0.36423 -0.53408 0.91821 0.72397 -0.68347 0.48031 0.24009 0.3883 -0.13742 -1.3717 1.3127 -1.9173 -0.56452 0.76915 -0.3955 0.57268 -0.47988 0.54102 -0.54455 1.3178 1.0937 -1.1452 1.4189 0.10429 0.088697 0.089926 0.65003 0.67006 -0.53402
0.70054 -1.7967 -0.099131 -0.34481 -0.66674 0.83793 -1.3234 -0.1436 -1.9528 -0.57669 -0.70598 -0.081401 0.91114 0.29948 -0.40545 0.2649 0.67021 0.78955 -0.56591 -0.67248 1.4098 -1.7027 -0.35671 0.52949 0.14316 0.20258 -0.58705 0.82904 -0.54111 1.0774 0.62003 -0.68171 1.391 -0.29041 0.4475 0.17014 0.31061 0.53002 -0.59697
1.1828 -1.5763 0.026544 0.10274 0.020078 0.88494 -0.66192 0.95973 -1.3189 -0.58276 0.61313 -0.39342 0.92432 -0.13104 -0.3842 -0.09843 0.90709 0.92323 -0.76834 0.1317 0.873 -1.5978 -0.40721 0.41024 0.54792 0.06526 -0.38233 0.47511 -0.55277 0.6645 0.41593 0.17629 1.2502 -0.81156 0.62413 0.015155 -0.23185 0.46746 -0.30657
0.92889 -1.6495 0.058227 0.24601 0.062278 0.71526 -0.69381 1.0992 -1.3569 -0.96199 0.97482 -0.49623 0.94548 0.093575 -0.20384 -0.26739 1.0788 0.84622 -0.30125 0.38598 0.85806 -1.0611 -0.16803 0.77915 0.34515 0.077317 -0.16873 0.33635 -0.42106 0.35862 0.29194 0.64315 0.6722 -1.4209 0.50433 -0.30648 -0.608 0.58012 -0.051901
0.9993 -1.7922 -0.15431 0.37812 0.18032 0.70766 -1.4009 1.3562 -2.3028 -0.75376 0.41402 0.28513 0.93836 0.12744 -0.051661 -0.35696 1.2692 1.1181 0.059802 0.49057 -0.041337 -0.94453 -0.62512 0.17781 0.39845 0.081783 -0.1364 0.26242 -0.18916 -0.017407 0.28893 0.62795 0.55523 -1.5085 0.69027 -0.3672 -0.87071 0.70484 0.04474
0.4981 -1.9404 -0.13469 0.60694 0.73689 0.9456 -0.84484 1.1048 -2.6667 -0.99768 0.47268 0.38969 0.92992 -0.14054 -0.054361 -0.44742 1.1501 1.2256 0.20349 0.43591 -1.0017 -0.98344 -0.8331 -0.58014 1.3307 0.099092 -0.39772 0.068966 -0.071321 -0.39912 0.23167 0.25535 1.0948 -0.98383 1.116 0.024009 -0.85513 0.61872 0.056615
1.2444 -1.7013 -0.22234 0.91778 0.58697 0.97319 -0.8134 1.2455 -2.7208 -0.61332 0.48389 -0.3065 1.0396 -0.26593 -0.056272 -0.38899 0.82865 1.2616 0.13497 1.1712 -1.2439 -0.20642 -0.7769 -0.66627 1.4091 0.13306 -0.41694 -0.05928 0.13645 -0.70336 0.0068442 -0.094202 1.2451 -0.008612 1.5271 0.67795 -0.40595 0.21123 0.081728
1.0618 -1.696 -0.55946 1.3222 1.2631 0.83045 -0.15093 -0.46515 -2.4813 -1.8086 -0.088399 0.45397 0.98562 -0.43722 -0.098967 -0.3977 0.54191 1.1988 0.13533 2.1405 -0.52078 0.87997 -0.041367 -0.52351 1.0273 0.15174 -0.2774 -0.071407 0.24777 -0.77435 -0.16952 -0.38201 1.0461 0.74968 1.5406 1.0721 0.062549 -0.45249 0.068793
0.71852 -1.6595 -0.40444 1.3169 1.8595 1.1051 -0.30876 -0.20103 -2.4079 -1.7599 0.14578 2.1718 1.0393 -0.48667 -0.12574 -0.11511 0.24677 1.1484 -0.07133 2.0202 -0.27922 1.2837 0.28848 -0.66847 0.94968 0.20071 0.0013993 -0.022604 0.30654 -0.71152 -0.36583 -0.54578 0.29751 0.91311 0.84903 1.1864 0.20318 -0.73208 0.033661
0.37556 -1.9064 -0.3859 0.90134 1.6243 0.75142 0.7408 -0.11227 -1.7641 -1.5993 0.015438 1.4037 1.0927 -0.5387 -0.13482 -0.096367 -0.018272 0.9795 -0.38499 2.0132 0.06019 1.4593 0.70242 -0.45126 0.67653 0.18724 0.37071 0.17989 0.28657 -0.38584 -0.6385 -0.50845 -0.65963 0.22466 -0.15359 0.51143 0.28469 -0.84407 -0.0041098
0.35039 -1.9829 -0.69545 1.0404 1.8794 1.0565 1.7229 1.4666 -1.2397 -0.02606 -0.20797 1.0968 1.0947 -0.21637 -0.077831 0.065186 -0.23301 0.71285 -0.59606 1.8072 0.34214 1.2623 1.1394 -0.29072 0.15999 0.17405 0.6027 0.4479 0.1276 -0.011242 -0.90496 -0.2205 -1.381 -0.46352 -0.90339 -0.24241 0.58347 -0.60379 -0.051748
0.31498 -1.8787 -0.1001 1.1136 2.356 0.80969 1.2734 0.18767 -1.3123 -0.83163 -0.43032 1.2755 1.2053 0.098515 0.15172 0.077286 0.04954 0.26412 -0.52521 0.99159 -0.3546 0.5767 0.52212 -0.13616 -0.21889 0.15584 0.66806 0.57113 -0.023669 0.025024 -1.3328 -0.057766 -1.6237 -1.1162 -1.1556 -0.77313 0.62708 -0.40171 -0.078331
0.7498 -1.6821 -0.6183 1.1091 2.071 0.33485 1.652 0.3485 -0.95547 -0.35827 -0.065179 1.023 1.1996 0.28777 0.42139 0.04717 0.18162 -0.12915 -0.39744 -0.102 -0.99412 -0.13877 -0.083394 0.35334 0.221 0.12146 0.58626 0.53366 -0.29743 -0.33144 -1.8852 0.19553 -1.1795 -1.1856 -0.40452 -0.53934 0.45938 -0.32111 -0.14919
0.61074 -1.811 -0.38654 0.9547 2.4948 0.27819 2.0412 -0.21757 -1.0623 -0.60982 -0.37281 1.6107 1.1439 0.42122 0.49714 -0.13896 -0.18896 -1.0101 -0.58287 -0.12849 -1.521 -0.22516 -0.16973 0.49411 -0.13961 0.070745 0.3248 0.46375 -0.21141 -0.90954 -2.1242 0.41743 -0.71484 -0.31721 0.90017 -0.1528 0.27743 -0.44448 -0.22187
0.62764 -1.5834 -0.28073 1.3435 1.8177 0.74167 0.87965 -0.57599 -1.8112 -1.1978 0.092702 1.5478 1.242 0.68541 0.5729 -0.42251 -0.74423 -2.0615 -0.20249 0.11919 -1.465 0.83062 0.45181 0.323 -0.50945 -0.053698 -0.078655 0.62494 -0.1078 -1.4056 -1.937 0.1702 -0.65319 0.75918 1.8144 0.14156 0.21798 -1.0561 -0.29736
0.68152 -1.5315 -0.47613 1.0806 1.3327 0.44785 0.87297 -0.83928 -1.7458 -1.0347 0.51115 1.4777 1.2284 0.48702 0.79095 -0.11269 -1.1999 -2.6141 0.14793 -0.47981 -0.744 1.9561 -0.035039 0.44056 -0.72201 -0.15768 -0.52258 1.0795 0.060668 -1.5069 -0.91046 -0.61936 -0.88453 1.3912 2.0006 0.17359 0.15913 -1.111 -0.46285
1.0114 -1.4645 -0.82636 0.63031 0.36847 0.13945 2.0198 -0.92268 -1.1186 0.067811 0.10881 0.45614 1.1926 0.10801 1.2395 -0.18481 -1.9536 -2.8324 -0.44443 -1.1694 0.18098 2.5243 0.1263 0.82165 -1.5389 -0.30129 -0.96052 1.55 0.061729 -1.0306 0.37445 -1.3875 -0.96541 1.2198 1.1641 -0.045616 0.19443 -0.58181 -0.61649
1.5265 -1.2151 -0.74882 0.014477 -0.77569 0.54184 1.6897 -2.0166 0.69414 -0.0086167 -0.18636 0.52866 1.0981 -0.24477 1.8341 -0.14175 -2.4145 -2.2698 -1.5877 -1.169 0.50453 3.0667 0.33172 0.56752 -1.782 -0.64022 -1.0853 1.6669 -0.093972 -0.090837 1.5631 -1.6822 -0.60073 0.38851 -0.42075 0.013895 0.091769 0.58284 -0.67722
1.0117 -0.87457 -0.41319 -0.24167 -1.1688 0.64575 0.57017 -0.010529 1.5756 -1.2234 0.69504 0.45739 0.98648 -0.70033 2.4514 -0.28981 -2.0758 -1.5506 -1.8654 -1.3755 0.41096 2.685 0.18519 0.65352 -1.1133 -0.92368 -0.93296 1.1987 -0.16028 0.89562 2.379 -1.054 -0.012207 -0.47061 -1.7911 0.13371 0.11564 2.0946 -0.58159
0.29166 -0.43972 -0.56505 -1.2363 -1.208 -0.46397 -0.35179 0.15752 0.94189 -0.64323 1.1107 -0.84817 0.85391 -1.0875 2.7664 -0.25154 -1.3189 -0.41817 -2.2114 -1.5197 -0.048997 1.0096 -0.03318 0.7114 0.18326 -1.067 -0.26715 0.33091 -0.26701 1.4601 2.4768 -0.024304 0.65627 -1.1272 -2.4507 0.5892 0.30483 2.7552 -0.28794
0.37846 0.37559 -0.63364 -1.2731 -1.101 -1.6412 -0.14688 -0.47364 1.6651 -0.31155 0.64157 -0.95525 0.48169 -1.1721 2.6285 -0.45308 -0.83545 0.55688 -2.0533 -1.0132 -0.47895 -0.14575 0.57068 0.98466 1.5197 -1.1363 0.46202 -0.85198 -0.14429 1.5134 1.8175 0.85678 1.3998 -1.1957 -1.8999 1.0336 0.33166 2.5463 0.090341
0.066528 0.83683 -1.2266 -1.0617 -1.0429 -1.3491 0.25524 -0.99813 1.7144 -0.15675 1.0397 0.33984 0.22421 -0.49875 2.2544 -0.59547 -0.3124 1.1688 -1.5311 -0.092765 -1.3222 -0.5798 1.2776 1.0188 2.2199 -1.0539 0.91134 -1.7856 0.009111 1.182 0.81928 1.4954 1.4918 -0.61438 -0.88301 1.0317 0.5021 1.3678 0.47888
-0.051229 1.0995 -0.9211 -0.743 -0.41571 -1.7764 0.18163 -1.5933 0.20107 -0.17604 0.74118 1.4538 0.1407 -0.15764 1.3813 -0.40923 0.24299 0.95374 -0.63138 0.5883 -1.3634 -0.44385 1.5238 1.1709 2.7828 -0.7695 0.97074 -2.1507 0.19597 0.79674 -0.053695 1.2362 0.92837 0.067949 -0.081594 0.63025 0.41165 -0.031122 0.73121
-0.11145 1.1751 -1.0661 -1.2539 -0.068689 -1.2041 -0.26551 -1.6675 1.0595 0.3425 1.7854 2.8982 -0.048437 0.059981 0.61568 -0.2599 0.34359 0.87242 -0.18002 0.53249 -0.83577 -0.66299 1.4806 1.6334 2.1876 -0.39049 0.60536 -1.9362 0.2399 0.37666 -0.66464 0.5714 0.17214 0.63747 0.38843 0.26852 0.33971 -1.2007 0.72705
0.3909 1.3516 -1.135 -0.98795 0.49028 -1.5364 0.2477 -1.3657 0.81896 0.74941 2.2592 2.1735 -0.078748 0.31129 0.10709 -0.23583 0.31738 0.61226 -0.46072 0.45119 -0.56391 -0.26929 1.6868 1.5099 1.4667 -0.154 0.25562 -1.3005 0.28548 0.019225 -0.85196 -0.13527 -0.3465 0.67849 0.32336 0.12096 -0.15024 -2.1142 0.56487
0.013424 0.96887 -1.0759 -0.92103 -0.4326 -1.6917 0.777 -2.0603 0.8314 1.6679 2.1352 2.5058 0.020415 0.36468 -0.1165 -0.20981 0.34509 0.13968 -0.56418 0.30873 -0.40578 0.1393 1.7175 1.5366 0.54743 -0.055087 -0.10483 -0.6912 0.36644 -0.29223 -0.89596 -0.17631 -0.72194 0.49423 0.39413 -0.21073 -1.0357 -2.1889 0.39075
0.38605 1.1725 -1.1657 -0.65876 0.16734 -1.7941 0.58897 -1.7171 0.7143 1.259 2.6824 2.3044 0.035658 0.15146 -0.27446 0.12868 0.26802 -0.21913 -0.67963 0.042734 -0.17884 -0.17312 1.6428 0.91749 -0.49405 0.077511 -0.19553 -0.2051 0.52995 -0.60125 -0.4145 0.27963 -0.71729 0.66044 0.33175 -0.73562 -1.5719 -2.2733 0.31342
0.37126 1.0267 -1.5166 -0.65063 0.078904 -1.9788 0.5779 -2.0627 0.90643 1.9671 2.6589 3.2133 0.01743 -0.054595 -0.27021 0.28176 -0.18881 -0.33086 -0.38595 -0.63763 -0.0033959 0.10707 1.1016 -0.15965 -1.0734 0.19511 -0.18491 -0.11897 0.47431 -0.83958 0.093577 0.65936 -0.43494 0.97721 0.71804 -1.0226 -1.9829 -2.2815 0.31663
0.37657 1.0766 -1.0166 -0.62565 -0.08535 -2.1633 0.15998 -2.1431 0.61772 2.1569 3.1011 2.4263 -0.027407 0.16138 -0.13865 0.56736 -0.55106 0.10096 -0.031257 -0.44111 0.59774 0.43604 0.58343 -0.81367 -2.1273 0.28311 -0.064226 -0.24402 0.27055 -0.75435 0.28348 1.0016 0.01946 1.1746 1.2269 -1.2696 -1.9598 -2.2932 0.3049
0.087055 0.90942 -0.74977 -1.0982 -0.34533 -1.8864 -0.022796 -1.5799 0.82016 2.7356 2.8939 1.3596 0.057206 0.019508 -0.37337 0.50921 -0.82677 0.1537 0.32477 -0.27566 1.2128 1.3224 0.28338 -1.5991 -3.0564 0.41009 -0.018227 -0.62633 0.038792 -0.22787 0.35476 1.072 0.87396 1.4259 1.1651 -1.2697 -1.593 -1.5713 0.34723
0.22823 1.0001 -0.85782 -1.2347 -0.2261 -1.9536 -0.33055 -1.5898 1.0735 2.0491 1.3025 0.44974 0.25611 -0.0061967 -0.60584 0.54825 -0.8349 0.05676 0.8042 -0.096868 1.6213 1.7588 -0.38736 -2.3175 -3.9456 0.51689 -0.19312 -1.0244 -0.17197 0.22834 0.36978 0.75407 1.2112 1.1652 0.32097 -1.3066 -1.1692 -0.10369 0.33004
0.54207 0.90652 -0.44028 -1.4087 0.2047 -1.6511 0.73219 -1.0302 1.4971 2.123 1.3565 -0.47565 0.34784 -0.0077011 -1.0127 0.36388 -0.48353 0.33856 1.1642 0.86334 2.404 1.8573 -0.85228 -2.622 -3.2114 0.70126 -0.24944 -1.0661 -0.013841 0.52028 0.494 0.59937 1.1521 0.64542 -1.0734 -0.97131 -0.21512 1.5978 0.21223
0.35772 0.69293 -0.95209 -1.4788 0.48318 -1.4799 0.12528 0.038256 2.8273 1.8078 0.95812 -1.5189 0.42394 -0.18017 -1.4125 0.29361 -0.30557 0.68307 0.93542 1.3065 2.3912 0.8355 -1.3591 -2.6609 -2.2592 0.72963 -0.33354 -0.94267 0.18301 0.48038 0.37696 0.41631 0.57993 -0.022939 -2.2838 -0.68108 0.60856 2.7969 0.046478
0.21524 0.33297 -0.6032 -1.5217 -0.34977 -1.0517 0.18566 -0.17388 2.7439 1.6322 -0.029926 -2.5017 0.5039 -0.35116 -1.6283 0.60446 -0.12798 0.74017 1.3626 1.227 2.1602 -0.43106 -1.0958 -1.8601 -0.8191 0.68381 -0.085634 -0.52284 0.51232 0.3264 -0.056403 0.43423 -0.36673 -0.68334 -2.9976 -0.55085 1.2201 2.8648 -0.11036
0.22793 -0.026433 -0.37974 -1.1583 0.45181 -0.77201 1.6421 1.6238 2.485 1.2385 -0.07414 -1.636 0.81587 -0.44515 -1.7648 0.78722 -0.12388 0.5435 1.4736 0.83296 1.7167 -1.814 -1.572 -1.4685 0.25731 0.60743 0.32826 -0.011791 0.3211 0.31162 -0.51129 0.55353 -1.1857 -0.74842 -2.3643 -0.47908 1.6643 2.5405 -0.20781
-0.17952 -0.43312 -0.44693 -1.6802 0.93684 -1.1779 1.5111 1.211 1.1432 0.65585 -1.0434 -1.7094 0.87715 -0.034769 -1.652 1.131 0.026265 0.31065 1.6964 0.40403 1.372 -3.0103 -1.8015 -0.7537 1.0608 0.56193 0.58742 0.34948 -0.30325 0.17138 -0.97277 0.22088 -1.8286 -0.7457 -1.0341 -0.20458 1.6814 1.7402 -0.34323
0.024172 -0.42408 0.12407 -1.4023 0.97461 -0.044084 1.151 1.0985 0.55633 0.97839 -0.46803 -0.55962 0.94001 0.25527 -1.4234 0.66413 0.19029 -0.024127 1.788 -0.54207 1.2837 -2.7583 -1.9238 0.14716 1.7041 0.41477 0.8829 0.57463 -0.57999 0.189 -0.99818 -0.10918 -1.7382 -0.69571 0.50237 0.48279 1.4867 0.96646 -0.42385
-0.026211 -0.8651 0.31177 -1.6411 0.68203 0.093455 1.3183 1.5371 -0.10347 -0.22313 -0.28562 -0.81054 0.91722 0.36386 -1.2613 0.058634 0.025463 -0.73415 1.6164 -1.5731 0.88069 -2.0929 -1.3091 0.72771 1.8133 0.16064 0.7986 0.56396 -0.76824 0.19551 -0.895 -0.65172 -1.3569 -1.0016 1.3679 0.97116 0.41447 0.12159 -0.44289
0.51076 -0.97022 0.45618 -1.2757 0.32858 0.57281 0.38049 2.0508 -0.68512 -0.56839 -0.24034 -0.61532 1.0677 0.95847 -1.0732 0.16586 0.22002 -0.73829 1.321 -1.4934 0.568 -1.2308 -0.88438 0.79341 1.7409 0.043494 0.60728 0.69447 -0.45518 0.35206 -0.49253 -0.81555 -0.44009 -1.4773 1.5158 1.3654 -0.65075 -0.43377 -0.38832
0.49793 -1.129 -0.12981 -1.1123 -0.23182 0.85076 0.029324 2.2168 -0.27393 -0.82305 0.13099 0.36605 1.0337 1.0632 -0.95665 -0.15164 0.36709 -0.94949 0.745 -1.7072 -0.28637 -0.94303 -0.4474 -0.23864 1.2686 -0.05128 -0.03258 0.88796 -0.19165 0.32311 -0.040616 -0.81006 0.26853 -1.5189 1.098 1.1349 -1.248 -0.89065 -0.41695
0.36041 -1.3609 -0.58892 -1.5384 -0.2077 0.58546 -0.25449 2.5338 -0.36526 0.05985 0.53164 1.0942 0.94884 1.007 -0.50277 -0.14016 0.66812 -0.80441 0.73912 -1.3112 -1.1161 -0.1967 0.27806 -0.6818 1.1288 -0.17992 -0.74589 1.0535 -0.011787 0.093153 -0.077222 -0.6212 0.2512 -1.2041 0.49399 0.68129 -1.2024 -1.3385 -0.49934
1.3943 -1.4055 0.49585 -1.3668 0.36636 0.53641 -0.10284 1.2381 -0.6609 -0.33271 -0.25261 0.727 0.91361 0.27658 -0.1734 -0.17388 0.39589 -0.77018 0.43277 -1.1472 -1.3451 -0.33694 0.29873 -1.0525 0.38826 -0.47982 -1.0566 1.2808 0.30183 0.048815 -0.019052 -0.14594 0.5406 -0.38932 0.41564 0.17691 -0.44133 -1.433 -0.59585
1.3159 -1.4353 0.056129 -0.8279 -0.77686 1.0115 -1.1017 0.46903 -1.0753 -0.054175 -1.2168 0.70629 0.90242 -0.0093067 0.16503 0.14901 0.36974 -0.96336 0.34791 -1.2895 -1.3305 -0.5093 0.058477 -1.2255 -0.41601 -0.64266 -1.0672 1.3132 0.20721 -0.0012753 0.12789 -0.17049 0.57109 0.40134 0.42532 -0.40262 0.44991 -1.2203 -0.64874
1.211 -1.2514 0.098518 -0.63083 -0.59317 1.2504 -0.26251 0.42582 -0.11026 -0.12365 -0.86313 0.73198 0.76958 -0.35524 0.69186 0.29926 0.59743 -0.90004 0.68076 -0.68148 -0.95058 0.075874 0.007466 -0.85619 -0.73861 -0.89401 -0.68086 1.3659 0.36165 0.053322 0.58383 -0.15183 0.78135 0.59592 0.7172 -0.2978 1.1172 -0.69647 -0.62771
0.28319 -1.1348 -0.24763 -1.1107 -0.97619 0.9604 -1.4249 0.93741 -1.2355 -0.34813 -1.093 0.13554 0.45264 -0.6228 1.0973 0.030638 0.55477 -0.50324 0.31037 -0.44929 -0.47733 0.47951 -0.34672 0.1298 -0.67623 -1.1421 -0.51288 1.1416 0.54884 0.080607 0.7127 -0.063929 0.24452 0.34581 0.48049 0.10113 1.0188 -0.21231 -0.53827
0.58717 -1.0703 0.062783 -0.96808 -1.5717 1.0069 -1.7065 0.58828 -0.90187 -0.46963 -1.0268 0.04618 0.32966 -0.65939 1.475 0.59971 0.39296 0.062152 0.18092 -0.071097 -0.54008 0.65456 -0.067331 0.52671 -0.83722 -1.3615 -0.49551 0.68816 0.79792 0.23504 0.58072 -0.15127 -0.32403 -0.38264 0.056335 0.18756 0.39886 0.26308 -0.31208
0.50592 -0.59587 0.3792 -0.61604 -0.87812 1.5289 -0.42052 0.68271 0.0009218 0.29463 -0.69882 0.04987 -0.021162 -0.79427 1.5401 1.0853 0.61262 -0.14855 0.48799 -1.1236 -0.81262 0.19801 0.29509 0.14124 -0.78613 -1.3794 -0.7514 0.45523 0.99073 0.47367 0.39012 -0.14617 -0.25328 -0.40092 -0.49252 0.38185 -0.29322 0.39393 -0.094109
0.85356 -0.29968 0.3512 -0.38029 -0.37202 0.84943 -0.95016 -0.046208 -0.15074 -1.1377 -0.27539 -0.15386 -0.25416 -1.1749 1.5336 1.3536 0.99815 -0.02062 0.32236 -0.95888 -1.5408 0.33657 0.052146 -0.055222 -0.1839 -1.3388 -0.89679 0.052082 0.55559 0.48864 0.31423 -0.24993 0.055502 0.19194 -0.86805 0.079821 -0.69157 0.6207 0.15135
0.11585 0.06981 0.83777 -0.44244 -0.81111 1.4343 -1.0897 -0.35702 -0.14468 0.29825 -0.67767 -0.58654 -0.55949 -1.7361 1.7698 1.6187 1.1284 0.24953 -0.020609 -0.48483 -0.77199 -0.376 0.3331 -0.16963 -0.25013 -1.3247 -0.68117 -0.26827 0.010029 0.15064 0.46221 -0.23517 0.96685 1.028 -0.63497 -0.09752 -0.38311 0.79291 0.35565
-0.40851 0.11027 1.3766 -0.15047 -1.4335 1.8818 -2.9726 -0.32454 -0.69006 0.30909 -1.0996 -0.51612 -0.69371 -1.8241 1.4365 1.433 1.0393 0.43699 -0.014837 -0.28026 -0.15006 -0.84913 0.071866 -0.71239 0.086019 -1.1184 0.11616 -0.59615 -0.40366 -0.063555 0.54415 -0.14197 1.3203 1.4406 -0.28517 -0.18996 0.097445 0.59599 0.53833
-1.3504 0.26768 1.3402 0.11799 -1.1319 1.0069 -2.2601 -1.5331 -0.65173 -0.73047 -1.1538 0.2913 -0.94946 -1.713 1.1681 1.061 0.86375 0.46467 0.23353 0.3876 0.60222 -0.51807 0.10208 -0.30203 0.60312 -0.85143 0.97266 -0.92105 -1.0001 -0.22777 0.445 -0.063961 1.4043 1.1121 0.67061 -0.16174 0.42499 0.61401 0.62922
-1.3394 0.99991 2.2093 0.53746 -0.4793 0.99485 -0.75217 0.42281 -1.0435 0.45119 -0.78004 -0.57537 -1.1448 -0.97886 0.90524 0.82542 1.0013 0.86231 -0.057291 1.1304 0.72105 -0.1783 -0.19343 0.2092 0.53295 -0.60849 1.4785 -0.84525 -1.0606 -0.16588 -0.045134 -0.15903 0.86005 0.75741 0.87247 0.14627 0.67598 0.27808 0.58481
-1.3096 0.73055 1.743 0.49277 0.2934 1.5689 -0.696 0.3939 -0.94277 -0.24287 -1.6212 0.21877 -1.1873 -0.39248 0.60218 -0.070341 0.71094 0.84771 -0.10928 1.4956 1.0736 0.6782 0.15898 0.22901 0.70471 -0.4491 1.4143 -0.85743 -1.0653 -0.21636 -0.56853 -0.34259 -0.093528 -0.27037 0.42155 0.12474 0.4311 -0.11488 0.47172
-1.4229 0.80024 1.5211 0.35114 -0.37078 1.4945 -1.1393 0.48976 -0.54304 -0.58291 -0.34916 0.6815 -1.1223 0.2025 0.40378 -0.11439 0.79509 0.16818 -0.12722 0.81229 1.1742 0.35957 0.32952 0.38819 0.56398 -0.26894 0.92566 -0.55168 -0.77678 -0.32323 -1.1978 -0.51879 -0.23794 -0.39381 -0.058676 0.34084 0.06786 -0.7042 0.24651
-1.2445 0.87953 2.2027 0.93576 -0.040246 1.4236 -0.52165 0.0047159 -0.50462 0.35998 -0.5953 -0.16734 -1.2194 0.26629 0.084245 -0.5913 0.55178 -0.21394 -0.35103 0.37228 -0.15397 0.087805 0.085264 0.48024 0.35656 -0.17412 0.6093 -0.234 -0.17402 -0.33137 -0.93379 -0.53903 0.030601 -0.47123 -0.49069 0.23031 -0.22106 -0.98447 0.10779
-1.2649 0.71669 0.89467 0.66931 -0.27598 1.2628 -0.95428 0.94992 0.4084 0.28602 -1.1491 0.9534 -1.2757 0.37251 0.30397 -0.46283 0.46582 -0.77272 -0.87824 1.2419 0.55427 -0.00087145 0.50405 0.22209 -0.66352 -0.30419 0.1025 -0.17703 -0.011858 -0.54454 -0.085535 -0.14039 -0.080038 -0.39965 -0.17988 0.087756 -0.27291 -0.59651 0.037582
-1.0083 1.0428 1.8418 1.3402 -0.77068 0.66996 -0.51344 0.78846 -1.0431 -0.10904 -0.4647 0.6646 -1.3003 0.62756 0.28466 -0.24661 0.24524 -0.36935 -0.71261 1.3434 0.44562 -0.15229 0.51958 -0.13266 -0.594 -0.23933 0.044105 -0.083653 0.24676 -0.35897 0.77952 0.33347 -0.75106 -0.41547 -0.17158 -0.012711 -0.18304 -0.13567 0.01499
-1.0479 0.95347 1.2086 0.87624 -0.27967 1.0638 -0.153 -0.3704 -1.1176 0.2789 -0.3151 -0.16956 -1.3063 0.20467 0.024515 -0.31486 -0.080911 0.095403 -0.19613 0.1781 0.081999 0.11133 0.28584 0.14525 -0.12304 -0.17053 -0.036389 -0.30077 -0.032282 -0.31597 1.1923 0.65259 -1.6366 -0.81964 0.075805 -0.32217 -0.20558 0.36956 0.048641
-0.87419 1.0531 1.1763 0.85942 -1.265 0.55563 1.1803 1.8864 -0.38241 0.41254 -1.2348 -1.0094 -1.5463 0.42674 0.089785 -0.1793 0.14317 0.76898 -0.075044 -0.52578 -0.74243 -0.31942 0.17447 0.15068 -0.18493 -0.2158 -0.15139 -0.27668 -0.21681 -0.043712 0.76444 0.32814 -1.6947 -0.42389 0.13146 -0.59553 -0.29943 0.45268 0.074096
-0.45188 1.0544 1.6235 0.77846 -0.38247 0.88449 0.20034 0.61686 -0.42249 0.49018 -0.45814 0.25652 -1.2928 0.40297 -0.069591 -0.5652 -0.084649 0.82296 0.0037284 -0.94438 -0.49802 0.24289 0.061056 -0.33305 -0.16241 -0.23025 0.073067 -0.08725 -0.21217 0.14022 0.2622 0.0244 -0.83276 -0.11643 -0.32376 -0.68068 -0.27903 0.4127 0.1527
-1.4132 0.69099 1.3295 0.86814 0.41654 1.3837 -1.4651 0.0027869 0.052544 0.67185 -0.50035 0.56194 -1.4079 0.24919 -0.10191 -0.55698 0.15511 0.65653 -0.20524 -1.3271 -0.10608 0.057151 -0.50974 -0.49645 0.29205 -0.077953 -0.2305 -0.12318 -0.064789 0.068726 -0.37684 -0.20334 0.096352 0.6491 -0.33867 -0.65375 0.022341 0.12873 0.17544
-0.31763 1.0602 0.75089 1.2741 0.71027 0.73343 -1.4665 -0.52589 -1.1964 0.086261 -0.76788 0.44622 -1.5672 0.42268 -0.01941 -0.55234 0.16532 0.63124 -0.079307 -1.0072 -0.45278 -0.74264 -0.67767 -0.092927 0.42752 0.033513 -0.14212 -0.040998 0.34301 -0.069765 -0.56586 -0.20375 0.90003 0.87584 -0.51775 -0.52838 0.57133 -0.11592 0.20257
-0.48848 0.98455 1.0028 0.91007 -0.12567 0.64191 -0.62916 0.38682 -0.6475 0.08941 -1.066 -0.65225 -1.5557 -0.006285 -0.13081 -0.31907 0.1366 0.18652 -0.39837 -0.30616 0.57473 -0.52316 -0.70996 0.077238 -0.23992 -0.033787 -0.40674 -0.16336 0.60621 -0.32504 -0.63107 0.0092889 0.93494 0.90297 0.11401 -0.041061 0.75742 -0.34113 0.15896
-0.84001 0.83864 0.5379 0.95671 0.085848 0.71018 -1.0363 0.73874 -0.56837 -0.39632 -1.3097 0.17654 -1.3334 0.26835 -0.12316 -0.0068081 -0.21615 0.037143 -0.2653 0.26802 0.96235 -0.53361 -0.8513 0.53495 -0.12948 0.11038 -0.73902 -0.20927 0.67765 -0.12759 -0.60014 -0.045293 0.33343 0.67427 0.46689 0.43227 0.62879 -0.11132 0.097167
-0.056063 1.0701 0.94064 1.0248 0.035687 0.79814 -0.27383 0.64339 -1.5455 -0.17525 -0.65629 0.40311 -1.4057 -0.41753 -0.30787 0.37082 -0.27264 -0.1854 -0.088166 -0.1752 1.0423 0.19179 -0.49739 0.72011 -0.097972 0.16785 -0.55831 0.12058 0.57153 0.12206 -0.52045 0.11306 -0.060377 -0.32279 0.45516 0.79646 0.25673 0.1705 -0.03705
-1.1996 0.67145 1.3364 1.0251 0.50654 0.59032 -1.3231 0.99351 -0.61884 -0.22402 -0.010797 -0.10591 -1.4221 -0.72026 -0.25994 0.4453 0.12095 -0.26573 -0.31016 -0.43176 0.7044 -0.13158 0.052642 0.85647 0.13238 0.10573 -0.55626 0.39265 0.29173 0.4112 -0.37007 0.065229 0.022052 -1.1366 0.37296 1.1523 -0.28828 0.29146 -0.24459
-0.42004 0.72961 0.94629 0.59171 0.58793 0.97303 -1.1069 0.98178 -1.1066 -0.7655 -0.06285 0.27034 -1.36 -0.53169 0.12022 0.58649 0.18627 -0.60059 -0.16204 -0.06734 0.067544 0.22011 0.37566 0.43626 -0.050105 -0.099965 0.22458 0.6875 0.028416 0.38311 0.11595 0.040935 0.6 -1.4758 0.15969 1.0658 -0.69124 0.26115 -0.2673
-1.1087 0.80363 1.2389 0.95538 -0.31934 0.41579 -1.3741 1.2457 -0.48829 -0.40095 -0.42028 -0.31118 -1.3759 -0.69056 0.26749 0.46075 0.31372 -0.42132 -0.10196 0.26042 -0.84096 0.22662 0.93476 0.096454 0.40121 -0.19771 0.57974 0.60135 -0.078165 0.095912 0.45461 0.276 0.64923 -0.97492 0.30885 0.75961 -0.843 -0.11051 -0.19106
-1.6777 0.71445 1.3941 1.2719 -0.63485 0.24551 -0.96543 1.4464 -1.1122 0.42829 -0.13454 0.0027326 -1.3558 -0.027423 0.49051 0.41504 0.33774 0.10699 -0.1103 0.62867 -1.1653 0.34628 1.1175 -0.29376 0.26364 -0.16329 0.80629 0.24609 -0.37028 -0.23278 0.67954 0.34125 0.46357 -0.28184 0.16584 0.068474 -0.77894 -0.3298 -0.039262
-0.88997 1.2221 1.4016 1.1521 -0.54391 0.86766 -0.66234 0.22957 -0.45858 0.068091 -0.63978 0.38387 -1.5443 0.078865 0.48335 0.37109 0.21451 0.20873 0.17589 0.46421 -0.64118 0.44721 1.1484 -0.47875 -0.2471 -0.20827 0.95165 0.023928 -0.52633 -0.48622 0.3328 0.22512 -0.051409 0.63178 0.052349 -0.6163 -0.54104 -0.77141 0.040086
-1.2717 1.1299 1.6383 1.285 0.19669 0.69423 -0.20453 -0.8893 -1.1952 1.1974 -0.011843 1.0607 -1.6537 0.54712 0.38963 -0.10933 -0.20995 0.32021 0.33031 0.7202 -0.58525 0.4561 0.40521 -0.84706 -0.37256 -0.16717 0.3971 -0.39059 -0.59165 -0.22954 -0.21135 -0.1528 -0.4786 1.1824 -0.35405 -0.63841 -0.27231 -0.69012 0.081626
-0.76547 1.0374 1.6228 1.1131 1.0894 0.4491 -0.8622 -0.02061 0.12627 0.6547 -0.55136 -0.28141 -1.4398 0.75021 0.35063 -0.32793 -0.33255 0.079598 0.0966 0.12071 0.17357 0.28342 0.10921 -0.71756 -0.78117 -0.12546 0.22787 -0.42067 -0.30558 0.14455 -0.68736 -0.58513 -0.44814 1.1439 -0.15578 -0.6233 -0.15715 -0.33234 0.14287
-0.62566 1.1963 1.326 0.87101 -0.15127 1.1372 -0.73378 1.1567 -0.58973 0.68194 -0.96631 -0.67664 -1.564 0.35581 -0.053457 -0.41616 0.1715 -0.2069 -0.34305 -0.10928 0.85135 -0.30011 0.41283 -0.72254 -0.81263 -0.059623 -0.14435 -0.28342 0.11632 0.46186 -1.0898 -0.58942 -0.27786 0.66134 0.046236 -0.33322 0.44076 0.47097 0.07458
-0.72726 1.1577 0.99876 0.84291 -0.45702 0.57333 0.022378 0.19731 -0.11481 0.1034 -1.5823 -0.49533 -1.5482 0.58546 0.04789 -0.087509 0.2841 -0.76869 -0.5506 0.02742 0.98633 0.50683 -0.050609 -0.85672 -0.67859 -0.0067592 -0.19673 -0.23571 0.26256 0.45335 -0.62006 -0.42099 0.020318 -0.43411 0.42154 -0.16177 0.90307 1.325 0.027692
-0.45837 1.2877 1.1323 0.99754 -0.39148 0.48808 -0.97034 1.1292 -0.9737 0.83274 -0.61594 -0.61695 -1.5885 0.36309 0.096913 -0.0028473 0.33586 -1.2258 -0.41712 0.24048 0.37304 0.44347 -0.1517 0.11379 0.47788 -0.094135 0.033902 -0.16377 0.21599 0.12476 0.1037 0.076417 -0.12029 -0.88138 0.53718 0.018973 0.97055 1.2156 0.04963
-0.7152 0.99432 1.1419 1.7434 -0.098558 0.37044 -0.6354 0.64466 -1.1298 1.3797 -1.3313 -0.28264 -1.6453 0.38484 -0.094622 -0.017176 0.42348 -0.52998 -0.62931 -0.011142 -0.44977 0.78642 0.084674 0.68879 1.1267 -0.060196 -0.16556 -0.36048 -0.19739 -0.15044 0.93731 0.49336 -0.285 -0.59449 -0.094308 -0.17054 0.40951 0.76169 0.097219
-0.1576 1.2049 1.8538 1.3395 -0.66327 -0.0018394 -0.1899 0.8065 0.78887 0.58906 -1.3151 -0.51085 -1.5126 0.51408 -0.24067 -0.026504 0.32509 -0.13386 -0.15682 -0.31547 -0.20244 0.67391 0.38627 0.46544 0.62627 0.054581 -0.11572 -0.26433 -0.49812 -0.25232 1.3031 0.71684 -0.45593 -0.01463 -0.72735 -0.50384 -0.085018 -0.11978 0.16444
-0.3368 1.2399 1.2173 1.1128 -1.454 0.55025 -0.48881 0.84557 0.43686 0.0071671 -0.16661 0.6058 -1.594 0.20495 -0.34695 -0.47263 -0.0022507 0.38822 0.22875 -0.2346 0.08552 0.20019 -0.6433 -0.20436 0.71107 0.092009 -0.33314 -0.068137 -0.61175 -0.27459 1.0371 1.0633 -0.1795 0.28435 -1.4021 -0.30601 -0.35195 -0.66811 0.095318
-0.19664 1.022 0.90616 1.3506 -0.58853 0.2101 -0.64394 -0.19502 0.035933 1.0327 -0.29036 1.093 -1.6535 0.23874 -0.1914 -0.76989 0.066334 0.68083 0.47212 -0.51419 0.095752 -0.76328 -0.75294 0.39026 0.44517 0.12386 -0.41908 0.13362 -0.28497 -0.24356 0.70326 0.87248 0.28508 0.081315 -1.1238 0.19905 -0.38009 -0.90356 0.022344
0.028258 0.87637 1.0728 1.4101 -0.17102 0.43894 -0.84872 0.52983 0.044611 1.2574 -1.2479 -0.5265 -1.422 -0.087441 -0.22938 -0.86615 0.028781 0.94636 1.0082 -0.25032 -0.00064956 -1.3896 0.069834 0.01743 -0.083523 0.074871 -0.31706 0.32321 0.2418 -0.28484 -0.042747 0.70639 0.60182 -0.0071243 -0.28085 0.79011 -0.16671 -1.0524 -0.022091
-0.52243 0.88369 0.58013 1.2057 0.51476 0.80242 -1.1183 1.6894 -1.1035 -0.53536 -1.4139 0.60814 -1.527 -0.10607 -0.096593 -0.40079 -0.15643 0.86587 1.0564 0.24098 0.026065 -0.85041 0.4174 -0.41122 -0.73245 0.10153 -0.27188 0.33706 0.5155 -0.42564 -0.64559 0.33855 0.83887 -0.19788 0.65754 0.78542 -0.14411 -0.5641 -0.0958
-0.10543 1.0304 0.55035 1.8495 0.23267 0.73782 -0.90195 0.33357 -1.2727 0.18381 -0.11573 0.34328 -1.4756 -0.20335 0.10262 -0.18104 -0.43411 0.22275 1.2358 0.54125 0.12598 -0.33323 0.29691 -0.13863 -0.74399 0.061589 -0.087086 0.33757 0.46922 -0.37609 -0.86523 -0.036347 0.6126 -0.27404 0.92795 0.35936 0.2254 -0.01432 -0.10525
-0.38774 1.0318 0.73214 0.94358 -0.011052 1.502 -0.22957 0.48001 -0.48632 1.1686 -0.93142 -0.37797 -1.4993 -0.20178 0.16105 -0.092207 -0.50896 -0.12265 0.98466 0.69613 -0.34977 0.071133 0.64986 0.1789 -0.32424 -0.04373 -0.050121 0.18777 0.17986 -0.20293 -0.64334 -0.11174 0.27669 -0.31175 0.54198 0.21009 0.37022 0.32428 -0.10897
