39 234
-0.61932 1.7964 1.7082 1.2773 -0.3961 -0.65153 0.58422 1.2514 -1.758 0.72712 -0.589 0.90695 -1.712 -0.40405 -0.37197 -1.146 -0.12541 -0.27257 0.080289 -0.71825 -0.35444 0.59364 -0.029843 0.28187 -0.17938 0.10154 -0.043343 -0.034165 0.29565 0.10516 0.042686 -0.062974 -0.27204 0.40244 0.11414 0.31725 -0.17491 -0.30221 -0.040135
-0.84165 1.6429 0.81088 0.96138 -0.40676 -0.0098779 0.56619 0.43683 -1.9274 0.72138 -0.7966 0.17234 -1.618 -0.36751 -0.41663 -0.85678 0.042908 -0.20976 -0.089161 -1.2998 -0.12868 0.77093 0.35386 0.28209 -0.81555 0.11044 -0.056955 -0.0083938 0.48546 0.1155 0.31304 0.041137 -0.025199 0.80678 -0.055234 0.29172 -0.31533 -0.31711 -0.086862
-0.86433 1.5366 0.28612 1.4893 -0.77861 -0.90572 -0.16062 0.96419 -0.65518 0.95732 -0.87552 0.40263 -1.6124 -0.50232 -0.40315 -0.71659 0.0085058 -0.22061 0.0476 -0.92921 0.29107 0.71402 0.48928 -0.059662 -0.46899 0.024275 0.11201 0.2003 0.71612 0.075288 0.5204 0.16192 0.36637 0.97097 -0.35389 -0.024106 -0.43898 0.069568 -0.096812
-1.1443 1.3636 0.7224 0.9893 -0.65774 -0.4853 -0.27638 0.98748 -1.1771 0.52755 0.32994 1.1289 -1.6365 -0.46026 -0.36331 -0.43017 0.046567 0.26784 0.17747 -0.64256 0.8468 0.39619 0.36469 -0.1614 -0.67188 -0.016111 0.43419 0.37787 0.60903 -0.15426 0.46847 0.40917 0.83565 0.2344 -0.61264 -0.30171 -0.60595 0.5947 -0.041417
-0.88341 1.4383 1.1668 1.4743 -0.4928 -0.83043 -1.0445 1.2366 -0.88879 1.65 -0.44689 -0.73592 -1.6075 -0.14845 -0.02837 0.0044826 0.030585 0.42551 0.25781 -0.328 0.99269 0.033141 -0.084732 -0.35047 -0.12014 -0.0092397 0.76755 0.46606 0.31132 -0.11538 0.13826 0.20869 0.81565 -0.6962 -0.66215 -0.59238 -0.40865 0.43383 0.040791
-1.2841 1.418 0.6976 1.1453 -0.66759 -0.23326 0.19321 1.6101 -1.0805 1.3658 -1.1679 0.73067 -1.7306 0.26462 0.087199 -0.054683 -0.27334 0.31127 0.58738 0.015725 -0.039264 -0.1655 -0.027049 -0.75075 0.1846 0.052097 0.80284 0.40898 -0.22614 -0.20158 -0.32743 0.06206 0.77799 -1.5011 -0.5239 -0.47728 0.034094 0.43902 0.065768
-1.183 1.3368 0.64404 1.2424 0.20825 -0.10862 -0.094115 1.9949 -1.3911 0.95897 -0.8216 -0.45427 -1.6608 0.56495 0.22221 -0.3009 -0.058318 0.01181 0.24252 0.31954 -0.58772 -0.38324 -0.63029 -0.56018 -0.042317 0.061917 0.55452 0.27105 -0.20374 -0.12391 -0.53547 -0.34292 0.34409 -1.3127 -0.19643 0.00059398 0.68836 0.24576 0.017332
-0.87863 1.6865 0.5765 1.1256 -0.23049 -0.03388 -0.26804 1.4432 -1.3617 0.262 -1.0954 0.63869 -1.5651 0.67845 0.25884 -0.6836 -0.30964 -0.10319 0.30578 0.53955 -1.2088 -0.49107 -0.42156 0.0078034 0.15444 0.064672 0.040128 0.18348 0.36013 0.19814 -0.68114 -0.72128 -0.034004 -0.36534 0.28926 0.52774 0.94488 0.13088 -0.097061
-0.48386 1.4806 0.43897 0.93577 -0.68733 -0.14895 -0.47354 0.29551 -0.66572 1.3233 -1.4619 1.0225 -1.551 0.67774 0.38396 -0.045093 -0.19524 -0.31683 -0.25188 0.086369 -0.91164 -0.23 0.11807 0.60479 0.37613 0.014314 -0.68249 -0.46327 0.83747 0.011005 -0.11683 -0.60581 -0.23929 0.57879 0.85202 0.75617 1.0838 0.11131 0.11054
-0.54007 1.6014 0.65227 1.2335 -0.64354 -0.44746 0.07432 0.48847 -1.9807 -0.36598 -0.25087 -0.090855 -1.6218 0.28363 0.34619 0.51252 0.20075 -0.73424 -0.53638 0.085689 -0.57266 0.32495 0.77866 0.49932 0.22829 -0.0986 -1.0244 -1.0332 1.026 -0.37154 0.2407 -0.52984 -0.64721 1.2508 1.1988 -0.0039446 1.0228 -0.22076 0.51903
-0.39963 1.6859 -0.071793 0.90714 -0.40267 0.020128 0.15027 0.1571 -1.5007 1.7014 -0.80189 -0.3554 -1.6046 -0.50759 -0.65055 0.69277 -0.28536 0.12571 -0.48747 0.10735 0.1865 0.92639 0.45836 1.2963 0.13478 0.3399 -0.144 -1.6955 0.028155 -0.91201 0.26413 0.3234 -0.44389 1.2573 1.4596 -0.68881 0.49586 -0.39223 1.0945
-0.70763 1.8447 1.0495 0.94496 -0.72847 -0.68306 0.057714 1.3396 -1.2347 1.3848 -0.078234 1.6874 -1.7209 -0.63541 -1.0832 0.89341 -1.0081 0.11269 -0.58283 -0.68999 0.60681 1.3574 -0.59626 1.646 -0.17072 0.82789 1.1877 -1.8803 -1.3188 -1.3597 -0.0042182 0.79452 -0.27456 0.6195 1.0438 -1.6786 -0.075322 -0.73455 1.6589
-0.83262 1.7296 1.4792 1.7552 -0.96835 -0.84427 -0.37895 0.95748 -0.49019 1.9635 -0.57237 -0.21765 -1.6984 0.86987 -1.9575 -0.16399 -1.4245 -0.26129 0.38967 -0.35611 0.87567 2.2137 -0.72473 0.9923 -0.21093 1.5051 2.243 -1.2004 -2.717 -1.1204 -0.1437 1.1357 0.33991 -0.44424 0.53389 -1.6416 -0.83364 -0.99014 1.6669
-1.5416 0.3075 1.0801 0.11214 0.23583 -0.49897 -0.14478 1.0465 0.21619 0.36724 1.1922 1.1575 -0.86442 1.8068 -2.3906 -1.5175 -1.9664 -0.54117 0.54046 -0.18915 0.25214 1.791 -2.365 0.50325 -1.0657 2.281 2.1925 -0.33271 -3.2642 -0.56993 0.40599 1.2433 0.91925 -1.102 -0.20521 -0.88177 -1.1728 -0.47186 1.1211
-0.85639 0.45948 1.355 -0.56935 -0.85955 -1.0382 -1.4614 0.80495 0.36241 -0.65099 1.2233 -0.19701 -0.64421 2.4479 -2.1582 -3.1865 -2.0603 0.20302 1.116 0.52523 -0.48091 1.7768 -2.3102 0.24738 -1.3925 2.5898 1.1254 0.94229 -2.122 0.54607 0.79397 0.68224 0.80292 -1.6039 -1.02 0.26223 -1.3475 -0.087808 0.053988
1.6045 -0.42779 -0.63956 -0.28518 -1.1587 1.071 0.53033 1.827 0.88345 -0.1629 0.23055 -0.44357 -0.041581 2.6583 -1.576 -3.7079 -1.8338 0.613 1.4239 0.64533 -0.80505 1.1319 -1.7636 -0.26029 -0.52478 2.287 -0.29392 1.4577 -0.29693 1.5589 1.1172 0.21072 0.66654 -1.552 -1.3063 1.685 -1.3437 0.5341 -0.91221
1.3385 -0.47288 -1.8572 -1.3332 -1.1921 0.11309 -0.17769 0.33937 0.52397 -2.0093 -0.45014 -1.1172 0.71989 2.5401 -0.65346 -3.036 -0.38335 0.58728 1.2496 0.7802 -1.6361 0.43344 -0.43699 -1.2438 -0.66301 1.5974 -1.7777 1.4204 1.7904 1.8718 0.57598 -0.86565 -0.41294 -1.5725 -1.6917 1.8367 -1.0488 0.3052 -1.4805
1.2378 -0.1431 -2.3395 -0.88173 0.28585 0.58762 0.66075 0.51782 1.5586 -1.2733 0.74206 -0.02459 0.70127 1.2142 -0.4999 -2.1318 0.34564 1.2698 0.87744 0.97616 -2.1126 -0.23244 0.45636 -1.3617 -0.3762 1.1466 -2.1324 0.94075 2.8101 1.6575 -0.036986 -1.2125 -0.72017 -0.96038 -1.4106 1.5264 -0.50188 -0.50474 -1.5188
1.4081 -0.36817 -2.3669 -0.90488 0.30294 1.1402 -0.15701 -0.14086 0.92717 -0.67062 -0.27394 -0.18986 0.60854 -0.13906 -0.12076 -0.5929 0.63155 0.91081 -0.25658 -0.41133 -2.8081 -1.0241 0.67572 -1.2398 -0.86743 0.51429 -1.483 0.44861 2.7999 0.60123 -1.0262 -1.3275 -0.96746 -0.021558 -1.0848 0.61024 0.093029 -0.96272 -1.1804
1.6807 -0.37246 -1.767 -0.21938 0.1233 0.92853 0.38124 -1.1138 0.54488 -0.26801 -0.74945 -0.33726 0.71213 0.028485 -0.13373 0.36763 1.0081 0.39227 -0.12937 -0.11745 -2.0411 -1.0476 1.0846 -1.2385 -1.4327 0.1144 -0.25159 0.49654 2.407 -0.2356 -1.7236 -1.1912 -0.96031 1.2702 -0.59326 -0.029707 0.23861 -0.83699 -0.91517
1.2599 -0.48744 -1.8666 -0.091151 0.25227 0.63488 0.43665 -1.2311 0.015132 0.083715 -1.2165 -1.3395 0.80051 0.37268 -0.01747 0.99206 0.50414 -0.80037 -0.77235 -0.50435 -1.7163 -1.4011 0.61257 -1.1266 -2.055 0.003852 0.459 0.34324 1.5272 -0.79672 -1.3526 -0.70305 -0.52148 2.4234 0.06972 -0.40753 0.16832 -0.096125 -0.60537
1.2304 -0.57065 -1.9856 -0.11268 -0.29732 0.097553 -0.57526 -2.0958 -0.50538 -0.25965 -1.5218 -1.9605 0.76033 0.49059 0.35416 1.6156 -0.059944 -0.94692 -1.1304 -0.79502 -0.25705 -1.2812 0.42598 -0.95695 -1.4528 -0.2341 0.37504 0.21912 0.81461 -0.98166 -0.55016 -0.25357 -0.51761 2.586 0.66854 -0.75756 0.1094 1.0843 -0.30271
1.4197 -0.39921 -1.5604 -0.1629 -0.019901 0.36919 0.20881 -1.5721 0.089742 -0.32828 -1.3841 -2.3713 0.8112 0.48515 0.26392 1.6704 -0.43556 -0.82905 -1.0923 -1.0512 0.88482 -0.78906 0.10139 -1.0556 -1.0556 -0.39395 -0.067447 -0.16216 0.12676 -0.43862 0.56682 0.78257 -0.045234 2.3295 1.2731 -0.98057 0.17235 2.1601 0.048572
2.0351 -0.10934 -0.89495 -0.43859 -0.90041 -0.23957 -0.22745 -1.5844 -0.37411 -0.021122 -0.76649 -2.2325 0.56104 0.67119 0.12987 1.5772 -0.49622 -0.56921 -0.44974 -0.81528 1.5513 -0.011075 -0.34323 -1.0634 0.2151 -0.22855 -0.69969 -0.64101 -0.55429 0.21358 1.0473 1.4544 0.044439 1.134 1.3093 -1.3216 0.61304 2.3288 0.48748
1.9886 0.0073332 0.067119 -0.85941 -0.74919 -0.37869 -1.182 -0.25045 -1.0795 0.34059 -2.3315 -1.5515 0.32119 0.15751 -0.19018 1.268 -0.15652 0.030581 0.37998 -0.56232 1.7868 0.54237 -1.183 -0.74064 1.3963 0.086723 -1.4326 -0.78022 -0.88405 0.68672 1.3615 1.5269 0.19068 0.057704 1.1785 -1.2652 1.4697 1.9125 0.79075
1.7868 -0.42954 -0.19606 -0.45426 -0.60523 -0.58787 -0.64141 -0.24744 -0.35197 -0.25399 -2.6045 -2.2602 0.44792 -0.64755 -0.56914 0.79432 0.23731 0.50146 0.9054 -0.93611 1.4356 0.70567 -1.8717 0.073878 1.9417 0.39523 -1.7007 -0.65364 -0.8979 0.79279 1.1155 0.9044 0.10262 -0.77542 0.94654 -0.58719 2.6076 1.0983 0.73344
1.8989 -0.51892 -0.55905 -0.60502 -0.39367 0.41488 -0.60026 0.086885 0.31906 -0.93803 -2.543 -0.96358 0.79683 -1.5219 -0.78854 0.41997 0.58884 1.0753 1.1402 -0.60782 1.0483 1.2376 -1.9486 1.2271 1.8744 0.70555 -1.2092 -0.17615 -0.47305 0.51711 0.51339 0.017059 -0.30845 -1.0872 0.30091 0.51841 2.8543 0.52334 0.36075
1.2559 -0.73143 -0.44212 -0.12525 -0.079992 1.0367 -0.96945 -0.19722 0.48854 -2.5723 -1.7754 -0.019294 0.9563 -1.6548 -0.74413 0.33335 0.73623 0.90854 0.89481 -0.57792 0.44868 1.5522 -1.2643 3.0134 2.1515 0.77106 -0.40116 0.27084 0.069937 0.32415 -0.005329 -0.87361 -0.41869 -1.1048 -0.33017 1.474 2.1117 0.031047 -0.099302
0.76234 -0.80219 -0.12733 -0.0025836 0.29253 1.2343 -1.261 0.15576 0.53833 -2.6396 -0.44962 -0.054441 1.0506 -1.5895 -0.41282 0.62862 0.64306 0.75138 0.42026 -1.3128 0.21814 0.71 -0.32763 3.3292 2.3243 0.5421 0.43135 0.56662 0.29297 0.19349 -0.27457 -1.3358 -0.3276 -0.9659 -0.80639 1.9387 0.60925 -0.17339 -0.40475
0.22754 -0.83605 0.11766 0.018757 0.31852 0.62763 -1.2221 0.13764 0.85063 -1.8831 0.48516 -0.12728 1.0825 -1.3599 -0.25922 0.84002 0.87 0.661 -0.39566 -1.3658 -0.24471 0.27013 0.60561 3.1207 1.7713 0.29846 0.87404 0.58794 0.14575 0.21676 -0.061036 -1.069 0.27199 -0.75691 -0.89734 1.547 -1.2619 -0.40502 -0.43231
0.36237 -0.91858 0.3472 0.049531 0.17202 0.49558 -1.6754 0.30966 1.2757 -0.99668 1.7072 1.1417 1.0996 -0.86554 0.0013889 0.7356 0.9182 0.71561 -0.75575 -0.82187 -0.43745 0.20567 1.4395 2.3544 1.7127 0.21773 1.1851 0.39183 -0.28156 0.17662 0.18675 -0.2583 1.2156 -0.48012 -0.39032 0.67362 -2.1947 -0.84559 -0.28222
0.22854 -0.85496 0.21839 0.30513 0.3464 0.43452 -2.3154 -0.11753 0.38833 -1.2024 1.3146 1.1446 1.1095 -0.38881 0.11968 0.57229 1.0418 0.82449 -0.55019 -0.28495 -0.6603 -0.05461 1.3026 1.049 1.6452 0.1599 1.2493 0.28611 -0.71569 -0.052458 0.24734 0.66162 1.5623 -0.13532 -0.15641 -0.18308 -2.5568 -1.2331 -0.18938
0.21064 -0.86275 0.45723 0.77616 0.64891 0.25229 -2.1389 -0.53043 0.73461 -0.93226 1.7155 1.5008 1.1789 0.13206 0.11419 0.25228 0.91938 1.0104 0.0081634 0.4895 -0.48674 0.050034 0.82876 0.10237 0.69984 0.10613 1.379 0.11622 -0.93732 -0.40706 -0.19878 1.0133 1.453 0.13829 0.076045 -0.59109 -2.1621 -1.4356 -0.25168
0.018938 -0.7056 0.54708 1.0394 1.0655 0.17308 -1.5767 -0.54359 0.9738 -0.4831 1.8203 2.0388 1.2281 0.46793 0.20975 -0.24397 0.76956 0.96262 0.48472 0.98408 -0.47989 0.0038485 0.50737 -0.71904 -0.17965 0.01485 1.5972 0.17847 -0.94428 -0.93091 -1.0144 0.84371 0.81501 0.32888 0.16292 -0.55483 -1.4593 -1.2214 -0.4874
0.21739 -0.72703 0.64577 1.0947 1.2387 0.47674 -1.423 -0.43367 0.56355 -0.46653 1.04 1.7624 1.1973 1.2742 0.17465 -0.59822 0.23921 0.29851 0.65882 1.34 -0.26942 0.30759 0.52455 -0.96103 -0.23482 -0.16044 1.1174 0.58656 -0.39052 -1.4491 -1.767 0.24552 0.12969 0.22896 -0.36457 -0.44586 -0.77375 -0.60845 -0.89848
0.60989 -0.84216 0.28511 0.85878 1.3306 0.78327 -0.74117 -0.20981 1.2723 -0.4778 1.0168 0.60379 1.1587 2.0145 0.42027 -0.75748 -0.48987 -0.62485 0.73357 0.86646 -0.14984 0.12537 0.22287 -1.2542 -0.32177 -0.57858 -0.60873 0.75018 0.43071 -1.5469 -1.7711 -0.73894 -0.41066 0.071944 -0.83457 -0.65287 -0.11628 -0.16883 -1.1562
0.93457 -0.63813 -0.24554 1.0642 1.1897 1.2664 -1.1432 -0.63273 0.79054 -0.40255 0.54067 1.0554 1.0899 1.4398 1.0773 -0.20584 -1.368 -1.3458 0.35375 0.81467 -0.22185 -0.78042 -0.018017 -1.1341 -0.44533 -1.2032 -2.6976 0.66208 0.8365 -1.2203 -0.98407 -1.54 -0.52676 -0.013056 -0.76276 -0.7058 0.19944 -0.31881 -1.0024
1.8488 -0.68478 -0.39753 0.631 0.48259 1.0066 -0.77172 -0.72168 0.92306 -0.28393 0.23165 1.4472 0.92992 -0.74746 1.1225 0.38752 -1.5412 -1.3725 -0.76731 0.47999 -0.37105 -1.1828 -0.67155 -0.86009 -0.41705 -1.5301 -3.8665 0.25391 0.95124 -0.45332 0.069027 -2.0873 0.32274 0.18776 -0.023646 -0.31311 0.5476 -1.0033 -0.48371
2.4023 -0.21328 -0.096246 0.097219 -0.14816 1.0453 -1.1684 -0.67316 0.98972 -0.53203 0.14845 1.48 0.4565 -2.3665 1.0284 0.41919 -1.6907 -1.0788 -1.5206 0.54453 -0.18714 -0.62214 -0.59634 -0.77272 -0.82786 -1.4764 -3.6188 -0.24804 0.71695 0.59195 0.77168 -1.5868 0.91989 0.61399 0.80941 0.076641 0.56655 -1.4681 0.1305
0.75135 0.71218 0.85778 -0.89019 -0.32455 0.51679 -0.23268 -0.68159 -0.75895 -0.52389 0.15359 1.0418 -0.1969 -3.2803 0.91191 0.73543 -1.237 -0.62793 -2.3013 1.637 0.18471 -0.026438 -0.18126 -0.37357 -2.1313 -1.3072 -1.7981 -0.4997 0.43524 1.3844 0.92602 -0.5347 0.99233 0.93477 1.057 0.4956 0.66563 -1.2804 0.60508
-1.7551 -0.015098 0.9523 -0.42473 0.13912 -0.87932 -0.87588 -0.86502 -0.54081 -1.9702 -0.16099 0.48271 -0.22621 -4.0305 0.74258 0.98555 -0.32011 -0.33221 -1.8983 2.0134 0.65923 0.27194 -0.088197 -0.27928 -2.5127 -1.0827 0.49115 -0.66214 -0.12078 1.7121 0.53517 0.59695 0.28939 0.83974 1.3609 0.51909 0.62823 -0.34967 0.81258
-1.5743 0.0062172 -0.13245 -0.94018 0.21956 -0.84613 -0.1007 -0.46888 1.4809 -0.75101 -0.20031 -0.56749 -0.037375 -3.2625 0.37052 0.94054 0.57199 -0.084157 -1.5941 1.6613 0.9721 0.50686 0.18268 0.18362 -2.1261 -0.6472 2.4612 -0.42301 -0.46143 1.2361 -0.15535 1.7678 -0.56108 0.50366 0.86675 0.43277 0.62505 1.2251 0.67897
-1.4081 0.36596 0.64036 -0.12986 0.061356 -1.7547 1.3533 -0.41247 0.91372 -0.020695 0.11778 -1.6287 -0.20561 -1.4603 0.11058 0.10843 0.8643 -0.38737 -0.73501 1.1041 1.0056 1.8693 0.38231 0.1665 -1.5324 -0.35596 3.1365 -0.26453 -0.46963 0.57975 -0.4717 2.1127 -1.3677 -0.079193 -0.25934 -0.049253 0.87275 2.2221 0.34543
-2.2151 0.40665 1.3382 0.16809 -0.47408 -0.70576 1.2484 0.28416 0.82537 -0.73622 -0.23207 -1.0854 -0.47668 0.017554 0.47159 0.32592 0.67026 -0.8708 0.48574 1.0373 0.9616 0.92264 0.55182 0.61519 -0.19406 -0.45884 2.3137 0.056279 -0.37653 -0.21735 -0.49581 2.0293 -1.956 -0.61881 -1.1947 -0.22916 0.50952 2.4948 -0.12045
-1.7139 0.4716 1.497 0.39884 -0.17808 -1.2287 0.18796 0.39304 0.52984 -0.58177 0.75061 -0.74726 -0.43491 0.16977 0.22218 0.42939 0.80615 -0.77454 1.0873 -0.27116 0.51093 -0.4905 -0.37826 1.1975 0.92961 -0.56095 1.2046 0.45726 -0.20165 -0.40726 0.19555 1.0501 -1.7911 -0.5845 -1.938 0.079358 -0.14846 1.6718 -0.41597
-1.7522 0.41945 0.2018 -0.13428 -0.62424 -0.83518 0.65318 0.15483 2.6277 -0.52006 -0.044053 -1.0979 -0.49837 0.23078 0.42468 0.091472 0.16859 -0.7693 1.3614 -1.3726 0.044138 -0.78025 0.056699 0.65548 1.5932 -0.76098 0.57449 0.6617 -0.53658 -0.21303 1.0312 0.074623 -1.1668 -0.27693 -1.685 0.53805 -1.0484 0.2851 -0.50583
-1.5277 0.45464 1.0627 0.15847 -0.89653 0.018371 0.92978 0.29107 0.75851 -0.59874 0.93159 0.15329 -0.60046 0.67648 0.96873 -0.13445 0.29959 -0.081638 0.82932 -1.0972 0.35396 -1.266 0.81089 -0.14371 0.88877 -0.94905 0.54421 0.80995 -0.67487 0.27804 1.4015 -0.60395 0.049768 0.40903 -1.5676 1.0388 -1.4406 -0.61302 -0.44998
-1.3643 0.29823 0.78401 0.52958 -0.5835 0.38561 -0.14702 0.066423 0.014505 -1.3162 1.9105 0.16257 -0.69464 0.83447 1.3025 -0.38138 0.49978 0.63233 0.75934 -0.76229 0.51213 -2.159 1.1601 -0.75139 0.38572 -1.1695 0.26971 0.3605 -0.61028 0.5892 1.213 -0.97145 0.69643 0.69038 -0.76362 0.81972 -1.1972 -1.0243 -0.16135
-1.6414 1.1444 1.3191 0.02951 -1.1078 0.060514 -0.55058 -0.18271 -0.18664 0.52987 0.12728 0.51312 -1.2653 0.88183 1.2554 -0.58317 1.2074 1.0358 0.24081 -0.46277 1.0478 -3.0304 1.3884 -0.89773 0.30804 -1.1616 0.12464 -0.83225 -0.71333 -0.32826 0.21324 -0.8704 0.78541 0.39197 0.65488 0.15548 -0.20295 -0.37513 0.67536
-1.1835 1.6262 0.98951 0.76825 -0.018515 -0.15492 -0.064365 1.3525 -0.38909 0.74399 -0.76557 -0.51562 -1.4304 0.63095 0.94117 -0.81182 0.90917 0.84628 -0.19169 -0.33987 1.0008 -1.4836 1.5983 -1.2937 -0.15903 -0.94402 0.30549 -2.0552 -0.94351 -1.536 -0.73383 -0.92015 0.65823 -0.40526 1.9388 -1.0707 1.2392 -0.26747 1.8859
-0.55765 1.6337 0.13473 0.805 0.71969 -0.029141 -0.28575 0.7161 -1.543 0.98761 -0.16323 -0.45623 -1.531 1.011 -0.34658 -1.2405 -0.56129 0.19947 -0.35007 0.21168 0.84819 -0.2891 0.94239 -0.26843 0.40856 0.14351 0.5255 -2.4267 -0.70474 -2.5381 -1.3709 -0.69812 0.48389 -1.48 2.36 -1.9312 2.1589 -0.6411 2.6232
-0.87528 1.307 -0.39066 1.6972 0.122 -0.068378 0.55058 1.4514 -1.8937 1.0682 -0.41391 0.17447 -1.5588 1.3393 -1.6029 -1.8063 -1.7082 -0.25349 -0.69486 0.17739 -0.159 0.40999 -0.99783 1.338 -0.20321 1.5456 0.57518 -1.8096 -0.033042 -2.3215 -1.2893 -0.49205 0.41436 -1.5335 1.5823 -2.0362 2.2018 -1.0905 2.5434
-1.0888 1.1997 0.65497 0.88325 -0.33074 -0.021814 -0.27912 0.98505 -0.52777 1.4918 -0.30339 0.15109 -1.5001 1.5067 -1.8503 -1.391 -2.5976 -0.85658 -0.83445 0.22219 -1.1782 0.82349 -1.6115 1.976 -0.95097 2.2782 0.29366 -0.29438 0.6036 -1.1906 -0.54892 -0.20728 0.082322 -1.0502 0.75517 -1.2384 1.2934 -1.4984 1.4601
-0.015803 -0.24611 -0.72926 -1.4496 -0.75493 -0.3008 -0.15709 0.87411 0.1884 0.20378 1.5026 1.0198 -0.2522 1.4547 -1.5695 -0.77995 -2.7494 -0.92215 -0.88395 0.46551 -0.89312 1.1708 -1.6565 1.8569 -1.6533 2.5307 0.032031 1.2701 0.82162 0.38691 0.081008 0.21711 -0.16257 0.031622 -0.25389 -0.086051 0.05727 -0.94311 -0.20392
0.1759 -0.21764 -1.2209 -1.8507 -0.74994 -1.2967 -0.17922 -0.29913 -0.027996 -1.6334 1.6936 -1.1209 0.51229 1.5008 -0.88716 -0.60121 -2.4364 -0.43981 -0.64772 0.24341 -0.77676 0.85011 -1.4829 1.9813 -1.8511 2.258 -0.19109 2.4351 0.85729 2.0015 0.71001 0.41588 -1.1648 0.47861 -0.79615 1.0224 -1.0186 0.43512 -1.9566
0.76505 0.20169 -0.70164 -1.4762 -0.39695 -0.98383 0.49604 -0.11219 -0.36106 -1.0385 1.8231 -2.2949 0.56266 1.4026 0.21929 -0.63928 -1.0024 -0.31004 -0.37232 -0.12567 -0.30345 -0.14673 -1.2496 1.4447 -1.6344 1.1903 -0.37391 2.5429 1.0362 2.6782 0.61994 0.5034 -1.9772 0.19324 -1.0752 1.9458 -1.4409 2.3474 -3.049
0.55636 0.1452 -0.55652 -1.5274 -0.57201 -0.85147 0.56789 0.40874 -0.28527 -0.49159 1.8776 -1.7661 0.59438 1.1776 1.6648 0.16761 0.57217 0.113 -0.29585 -1.691 -0.57042 -0.16979 0.46689 0.2027 -0.10296 -0.54785 -1.0277 1.413 0.74855 2.0831 0.20105 0.15069 -1.8139 -0.036952 -0.51277 1.9759 -1.4479 2.5305 -2.6902
0.4809 0.32566 -0.76976 -1.4369 -0.68035 -0.6385 0.20342 0.61355 -0.085442 -0.70685 2.5026 -1.228 0.53054 0.92078 1.7589 0.80058 1.1545 -0.083843 -0.098816 -2.3293 -0.634 -0.54183 1.7075 -0.05291 2.13 -1.5138 -1.4345 -0.25003 0.1326 0.56323 -0.11748 -0.3767 -0.64623 -0.23847 0.19915 1.0699 -1.3833 1.0136 -1.1324
0.98744 1.0481 -0.79079 -1.1919 -1.0325 -0.70527 -1.0235 0.29534 -0.52185 -1.2371 2.2402 -1.4766 -0.066548 -0.17093 0.90516 0.10357 0.69294 -0.1866 -0.49503 -2.1045 -0.68505 -0.025017 1.4447 -0.082797 1.2879 -1.1964 -1.309 -1.6488 -0.4072 -0.6526 -0.17773 -0.61477 1.3529 0.0127 0.43723 -0.26234 -1.2578 -1.2214 0.70164
1.6616 1.6827 -0.68128 -0.79614 -0.24604 -1.4063 -2.679 -0.91238 0.11596 0.96502 1.3926 0.69886 -0.76156 -0.59302 0.15545 -0.33952 0.079304 -0.36302 -0.98755 -1.1361 -0.70126 0.16373 0.64914 -1.1 -0.32279 -0.50937 -0.93821 -1.817 -0.64215 -0.99686 0.061898 -0.53508 2.6709 0.37171 0.57588 -0.88274 -1.396 -2.0597 1.6365
1.0895 1.4684 0.38199 -0.17669 -0.85197 -1.2373 -1.9081 -1.0002 -1.3418 1.3725 1.7663 1.161 -0.89598 -0.50177 -0.50522 -0.0085364 -0.20066 -0.057837 -1.0196 0.31759 -0.51634 0.34701 0.41587 -1.7175 -1.3108 0.20213 -0.35349 -0.71241 -0.21772 -0.79069 0.23094 -0.12502 2.6728 0.58364 0.23885 -1.0788 -1.0106 -1.1219 1.2971
-0.32096 0.38658 -1.1689 -1.2495 -0.70886 -1.4941 -0.84812 -0.036156 0.26393 0.62801 2.1066 -2.2403 0.0031144 -0.65983 -0.81177 -0.33088 -0.40355 -0.030523 -0.8529 1.5846 -0.018145 0.42522 0.25962 -1.9477 -0.67064 0.70911 -0.24264 0.85107 0.1736 -0.00407 0.7251 0.25528 1.6664 0.43734 -0.015041 -0.71556 -0.095178 0.48332 0.069543
-0.05029 0.20619 -1.3519 -1.8443 -1.3084 -2.1836 -0.58076 -0.1298 0.13094 -0.68098 -0.14665 -2.6235 0.38049 -0.79494 0.10937 -0.29104 -0.65461 0.06687 -0.79791 1.6638 0.074891 0.30824 -0.75962 -1.6229 -0.77469 0.51031 -0.38021 1.9199 0.93914 1.3005 0.89667 0.86959 0.44484 0.46069 -0.75241 -0.47942 0.52794 2.0875 -1.455
0.89286 0.43474 -0.26241 -1.2493 -0.44669 -1.7723 -0.12806 -0.43788 0.18262 0.04912 0.02213 -2.1617 0.3181 -0.89748 1.3946 0.14648 0.30403 0.87722 -0.60981 1.3954 -0.17239 0.12804 -0.35297 -1.3339 0.36242 -0.54035 -0.57917 1.7932 1.4831 2.0162 0.66358 1.4986 -0.55525 0.72854 -0.90463 0.0097155 1.2077 2.0615 -2.2981
0.65073 0.89414 -1.1459 -1.1273 -0.79828 -1.9369 -0.2231 -0.38201 -0.14384 0.69996 -0.55958 0.32597 -0.028751 -1.0901 1.8698 1.5355 2.0748 1.0974 0.51719 1.2811 0.42947 -1.067 -0.34163 -1.0013 2.3136 -1.7733 -0.7425 0.40413 0.99484 1.8206 -0.12465 1.6194 -0.75425 1.2754 -0.45756 0.43537 1.1048 1.4576 -1.8972
0.073836 2.2126 -0.54147 -1.4445 -0.23245 -2.5202 -0.95088 -1.08 0.017319 -0.18115 0.016914 -0.3499 -0.59205 -1.5898 1.5574 1.5602 2.3047 0.64689 1.3457 0.73273 1.1804 -0.76099 0.076499 0.084204 1.8744 -2.2553 -0.42339 -1.1542 0.26426 0.8108 -0.7243 1.4166 -0.79789 1.5161 0.18817 0.14204 0.87522 0.062979 -0.59166
-1.0701 2.3752 0.16612 0.29817 0.36553 -1.905 0.63074 -0.59202 -0.78331 0.63341 0.32524 -0.331 -1.2563 -1.8304 0.76669 0.88942 2.0235 -0.033553 1.3105 0.5714 1.8098 -0.20705 -0.00023798 -0.18882 1.3586 -2.0223 0.15588 -2.2502 -0.75482 -0.71643 -0.8649 0.53743 -0.71885 0.43398 1 0.07482 0.48206 -0.94666 1.1263
-1.3823 1.5112 0.87435 1.4177 0.23509 -0.28271 0.99433 1.2883 -1.2257 -0.96267 -0.43062 0.37808 -1.5449 -1.3149 -0.13165 0.98454 1.9711 0.15576 1.6936 0.24311 2.0046 0.058446 -0.20301 -0.042789 0.95791 -1.4738 1.0103 -2.1459 -0.88675 -1.7411 -0.56775 -0.66341 -0.71643 -1.3885 0.93489 -0.39429 0.11504 -1.2015 2.355
-0.88595 1.6257 0.46308 0.38038 -0.8915 -0.26241 -0.26334 1.0566 -0.24214 0.22119 0.074835 -0.24725 -1.7121 -0.93667 -1.3445 0.42417 0.80238 -0.19517 1.3691 0.1699 0.83551 0.54344 -0.03097 -0.0037332 0.88361 -0.1532 1.1798 -1.3996 -1.1699 -2.5053 -0.42992 -1.9534 -0.46093 -2.8318 0.72359 -0.67922 0.45428 -1.6575 2.9913
-0.96238 1.4642 -0.096492 0.72219 -0.59797 -0.78519 0.29895 1.3085 0.27609 0.65135 -0.65052 0.77102 -1.5985 -0.15502 -1.2574 0.14588 -0.59075 -0.27955 0.05561 -0.41792 -0.96502 0.75083 -0.78227 0.21316 -0.28272 1.0156 0.92672 -0.36898 -1.441 -2.2617 -0.3467 -2.4843 0.40099 -2.7395 0.50936 -1.0276 0.48962 -1.7443 2.6396
-1.1442 1.3953 0.35329 1.2295 0.17323 0.029934 -0.32362 1.3511 -0.33737 -0.17841 -0.10191 1.5227 -1.6508 -0.21308 -1.1919 -0.87016 -1.743 -0.57691 -1.5878 0.039017 -2.0709 0.90183 -1.2195 0.56332 -1.3218 2.0753 0.73326 0.76273 -1.0965 -1.2855 -0.21534 -2.034 1.0595 -1.4572 0.076443 -0.653 0.63082 -1.3637 1.2594
-1.751 0.56711 0.46645 -0.27965 -0.19694 -0.66756 0.21491 -0.78773 0.37579 -0.22866 0.39198 0.10296 -0.56125 0.049378 -0.86662 -1.0564 -1.3124 -0.26569 -1.556 1.0936 -1.7329 0.89632 -1.8937 0.62241 -1.4127 2.1259 0.35695 1.0581 -0.93495 -0.15295 0.34854 -0.59879 1.4473 0.16031 -0.169 0.7963 0.49144 -0.24152 -0.33097
-1.0462 0.9153 0.74457 -0.011023 -0.23505 -1.5881 0.36893 -1.2242 -0.23654 -1.5642 0.3401 -1.3085 -0.23998 0.32701 -0.15304 -1.0157 -1.4238 -0.57973 -1.6956 1.4582 -1.5433 0.60265 -0.92573 1.0145 -1.2684 1.5401 0.38225 1.1682 -0.34597 0.96809 1.1461 0.95724 0.51685 1.3667 -0.63674 1.8203 0.045761 1.1241 -1.7026
-1.4265 0.22949 -1.1996 -1.388 -1.4454 -2.8054 0.65383 -0.5678 0.63042 -2.3627 0.33617 -1.3925 0.58153 0.24021 0.14382 -1.5188 -1.0529 0.35169 -1.0282 1.6582 -0.92889 0.53057 0.84902 0.93982 -0.79652 0.69086 0.18383 0.26858 0.059167 0.81659 1.4267 1.4996 -0.6096 1.6578 -0.96384 2.4042 -0.41682 1.5023 -1.6102
-0.5442 1.1087 -0.99145 -0.3618 -0.6973 -1.6754 1.2944 -0.25007 1.3698 -1.7981 0.69362 -0.74803 -0.097962 0.40386 0.42266 -1.2701 0.085942 1.1691 -0.026456 0.76335 0.11131 -0.24145 1.4685 0.49161 0.59667 -0.24961 0.18399 -0.75569 0.99756 0.69444 1.803 1.8341 -1.1843 1.7085 -1.3418 1.4498 -1.0459 0.76839 -0.6359
-0.89897 1.4838 -0.62528 -0.62667 -0.71611 -2.5343 1.7809 -0.74349 0.33118 0.25907 1.1426 0.19205 -0.45044 0.3539 -0.66079 -0.79941 -0.41418 1.416 0.46736 0.29389 0.57505 -0.67653 2.2693 0.072782 0.63283 0.14345 0.17539 -1.5179 1.7709 -0.040171 1.1916 1.3764 -1.3877 1.5665 -1.4339 -0.28132 -1.3131 -0.23558 0.81283
-1.4664 0.94163 -1.2957 -0.4796 1.3615 -0.86349 1.4048 -0.85067 0.28682 1.6212 1.4169 -0.34753 -0.61927 0.61342 -1.1084 0.51699 -0.33643 2.1165 1.0515 -0.10565 0.9361 -1.5613 1.5981 -0.5844 -0.46338 0.67682 0.29312 -1.5982 1.8241 -0.60236 0.57778 0.94486 -1.0075 1.2387 -0.66279 -1.7726 -1.1118 -0.90286 1.6663
-0.93496 0.82852 -0.8384 -0.061655 0.76567 -1.2594 0.5562 -0.79653 -0.33049 0.29717 0.53529 0.16565 -0.37469 0.46266 -1.8259 0.93254 -0.91683 2.014 1.0562 -0.54216 1.6212 -1.7654 0.16177 -1.0733 -0.74178 1.6785 0.35492 -0.61575 1.3873 -0.33186 -0.17361 0.56081 -0.63499 0.97873 0.071119 -2.4913 -0.66214 -0.10106 1.2043
-0.44591 -0.57767 -0.95637 -1.67 0.3525 -1.8486 0.92685 0.21481 -0.58645 0.95488 0.15517 -1.1751 0.81423 0.89592 -1.8752 1.3088 -0.87181 1.9095 1.4808 -0.72657 1.9301 -1.0764 -1.4223 -1.0956 -0.51728 1.9582 -0.10468 0.13061 0.38892 -0.023741 -0.55177 0.58057 -0.10195 0.36089 0.92788 -1.7732 0.010558 1.0628 0.10514
-0.3859 -0.33988 -0.163 -1.3669 1.4645 -0.82099 1.0896 0.93062 -1.0152 -0.3785 -0.39014 -2.0401 1.0776 0.87414 -1.3821 1.4293 -0.80994 1.2164 1.3231 -0.59134 1.9276 -0.79791 -1.7662 -0.95894 0.45179 1.6529 -0.51684 1.0064 -0.19425 0.7979 -0.58848 0.79495 0.0085017 -0.63927 1.1376 -0.62853 0.44924 1.8213 -1.2362
-0.40731 -0.30392 0.38131 -1.264 2.0906 -0.1852 0.88078 1.4058 -1.0313 -0.74226 -0.25026 -0.49585 1.1996 0.2135 -1.086 1.0178 -0.4318 1.5366 2.0261 -0.25761 1.4626 -0.17235 -1.3839 -0.62293 1.0445 0.87629 -0.73933 0.98741 -0.73254 0.9504 -0.9079 0.48414 -0.076744 -1.3652 0.93928 0.46819 0.47431 1.6563 -1.6878
-0.1784 -0.51528 0.55458 -1.3735 2.2678 0.082068 0.57371 0.90623 -0.73539 -1.3072 0.12617 -0.025465 1.1118 -0.15767 -0.39318 0.73182 0.47859 1.1562 2.2998 -0.742 0.64092 0.084119 -1.2534 -0.43934 2.0893 0.010044 -0.36338 0.56189 -0.91314 0.73918 -1.1194 0.12767 -0.12453 -1.4503 0.81967 0.95087 0.27919 0.55133 -1.4214
-0.41372 -0.63221 0.086253 -1.3248 2.1423 0.5642 0.28268 1.342 -0.89599 -0.93033 -0.30447 0.488 1.0129 0.036052 -0.57671 0.30019 0.40697 0.32463 1.9168 -0.77958 -0.015101 0.37859 -0.63151 -0.43641 1.9482 -0.23636 0.24861 0.21848 -0.6702 0.19064 -1.4322 -0.63045 -0.0023645 -0.93978 0.54565 1.1132 -0.057885 -0.34562 -0.75253
-0.66114 -0.95055 0.18658 -1.138 2.286 1.2154 0.65588 1.2779 -0.53248 -1.412 -0.70469 0.53474 0.94236 0.28702 -0.61285 0.091561 0.26765 -0.1705 1.6233 -0.55006 -0.083142 0.57812 -0.019906 -0.51202 1.0884 -0.33098 0.55196 -0.09534 -0.37022 -0.38978 -1.0676 -1.0489 0.45764 -0.35108 0.46943 1.1404 -0.088484 -0.95171 -0.17896
-0.5731 -0.7544 0.31408 -0.87872 2.0326 1.5154 0.0077636 1.2194 -0.74125 -1.2579 -0.57884 1.0711 0.98786 0.45472 -0.57301 0.097731 0.064182 -0.35177 1.1663 -0.3397 0.041621 0.67192 0.48346 -0.70081 0.851 -0.29856 0.36049 0.077175 -0.31155 -0.31678 -0.53605 -1.0395 0.60355 0.13501 0.30421 0.87199 0.10626 -0.91118 0.0061509
-0.073805 -0.90051 0.57337 -0.91798 2.1328 1.8174 0.16631 0.86609 -0.45878 -1.4819 -0.84935 0.73003 0.88695 0.66133 -0.55911 0.15632 -0.13029 -0.40596 0.6802 -0.068546 -0.0558 0.87288 0.73389 -0.48076 0.73952 -0.27966 -0.071005 0.10967 -0.42654 -0.18976 -0.19721 -1.0203 0.60504 0.23852 0.052789 0.43403 0.31485 -0.50742 0.070208
0.074675 -1.074 0.45752 -1.2033 1.8946 1.8612 0.19538 1.2758 -0.03964 -0.54089 -0.63356 1.0454 0.81236 0.52076 -0.45585 -0.29872 -0.027085 -0.50826 0.41144 0.15204 0.22325 0.82884 0.93837 -0.24759 0.3048 -0.25216 -0.47071 0.24202 -0.49651 0.037945 -0.024928 -0.9361 0.49796 0.27591 -0.26269 0.0059186 0.61361 -0.31103 0.12875
0.10481 -1.2372 0.35477 -1.4108 1.8106 1.5569 0.13985 1.1334 0.089639 -0.36803 -1.1555 1.2906 0.77231 0.12251 -0.46497 -0.49274 -0.063533 -0.43748 0.06041 0.37928 0.27406 0.58326 0.72377 -0.12921 0.34599 -0.22989 -0.53599 0.5191 -0.3983 0.18025 0.19822 -1.0889 0.42031 0.017248 -0.54879 -0.59766 0.84407 -0.44303 0.22677
0.041291 -1.3106 0.21645 -1.2962 1.7269 1.7187 0.416 1.2752 0.28898 -0.092921 -1.0405 1.5169 0.7245 -0.15153 -0.17441 -0.49171 0.11331 -0.37343 -0.30377 0.40687 0.39551 0.25532 0.50593 0.31283 0.42255 -0.094587 -0.44999 0.78133 -0.23659 0.085661 0.39511 -1.2776 0.3609 -0.17461 -0.72766 -0.91715 1.0979 -0.77748 0.30415
-0.20519 -1.2676 -0.26696 -0.756 1.6209 2.0877 0.65689 1.5516 0.34095 -0.30019 -0.82577 0.68393 0.74161 0.0002868 0.24666 -0.47668 0.16907 -0.11211 -1.0332 0.62606 -0.11288 0.013292 -0.37707 0.87588 -0.20688 0.045514 -0.23911 0.87979 -0.12236 -0.16804 0.50875 -1.311 0.48453 -0.10357 -0.50369 -0.70468 1.1091 -1.3854 0.3154
-0.27598 -1.2464 -0.012752 -1.0873 1.5904 1.5507 0.29649 1.2617 -0.14571 -0.44681 -0.72384 1.6623 0.73652 -0.25521 0.60878 -0.73249 0.035364 0.042079 -1.472 0.73708 0.082509 -0.39821 -0.55015 1.3794 -0.97087 0.15231 -0.1484 0.73884 -0.061585 -0.41182 0.38894 -1.0495 0.64114 0.050323 -0.11276 -0.077214 0.55158 -1.6845 0.23371
-0.038325 -1.0959 0.12873 -1.0009 1.6834 1.2343 0.66746 1.4721 0.09225 -0.33824 -0.17077 1.3956 0.7951 -0.27013 0.74184 -0.58352 -0.35756 0.27082 -1.8493 1.159 0.23086 -0.14409 -0.31379 1.489 -1.7175 0.20894 -0.28983 0.46012 -0.092274 -0.37877 0.043871 -0.35668 0.72021 0.34693 0.48703 0.77964 -0.12032 -1.4868 0.11239
0.25125 -0.79247 -0.25166 -1.225 1.8153 -0.045542 1.0343 0.79875 0.17007 -1.3185 0.59782 0.51149 0.87336 -0.29191 0.92164 -0.5353 -0.44813 0.13711 -1.8917 1.3846 0.31532 0.079151 0.3065 1.0753 -2.1766 0.24006 -0.3225 0.15142 0.015835 -0.18773 -0.26975 0.2453 0.50286 0.087231 0.85959 1.085 -0.72635 -0.77299 -0.01549
-0.58158 -0.6256 -0.89696 -1.3157 1.8197 -0.10149 1.0826 1.603 -0.52756 -0.82654 0.65876 -0.25765 0.91294 -0.52025 0.93011 -0.72994 -0.34725 -0.074132 -1.5001 1.6977 0.42401 0.74602 0.93566 0.7925 -2.5657 0.20128 -0.23499 -0.077912 0.13705 0.14866 -0.54377 0.8147 -0.061705 -0.17987 0.73549 0.96708 -1.0484 0.1836 -0.12213
-0.40154 -0.64894 -0.42719 -1.581 2.0509 -0.21799 2.0337 1.8102 0.50576 -0.17629 0.90022 -0.98341 0.91647 -0.72987 0.79657 -0.61088 -0.34251 -0.26029 -1.177 1.4476 0.1475 0.88984 1.2463 0.31564 -2.09 0.12735 0.081757 -0.33292 0.158 0.31077 -0.56061 0.97004 -0.45218 -0.52941 0.56296 0.38307 -0.8227 0.96656 -0.19822
-0.49817 -0.27523 -0.69861 -1.2021 1.5411 -0.30696 1.9298 1.722 0.31518 0.43592 0.25658 -1.4538 0.98588 -0.48794 0.6718 -0.26965 -0.10455 -0.49488 -0.65279 1.0279 -0.02941 0.92995 1.3749 -0.16847 -1.4032 0.046016 0.40418 -0.44121 0.046228 0.48598 -0.3342 0.96814 -0.86951 -0.76986 -0.25451 -0.42415 -0.35865 1.2796 -0.19282
-0.72624 -0.27952 -0.82963 -1.5183 1.4706 -0.54341 2.2766 1.5497 1.1666 0.90967 0.69657 -1.1899 0.93403 -0.15515 0.4573 -0.45 0.06335 -0.64701 -0.46569 0.87337 -0.46398 1.1138 0.94448 -0.043257 -0.84435 -0.037511 0.57808 -0.54325 0.057143 0.57077 -0.057112 0.84095 -1.1971 -0.81176 -0.86146 -1.2392 0.58505 1.2395 -0.18988
-0.77137 -0.22038 -0.74836 -1.5178 1.5096 -0.85151 2.2439 1.1841 1.0154 0.74936 0.63208 -1.3465 0.94654 -0.054421 0.31053 -0.70488 0.43606 -0.47076 -0.009754 0.3407 -0.73154 0.089345 0.14591 0.27381 -0.65295 -0.061834 0.6027 -0.55419 0.35549 0.55272 -0.090569 0.57359 -1.9255 -0.82724 -1.2639 -1.7843 1.2179 0.95667 -0.17315
-0.42945 -0.064123 -0.75174 -1.3225 1.265 -0.79882 2.0814 1.0719 0.87203 0.56927 0.33033 -1.5611 0.92613 0.13034 0.0035557 -0.26727 0.54447 -0.36728 0.10526 -0.47919 -1.0421 -0.47546 -0.89543 1.2285 -0.0092799 -0.15903 0.6269 -0.38703 0.88057 0.49826 -0.51771 0.45165 -2.5446 -0.79306 -0.96684 -1.4162 1.0551 1.0731 -0.23505
-0.78013 -0.27766 -1.5486 -1.2674 1.1093 -0.4932 2.5594 1.3338 1.3238 0.84627 0.84171 -1.6303 0.86182 0.49211 -0.094741 0.32538 0.77577 -0.78945 0.15646 -1.9589 -1.3103 -0.8838 -1.6758 1.5582 0.07317 -0.20364 0.79904 -0.12011 1.2494 0.13576 -1.1646 -0.05046 -2.6142 -0.90084 -0.28164 -0.33851 -0.046564 0.9927 -0.39673
-0.43692 -0.21314 -1.2649 -0.76188 1.5036 0.0088089 2.2962 0.76564 0.15445 0.034508 1.2728 -2.0717 0.9036 0.73944 -0.031351 0.70756 0.90451 -1.4055 0.31373 -2.8237 -1.6798 -0.40063 -1.2952 1.3611 0.91777 -0.38759 0.76357 0.22538 1.0249 -0.29948 -1.5375 -0.65121 -2.003 -0.94406 0.064885 0.81982 -1.5452 0.58443 -0.48526
-0.47543 -0.31755 -0.67223 -0.73798 0.94909 -0.53035 0.89551 0.12643 -0.050999 -1.1242 2.5883 -0.78175 0.77466 1.1294 0.11914 1.1733 0.53584 -2.0253 -0.20757 -3.467 -2.1219 -0.54821 -0.40406 0.11528 0.84898 -0.65734 0.35902 0.17686 0.3694 -0.76347 -1.2879 -1.0013 -0.46564 -0.50795 0.3531 1.646 -2.3793 0.17508 -0.40709
-0.048238 -0.34974 -0.091643 -0.72305 0.24416 -0.65271 -0.57924 -0.23477 0.33916 -1.6344 2.6048 -1.2377 0.72222 1.234 0.31222 1.2525 0.066295 -2.4892 -0.95025 -3.5365 -2.4274 -0.53492 0.29925 -1.0519 0.75699 -0.80011 -0.076769 -0.18534 -0.31471 -0.75398 -0.33897 -0.74138 1.4882 0.22531 0.058521 1.7463 -2.535 -0.47835 0.0074015
0.19702 -0.093314 -0.12241 -0.3413 -0.46935 -0.22518 -0.72823 -0.85477 1.0446 -0.18891 1.6172 0.044622 0.47191 0.91394 0.061374 0.76545 -0.33918 -2.5414 -1.1158 -2.4744 -1.9019 -0.11906 1.198 -1.8564 0.4943 -0.72569 -0.66617 -0.64134 -0.72845 -0.11581 0.987 -0.15723 3.2211 0.94546 -0.17629 1.1472 -1.3944 -0.34391 0.49476
0.82515 0.03833 0.16681 -0.9178 -1.1753 -1.1638 -1.2719 -1.3106 -0.091157 0.87571 -0.34626 -1.2071 0.15861 0.70493 -0.32922 0.339 -0.1729 -1.746 -0.6414 -0.45628 -1.3668 -0.51989 1.7981 -2.5765 0.1374 -0.34132 -0.96018 -0.98611 -0.77937 0.7929 2.0155 0.32134 3.5731 1.4738 -0.4312 0.088757 0.37182 -0.048763 0.8239
0.38084 -0.011198 -0.27243 -1.1745 -1.4423 -1.813 -1.1541 -1.7258 0.061895 0.71012 -0.093311 -0.92207 0.1342 0.15436 -0.71108 0.28038 0.42779 -0.62642 -0.6589 1.1699 -0.86564 -0.94049 1.4064 -1.8314 0.46822 -0.0040663 -0.81935 -0.871 -0.52393 1.6493 2.4648 0.60768 2.6156 1.6301 -0.38785 -1.0574 1.915 0.61838 0.86219
0.34361 -0.46536 -0.14728 -1.074 -1.3403 -1.3205 -0.75368 -1.3866 0.017105 0.85366 -0.10164 -0.96669 0.31693 -0.17315 -1.0757 0.049747 1.2882 0.16139 -0.5643 1.4914 -0.15859 -1.0301 0.39703 -0.34435 0.66597 0.30968 -0.44133 -0.52632 -0.3491 1.7445 2.1388 0.66096 0.96923 1.6029 -0.044766 -1.5578 2.4326 1.005 0.51338
0.46319 -0.85211 0.058947 -0.57068 -1.0421 -0.8932 0.2805 -1.5172 -0.53823 1.2265 -0.80112 -0.34999 0.59473 -0.17177 -1.1314 -0.055395 2.2632 0.91562 0.0053242 1.5711 0.57693 -0.68123 -0.45275 0.74344 1.4517 0.48781 0.057445 0.012837 -0.48422 1.1048 1.3505 0.77145 -0.26 1.3073 0.26021 -1.2573 1.7699 0.73313 0.078037
0.19135 -0.911 0.42265 0.30671 -0.52403 -1.53 0.74341 -1.492 -0.53583 0.80466 0.045817 -0.08651 0.58536 0.047036 -1.0621 -0.13018 2.4343 1.3114 0.28757 1.2147 0.94323 -0.76537 -0.73837 0.85698 1.6356 0.32867 0.2638 0.39665 -0.58001 -0.058716 0.55835 0.78328 -0.53771 0.72871 0.56813 -0.66976 0.74733 2.4669e-05 -0.29074
0.25104 -1.0364 -0.31977 1.1405 -0.71723 -1.4596 0.21917 -1.1482 -0.53732 0.65579 0.84341 0.48042 0.55312 0.15192 -0.68641 -0.52053 2.0892 1.2184 0.38666 0.82958 1.0552 -0.5652 -0.82263 1.0021 1.4331 0.12472 0.18074 0.49171 -0.53729 -1.2363 -0.11186 0.85239 -0.26373 0.082659 0.58157 -0.088614 -0.38395 -0.98967 -0.3603
0.62389 -1.081 -0.11166 1.4758 -0.15133 -1.2797 0.23162 -0.57054 -0.86854 -0.1278 0.67598 0.54841 0.60513 0.15685 -0.573 -0.7885 1.2626 1.0147 0.73905 0.85249 0.97846 0.049066 -0.90584 0.97535 0.66816 -0.029247 -0.18694 0.4874 -0.096452 -1.7923 -0.28865 1.0726 0.44727 -0.53414 0.54661 0.093044 -1.2783 -1.4857 -0.14642
0.32541 -1.3725 -0.4349 1.2855 0.20223 -0.99614 0.46103 -0.58834 -0.88211 -0.18218 0.79108 1.1519 0.50672 0.11052 -0.47902 -0.71679 0.36121 0.87125 1.4052 1.2663 0.71222 0.076257 -0.56219 -0.062992 -0.038371 0.02206 -0.43187 0.47875 0.31956 -1.8178 -0.35035 0.99361 0.76107 -1.07 0.38823 0.29069 -1.7093 -1.3624 0.10257
0.54336 -1.2547 -0.66119 1.3574 0.071445 -0.46755 0.82798 -0.2901 -0.76538 0.16592 0.90392 0.76614 0.58083 -0.27961 -0.2766 -0.19456 -0.31108 0.97641 1.8232 1.8699 0.099742 0.0071299 -0.65708 -1.094 -0.58816 0.11733 -0.41918 0.62111 0.39561 -1.4353 -0.48503 0.4452 0.28595 -1.3339 0.18971 0.2152 -1.4985 -0.7224 0.26646
0.46479 -1.5106 -0.72053 1.1302 0.22559 -0.13234 1.7178 -0.63179 -0.13017 -0.20438 0.8612 0.23575 0.56915 -0.4332 0.038941 -0.19859 -0.78468 0.61872 1.7391 1.7944 -0.535 0.22519 -0.29521 -1.2835 -0.6533 0.23353 -0.2341 0.63733 0.23617 -0.91842 -0.50801 -0.24812 -0.6368 -1.3027 0.29498 -0.081889 -0.56499 0.11545 0.22849
0.25223 -1.3765 -0.52849 1.0482 0.46676 0.36694 1.8937 -0.57587 -0.64566 -0.036711 -0.15817 -0.066058 0.62398 -0.35101 0.29889 -0.28584 -1.0537 0.28146 1.4223 1.1536 -0.92714 0.33813 -0.55569 -1.3254 -0.46704 0.33987 0.1561 0.57282 -0.012391 -0.42445 -0.49656 -0.64115 -1.5468 -0.8056 0.32337 -0.22745 0.35255 0.67987 0.12277
-0.082968 -1.288 -0.33635 0.86393 0.76005 1.1037 2.1691 -0.97112 -0.88267 -0.94062 -1.0566 -0.0014603 0.71928 -0.28893 0.39342 -0.20888 -1.1141 0.3182 1.1357 0.42532 -1.2445 0.48951 -0.79109 -1.046 0.12331 0.31782 0.38117 0.36999 -0.018813 -0.14214 -0.38306 -0.73467 -1.8479 -0.16707 0.44782 -0.36498 1.014 0.68799 -0.025014
0.1776 -1.0536 -0.61908 0.32471 0.54985 0.81092 2.0735 -1.2993 -0.40593 -0.23518 -0.59679 0.26432 0.8417 -0.060426 0.58973 -0.19403 -0.9966 0.24661 0.90653 -0.38462 -1.0745 0.51177 -0.91162 -0.53016 0.36736 0.29337 0.45412 0.23273 -0.035343 0.024177 -0.46415 -0.64095 -1.6991 0.61283 0.46775 0.050255 1.2406 0.22777 -0.16333
0.086231 -1.0947 -1.1576 0.0038456 0.25723 0.82878 1.6176 -1.6466 -0.13659 -0.97079 -0.52194 0.61688 0.85217 0.13186 0.5705 -0.26117 -1.094 -0.041132 0.60055 -0.95128 -0.78127 1.0296 -0.92608 0.28557 0.28947 0.21098 0.35185 0.11226 -0.017562 0.15356 -0.60886 -0.39332 -1.0901 1.2237 0.3298 0.38366 0.85586 -0.58095 -0.23844
0.26828 -0.99243 -0.75705 0.17311 0.64586 1.2181 1.6103 -1.8356 0.20449 -1.1195 -0.35272 0.66322 0.85234 0.28477 0.63924 -0.30742 -1.009 -0.36103 0.47189 -1.3884 -0.0019832 1.0001 -0.37201 0.41551 -0.10467 0.10042 0.16346 -0.099019 -0.11113 0.3022 -0.78082 -0.33287 0.04104 1.3264 0.41429 0.7364 0.35451 -1.1157 -0.2758
0.2623 -0.84937 -0.68307 0.052566 0.75843 1.3748 1.3513 -1.6984 0.14563 -1.6223 -0.3532 0.30494 0.86474 0.19424 0.57982 -0.16651 -0.79214 -0.45869 0.60651 -1.1386 0.53272 0.89532 -0.20197 0.1409 -0.80227 -0.012755 0.113 -0.25633 -0.32942 0.52314 -0.98984 -0.49095 1.0537 1.0321 0.37583 0.9433 0.012711 -1.1251 -0.25896
0.20728 -0.74033 -0.77009 -0.49768 0.36358 1.3771 0.79433 -1.4718 0.62115 -1.4718 -0.041435 0.19856 0.87866 0.21342 0.41434 -0.43145 -0.53199 -0.93256 0.2722 -0.1941 0.77633 1.4016 0.37105 0.22858 -1.3109 -0.088535 0.3313 -0.38774 -0.43421 0.76309 -1.1083 -0.80536 1.6582 0.42516 0.25261 0.93141 0.031181 -0.58725 -0.2138
0.33303 -0.51249 -1.0022 -0.57596 0.02578 1.5949 0.49423 -0.87819 0.4336 -0.76265 -0.52412 -0.059614 0.86191 0.37861 0.22789 -0.79927 -0.27132 -1.5167 -0.23196 0.48459 0.78022 1.5729 0.80804 0.40187 -1.3504 -0.15823 0.56308 -0.46093 -0.41161 0.81118 -0.91105 -1.2436 1.5638 -0.005624 -0.4067 0.81352 0.22405 0.052467 -0.17619
0.36269 -0.5609 -1.0537 -0.61489 -0.082148 1.5865 0.9451 -0.92908 0.95477 -0.71482 -0.35711 -0.76557 0.80979 0.81008 0.12263 -0.78798 0.27575 -1.805 -0.63991 0.98878 0.67568 1.1534 1.2022 0.34371 -1.0047 -0.20987 0.50896 -0.37434 -0.037623 0.66399 -0.32429 -1.2042 0.72784 -0.13781 -1.3796 0.38658 0.19781 0.44427 -0.11241
0.36401 -0.81176 -1.7021 -0.30469 -0.81074 1.132 1.9637 -1.0454 2.1877 -0.61957 0.076955 -0.98734 0.73889 0.94493 -0.099191 -0.74273 0.4462 -1.6431 -1.303 1.2784 0.5688 0.16358 1.199 0.51647 -0.85826 -0.26793 0.16682 -0.18997 0.35139 0.25589 0.3656 -0.78709 -0.27085 -0.069206 -1.787 0.058319 -0.043476 0.57153 -0.024799
0.81439 -0.71218 -1.5445 -0.085664 -1.0876 0.85095 2.038 -0.9653 2.0045 -0.091156 0.39411 -0.91301 0.70077 0.87854 -0.090464 -0.51172 0.45456 -1.4417 -1.4829 0.81903 0.6175 -0.73858 1.041 0.55346 -0.6813 -0.2356 -0.32051 -0.00064559 0.61472 -0.33403 0.90047 -0.097343 -1.3064 -0.07834 -1.1998 -0.40763 -0.53213 0.72736 0.063188
1.3002 -0.58261 -1.4729 0.21629 -1.4813 0.54568 1.8615 -0.69774 1.049 0.29815 -0.046223 -0.6955 0.68009 0.65566 -0.00067682 -0.2587 0.16139 -1.0381 -1.3067 0.069997 0.67467 -1.1589 1.0228 0.21075 -0.38353 -0.19079 -0.72454 0.11392 0.80049 -0.68811 1.2365 0.67773 -1.7696 -0.044618 0.22351 -0.99343 -0.99094 0.83816 0.12743
1.111 -0.83542 -1.7444 -0.34168 -1.4692 -0.43467 1.8892 -0.50592 0.23649 0.49415 0.57544 -1.0789 0.59547 0.35869 0.080452 0.14333 -0.24966 -0.49155 -0.8209 -0.88645 0.47081 -0.66271 0.38642 -0.53835 0.19609 -0.13669 -1.0442 0.080327 0.75925 -0.82317 1.4207 1.0679 -1.498 0.19594 1.4897 -1.526 -0.57228 0.85807 0.13314
1.1 -0.58325 -1.6223 -0.054903 -1.6089 -0.0044691 1.4106 -0.10705 -0.18701 0.6299 0.16424 -1.3358 0.63738 -0.14338 0.029497 0.45201 -0.58374 0.098076 -0.34097 -1.2339 0.55406 0.5583 -0.68257 -0.86329 0.36141 -0.090873 -1.0789 0.14173 0.6151 -0.71933 1.3458 0.91232 -0.75667 0.5271 1.6995 -1.704 0.33776 0.61659 0.13778
0.9444 -0.69653 -1.5542 -0.38985 -1.4247 0.0082772 1.4744 -0.42713 0.78422 0.71803 0.023198 -1.2555 0.60003 -0.66522 0.047878 0.57772 -0.82736 0.53562 0.070258 -1.3747 1.0452 1.4242 -1.5016 -0.022391 0.64416 -0.04885 -0.81903 0.22243 0.42194 -0.62781 1.1176 0.12176 0.10014 0.7731 0.64038 -1.2317 1.3733 0.099327 0.10039
0.97345 -0.7081 -1.3809 -0.50535 -1.4875 0.15484 0.81206 -0.71812 2.0901 -0.32544 -0.93019 -0.13512 0.59766 -0.84043 0.28003 0.69813 -0.99478 0.85989 -0.012596 -1.1142 1.3819 1.2479 -1.8249 0.60666 0.61051 0.010288 -0.33904 0.4009 0.35524 -0.46576 0.66044 -0.67135 0.53438 0.63735 -1.011 -0.27096 1.3958 0.011074 0.044105
0.80103 -0.64777 -0.80621 -0.73262 -0.90116 0.27094 0.54836 0.067392 2.3147 -1.3539 -0.74688 -0.47843 0.60772 -0.81692 0.36546 0.83148 -1.3046 1.1313 -0.75074 -0.73646 1.5171 0.27742 -1.7822 1.3909 0.26176 -0.0090555 0.11073 0.39858 0.39054 -0.2576 0.1181 -1.0563 0.65707 0.10475 -2.1499 0.85064 0.47034 0.12022 -0.044072
0.31012 -0.60772 -1.0722 -0.99121 -0.85646 0.2113 0.36412 1.1272 1.8713 -1.7076 1.1752 -0.16722 0.60853 -0.69805 0.60355 1.0111 -1.2787 0.98729 -1.2063 -0.51293 1.5213 -0.95972 -1.1417 1.138 0.56746 -0.033106 0.52743 0.073649 0.44503 0.0058369 -0.58473 -0.70167 0.15842 -0.65092 -2.0035 1.6521 -0.93623 0.64226 -0.17191
0.12672 -0.38136 -1.0205 -1.5474 -0.47372 -0.65466 0.79186 1.1667 0.95864 -1.5837 1.5467 -0.85713 0.63379 -0.52955 0.61477 1.1735 -1.1991 0.69004 -1.3417 -0.40064 1.1702 -1.8918 0.055945 0.62323 0.89742 -0.107 0.92389 -0.38226 0.47984 0.42057 -1.3086 0.24575 -0.67328 -1.2549 -1.0678 1.9878 -2.4794 0.71744 -0.26144
0.3505 -0.22723 -0.48268 -1.6684 -0.25623 -1.1532 0.61771 1.1394 0.37916 -1.5997 1.5975 -1.0456 0.60075 -0.0014554 0.29673 1.3817 -1.0298 0.042942 -1.0507 -0.96083 0.31925 -1.7879 0.94074 -0.82895 1.5618 -0.24895 1.0824 -0.82407 0.27795 0.77926 -1.6517 1.1338 -1.2724 -1.3083 0.010373 1.8261 -2.6387 0.093422 -0.30288
0.28563 -0.10058 -0.13539 -1.8396 -0.46985 -1.3603 0.54357 0.90036 0.44326 -1.0541 0.15596 0.6494 0.53881 0.55557 -0.1638 1.5661 -0.5747 -0.72746 -0.35811 -1.7814 -0.2616 -1.5159 1.6091 -2.441 1.1831 -0.36927 0.91031 -0.92541 -0.15576 1.0413 -1.5335 1.6331 -1.1865 -0.8417 0.63222 1.1571 -1.5575 -1.0966 -0.21125
0.3122 -0.17527 0.23628 -1.8834 -0.63227 -1.1424 -0.038481 0.96993 -0.014462 -0.40481 -0.24708 1.2537 0.47292 0.77531 -0.48838 1.3555 -0.013035 -1.2479 0.46332 -2.237 -0.24356 -1.1508 2.1541 -2.4545 0.6031 -0.44413 0.44862 -0.74987 -0.6861 1.0311 -0.92961 1.5162 -0.43375 -0.12564 0.57124 0.42999 0.30771 -2.3559 -0.002559
0.71889 -0.54721 0.6907 -2.0527 -0.96144 -0.80671 -0.91728 0.84833 0.10753 -0.13351 -1.1723 1.2816 0.3206 0.77756 -0.65705 0.9127 0.39895 -1.3972 1.0135 -2.0127 -0.14568 -0.94208 2.0312 -1.5896 -0.80955 -0.38788 -0.036212 -0.40107 -1.0048 0.74954 -0.033595 1.0907 0.67811 0.26143 0.62184 -0.24194 1.5426 -2.1982 0.25868
0.91671 -0.81684 0.56889 -1.7092 -1.8065 -0.42063 -1.6291 0.85013 -0.50693 0.78584 -1.8566 0.073895 0.25077 0.72348 -0.80373 0.43834 0.56926 -1.276 1.1531 -1.6561 0.019789 -0.93123 1.6918 -0.65909 -2.1306 -0.24533 -0.43355 -0.065049 -0.98727 0.36621 1.0032 0.62333 1.7595 0.28671 0.90709 -0.93816 1.6308 -1.1703 0.51232
0.99439 -0.69492 0.61657 -1.4824 -1.6842 -0.29533 -1.4267 0.86623 -0.66517 1.6766 -1.1977 -0.56955 0.20627 0.51477 -0.72278 0.15605 0.65204 -0.76634 1.3764 -0.75694 0.098127 -0.3786 1.3055 -0.34565 -1.8254 -0.0077071 -0.66994 0.16266 -0.70628 -0.079388 1.9846 0.32501 2.2127 0.27409 1.248 -1.4249 1.0617 0.69746 0.63424
1.0702 -0.7601 0.66074 -1.196 -1.752 0.10861 -1.3224 0.88239 -0.61513 1.0476 -0.50987 -1.4904 0.2564 0.10023 -0.56484 -0.10197 0.60508 0.23613 1.4713 0.51756 0.1738 0.3977 0.43122 0.087655 -1.2217 0.27982 -0.83193 0.23201 -0.46683 -0.42479 2.528 0.10501 1.9765 0.073622 1.0864 -1.687 0.36412 1.9841 0.58947
0.98348 -1.0544 0.44289 -1.3879 -1.9446 0.1471 -1.5477 0.95587 -0.77382 1.4299 -1.116 -1.2623 0.31809 -0.1574 -0.47426 -0.12513 0.22686 1.3997 1.4758 1.1495 0.29268 0.92075 -0.50865 0.096319 0.1148 0.48136 -0.86571 0.26621 -0.33574 -0.41625 2.5664 -0.18045 1.2928 -0.1977 0.2157 -1.4653 -0.097756 2.1482 0.39356
0.99881 -1.111 0.66049 -1.2364 -1.4708 1.0361 -1.1559 1.0434 -0.12987 1.6005 -1.4848 -0.26159 0.46446 -0.48861 -0.50041 -0.27927 -0.069061 2.1648 1.3059 1.1881 0.058309 0.61589 -1.1551 -0.175 0.83478 0.56198 -0.736 0.39754 -0.37047 0.057287 1.9904 -0.48646 0.56647 -0.67909 -0.8141 -0.90884 -0.20157 1.6947 0.14128
0.82556 -1.2171 0.47725 -1.2295 -0.63407 1.2689 -0.24448 0.99315 0.74916 0.45659 -1.2251 -0.7592 0.61047 -0.80187 -0.2656 -0.36727 0.15544 2.8617 1.118 1.398 -0.22207 -0.071007 -1.1614 -0.40594 1.4079 0.55311 -0.47813 0.49855 -0.54919 0.62162 0.82457 -0.95536 0.057686 -1.204 -1.2848 -0.24784 0.16455 0.54438 -0.053887
0.74073 -1.1832 0.4067 -1.4306 0.11603 1.4313 -0.34312 1.2473 0.32043 0.2256 -1.2715 0.034557 0.71651 -0.9471 0.0576 -0.65811 0.76231 3.0684 0.72637 1.4948 -0.85825 -0.79518 -1.2628 -0.054394 1.4921 0.49519 -0.037194 0.51805 -0.60757 0.97467 -0.60687 -1.1566 -0.48801 -1.5055 -0.79507 0.41443 0.56735 -0.0334 -0.14523
0.34998 -1.2346 0.22068 -1.5211 0.83073 1.2884 -0.31221 0.68878 -0.49124 -0.18119 -1.0214 -0.034406 0.74061 -0.81763 0.15607 -0.94862 1.071 2.4282 -0.051096 1.1248 -1.5324 -1.0248 -1.0027 0.35363 0.86071 0.41738 0.36353 0.29251 -0.50478 0.90079 -1.7994 -1.0278 -0.85367 -1.4703 0.4206 0.83364 0.81477 -0.62412 -0.17407
0.090239 -1.0917 0.16918 -0.74779 1.4147 1.6525 0.1773 0.52377 -1.0604 -0.16517 -1.5308 0.48642 0.81451 -0.54927 0.23334 -1.1112 1.4452 1.3044 -0.30934 0.40997 -2.1406 -0.55709 -0.30704 0.54483 1.0348 0.3693 0.62855 -0.004135 -0.050218 0.49581 -2.2238 -0.57306 -0.90612 -0.83908 1.6361 1.1171 0.68488 -0.85861 -0.17602
-0.0055621 -0.98645 -0.43183 -0.14061 1.5894 1.3261 0.36144 -0.30601 -1.3354 -0.16733 -1.2501 1.0642 0.86888 -0.32327 0.18346 -1.0702 1.637 0.53585 -0.31877 0.32657 -2.3684 0.64555 0.22207 0.87441 0.38917 0.304 0.46635 -0.1761 0.35009 -0.092906 -1.6974 -0.054995 -0.58511 0.073235 2.1343 1.0288 0.48655 -0.88297 -0.18025
0.25269 -1.0525 -0.50493 -0.11327 1.3209 0.85309 0.35014 -0.87427 -0.34728 -0.22019 -0.5618 0.14485 0.95774 -0.023347 0.044678 -0.67296 1.4854 0.048615 -0.22851 0.1798 -2.0326 1.6904 0.61766 1.013 0.01458 0.23634 0.10031 -0.2031 0.60031 -0.66125 -0.60523 0.21142 -0.11247 1.1731 1.7002 0.53309 0.26802 -1.0348 -0.1932
0.24206 -1.0125 -0.86308 0.23702 0.84163 1.0167 -0.18449 -1.4722 0.36974 0.04042 -0.37239 0.93062 1.0252 -0.21164 -0.059643 -0.49148 0.86946 0.030603 -0.19373 0.13957 -1.4514 2.1907 0.83103 1.0623 -0.3909 0.16077 -0.31164 -0.013098 0.66405 -0.94526 0.44305 0.33438 -0.10652 1.973 0.25952 -0.2235 0.086738 -0.61091 -0.16569
0.14354 -1.0549 -0.73237 0.36415 1.1845 1.2336 0.10486 -1.5017 0.87503 0.64861 -0.037042 0.31127 0.98882 -0.41763 -0.0039569 -0.2543 0.50106 0.48277 0.033224 0.30683 -0.38158 2.1221 0.5803 0.96939 -0.63857 0.094699 -0.52506 0.1974 0.45399 -1.0357 1.1156 0.20582 -0.053821 2.4407 -1.0378 -1.076 0.2622 -0.31919 -0.1202
0.16418 -1.1976 -0.35111 0.49497 1.3349 1.2191 0.23434 -1.5729 1.1643 0.70238 -0.0081581 0.16534 0.96963 -0.70563 0.19234 -0.013582 0.22841 1.1175 0.18959 0.077782 0.53827 0.93599 -0.25293 1.0628 -0.50537 0.077733 -0.29797 0.36267 0.24818 -0.9793 0.95585 -0.1269 -0.085963 2.303 -1.8788 -1.7517 0.33524 0.12812 -0.049108
-0.39784 -1.0751 -0.77377 0.35378 1.6964 1.2199 0.58483 -1.2893 1.4083 0.96935 -0.12134 0.23758 1.0087 -0.7532 0.28371 -0.040492 -0.2773 1.5055 -0.02575 0.12618 1.5902 0.17153 -1.2332 1.52 -0.56962 0.062037 0.012129 0.42823 0.0048885 -1.0275 0.24762 -0.61916 0.11126 1.7926 -2.1572 -1.6041 0.20056 0.16073 -0.033085
-0.33309 -0.9397 -0.92868 0.42942 2.1164 1.1238 0.61919 -0.77566 1.6308 0.22528 0.53846 -0.04275 1.0154 -0.5979 0.46027 -0.11354 -0.71078 1.2341 -0.40338 0.083924 1.9196 -0.69968 -2.1602 1.436 -0.17796 0.088257 0.63335 0.4235 0.067449 -1.0585 -0.90116 -1.1238 0.51611 1.1031 -1.4919 -0.43018 -0.31278 -0.043616 -0.10044
-0.49609 -0.78977 -0.48644 0.19861 2.4706 1.2314 -0.22015 -0.3949 0.59755 -1.0301 1.2725 -0.20893 1.0914 -0.44821 0.64432 -0.17647 -1.096 0.87395 -0.84678 0.53487 2.3184 -1.4948 -2.0352 1.1703 -0.49004 0.029217 1.2558 0.61396 0.63543 -0.88972 -2.0469 -1.5291 0.41626 0.097707 -0.70309 1.1922 -1.3181 -0.22224 -0.31113
-0.56524 -0.81494 -0.92569 -0.17841 2.6448 1.0332 0.1199 0.5909 0.79105 -1.5978 2.0131 0.18786 1.0492 0.32174 0.78574 0.19976 -1.4914 -0.16973 -1.5373 0.87862 2.2592 -1.3053 -0.80602 0.62853 -0.639 -0.086386 1.5802 1.2034 1.3882 -0.42756 -2.9155 -1.5487 -0.39276 -0.99135 -0.095562 2.6331 -1.7254 -0.15488 -0.96475
-0.45354 -0.64396 -0.67781 -0.52657 2.4491 0.52693 0.58645 0.46697 -0.0049938 -2.2774 1.4028 0.088912 1.0594 1.1258 1.2389 1.0151 -1.6757 -1.4426 -2.3679 0.54312 1.6019 -0.98747 0.74969 -0.63709 -0.78788 -0.40753 1.2247 1.6767 1.6818 0.64597 -3.0817 -0.9454 -1.4988 -1.8287 0.09802 2.619 -1.8666 0.25387 -1.7322
-0.56427 -0.45173 -0.77071 -0.85678 2.3558 -0.066588 1.38 1.2879 -0.64727 -1.3534 1.1392 -0.80825 0.97764 1.5578 2.3463 1.9169 -1.2774 -2.8095 -2.5893 -0.65276 0.39722 -1.1731 2.3174 -1.0119 -0.34397 -1.4178 0.059033 1.4932 1.0338 1.8221 -2.1773 0.36261 -1.9519 -1.9367 0.21685 1.5302 -1.1859 1.0316 -2.16
0.30405 -0.13317 -0.44099 -1.4577 1.2228 -1.0108 1.4319 1.4195 0.48384 0.53947 0.87235 -0.6525 0.9055 1.2145 2.9029 2.1427 0.10596 -3.3049 -2.1185 -1.5467 -0.21674 -1.3849 2.2417 -1.6351 -0.14025 -2.4003 -0.83155 -0.19628 -0.18513 2.6061 -1.0187 1.7465 -1.2839 -1.4415 0.33194 0.11687 -0.24355 1.4725 -1.4998
1.1622 0.58961 0.94333 -1.5098 0.25977 -2.0555 0.093509 0.87186 0.19537 0.90748 -0.30965 -1.0213 0.4904 0.38798 2.6608 1.5965 1.2992 -3.1215 -0.96909 -1.7901 -0.5021 -0.68757 1.8612 -1.1766 1.0799 -2.9494 -1.1215 -2.341 -1.3719 2.5389 0.20595 2.2982 0.21109 -0.75078 0.24739 -1.2119 0.22151 0.89588 0.05871
0.91702 2.0788 1.8897 -1.0977 -0.96077 -1.7124 -1.7251 -0.1603 -1.5405 1.9075 0.74946 0.14786 -0.83653 0.1632 0.73514 0.84616 2.2987 -3.0996 0.15016 -1.3245 -0.68142 -0.5759 1.2424 -1.0294 1.4191 -2.3219 -1.0209 -3.7165 -2.1979 1.4812 1.5022 2.0861 1.6955 0.047116 0.72245 -1.7571 0.91749 0.25746 1.6231
0.13654 1.9465 0.93 0.61836 -0.77235 -1.3166 -0.82268 0.68944 -1.2738 0.225 -0.71705 -0.059314 -1.5091 -0.0038188 -0.79288 0.0069549 2.7534 -2.5371 0.655 -0.34184 -0.79559 -1.0961 0.12151 -0.88656 0.64941 -1.3533 -0.42086 -3.7909 -2.2893 -0.057487 2.2361 0.92013 2.5059 0.41884 1.2611 -1.9745 1.0537 -0.81706 2.7758
-0.44227 1.5311 0.49198 0.89086 -0.77155 -0.44607 -0.26039 0.37753 -0.28672 0.67364 0.062981 1.5447 -1.5994 -0.48963 -2.0793 -1.1723 2.3726 -0.90618 1.0443 0.98938 0.015615 0.27211 -0.79857 -0.00073941 0.57944 -0.30016 0.57932 -2.3659 -1.9343 -1.8094 2.2718 -0.35832 2.0412 0.37907 1.5684 -1.2316 1.3129 -0.74116 2.9342
0.54781 -0.78397 0.23844 1.3344 -1.9622 -0.32885 0.31659 0.67851 -0.78847 1.7691 -0.4731 0.32346 -0.54023 -0.06845 -2.7755 -1.6756 1.1523 -0.21598 0.33843 1.8625 -0.061174 1.4425 -1.5129 0.353 -0.13103 0.99704 1.4417 -0.61966 -1.4012 -2.5498 1.8501 -1.2202 1.1622 0.17247 1.0803 -0.35339 0.82388 -0.51105 2.3712
1.1346 -0.4093 0.4956 1.3346 -2.2619 -1.1406 0.1357 -0.21844 -1.4922 0.68907 -0.75652 -0.67502 -0.39768 1.2748 -2.5415 -1.9272 -0.54451 -0.1941 -0.37135 1.4944 -0.33448 1.3371 -0.67981 0.89783 0.32941 1.7433 1.4455 1.0645 -0.54876 -2.1905 1.5207 -1.0018 0.1841 -0.24139 -0.2734 0.2191 0.13034 -0.39421 1.236
-0.038517 -0.40824 -0.18083 1.2401 -0.22268 -0.48749 0.3035 0.90923 0.59998 -0.67529 0.63675 0.5959 -0.61941 1.7988 -1.6736 -2.2289 -0.9254 0.41948 -0.95807 1.6461 -0.29757 0.55579 -0.7209 0.26182 -0.24825 1.8595 0.35255 1.4537 0.28925 -0.82382 1.7017 0.51614 -0.31516 -0.071456 -1.3617 0.58612 -0.29489 -0.2285 0.18238
0.35806 -0.45762 -0.63006 0.57475 -1.2411 -1.2693 0.85523 -0.263 0.6167 -1.0804 0.93866 0.19096 -0.16861 1.2687 -0.6981 -1.9078 -1.0011 1.5001 -0.21255 1.468 -0.32685 0.13216 -0.70224 0.29606 -0.15246 1.4753 -0.86533 1.016 1.4398 0.59495 1.5776 1.7843 -0.53841 -0.15649 -1.8831 0.5552 -0.75098 -0.6808 -0.34933
2.0994 -1.2072 -1.9288 -0.20719 -1.4075 -1.473 1.2126 0.35155 0.44907 0.6119 0.37199 1.4361 0.46524 0.59168 -1.0614 -1.1233 -0.27524 1.9844 1.2444 1.2915 -0.20389 -0.76325 -0.19173 0.079534 -0.35132 1.4557 -1.6319 0.43173 2.3676 1.2184 1.1161 2.5108 -1.1542 -0.16608 -1.4761 0.66371 -0.56203 -0.47815 -0.65589
2.0393 -1.0458 -2.0191 0.36278 -0.6624 -1.657 1.9609 -0.0056459 -0.63294 0.33973 -0.45179 0.014069 0.74888 0.26798 -1.003 0.24316 0.33646 1.8492 1.9276 0.66065 -0.68123 -1.8777 0.29667 -0.47083 -0.97906 1.32 -1.8308 0.36253 2.5903 1.2657 0.26047 2.0373 -1.618 -0.44505 -0.65897 0.17385 -0.36004 -0.38012 -0.88332
1.5218 -1.3062 -1.2114 0.50828 0.27713 -0.073583 1.522 0.049427 -1.0001 -0.077839 0.10263 -0.71993 0.79034 -0.73844 -0.73255 1.1615 0.86954 2.2461 2.7553 -0.13863 -0.43845 -1.4814 0.26244 -0.44771 -0.79225 0.7644 -1.2962 0.83089 1.633 0.33854 -0.71345 0.758 -1.7644 -0.48816 0.82662 -0.23751 0.021453 0.48072 -1.0949
0.5885 -1.4467 -0.54342 1.3495 1.0601 1.4202 1.3501 -0.16427 -1.5387 -0.61651 0.26714 -0.45034 0.78046 -1.4741 -0.19903 1.8339 0.98546 1.8418 2.9139 -0.89204 -1.0558 -0.88035 -0.53782 -0.14114 -0.6945 0.24199 -0.32698 1.031 -0.094195 -0.72994 -1.744 -0.7587 -1.4104 -0.14133 1.9032 -0.41816 0.26857 1.3323 -0.97518
0.46421 -1.4484 -0.019316 1.1321 1.268 1.4262 1.0859 -0.42032 -1.3008 -0.024425 0.14167 -0.256 0.83792 -0.94986 0.046639 1.1674 0.089101 0.72055 2.1971 -1.2871 -0.94448 0.40377 -0.29936 -0.045503 0.4545 0.03778 1.001 1.0381 -1.3475 -1.7167 -2.4761 -2.3767 -0.71348 0.1904 1.8878 -0.34623 0.35651 1.2427 -0.60993
0.55922 -1.4349 -0.15731 1.0376 0.7556 1.7205 0.86404 -0.58636 -0.9209 0.31117 -0.12803 -0.1414 0.84735 -0.23438 0.47914 0.081956 -0.73975 -0.49684 0.76452 -1.4434 -0.69942 1.0464 -0.34976 -0.15236 1.0378 -0.059715 1.543 0.94726 -1.734 -1.9351 -2.1397 -3.0489 0.12142 1.0236 1.2101 -0.11245 0.49912 0.63505 -0.39184
0.7238 -1.2629 -0.026914 1.0452 0.88886 2.0639 0.40101 -1.2 -1.0292 -0.64568 -0.14862 -0.029778 0.79045 0.50616 0.81298 -0.47502 -1.7247 -1.0015 -0.69324 -1.2087 -0.25975 1.3905 -0.59866 0.2482 0.80392 -0.17538 1.0938 1.0831 -0.9196 -1.3817 -1.1562 -2.9552 0.61788 1.2792 0.14321 0.13232 0.50105 -0.67456 -0.49011
0.82276 -1.0224 -0.68851 0.27433 0.43319 1.569 0.44325 -0.91001 0.049796 -0.28137 -0.22942 0.39109 0.79384 0.67141 1.1382 -0.58335 -2.005 -1.113 -1.4441 -0.68072 0.53626 1.076 -0.63446 0.67917 0.38554 -0.35249 0.25679 1.3198 0.0087022 -0.55555 -0.37452 -2.4689 0.4593 1.2586 -0.67567 0.77096 0.11405 -1.3244 -0.87394
0.82633 -0.85754 -0.96609 -0.19372 -0.13281 1.2929 -0.36444 -0.59345 0.040748 -0.90474 0.21347 0.7793 0.70255 0.63441 1.683 -0.20865 -2.0594 -1.0299 -2.3232 -0.46871 0.85624 0.65746 0.142 0.50963 -0.56699 -0.69244 -0.82343 1.4693 0.96277 0.90956 0.17023 -1.3015 0.082524 0.86199 -1.6665 0.86354 -0.87914 -0.99467 -1.3739
1.1577 -0.61581 -0.66823 -0.87717 0.1705 0.111 0.17697 -0.48317 0.14096 -1.236 0.83615 0.33824 0.60163 0.18028 2.4379 -0.016224 -1.6871 -1.1446 -3.1191 -0.91687 1.1222 0.0071966 1.0016 -0.063498 -0.91561 -1.3634 -1.5561 1.2024 1.3283 2.0679 0.56246 -0.11652 -0.33621 0.58262 -1.7865 0.52913 -1.627 -0.19332 -1.595
1.231 -0.21312 -0.50859 -1.0888 -0.14821 -0.30293 0.50614 0.31935 -0.11431 -0.39582 0.92964 -0.046688 0.44977 -0.78061 2.8269 1.0685 -0.043019 -0.67441 -2.3315 -0.91444 1.0758 -1.5066 0.51126 -1.0891 -0.52921 -2.1253 -1.914 0.35514 1.2053 2.6079 0.57444 1.3881 -0.39178 0.33119 -1.4971 0.16769 -1.358 0.5519 -1.3066
1.2419 0.57467 -0.25993 -1.1723 -0.45143 -1.1603 -0.013793 -0.10666 -0.17047 0.82436 -0.031562 -1.2661 -0.0076993 -1.5175 2.7477 1.2918 1.1641 -0.27876 -1.6594 -1.0823 1.526 -1.5189 0.3639 -1.6821 -0.024663 -2.4863 -1.6069 -0.73251 0.92057 2.3968 0.61388 2.3449 -0.046203 0.061505 -0.24893 -0.10746 -0.8099 0.88408 -0.46176
0.6133 1.589 -0.50929 -0.98365 -0.72424 -2.2365 -1.3191 0.11383 -0.77666 0.85811 -0.63653 -0.51775 -0.85233 -2.0794 2.1783 1.42 1.7814 -0.42942 -0.40731 -1.1167 1.2778 -1.6647 0.83866 -1.3193 0.077069 -2.4661 -0.70564 -1.6611 0.14633 1.3606 0.25553 2.2302 0.37755 -0.20224 1.3335 0.087948 0.33676 1.1217 0.60272
-0.51278 1.7442 0.92831 0.80767 -0.26311 -0.6167 -0.58677 0.55621 -2.3593 -0.90165 -1.7952 0.71445 -1.494 -2.1614 1.4465 1.5558 2.2413 -0.16324 0.38649 -0.88569 1.134 -0.44699 0.60278 -1.5226 0.53087 -2.0189 0.45768 -2.0914 -0.38978 0.34376 0.26871 1.8214 1.2372 -0.7185 1.7122 0.070772 1.1608 0.90007 1.4447
-0.6482 1.6277 0.45992 0.90589 -0.1839 -1.0983 -1.2908 1.7236 -1.1549 -0.65508 -1.2643 0.64352 -1.594 -1.7717 0.48346 1.23 2.1688 -0.26852 0.89472 -0.27247 0.88528 0.65955 0.59197 -0.51687 1.4148 -1.2834 1.4905 -1.6889 -1.0293 -0.65124 0.38812 0.63229 1.1749 -1.1016 1.4608 -0.023005 1.3398 0.69931 1.7501
-0.82402 1.456 1.0285 0.59255 -0.69224 -0.37523 -0.54237 0.81695 -1.8186 1.5343 -0.052361 -0.61555 -1.6344 -0.81857 -0.17672 0.67334 1.6698 0.12799 1.1603 0.87956 0.35823 0.79512 0.64914 0.1685 1.0878 -0.49814 1.645 -1.0096 -1.0788 -1.3489 0.4217 -0.10219 0.6152 -1.4993 0.16387 -0.087581 1.2846 0.22288 1.4862
-0.94008 1.6283 1.311 1.4593 -0.47636 -0.33834 -0.8272 1.3438 0.23091 1.0951 -2.243 0.22918 -1.5694 0.024895 -0.054386 -0.053474 0.75953 0.1255 0.41227 0.26538 -0.42375 0.67653 0.76846 0.43434 1.181 -0.1015 1.0769 -0.20386 -0.76906 -1.618 0.79499 -0.73224 -0.099165 -0.98835 -0.58429 -0.76395 0.38491 -0.84375 0.94903
-0.87673 1.4452 0.86352 1.4843 -0.98599 -0.54873 -0.88604 0.67794 0.37266 1.2885 -0.67754 1.5877 -1.6113 0.0035981 -0.10118 0.18987 0.23103 0.4003 0.43563 0.040027 -1.0539 -0.14478 0.32365 0.49397 1.0835 0.043717 0.020879 0.12514 -0.1015 -1.6663 0.83783 -0.68992 -0.56741 -0.33492 -0.97198 -1.3652 0.19569 -1.7143 0.46449
-0.56552 1.4637 0.54205 1.6229 0.11023 -0.0078915 0.35077 0.8226 -1.3861 0.38501 -0.65145 1.2764 -1.6057 -0.17709 0.085459 0.045844 -0.3695 1.0228 -0.13474 -0.023907 -0.28365 -0.089425 -0.94294 0.065815 -0.26678 0.13975 -0.13438 -0.69498 -0.30044 -1.4096 0.22248 0.038636 -0.10856 0.33683 -0.23009 -1.252 0.077234 -2.0099 0.63214
-0.53004 1.7412 0.81223 1.5029 -0.11102 -0.36306 -1.0903 0.34105 -1.5056 0.34171 -0.99412 1.9873 -1.6581 -0.678 -0.012217 0.45169 -1.1208 1.1834 0.12259 -0.042274 -0.34958 -0.83345 -1.5323 0.73083 -1.602 0.20984 0.5226 -1.7221 -1.2848 -1.3154 -1.0852 0.17113 -0.0051507 0.051885 1.1508 -0.60083 0.36294 -1.3062 1.2541
-0.98761 1.2968 1.2156 0.68626 0.015196 -0.24369 -1.2633 0.12317 -1.083 1.1713 -0.031685 0.78851 -1.4889 0.11622 -1.3468 -0.73005 -1.4019 0.13857 0.64485 0.11736 -0.14173 0.52611 -1.0885 0.46401 -1.4774 0.94351 1.3797 -2.3326 -1.9327 -0.75713 -1.8244 0.39238 0.42918 -0.76009 1.8552 0.3412 0.8881 0.13452 1.7936
-1.2562 1.7007 1.1853 0.37467 0.67529 -0.7508 -0.24824 1.1542 -0.46123 -0.42528 -1.2478 -1.6599 -1.4357 0.83062 -2.4893 -1.8168 -1.9 -1.0893 0.37419 -0.022062 -1.0302 1.8759 -0.93781 0.99765 -0.91398 1.8809 1.9248 -1.8944 -1.9803 0.12232 -1.4603 0.12963 0.56318 -1.047 1.974 0.78641 0.84684 1.3184 1.8066
-1.8087 1.4695 1.7344 0.32186 0.74546 0.17635 -0.81341 0.54201 -0.98829 -1.6538 -0.40191 -0.71798 -1.3721 1.638 -2.8838 -2.4316 -1.5012 -1.0934 0.48911 0.80496 -1.3861 2.3245 -0.47587 1.6547 -0.35065 2.5069 1.4938 -0.61973 -0.69387 0.85134 -0.21355 -0.057911 0.2 -1.1696 0.93157 1.0368 1.1581 1.3927 1.0702
0.38102 -0.86351 -1.4829 -0.00885 -1.396 0.8793 -0.1911 0.28199 0.88006 0.33188 0.30865 1.1135 -0.26855 2.1454 -2.6594 -2.3985 -0.81851 -0.80254 0.4498 0.7091 -1.7135 2.2789 -0.082513 1.7777 0.44727 2.6541 0.64515 0.82222 0.81429 1.4951 1.1513 -0.050713 -0.16254 -0.42553 -0.010308 1.0504 0.56718 0.41332 -0.021325
0.59128 -1.1228 -1.6335 -0.95399 -1.3773 -0.1351 -0.45988 -1.3229 0.8874 -0.87898 0.8705 0.49633 0.55958 2.2406 -2.3736 -1.7239 -0.21946 -0.37922 0.49927 0.15257 -2.0182 2.2049 0.79774 2.3205 0.60219 2.4675 -0.71537 2.0891 2.3651 1.6065 1.9482 -0.16868 -0.84863 0.18021 -0.81277 0.46721 -0.31241 -0.72204 -1.1424
0.83525 -0.72866 -1.1228 -0.20558 -0.60106 0.10873 -0.15957 -1.1438 1.5515 0.345 1.6291 0.54753 0.75814 1.7311 -1.2501 -0.62247 0.48085 0.61773 0.27504 0.011743 -1.5235 1.8903 0.76956 1.764 -0.57623 1.8614 -1.5148 2.3059 2.6649 1.4666 1.8048 -0.03109 -0.81824 0.82966 -1.2361 0.0030932 -1.0138 -1.1762 -1.7656
0.70765 -0.77476 -0.78278 -0.10267 0.027796 0.29034 -0.13413 -1.1014 1.6738 0.22592 1.646 -0.16258 0.82012 0.51394 0.19572 1.1416 1.0956 1.6843 0.25779 -0.45052 -1.1435 0.83276 0.14315 1.0532 -1.2808 0.8615 -1.5655 1.7361 1.8835 1.014 0.82851 -0.061651 -0.62771 0.91904 -1.4894 -0.56518 -1.7193 -0.58614 -1.7368
0.97807 -0.91628 -0.60925 0.28821 0.16214 0.53941 -0.44625 -1.2476 2.1121 0.24179 2.1862 -0.59867 0.86605 0.1892 0.232 1.1931 1.4883 1.3973 0.51384 -0.53541 -0.58352 0.41341 0.2559 0.44125 -0.95554 0.30214 -0.99254 0.653 0.76614 0.43011 -0.45117 -0.12073 -0.35474 0.53122 -1.2449 -0.4216 -1.7682 0.65506 -1.1938
0.88811 -0.76493 -0.35039 0.76807 0.44123 0.88951 -0.7499 -1.5196 1.8534 -0.10461 2.077 -0.52937 0.88279 0.097724 0.031433 0.92493 1.3282 0.71832 0.26498 -0.75562 -0.75164 -0.12605 -0.20026 -0.35781 -0.38005 0.14353 -0.29886 -0.15811 -0.1911 -0.17483 -1.169 -0.36222 0.16147 0.32401 -0.67059 -0.11079 -1.6857 1.2191 -0.51752
1.0482 -0.72927 -0.31046 0.80302 0.40432 0.64404 -0.76468 -1.8185 1.8003 0.21436 1.7105 -0.43726 0.91632 0.092057 0.020536 0.94359 1.2381 0.30174 0.044051 -0.49558 -0.7172 -0.19983 0.0062779 -0.96516 0.2679 0.086736 -0.18409 -0.17667 -0.25398 -0.56922 -0.94066 -0.46359 0.37565 0.37603 -0.13241 -0.10109 -1.2923 0.89851 -0.189
0.70928 -0.75357 -0.02039 0.97226 0.52642 0.4489 -0.87246 -1.9075 1.5507 -0.048635 1.6895 -0.6748 0.93993 0.0068017 0.02391 0.92603 0.87396 0.15065 -0.19454 -0.14332 -0.46678 -0.25597 0.025376 -1.5181 0.52287 0.043645 -0.16375 -0.085896 -0.19767 -0.63671 -0.61058 -0.2526 0.38586 0.70718 0.28278 -0.13584 -0.6631 0.3124 -0.11529
0.96398 -0.77478 0.048601 1.4835 0.38341 0.57494 -0.99425 -1.9179 1.5176 0.082955 0.98017 0.064808 0.90459 -0.10736 -0.075322 0.73412 0.57315 0.0076726 -0.13665 -0.10494 -0.017565 0.18334 -0.077898 -1.4894 0.37128 0.013363 -0.095621 -0.010051 -0.28731 -0.76439 -0.46112 -0.059485 0.056108 0.85951 0.34712 -0.35787 -0.27328 -0.31834 -0.098347
0.9195 -0.8611 0.4841 1.4343 0.44324 0.54644 -0.67469 -1.9599 1.7995 0.35123 0.43598 0.0012308 0.92408 -0.10674 -0.067648 0.67703 0.38227 -0.21842 -0.12316 -0.19479 0.23395 0.23619 -0.45656 -1.3849 0.18187 -0.026844 -0.057171 0.048171 -0.31718 -0.8805 -0.48046 -0.057112 -0.13343 0.82763 0.037147 -0.31859 0.12334 -0.54056 -0.096568
0.97249 -0.81947 0.49616 1.3104 0.46669 0.41231 -0.70785 -1.8671 1.7553 0.065293 0.13803 -0.039518 0.91952 -0.028495 0.056391 0.54707 -0.05199 -0.33046 -0.10241 -0.34417 0.55626 0.23946 -0.54577 -1.5642 -0.20133 -0.054816 0.1424 0.12843 -0.58368 -0.85731 -0.42418 -0.19602 -0.038062 0.58276 -0.39695 -0.12337 0.5208 -0.40501 -0.09148
0.64746 -0.82053 0.35332 1.3835 0.44958 0.7568 -1.0699 -1.5396 2.2166 -0.30109 0.22188 -0.25033 0.9127 -0.13837 0.053362 0.44244 -0.5836 -0.53158 -0.31791 -0.26043 0.80976 -0.23241 -0.4462 -1.2431 -0.27215 -0.095883 0.46179 0.03426 -0.75422 -0.56916 -0.22372 -0.17801 0.23106 0.15076 -0.45703 0.20593 1.0285 0.015864 -0.13152
0.86665 -0.80824 0.59021 1.3227 0.012406 0.26723 -1.1127 -1.6598 1.802 -0.67659 -0.11674 -0.30414 0.88943 0.17428 0.10455 -0.22627 -0.66727 -0.58649 -0.41003 -0.1265 0.79435 -0.41826 -0.35368 -0.55106 -0.21368 -0.11665 0.95164 0.093132 -0.93673 -0.22161 0.17227 -0.0043982 0.51928 -0.23567 -0.45693 0.53218 0.98964 0.42332 -0.26578
0.78773 -0.67191 0.70934 0.98728 0.13941 0.40269 -1.3253 -1.1699 1.7536 -0.6026 -0.99708 -0.74906 0.86727 0.65232 -0.021564 -0.33433 -0.45221 -0.483 -0.30581 0.15656 0.39676 -0.39368 -0.089615 0.10354 0.21241 -0.23198 1.0502 0.38676 -1.2415 0.24925 0.57805 0.20968 0.29676 -0.51092 -0.4131 0.64005 0.41387 0.59506 -0.59203
0.8095 -0.83694 0.71159 0.63357 -0.28408 0.075654 -0.93253 -0.96939 1.0941 -0.074318 -0.74733 0.10398 0.79768 1.3486 0.27043 -0.80538 -0.55873 -0.039853 -0.11433 0.45857 0.31293 -0.63843 0.46572 -0.31801 0.39042 -0.46265 0.20474 0.75209 -1.1332 0.58047 0.78942 0.17158 -0.23806 -0.58974 -0.60291 0.61902 -0.02439 0.68465 -1.0866
1.2743 -0.74404 -0.22931 0.71095 -0.080602 0.047847 -0.69633 -1.1674 1.5741 -0.27509 0.21971 -0.35759 0.83113 1.2303 0.67772 -1.5814 -0.12914 0.23497 -0.063999 0.032821 0.079467 -0.99123 0.57418 -0.55798 0.6011 -0.98154 -1.2053 1.3259 -0.34323 0.73187 0.68945 0.053185 -0.52185 -0.19206 -1.1389 0.41336 -0.29771 0.27053 -1.5249
1.7388 -0.92087 0.18363 1.1004 -0.0084784 0.33128 -0.74419 -1.6068 1.6495 -0.34329 0.60771 0.33986 0.62349 0.26714 1.1225 -1.7127 0.34805 0.47204 -0.20172 -0.50141 -0.16724 -1.3765 0.69768 -0.26949 0.94529 -1.6839 -2.5776 1.5217 1.236 0.60268 0.097014 -0.10547 -0.3243 0.57471 -1.3834 0.22342 -0.15669 0.016169 -1.5671
2.3395 -0.28377 -0.63588 0.52838 0.46707 0.62557 -0.68771 -1.0008 1.1049 0.50073 -1.3558 -0.0013917 0.3377 -1.0503 1.9571 -0.50672 0.57664 0.49996 -0.15835 -0.34282 0.26958 -2.3775 0.71948 -0.50054 0.46539 -2.3463 -2.9137 1.2299 2.3059 0.30775 -0.28668 -0.25416 0.21465 1.3555 -0.92973 0.42167 0.24931 -0.22792 -1.0351
1.7422 0.092705 -1.4136 1.2138 0.16423 -0.065416 -1.5592 -1.4406 0.050844 0.069215 -1.5576 0.35935 -0.32618 -2.3093 2.3894 0.99759 0.31003 0.0080934 -0.2655 0.044737 1.3024 -2.798 0.89502 -0.65277 0.48324 -2.5807 -2.2489 0.43677 2.4586 -0.057661 -0.61115 -0.14875 0.8673 1.5348 -0.11597 0.22618 0.9775 -0.24997 -0.10655
0.27315 0.44464 -1.0694 1.3309 0.57894 -0.09009 -1.8681 -1.2731 -0.18488 0.72918 -0.51185 0.90799 -1.0131 -2.9054 2.2755 1.4134 0.51661 -0.03813 -0.51357 0.18855 1.9076 -2.2057 1.4191 0.11582 0.37205 -2.3832 -0.69267 -0.80509 1.4458 -0.39565 -0.61962 0.28719 1.023 0.8166 1.3604 0.057631 1.2354 -0.14822 1.0033
-0.46572 1.3448 0.8096 1.2969 0.19364 -0.0013765 -0.54078 -0.46392 -2.0485 0.85671 -0.63715 0.21618 -1.5512 -2.9915 1.761 1.9641 0.26772 -0.3437 -0.30485 0.90956 1.9162 -1.7238 0.85598 1.3182 0.48807 -1.8569 1.0874 -2.0132 -0.15896 -0.68688 -0.38766 0.94349 0.51395 -0.95043 2.3912 -0.61674 0.69558 -0.57475 2.071
-0.80616 1.5514 1.418 0.90794 -0.22962 -0.02288 -0.37479 0.66677 -1.2431 1.0052 -0.67307 0.42074 -1.5532 -1.9981 0.82443 1.7444 -0.19432 -0.42407 0.41069 1.1991 1.5053 -0.15762 0.87162 0.91062 0.16128 -0.91706 1.9321 -2.5467 -1.2416 -0.87181 -0.23344 1.3238 -0.54103 -2.5545 2.7235 -1.4389 -0.33014 -1.0143 2.4995
-0.75473 1.293 0.79895 1.8172 0.37973 -0.32093 -0.95964 0.64179 -0.58024 2.4635 0.13134 0.87727 -1.6638 -0.73776 -0.51557 0.55214 -0.71408 -0.48444 1.0715 0.5405 -0.29957 1.0425 -0.20093 0.2984 -0.56063 0.38462 1.6636 -2.1715 -1.4296 -0.50607 -0.063349 0.82982 -1.4111 -2.6899 2.1232 -1.4915 -1.1314 -1.1709 2.0494
-1.1197 1.5249 0.85254 0.78025 -0.064931 0.15806 0.095819 0.66704 -1.6261 0.87591 0.55927 0.82466 -1.6721 -0.43448 -1.181 -0.19411 -0.74509 -0.37772 1.3214 -0.64296 -1.825 1.9552 -1.2537 -0.017044 -1.1264 0.9597 0.67869 -1.0973 -0.39941 -0.094129 -0.16197 0.12573 -1.1497 -1.3121 0.57946 -1.2582 -0.88653 -0.67326 1.0022
-0.90376 0.77152 0.67565 1.0213 -0.28196 0.795 -0.50631 -0.20157 0.23742 1.5365 -0.45636 0.53366 -1.3688 -0.67537 -1.1529 0.26677 -0.47174 -0.47294 0.8224 -0.84889 -1.5154 1.5363 -1.3998 -0.41627 -1.2021 0.86431 -0.2061 0.12884 0.99362 0.40109 -0.17258 -0.83773 -0.34494 0.66572 -0.69025 0.057143 -0.59191 0.43261 -0.17966
-0.70159 -0.06618 0.26538 0.15939 -0.089134 1.6553 -1.0571 -2.068 0.60099 -0.13672 -0.34728 -0.57882 -0.45125 -0.76499 -0.83203 1.1555 -0.4994 -0.71209 0.77712 -0.28605 -0.37472 0.75585 -1.3278 -0.45501 -0.86302 0.63216 -0.30847 0.96908 1.5851 0.42385 -0.23778 -1.2915 0.88822 2.0495 -1.7968 1.2913 -0.15127 1.6986 -0.87538
-1.3037 0.56118 1.2303 0.60313 -0.40315 1.3807 -1.4594 -1.9553 0.50802 -1.0381 -0.67135 -1.303 -0.78464 -0.95552 -0.44894 1.7624 -0.021922 -0.61849 -0.24908 -0.27908 0.23221 0.20659 -0.032355 -0.6336 0.16017 0.22634 0.082107 1.2225 0.99278 0.2692 -0.00191 -1.227 1.2043 2.3852 -1.7946 2.0501 0.035534 2.421 -1.1562
-1.837 0.5816 1.8303 0.99821 -0.60762 0.14604 -1.2648 0.31813 0.4864 0.36383 -0.74571 -0.11312 -1.1052 -0.86801 0.22679 2.0541 -0.10907 -0.72266 -0.59963 0.78879 1.1782 -1.0778 0.9435 -0.2039 1.5607 -0.2861 0.48622 0.81334 -0.15004 -0.11006 0.21804 -0.777 0.68425 1.4531 -1.0882 1.8571 -0.1165 1.8073 -0.89102
-1.5642 0.55088 2.1883 0.83139 -0.58891 1.1972 -0.2898 0.69247 -0.48574 0.52136 0.07598 0.35438 -1.1813 -0.47029 0.53556 1.7009 -0.11792 -0.46396 -0.82315 0.93464 2.2208 -1.2403 2.0359 -0.47468 2.3897 -0.74302 0.86058 0.24264 -0.90182 -0.16758 0.47204 0.49533 0.055086 -0.17946 -0.62359 0.60779 -0.19566 0.24858 -0.31449
-2.0696 0.66782 2.7243 0.5767 -0.87714 -0.10279 -0.52118 -0.30685 -0.64186 1.3318 -1.0611 1.1258 -1.1985 -0.10166 0.15403 0.92308 -0.66744 -0.39269 -0.4129 0.43376 1.3788 -0.76994 1.7796 -0.76248 1.6063 -0.4759 0.76916 -0.23909 -1.3767 0.14067 0.52967 1.0588 -1.0129 -1.6565 0.17053 -0.25779 -0.13431 -1.1111 0.15498
-1.5139 0.64889 2.6841 0.44683 -1.086 0.7805 0.20166 0.0047646 -0.77919 2.3096 -0.66237 2.0521 -1.2094 0.26422 0.034247 0.65261 -0.074815 0.067002 0.60326 0.022147 -0.21148 -1.2466 0.90782 -0.73601 0.62414 -0.24166 0.59787 -0.30322 -1.2948 0.47254 0.36874 1.1934 -0.97074 -1.7956 0.7739 -1.188 0.30518 -1.7403 0.34665
-1.3672 0.73607 2.2809 0.16667 -0.43466 0.41122 -0.68447 1.1305 -0.67529 2.1846 -1.2893 1.678 -1.3673 0.19743 0.053554 0.010929 0.15909 -0.034702 0.70582 -0.67328 -0.74569 -0.75036 0.93746 -0.33584 0.22831 -0.26106 0.063226 -0.084794 -1.2872 0.70931 0.13713 0.35519 -0.62436 -0.63091 0.95346 -1.5627 0.82729 -0.99255 0.1364
-1.8443 0.66479 2.5403 -0.021338 -1.1054 0.49559 -1.2189 0.38668 -0.16323 1.4169 -1.7507 0.23782 -1.3869 0.49397 0.04599 -0.2565 0.42796 0.022961 0.89245 -0.34948 -0.12035 0.30779 -0.18538 -0.097361 -0.3867 -0.23234 -0.28097 0.085215 -1.2761 0.49803 -0.15788 -0.66443 -0.012373 0.46092 0.97766 -1.4827 1.0394 -0.049214 0.01758
-1.4274 0.51805 2.9951 1.5498 -0.27375 1.7748 -0.56952 -0.40516 -2.2409 1.6695 -1.0802 1.0683 -1.3089 -0.098119 0.0031357 -1.0215 0.51792 -0.11855 0.12135 -0.5558 0.13504 0.37788 -1.1509 0.52247 0.13224 -0.23801 -0.10345 0.33349 -0.93175 0.20308 0.088682 -0.99427 0.5747 0.7874 0.055869 -1.4591 0.98942 0.65428 0.034307
-1.547 0.71347 2.0641 0.64043 -1.0445 1.5928 -1.0631 -0.85949 -1.1283 2.8514 -0.2777 1.474 -1.4778 -0.11041 0.22172 -1.2095 0.75632 -0.16605 -0.36721 -0.041854 0.21728 0.16376 -1.3469 0.851 0.56722 -0.2229 0.072537 0.41517 -0.83054 -0.36492 0.01106 -1.2062 0.24846 0.60653 -0.47773 -0.77873 0.37904 0.47994 0.040914
-1.1512 0.7526 2.3898 0.81165 -0.90664 0.85385 -0.38985 0.51093 0.78469 0.72353 -1.5806 0.93042 -1.4206 0.30773 0.57669 -1.2441 0.4105 0.22535 -0.55513 0.29011 0.57279 -0.58845 -1.728 1.109 1.0443 -0.20562 0.49198 0.4117 -0.14765 -0.4581 0.18295 -0.69314 0.31585 0.40916 -0.73803 0.08869 -0.49598 -0.59753 0.075992
-1.9611 0.60377 0.77836 0.79643 -1.0137 0.41839 -1.1061 1.0611 -0.61478 0.085464 0.24017 2.4181 -1.5346 0.4268 0.51785 -1.6866 -0.24847 -0.12212 -1.0635 -0.27899 0.8056 -0.2101 -1.6274 0.3434 0.10378 -0.17657 0.41191 0.21121 0.29749 -0.47692 0.18721 -0.0877 -0.020014 -0.069299 -0.36411 1.1021 -0.62784 -0.83878 0.087672
-1.608 1.0532 1.3011 1.3318 -0.59883 0.020462 -0.91784 0.76386 -1.0069 0.20007 -0.51224 1.4417 -1.5975 0.54995 0.60744 -1.0416 0.10222 0.19347 -0.84786 0.18505 0.612 -0.96843 -0.80882 -0.18847 -0.83057 -0.12655 0.23887 -0.087254 0.98387 -0.19371 0.29982 0.40718 0.41038 -0.56468 0.39092 1.6257 -0.66316 -0.86731 0.080913
-1.0495 1.3041 1.6751 0.86315 -0.45544 0.90433 -0.44981 0.049039 -2.3275 -0.77715 0.21534 1.8232 -1.5128 0.53607 0.59634 -0.73328 -0.04559 0.19148 -0.38534 -0.0091981 0.062863 -0.41501 0.65278 0.27901 -0.16926 -0.10694 -0.05363 -0.34188 1.2146 0.0079579 0.37369 0.70099 0.94512 -0.67718 0.98022 1.5438 -0.11971 -0.1238 0.077115
-0.85322 0.88335 0.33685 0.73646 -0.99806 0.26875 -1.3441 0.44092 -1.2369 0.40713 -0.96807 0.88634 -1.5156 0.69853 0.38798 0.14599 -0.075719 0.61134 -0.11638 0.95825 -0.12863 0.28892 0.75783 -0.1481 -0.54977 -0.097022 -0.51645 -0.52191 0.75546 0.026097 0.17248 0.42023 0.68449 -0.41046 1.428 0.9357 0.17081 0.2489 0.054164
-1.0712 1.4048 1.103 0.85938 -0.78787 0.040692 -0.3196 0.68295 -1.1612 1.4451 -1.0759 0.0078701 -1.6275 0.25336 0.017906 0.019697 -0.13749 0.3437 -0.091964 1.1599 -0.10987 1.141 1.0326 0.088962 -0.28979 -0.054708 -0.77437 -0.41102 0.52356 0.22484 0.15309 0.28184 0.45653 -0.25283 0.55577 -0.026304 0.32981 0.18312 0.071979
-1.043 1.2682 1.0614 0.87148 -0.54619 0.23478 -0.80924 0.95783 0.41176 1.3271 0.10101 2.384 -1.5592 -0.26951 -0.038411 0.01956 0.20677 0.43263 -0.19185 0.92766 -0.082416 1.1488 1.09 0.23633 -0.28288 -0.057036 -0.75188 -0.26913 -0.088058 0.2424 -0.12719 0.26615 -0.48472 -0.31168 -0.41889 -0.41751 0.51391 0.32915 0.10665
-1.0811 1.0648 1.399 0.94926 0.25254 0.35219 0.55018 0.43407 -1.3162 0.42278 -0.045633 1.2767 -1.6786 -0.42092 0.07488 0.33202 0.27265 0.56147 0.19157 0.89737 -0.44256 0.26698 0.43234 0.72524 0.054011 0.00051965 -0.3572 -0.016898 -0.18945 0.1565 -0.22703 0.23759 -0.81799 -0.3072 -1.1575 -0.55787 0.08848 -0.19255 0.091929
-1.0865 1.0917 1.2691 0.95385 -0.54887 0.24105 0.38627 0.085043 0.15402 1.5778 -0.46934 0.72139 -1.5588 -0.36345 -0.1187 -0.15692 0.21412 0.28232 0.25116 0.18111 -0.55604 -0.15484 0.13208 0.52964 -0.07478 0.064751 -0.035843 0.025646 -0.2918 -0.038839 -0.38617 0.16056 -0.73925 -0.20079 -1.0541 -0.4044 -0.22084 -0.45915 0.072292
-1.4076 1.1899 0.98011 1.0828 -0.25702 0.44588 -0.17849 0.17298 -0.80226 1.4044 0.095866 0.93902 -1.5572 -0.364 0.03575 -0.22925 0.18048 0.02035 0.14145 -0.012466 -0.45832 -0.59806 0.27299 0.11224 -0.78361 0.047492 0.030049 0.016516 -0.328 -0.056989 -0.38016 -0.056441 -0.5361 0.019384 -0.5196 -0.0418 -0.4223 -0.59628 0.022092
