39 280
-0.6771 1.1316 0.37349 1.476 0.47305 -0.16222 -0.21675 -0.11399 -1.328 0.61867 0.084842 -1.4431 -1.5338 -0.38425 0.21112 1.2861 0.0087755 -0.50063 0.67714 -0.23938 0.78996 0.26566 -0.40014 -1.338 1.4862 0.12292 -0.041937 -0.015823 -0.4948 -0.273 0.09089 -0.37051 -0.39267 0.17588 -0.1018 -0.0022215 0.68335 -0.050191 -0.13077
-0.9349 1.4643 1.2204 1.7839 0.50352 1.1029 0.75569 0.37648 -2.887 0.63037 -0.40049 -0.63277 -1.4661 -0.39785 0.090958 0.85447 -0.12456 -0.38527 0.34658 -0.61357 0.84936 -0.20072 -0.28442 -0.36786 1.987 0.02895 0.20638 0.020426 -0.77779 -0.5382 0.17504 -0.36753 -0.10243 0.26974 0.32372 -0.011193 0.80742 -0.98845 -0.12373
-1.0551 1.2129 1.6563 1.3021 0.049086 0.1336 -1.042 0.37452 -0.19825 0.48461 -1.0995 0.81429 -1.4271 -0.44955 0.2413 0.50714 -0.44165 -0.35472 0.13374 -0.82599 1.1129 0.29859 -0.46213 -0.39627 1.0803 -0.060223 0.42666 -0.11482 -1.1227 -0.50442 0.25373 -0.31783 0.27544 0.11962 0.71207 0.24105 0.86083 -1.4923 -0.046174
-1.0764 1.2955 1.4886 1.4839 -0.20048 0.57456 -0.41848 1.1757 -0.99891 -0.089307 -1.8971 -0.0047839 -1.4448 0.038645 0.23177 0.12743 -0.7955 -0.20573 0.24588 -0.14061 1.1761 0.88827 -0.39092 -0.12128 -0.36661 -0.0033162 0.63146 -0.029492 -0.83885 -0.018186 0.14972 -0.068615 0.75157 -0.10628 0.40764 0.26683 0.6751 -1.4274 0.013143
-1.0481 1.1409 0.70059 1.2743 0.33753 -0.043211 -0.93918 0.77261 -2.2963 0.56513 0.97038 1.1411 -1.5825 0.19789 -0.068455 -0.5729 -0.61996 -0.068923 0.11985 0.083625 0.86236 1.1263 0.12755 0.33856 -0.41321 0.057072 0.60716 -0.059956 0.0019185 0.43794 -0.025538 -0.16708 0.60308 -0.96539 -0.14967 0.56622 0.88761 -0.13929 0.025986
-1.2446 1.5568 0.95699 0.86392 0.13052 0.22685 -0.87555 1.5163 -0.68323 -0.018771 -0.89878 -1.039 -1.5917 0.46013 0.19118 -0.27305 -0.06018 -0.20974 0.22391 0.44122 0.74116 0.19005 -0.054098 0.67416 -0.21102 -0.0078014 0.1395 -0.053255 0.70605 0.64899 -0.4458 -0.35728 0.27257 -1.3397 -0.39533 0.38378 0.517 1.5179 0.00858
-0.40181 1.4545 1.0949 0.59127 0.24239 0.99253 0.59457 1.6199 -0.28717 0.24892 -0.56902 -2.0716 -1.3988 0.47616 0.15177 0.68391 0.047175 -0.37642 -0.17375 0.096389 -0.68776 0.35301 0.48357 1.0621 0.66656 -0.013593 -0.17237 -0.18757 0.82116 0.48856 -0.55397 -0.50149 0.092214 -1.2295 -0.58043 0.20436 0.23942 1.9562 -0.0015414
-0.93883 1.1186 0.77485 1.2849 0.14224 0.91133 -0.002882 1.3704 -0.64522 0.9885 -0.38632 0.74484 -1.3488 0.16522 0.023966 0.85242 0.1352 -0.89613 -0.29063 0.40676 -0.8445 0.49564 0.18629 0.59406 2.114 0.045922 -0.58535 -0.3447 0.26178 0.20197 -0.26289 -0.32738 -0.39765 -0.69019 -0.36129 0.15264 0.083915 1.1933 -0.037639
-0.48546 1.5249 1.5278 1.5282 -0.53852 0.032581 -0.97721 1.6339 -0.69281 -0.25442 -0.16556 0.93128 -1.5594 0.030402 -0.32574 0.44286 0.23665 -0.78105 -0.5828 0.29472 -0.91165 -0.17091 0.40963 0.87229 2.3324 0.026391 -0.23037 -0.51691 -0.99859 -0.53241 -0.17392 0.29383 -0.28074 0.43217 0.24616 0.13102 0.17716 -0.7495 0.30203
-0.64601 1.424 2.1978 1.2406 -0.32931 -0.013593 -0.47985 -0.81482 -1.3429 1.0326 0.95829 0.98268 -1.5567 -0.40085 -0.19548 0.33215 0.24566 -0.4945 -0.19751 -0.4416 -0.59336 -0.2601 0.28339 0.93589 1.3191 -0.094829 0.57845 -0.85216 -1.8979 -1.5558 -0.061052 0.52468 -0.34445 0.69417 1.0975 0.35885 0.26969 -2.6738 1.1111
-1.1063 1.2494 1.2236 0.94151 -0.79647 -0.10113 0.10925 0.51308 -0.69774 0.36981 0.85225 3.3623 -1.4814 0.33625 -0.67576 -1.0358 -1.0264 -0.89062 0.34529 -0.029779 0.071736 1.217 0.693 1.254 -0.50785 0.5846 1.3476 -0.92038 -2.1641 -2.047 -0.28479 0.043324 -0.41278 0.85964 1.9023 -0.08854 -0.19301 -3.0565 1.7887
-0.81725 1.1016 1.1754 1.0653 -0.50095 0.15429 0.18442 1.0262 -0.48957 0.65461 -0.43704 0.3011 -1.4248 1.0953 -1.3453 -2.1467 -2.2289 -0.93439 0.2537 -0.10847 0.093136 1.9671 0.75078 0.9605 -1.935 1.7116 1.6771 -0.94414 -1.3821 -1.7348 -0.34703 -0.86862 -0.35178 0.089624 1.5842 -0.40085 -0.30072 -1.7644 1.8597
-1.0449 1.2664 1.5143 1.3702 -0.17715 1.1858 -0.70081 0.96533 -0.88072 0.7886 1.1208 0.26614 -1.5076 1.7973 -1.4187 -2.5766 -2.4707 -1.0909 -0.72332 -0.68567 0.51816 2.4683 0.0020047 0.44474 -2.2849 2.2545 0.93509 -0.3934 0.12975 -0.54917 -0.22721 -1.4971 -0.45239 -0.8828 0.33811 -1.0108 -0.3471 0.72177 1.0293
0.13121 0.37428 -0.68173 -0.48969 -1.7318 0.79283 -0.44186 1.4047 1.6651 1.7345 1.906 0.31988 -0.57374 1.9972 -1.5349 -1.6273 -2.3736 -1.0457 -1.3273 -0.80576 -0.6431 2.2397 -0.15941 0.69889 -1.4197 2.3259 -0.021871 0.231 1.2921 0.64954 0.096813 -1.3698 0.23225 -1.1211 -0.53698 -1.0524 -0.41097 2.3545 -0.10249
1.0668 0.17322 -0.39768 -1.6451 -1.5839 -0.40697 -0.91391 0.25275 1.3361 0.56486 1.1617 -1.7743 0.28473 1.6323 -1.2946 -1.069 -2.0047 -1.2524 -1.7338 -0.57402 -1.4067 1.7481 -0.84003 0.64569 0.64246 2.0789 -1.0477 0.77224 2.002 1.6879 0.72916 -0.28172 0.81271 -0.87048 -1.3355 -0.66522 -0.40161 2.3995 -1.1137
1.022 0.22615 -0.60219 -1.1521 -1.4668 -1.4075 -0.85669 0.41477 1.5608 0.52496 0.90169 -0.53483 0.26149 1.1431 -0.99033 -0.40118 -1.1966 -0.63851 -1.8665 0.30901 -1.2861 1.2685 -0.89815 -0.013366 1.3162 1.6188 -1.4622 1.1496 1.5333 2.081 0.90818 0.87027 0.69271 0.26559 -1.4658 -0.10075 -0.35911 1.2993 -1.6823
0.77858 -0.13772 0.20564 -1.0293 -1.6699 -1.096 -0.61936 -0.20857 1.7161 0.20178 1.4278 1.5338 0.17996 0.2797 -0.29386 0.69796 0.21225 0.1551 -0.99212 0.38854 -0.98134 0.32004 -0.93699 -0.052852 1.153 0.65658 -1.1957 1.2653 1.077 1.4424 0.81255 1.7163 -0.15432 0.80362 -1.228 0.69612 -0.13565 -0.94984 -1.7002
0.78756 0.11859 0.1569 -0.8795 -1.9749 -0.95345 -0.78919 -0.90421 1.3483 -0.19304 1.0594 1.131 0.19584 -0.042952 0.045166 0.46026 0.54897 0.049679 -0.026891 0.10511 -0.31678 0.063023 -0.30888 0.28378 0.90262 0.089836 -0.73327 1.3514 0.36387 0.52383 0.47633 1.6655 -1.0761 0.93389 -0.80197 1.2097 -0.15412 -2.0304 -1.4713
0.79584 0.036296 0.057148 -0.83147 -1.1955 -1.0424 0.036871 -0.11985 1.7767 0.44049 1.5344 1.4686 0.37007 0.0050396 0.4776 0.5791 -0.080254 0.015912 0.64041 -0.77016 -0.23469 -0.070828 0.23498 0.20243 -1.1284 -0.13538 -0.56918 1.1053 0.097107 -0.13157 0.41111 1.2407 -1.2115 0.95913 -0.37989 1.0269 -0.43049 -1.6574 -1.1234
0.92191 0.05996 -0.01345 -0.74846 -1.5158 -0.8459 -0.34421 -0.016515 2.1137 0.22766 1.4572 0.096009 0.34928 -0.078868 1.0698 0.34255 -0.027891 0.38712 0.51386 -1.2491 0.2679 -0.11741 0.8958 -0.47452 -1.7092 -0.56304 -1.1142 0.65597 0.64061 0.25678 1.1831 0.91901 -0.7608 0.64481 -0.7071 0.1587 -0.83302 -0.14062 -1.0075
1.0429 0.30188 0.068319 -0.97686 -1.605 -0.8213 -1.2537 -0.13985 1.1036 0.066099 1.3377 -0.22084 0.29758 -0.7561 1.194 0.91947 0.25685 0.8151 1.1192 -1.342 0.70607 -0.33855 0.48102 -0.58812 -0.95166 -0.98547 -1.8834 -0.09087 0.69768 0.65766 1.7309 0.63216 0.86343 0.46673 -0.44884 -0.58645 -0.64159 1.6783 -0.73397
0.80782 0.68835 0.56288 -1.4025 -1.6233 -0.34265 -2.0088 -0.39731 1.602 0.90695 1.2347 -1.4565 -0.06048 -1.7309 0.87349 1.5155 0.8869 1.9859 1.4985 -1.1173 0.53963 -1.1973 -0.11945 -1.0814 0.47561 -1.2506 -2.1596 -0.86825 0.22634 0.4229 1.8861 0.42032 2.4336 0.27994 0.18958 -0.96272 -0.38347 1.751 -0.098807
0.5292 1.0333 0.53449 -0.70613 -1.0196 -0.54072 -1.7043 0.09302 1.5659 1.2998 0.31475 0.13045 -0.43867 -2.6696 0.40996 1.3297 0.74336 2.6217 1.3626 0.89673 0.58629 -0.41568 -0.41082 -0.85225 1.1245 -1.0781 -1.416 -1.2034 -0.62492 0.078656 1.4466 -0.31121 2.9347 0.068951 0.52335 -0.76737 0.018622 1.2276 0.59069
-0.44468 1.0734 1.2583 -0.28725 -0.49126 0.76517 -1.5764 0.67547 1.0107 -0.085954 0.63876 0.48606 -0.55573 -3.1371 -0.11159 0.55284 0.55629 3.192 1.2003 2.4975 0.89661 0.29564 -0.55191 -1.158 0.74535 -0.6909 -0.077291 -0.99857 -1.0708 -0.48663 -0.26543 -0.99482 2.0525 -0.03849 0.84385 -0.17435 0.49053 -0.076607 0.92941
-1.4332 0.45667 1.7077 0.40514 1.7261 0.75308 -1.0715 0.57051 -0.012277 -0.013642 0.043791 2.1211 -0.59369 -2.6834 -0.49377 0.15161 0.58448 3.0623 0.67334 2.7165 0.65811 -0.052195 -0.81209 -0.52023 1.346 -0.232 1.6674 -0.59598 -1.4311 -0.85701 -2.3123 -1.7085 -0.020538 -0.58089 0.45024 0.83801 0.7325 -0.4068 0.85987
-2.1155 0.46092 0.99068 -0.67526 0.89939 0.4325 1.1006 0.48405 2.2515 -0.20225 0.63803 0.3189 -0.45331 -1.862 -0.48406 -0.016635 0.036508 1.2736 -0.06304 2.0785 0.41105 0.28596 -0.26155 -0.22596 0.15585 -0.047155 3.0989 -0.2012 -1.7011 -1.0394 -4.1707 -1.9403 -1.6594 -1.1342 0.24002 1.5188 1.167 0.1143 0.65947
-2.3534 0.48237 0.3629 -0.81516 1.8997 0.61027 1.1856 1.1263 1.8193 0.15716 -0.71749 -0.45552 -0.38826 -0.1968 -0.48423 -1.2112 -0.64219 -0.90704 -1.2807 1.0751 -0.39035 0.47781 1.0928 0.2118 0.54145 0.10479 3.6461 -0.13462 -1.5682 -0.74013 -4.2627 -1.4167 -2.5472 -1.2159 -0.35957 1.6269 1.0855 0.75466 0.46837
-1.8455 0.51329 1.0359 -0.13087 1.8211 0.34919 0.30766 0.46702 0.94486 0.11933 0.76226 1.9002 -0.46101 1.3955 -0.48194 -2.1194 -0.82817 -2.9393 -1.5424 0.016888 -0.94803 0.50462 1.4837 0.9194 1.3252 0.29449 3.2775 -0.20979 -0.83384 -0.18323 -2.9048 -0.49595 -2.2644 -0.92091 -0.81018 0.95447 0.96881 1.1521 0.34714
-1.7921 0.66644 1.1063 -0.35728 -0.17867 -0.3086 0.22183 0.99381 1.6025 0.57994 -0.036811 0.38518 -0.63455 2.4825 -0.73984 -1.8906 -0.40279 -3.1268 -1.3024 -1.3256 -1.2008 -0.87025 1.5159 1.1791 2.2358 0.41629 1.9112 0.084479 0.35821 0.25781 -0.62638 0.41801 -1.3209 -0.33341 -0.90881 -0.33023 -0.1407 -0.23873 0.12836
-0.67438 0.18417 -0.46874 -1.1815 -1.2503 -0.97511 -0.12814 -0.41308 1.3575 1.4977 1.0769 2.2881 -0.36945 2.9066 -0.73738 -1.3346 -0.42684 -3.261 -1.0015 -1.2299 -1.1094 -0.63756 1.4048 1.3172 1.5882 0.40391 -0.01173 0.72382 1.5977 0.64699 1.8439 1.2751 -0.20192 0.193 -0.97283 -1.2347 -0.98631 -1.6075 -0.30652
0.083565 -0.14864 -1.2679 -0.97833 -1.7484 -0.99005 0.12344 -0.8234 1.6975 1.5528 1.4839 3.3936 -0.13546 2.612 -0.2048 -0.93033 -0.33439 -1.9428 -0.74741 -0.92734 -1.0149 -0.74322 0.48285 -0.29239 -0.12737 0.27375 -2.0345 1.3386 2.4004 1.0236 2.9831 1.7734 0.30055 0.63316 -0.41533 -2.1311 -1.4989 -2.8698 -0.77085
0.61197 -0.13068 -0.72123 -0.99026 -1.6032 -0.57742 -0.51813 -0.5139 0.4806 1.3107 1.5879 2.4568 -0.043385 1.3149 0.55993 0.49746 0.398 0.094539 0.62797 -0.57532 -0.65275 -1.4773 -0.42839 -0.42756 -0.80272 -0.17216 -3.4458 1.3729 2.6374 1.4706 3.3414 1.5052 -0.12438 1.2642 0.076726 -2.01 -1.5442 -2.8208 -1.0712
0.93632 0.065163 -0.0029811 -0.8541 -1.5087 -0.47416 -0.52311 -0.0044893 0.84904 1.727 1.047 1.6043 -0.24204 -0.50372 1.0342 1.86 1.1728 1.0452 1.2865 -1.0433 -0.12661 -1.2691 -1.7595 -1.1086 -2.4348 -0.64676 -3.7089 0.66743 1.8549 1.2784 2.6169 0.7563 -0.36378 1.5592 0.84261 -1.1014 -0.56283 -1.3294 -1.0028
0.89678 0.71354 0.23767 -0.50964 -0.87322 -1.1051 -0.78826 -1.0169 0.27959 0.32686 -0.79757 0.75783 -0.42945 -1.9452 1.1278 2.4002 1.6713 1.7941 0.87079 -1.4103 1.0598 -0.22275 -1.4279 -1.5301 -3.025 -1.013 -2.7709 -0.30895 0.15993 0.65841 1.3987 0.078755 0.15719 1.396 1.0168 -0.16222 -0.20165 -0.26672 -0.49134
-0.61324 1.1036 1.0878 -0.12519 -0.32005 0.86559 -0.1826 -0.26463 -0.32748 0.45448 0.39854 0.26904 -0.80487 -2.6576 0.71854 1.7181 1.5093 2.3423 0.58383 -1.2259 1.3552 0.2921 -1.1838 -0.93371 -1.7625 -1.0631 -1.07 -0.88876 -1.0764 0.15549 0.46519 -0.23762 1.1441 0.72302 0.15182 0.57821 0.47171 0.93624 0.053669
-1.2704 0.65294 0.89711 0.25768 -0.44154 0.51184 -1.7749 -0.85104 0.26044 -0.85796 0.15963 -0.32214 -0.72978 -2.7614 0.15707 0.85391 1.5122 2.2026 1.1323 -0.16049 1.4937 -0.25174 -1.0351 -0.9484 -1.7329 -0.8256 0.71186 -0.83231 -1.6092 -0.3537 -0.59267 -0.41068 1.6308 -0.6947 -0.7887 0.33673 0.60838 1.2261 0.3678
-1.866 0.71074 1.49 1.0457 0.51477 -0.42811 -1.7837 1.8591 1.8199 0.6467 -0.69747 -0.84352 -0.9575 -2.082 -0.091005 0.50114 1.5631 1.7752 0.70191 0.62471 1.1457 -0.9546 -0.8182 -0.41748 -1.2385 -0.64757 1.9163 -0.10899 -1.33 -0.61875 -1.3875 -0.28513 1.9365 -1.2967 -0.93872 0.41507 0.36881 0.80917 0.32365
-1.8801 0.5625 1.0716 0.28395 1.384 0.026007 -1.6334 1.2079 0.45526 0.12056 0.37481 0.64192 -1.0063 -0.90164 0.024261 -0.16512 0.97136 0.94682 0.026028 0.92839 -0.29132 -1.1546 -0.94804 -0.51902 -0.85755 -0.5777 2.1253 0.52378 -0.87721 -0.82479 -1.9255 -0.4639 1.2576 -1.888 -0.072806 0.6327 0.55786 0.93115 0.18513
-2.0759 0.54343 0.80417 1.0285 0.92165 1.4495 0.29468 1.128 -0.45853 -0.21782 -1.4582 -1.6905 -1.0016 -0.013583 0.58634 -0.40027 0.59461 0.28776 0.59207 2.1037 -0.45862 -1.1076 -0.41059 -0.38274 -0.61521 -0.62133 1.3621 0.6709 -0.57625 -0.87849 -1.6774 -0.56616 0.32874 -1.6677 1.4871 0.69324 0.58097 0.48764 0.25724
-1.9073 0.98523 1.249 1.6095 1.0882 0.07173 0.044859 -0.07203 -1.5816 -1.1511 -0.56961 -0.93165 -1.1425 0.16756 0.76557 -0.43792 0.41323 -0.78641 0.29944 1.6195 -1.6389 -0.31833 0.0060139 0.19724 -0.21256 -0.51563 0.54416 0.30901 -0.27712 -0.98763 -0.89857 -1.2444 -0.78233 -1.1028 2.3392 0.30709 0.95314 0.45545 0.72654
-1.8449 0.98183 0.7975 0.77141 0.34109 0.61462 -0.31852 -1.1349 -0.62446 -0.91236 -0.019937 -0.89356 -1.3499 -0.074549 0.75192 -0.5165 0.1552 -0.60657 -0.51876 0.94504 -1.6575 1.5612 0.068761 0.43596 -0.62724 -0.22922 0.15401 -0.32327 -0.38712 -1.2241 -0.30244 -1.9314 -1.3363 -0.7556 2.6197 -0.52352 0.87961 0.35903 1.4471
-1.3041 1.233 0.60427 1.0872 0.33155 0.99069 0.67094 0.60974 0.37873 -0.20832 -0.84007 -1.0918 -1.3211 0.148 0.49976 -0.67612 -0.70674 -0.33406 -1.8034 -0.043547 -1.9955 2.1257 -0.58335 1.0655 0.017043 0.4975 0.7529 -1.1811 -0.66708 -1.3824 0.027177 -1.7094 -0.64486 0.1401 1.2832 -0.946 0.17379 0.36238 2.1347
-2.0095 1.2928 1.0426 1.3457 -0.081561 -0.17635 -0.044858 -0.54049 1.3181 1.0875 0.027348 -0.4108 -1.3764 0.28894 0.13262 -1.0654 -1.2001 -0.5027 -2.0591 0.27859 -1.8626 2.8384 -1.1455 1.0224 -0.056705 1.4052 1.6247 -2.067 -0.87695 -1.3199 -0.35647 -0.62863 0.17891 0.47275 -0.77613 -0.38896 -0.64924 0.7674 2.3003
-2.2707 1.1347 0.22907 0.5145 1.1568 -0.18103 0.18565 -1.5006 1.7769 -0.95281 0.38635 -1.5114 -1.0258 1.3936 -1.0647 -1.4951 -1.5696 -0.75915 -2.2073 0.67573 -1.258 1.5747 -1.2476 0.25973 0.18227 2.4044 2.2943 -2.2776 -0.72032 -0.65823 -0.42519 0.9239 1.0589 1.3264 -2.1188 0.9153 -1.4429 0.8645 1.6997
-1.4986 1.1097 0.22491 0.22545 0.3887 -1.6169 0.050396 -2.4533 0.94602 -2.1635 0.16495 -1.4263 -0.34374 2.3336 -2.2098 -1.849 -1.9532 -1.0638 -1.5206 0.95227 -1.057 0.30628 -0.36405 -0.53538 0.79053 2.8446 2.2109 -1.7422 -0.12374 0.26184 -0.25514 1.7891 1.019 2.1116 -2.8823 2.448 -1.2789 1.2451 0.50385
-1.2664 1.1421 -0.1022 -0.09846 -0.16859 -2.0491 0.50775 -2.5335 2.6252 -2.3002 1.0812 -0.55737 0.1337 3.4034 -2.4543 -1.72 -1.5916 -0.85743 -0.2985 1.7425 0.34433 -0.78708 0.82674 -1.1979 1.2905 2.7532 0.85519 -0.5265 0.12818 1.072 0.31221 1.8856 0.68703 2.3978 -2.4696 2.7728 -0.26228 0.74334 -0.90555
0.62076 -0.51423 -1.0683 -1.0176 -0.92166 -1.1677 1.053 -1.1185 1.1885 -0.86232 -0.81692 -0.51568 0.83306 3.4064 -2.3285 -1.2221 -0.67284 -0.9255 0.42012 1.7885 1.71 -1.6655 2.6333 -0.94638 1.8571 2.112 -0.79045 0.67127 0.1598 1.5506 0.96583 0.7829 0.044827 2.0951 -2.0599 1.643 0.74132 -0.19072 -1.8002
1.0655 -0.9299 -1.106 -0.80198 -0.68746 -0.67096 1.6466 -0.93593 0.8263 0.81687 -1.7025 0.3702 0.95594 2.4555 -1.96 -1.5852 -0.12821 -0.19264 0.44119 1.6384 2.3268 -2.3101 2.7087 -0.095622 1.1006 1.1837 -2.2782 1.5801 0.054513 1.4654 1.3805 -0.84852 -0.65755 0.7784 -1.2875 -0.20327 1.4611 -1.117 -2.0717
1.5628 -0.5277 -0.63878 -0.35617 -0.042295 -0.55308 1.9492 -0.56128 0.32323 1.0474 -0.88254 0.8217 0.91402 1.3418 -1.2428 -1.6312 0.32142 0.51547 -0.38677 1.1036 2.2913 -2.9949 1.9274 0.46208 0.44533 0.47552 -2.4981 1.7709 0.10515 0.7643 1.4856 -1.527 -0.79703 -0.37767 -0.30731 -1.8186 1.1613 -1.5382 -1.5701
1.4196 -0.62924 -0.99256 -0.14152 -0.13988 -0.4969 1.9289 0.50381 -0.5169 0.92608 -0.071904 0.69566 0.93398 0.20003 -0.13731 -1.4361 0.75291 1.1433 -1.5206 0.7827 1.658 -2.6614 0.78008 1.1593 -0.31987 -0.057821 -1.8667 1.2269 0.53951 0.029867 0.92178 -0.88044 -0.74019 -1.0349 0.78036 -1.7335 0.1518 -0.96556 -0.76364
1.0875 -0.68875 -2.0914 -0.22756 -0.28177 -1.9626 1.9106 0.48839 -1.2717 0.2529 0.7151 -0.3272 0.81954 -0.11114 -0.034468 -1.1182 0.37364 1.3328 -1.5259 0.63577 1.2471 -2.0955 0.020414 0.85759 -0.60184 -0.018027 -0.90679 0.46667 0.91753 -0.4979 0.36274 0.69198 -0.63286 -1.2608 1.4776 -0.77227 -0.82077 -0.50779 -0.14813
0.86658 -0.73123 -2.3052 -0.26692 0.21558 -2.3035 1.9418 0.98959 -1.2606 0.61656 0.48469 0.17263 0.84506 -0.28761 -0.34373 -0.81389 -0.086256 1.2243 -0.67602 0.40518 0.68632 -1.22 0.25222 0.01613 -0.38524 0.092022 -0.25399 -0.23687 1.3241 -0.83825 -0.12369 2.4151 -0.69878 -1.146 1.5766 0.23018 -1.6167 -0.056876 0.2011
1.2914 -0.79556 -2.2908 -0.033037 0.74774 -2.5548 2.3649 0.93213 -2.1936 1.0194 -0.32796 -0.69038 0.85872 -0.096711 -0.29581 -0.17537 -0.21061 1.2093 0.52023 0.03939 0.14525 -0.80055 0.67236 -0.70105 -0.60429 0.14006 -0.26964 -0.34347 1.3539 -0.84668 -0.58359 2.8296 -0.88647 -1.1328 1.4547 0.31913 -1.524 -0.071434 0.15064
1.2156 -0.76297 -1.5176 -0.29972 1.2207 -1.6899 2.5845 0.68886 -1.4186 0.95655 -0.43216 0.25393 1.0005 -0.2741 -0.43681 0.65451 -0.56415 0.98979 2.0907 -0.30365 -0.18439 -0.19854 0.90716 -1.4691 -0.4877 0.21419 -0.28138 -0.14529 1.09 -0.65824 -0.91512 2.3193 -1.0172 -0.80814 1.4567 -0.22345 -0.85578 0.071414 0.063409
1.0783 -0.92049 -1.6407 -0.49844 1.0537 -0.85279 2.146 0.71875 -1.184 1.2366 -0.29295 0.40664 0.99454 -0.61395 -0.61112 0.76772 -1.0129 0.33696 2.5201 -0.76888 -0.68339 0.26371 0.32098 -1.6126 -0.74914 0.18358 -0.21538 -0.032226 0.39963 -0.3811 -1.1425 1.0573 -1.1584 -0.24872 1.1984 -0.7644 -0.34694 0.26304 -0.031146
1.1218 -0.90859 -1.8577 -0.36512 0.95223 -0.39268 1.6546 0.81412 -2.0975 1.4325 -0.64701 -1.1246 0.9732 -0.54691 -0.45041 0.81879 -0.94651 -0.099892 2.7747 -1.2106 -0.59084 1.1218 -0.011424 -1.3364 -0.22203 0.18019 0.18498 0.30291 -0.080901 0.084625 -0.9035 -0.49186 -0.84214 0.10783 0.90372 -1.1612 -0.14544 0.59171 -0.10054
0.46172 -1.1884 -1.4578 -1.0823 1.0237 0.31829 1.6263 0.31657 -1.4183 1.365 -1.7596 -0.88005 1.0042 -0.35534 -0.34862 0.49672 -0.74537 -0.45021 2.2082 -1.8089 -0.18091 0.90375 -0.37183 -1.5062 -0.25824 0.10139 0.51756 0.63615 -0.089112 0.50016 -0.34442 -1.3247 -0.12497 0.45919 0.80553 -1.1628 0.068938 1.0267 -0.078616
0.27468 -1.3463 -1.4006 -1.4589 0.77368 0.31112 1.3199 -0.097057 -0.99254 0.82516 -2.0178 -0.85838 1.0281 -0.053012 -0.020817 0.6046 -0.52406 -0.3543 1.3052 -1.4542 -0.22433 1.2646 -1.0306 -1.8376 0.4114 0.078099 0.55912 0.77824 -0.12976 0.5712 -0.04538 -1.9924 0.48156 0.39214 0.24466 -1.2445 0.51574 0.73316 -0.076191
1.0761 -0.99767 -0.99398 -0.85494 0.87457 1.1815 1.1255 0.33801 -0.12085 1.0206 -1.7118 0.0021032 1.1031 0.10873 0.32473 0.67334 -0.24743 -0.18208 0.71588 -0.88659 0.074548 1.7818 -1.4567 -1.2267 0.95968 0.095827 0.23984 0.72564 -0.15143 0.35776 0.079005 -2.0577 1.0353 0.18691 -0.10784 -1.2266 1.1436 0.20154 -0.088357
0.8175 -1.0906 -1.2283 -1.1112 0.54984 1.0714 -0.0052437 0.8941 -0.65406 0.56416 -2.3273 -0.12132 1.0614 0.26805 0.62085 0.44951 -0.081526 -0.29641 -0.29876 -0.70099 0.083332 1.1659 -1.9169 -0.40168 0.60005 0.048418 -0.34624 0.38546 -0.3155 -0.039719 0.055549 -1.7991 1.1698 0.060459 -0.70349 -0.82747 1.634 -0.62682 -0.1063
0.97232 -0.88756 -1.1535 -1.0773 0.70494 0.46832 0.70532 0.21067 -0.01383 -0.079321 -3.2049 0.33454 1.0205 -0.063335 0.64325 0.25094 -0.26507 -0.29878 -0.93467 -0.10965 0.040823 0.74091 -2.3414 0.16993 0.001761 -0.039622 -0.65421 0.099487 -0.26266 -0.29169 0.071424 -1.2225 1.2271 -0.10739 -0.85488 -0.21121 1.7581 -0.98748 -0.090124
0.80554 -0.69197 -0.93646 -0.96822 0.90133 0.68542 1.0644 0.76277 0.45509 -0.3492 -2.2724 -0.10444 1.0947 -0.60565 0.51664 0.17165 -0.58161 -0.16136 -1.3184 0.50145 -0.094578 0.39789 -2.2157 0.88904 -0.43302 -0.041449 -0.6669 -0.14413 -0.14899 -0.36257 0.13787 -0.38843 0.89669 0.05627 -0.66163 0.52223 1.7022 -0.82028 -0.037345
0.65202 -0.70708 -0.92383 -1.5094 0.43892 -0.24766 0.64013 0.013516 -0.051926 -1.205 -1.9961 -0.19501 1.0619 -0.66651 0.55573 0.27144 -0.55058 -0.084018 -1.1171 0.97077 -0.072294 0.48004 -1.7225 1.8137 -0.57762 -0.018192 -0.20177 -0.15077 -0.12709 -0.04687 0.12237 0.17315 0.31555 0.17171 -0.57891 1.176 1.3165 -0.38696 0.0070976
0.43754 -0.68445 -1.1016 -1.5871 0.38618 -0.40608 1.1033 0.29746 0.10699 -1.925 -1.5115 -0.72696 0.9911 -0.66606 0.40237 0.1207 -0.62893 -0.10848 -0.95061 0.55798 0.24408 -0.0082163 -1.1988 2.3447 -0.82547 -0.028817 0.27275 -0.076923 -0.25503 0.43694 0.18197 0.74754 -0.16546 0.39723 -0.27739 1.2448 0.69966 -0.047725 0.016775
0.27568 -0.53331 -0.85057 -1.5015 0.77385 -0.1445 1.3747 0.63869 0.21206 -1.2407 -0.76481 -0.3515 1.0802 -0.40282 0.42612 0.00068056 -0.32161 -0.06018 -0.78446 0.50161 0.21549 -0.19742 -0.53616 2.1997 -0.6396 -0.034628 0.44081 -0.16491 -0.45052 0.63017 -0.097854 0.886 -0.66266 0.12274 0.013443 0.88258 -0.28933 0.25547 0.014344
0.12782 -0.47434 -0.89635 -1.672 0.52473 -0.31182 1.3853 0.64997 0.30365 -1.4807 -0.30964 -0.7028 1.0339 -0.22368 0.4409 -0.21889 0.15846 0.20812 -0.048898 0.41571 0.57401 0.18999 -0.35987 2.1571 -0.55255 -0.0049732 0.59743 -0.20431 -0.35829 0.78653 -0.4687 0.9535 -0.73623 -0.13864 0.40512 0.47179 -1.0491 0.40846 -0.033625
0.27366 -0.46964 -0.98931 -1.807 0.64679 -0.73101 1.3194 0.65804 0.012647 -1.6472 0.12499 -0.99631 1.0173 -0.060978 0.2366 -0.46695 0.28361 -0.40721 0.13347 -0.27055 0.0050007 0.40799 -0.40553 1.2898 -0.25052 -0.0061148 0.60704 -0.37061 0.037244 0.54447 -0.8663 0.67801 -0.87063 -0.39943 0.40178 0.24737 -1.496 0.23142 -0.18074
0.38828 -0.26313 -0.95564 -1.3639 0.61119 -0.52837 1.4844 0.73339 -0.01928 -1.2583 0.64756 -0.95857 1.0641 0.28135 0.12592 -0.37332 0.59845 -0.82383 0.42132 -0.51521 0.048607 0.48872 -0.33578 0.58498 -0.24658 -0.10308 0.48248 -0.22438 0.68047 0.29868 -1.1797 -0.015023 -0.85225 -0.92929 0.19129 0.51178 -1.7487 0.14765 -0.53792
0.25522 -0.32946 -1.3532 -1.2823 0.73796 -0.035749 1.2096 1.0212 0.50955 -2.2297 0.91024 -1.0178 1.0312 0.48089 -0.088722 0.12351 0.52071 -1.2093 0.28293 -0.7604 -0.36426 0.44626 -0.061334 -0.16816 -0.37773 -0.30322 0.06755 0.51258 1.4914 0.40448 -0.89222 -0.67732 -0.60941 -1.0138 0.13397 1.1568 -1.1919 0.28652 -1.1319
0.24506 -0.52278 -1.5587 -1.3282 -0.38642 -0.11463 0.6939 0.070404 0.86413 -2.1437 -0.18485 -0.73701 1.009 0.40969 0.19601 0.78927 0.62735 -1.6677 -0.15045 -1.0302 -1.1845 0.54871 0.47505 -0.79913 -0.24376 -0.79958 -0.4137 1.3274 1.773 0.71483 -0.17745 -0.88005 -0.34374 -1.1 0.059994 1.7661 -0.48116 0.6144 -1.613
0.73872 -0.34864 -0.93595 -0.80995 -0.21198 0.34737 0.92536 1.0555 0.68243 -1.2739 0.12497 -0.85253 0.94665 0.0066079 1.1285 1.8409 1.061 -1.7009 -0.87781 -1.2193 -1.4971 0.64279 1.465 -0.53295 0.2745 -1.6412 -0.73327 1.2718 1.052 0.62345 0.72033 -0.55292 0.01787 -0.41364 0.0040079 1.6213 0.49419 1.1608 -1.2605
0.78198 -0.59689 -0.5106 -1.3981 -0.86874 -0.58441 0.50318 -0.14878 0.4872 -1.5744 -0.42988 -1.6869 0.66319 -0.24579 1.9197 2.2078 1.7198 -0.89827 -0.68433 -0.96184 -1.6829 0.50933 2.3756 -0.25354 0.61781 -2.26 -0.73518 0.059715 -0.5095 -0.039134 1.0847 0.030888 0.40813 0.3164 0.078007 0.68995 1.1133 1.5613 -0.033173
0.63039 0.065309 -0.040908 -0.79198 -1.2234 -1.0852 0.15228 -1.3206 0.74728 -0.86023 -0.66029 -1.0907 0.15552 -0.55065 1.3511 1.4441 1.1894 -0.1616 -0.50868 -0.74904 -0.98708 0.47439 2.1781 0.58822 1.4886 -1.7815 -0.29829 -1.4913 -2.1346 -0.81667 1.0699 0.62979 0.94806 0.85797 0.055527 -0.51303 0.95368 1.4354 1.5895
-0.030924 1.2273 1.0427 0.29196 -1.1574 -1.3594 -0.019153 -0.87366 1.2664 0.44351 0.58787 0.0016865 -0.61672 -0.67451 0.19155 -0.035834 0.4979 -0.29355 -0.27377 -0.441 -0.79494 0.78731 1.476 0.9708 2.2575 -0.78864 0.34016 -2.603 -2.7708 -1.4977 0.60903 0.70146 1.1969 1.1103 -0.23636 -1.4367 0.33293 0.72024 2.7334
0.0027389 1.302 0.47824 0.82122 -0.11587 -0.037015 0.15524 -1.2065 1.2707 0.46888 0.074077 -0.094016 -0.9 -0.32843 -0.70905 -1.2387 0.10444 0.11152 0.1269 0.42197 -0.17142 0.61386 0.90578 0.84986 2.308 0.40559 0.97996 -2.5369 -2.1385 -1.5207 0.2952 0.61307 1.2588 0.80184 -0.71238 -1.4305 -0.71317 -0.30483 2.754
-0.048634 -0.16264 -0.49039 -0.77976 -0.65322 -0.56495 -0.0055476 -0.30183 1.1931 0.20203 0.75157 1.4129 0.083034 0.28242 -1.7649 -1.8962 -0.62107 0.18027 0.34534 0.85088 0.20309 -0.026094 0.18566 0.30587 1.613 1.4323 1.3352 -1.419 -0.55182 -0.95098 0.061563 0.23436 0.77521 0.58217 -1.325 -0.68694 -1.1781 -1.3165 1.7413
0.2096 -0.75114 -1.1807 -0.85197 -1.2756 -0.5202 0.4563 -0.58062 1.6455 -0.075286 1.1635 1.6287 0.54387 0.80144 -2.2656 -1.8346 -1.1789 0.20393 0.3597 1.1268 0.16689 -0.52355 0.0093004 -0.58789 1.1396 1.9299 1.1629 0.098536 0.89965 0.046196 -0.26804 0.32954 -0.23514 0.45047 -1.5765 0.39901 -0.98231 -1.9294 0.013625
0.43787 -0.66429 -1.4007 -0.82763 -0.77967 -0.94701 1.1129 -1.1642 1.1733 -0.29136 0.10851 1.019 0.76448 1.2525 -1.6009 -0.84415 -0.68742 -0.19343 0.061349 0.76335 0.23255 -1.257 0.57316 -0.79608 0.12139 1.4975 0.68111 1.2572 1.6465 0.91072 -0.4439 0.65397 -1.1304 0.62526 -1.3549 1.0665 -0.16386 -2.0047 -1.3074
0.78599 -0.67537 -1.1695 -0.66946 -0.73508 -0.49272 0.92138 -0.84494 0.66208 0.1477 -0.074111 1.1441 0.83828 1.3576 -0.61388 -0.032719 0.23723 -0.19876 0.90297 0.0063799 0.73692 -1.8798 1.4972 -0.67345 -0.90774 0.39571 0.13726 1.3154 1.5353 1.0885 -0.58231 1.0112 -1.5653 0.93936 -0.68858 1.021 0.9276 -1.6624 -1.7219
0.81394 -0.73743 -0.7581 -0.92157 -0.30375 -0.19379 1.2407 -0.41614 0.65925 0.8185 -0.40645 1.7719 0.80509 1.2785 -0.31554 0.39532 0.44079 -0.45881 1.3301 -0.83482 1.2042 -2.0201 1.54 -0.0053354 -1.4774 -0.091333 -0.34242 0.6789 0.79319 0.60326 -0.38504 0.94075 -1.1053 0.71887 0.21583 0.30844 1.2374 -0.79851 -1.1605
1.627 -0.7759 -0.81832 -0.45056 -0.88872 -0.14299 0.62877 -0.48695 -0.53542 1.0677 -0.50008 0.092327 0.70011 1.05 -0.52767 0.52073 0.37034 -0.77401 1.667 -1.1878 1.6197 -1.4997 1.5347 0.95691 -1.4819 -0.29222 -0.55623 0.065489 0.17472 0.026215 -0.10708 0.13061 -0.25977 0.0027624 0.84141 -0.56315 0.88814 -0.031767 -0.25408
1.4734 -1.0515 -0.99897 -0.59489 -1.4397 0.73017 -0.12839 1.0488 -0.91984 1.9368 0.53937 0.22647 0.54442 0.77474 -0.41595 0.40293 0.42191 -0.63134 1.4858 -0.83522 1.2718 -1.0208 1.1614 0.98006 -1.2626 -0.19198 -0.61841 0.071972 -0.03332 -0.037624 0.63503 -0.33721 0.7747 -0.77958 1.272 -0.81425 -0.073993 0.68561 0.28345
1.6799 -0.93401 -0.87009 -0.27882 -1.6506 0.87859 -0.16708 0.51295 -0.57927 1.0819 0.97349 -0.683 0.6082 0.57981 -0.44634 0.27792 0.30768 -0.2954 1.0776 -0.50192 0.69618 -0.7192 0.57893 0.69108 -1.1333 -4.7335e-05 -0.62705 0.31386 -0.095108 -0.035105 1.2883 -0.91693 1.3813 -1.5337 1.1894 -0.86708 -1.098 0.9741 0.55431
1.6264 -1.1854 -0.60527 -0.52723 -1.2585 1.1236 0.082131 1.0424 -0.44916 1.6522 1.1357 -0.44829 0.5845 0.36815 -0.22714 0.42435 0.40979 0.56773 0.97993 0.37799 0.033852 0.099274 0.41638 -0.037506 -0.31694 0.25786 -0.68127 0.35871 -0.20053 -0.079399 1.3855 -1.1163 1.2541 -1.6528 1.0279 -0.5227 -1.4194 1.3328 0.50081
1.7048 -0.95179 -0.54535 -0.22357 -1.0401 1.2268 0.4099 0.68579 -0.60073 1.8061 0.49764 0.15615 0.74134 0.091812 -0.055007 0.29682 0.31894 1.1676 0.16313 0.97179 -0.96012 0.28678 0.20176 -0.8517 -0.035737 0.45248 -0.81432 0.4119 -0.48453 -0.060516 0.90289 -1.1439 0.71147 -1.578 0.93571 -0.47405 -1.1441 1.4857 0.30405
1.8166 -1.2497 -0.58108 -0.54274 -0.81753 0.90134 0.39458 0.37709 -0.86583 1.5164 0.19431 -0.49285 0.76843 -0.24371 0.036663 -0.025867 0.27324 1.368 -0.19605 0.94024 -1.3461 0.50417 0.32198 -1.2415 0.83404 0.45769 -0.94557 0.30359 -0.60522 -0.30403 0.30033 -1.1148 -0.1188 -1.1638 0.90681 -0.80844 -0.27685 1.2287 0.038443
2.0908 -0.97751 -0.45893 0.23964 -0.41393 1.5751 0.82194 0.022316 -0.33529 1.8883 -0.22593 -0.39088 0.88524 -0.62444 0.16635 -0.47165 0.26939 1.0932 -0.52649 0.64652 -1.9046 0.92458 -0.30617 -1.1213 1.2464 0.43139 -0.95233 0.36019 -0.44579 -0.30356 -0.2311 -0.9481 -0.71794 -0.57185 1.0889 -1.1398 0.81274 1.1795 -0.16969
1.3088 -1.0781 -0.75785 -0.36162 -0.17309 0.6897 0.95983 -0.46508 -0.33875 1.8122 -0.22649 -0.028807 0.95997 -1.0283 0.21065 -0.40209 -0.14249 1.2174 -0.81157 0.31342 -1.9241 1.5696 -0.91977 -0.49417 1.4767 0.33461 -0.77897 0.32648 -0.11364 -0.4719 -0.6365 -0.93937 -1.0827 0.088062 0.87746 -1.4869 1.7749 0.40135 -0.30773
1.2944 -0.93408 -0.838 -0.055224 0.037575 0.69861 0.90276 -1.1709 0.29928 1.5475 -0.60132 1.0238 0.97905 -1.283 0.50896 -0.414 -0.049341 0.81794 -1.3457 -0.13758 -1.8718 1.9024 -1.4193 0.47338 1.9779 0.21573 -0.3295 0.38551 0.12702 -0.40152 -0.89996 -0.66169 -1.0706 1.0436 0.25297 -1.0283 2.1011 -0.48502 -0.43903
0.87296 -0.9936 -1.1714 -0.21862 -0.095753 0.54645 0.80467 -1.575 0.65854 1.1139 -0.45512 1.5138 0.99309 -1.3588 0.45528 -0.30413 -0.46878 0.28925 -1.5863 -0.81844 -1.1923 1.7466 -2.0462 1.6823 1.2273 0.025484 0.097514 0.53602 0.075229 -0.45137 -1.1105 -0.48457 -0.97308 1.6403 -0.66148 -0.2033 1.6304 -1.3393 -0.6707
0.63107 -0.80859 -0.72398 -0.62927 0.66118 0.19787 0.72219 -1.7939 1.3479 0.39223 -0.048601 1.5397 1.0506 -1.0667 0.74084 -0.29947 -0.33286 -0.17346 -1.4063 -0.91411 -0.11533 1.3356 -1.7656 2.1971 0.33492 -0.18403 0.23446 0.48982 -0.19442 -0.76768 -1.1158 -0.16582 -0.98457 1.7564 -1.3522 0.97187 0.52036 -1.4017 -0.92592
0.47978 -0.60687 -0.98587 -0.1251 0.010533 -0.73562 0.27661 -2.1059 1.5231 -0.01303 1.1451 1.9817 0.96477 -0.94891 1.064 -0.33947 -0.86245 -0.42874 -1.7087 -1.2302 0.59244 0.54877 -1.1463 2.0615 -0.46808 -0.6412 0.30796 0.38185 -0.36378 -0.86131 -0.87767 0.11255 -0.73901 1.1933 -1.6053 2.0254 -0.61621 -0.51026 -1.0132
0.26463 -0.63181 -0.87218 -0.62389 -0.18268 -0.38153 -0.17997 -1.2485 1.6051 -0.47874 2.2885 0.75073 0.89944 -1.0454 1.0903 -0.80372 -1.3253 -0.97521 -1.6005 -1.8865 0.87174 -0.16529 0.042819 1.368 -0.067275 -1.0736 0.31042 -0.018525 -0.15726 -0.8298 -0.42406 0.55726 -0.50879 0.36613 -1.4266 2.1771 -1.3345 0.317 -0.81497
0.08464 -0.27109 -1.316 -0.65708 -0.38328 -0.88444 0.16003 -0.4447 1.2098 0.11101 2.0425 0.72283 0.75939 -0.79004 0.97075 -0.79057 -1.6263 -0.99713 -1.2713 -1.7971 0.78024 -0.66895 1.0342 0.79207 0.3411 -1.3053 0.6773 -0.68869 0.37719 0.2331 -0.035719 1.1855 0.32644 -0.47562 -0.83272 1.4623 -1.501 0.83503 -0.049547
0.1255 0.15591 -1.2812 -1.397 -0.29826 -1.4677 -0.65932 -0.76094 0.97606 0.27342 1.3895 0.80448 0.25803 -0.56219 0.7527 -0.40865 -1.5438 -0.69098 -0.55414 -1.6361 0.53864 -0.86897 1.4272 0.017306 0.51851 -1.2803 1.1174 -1.3402 1.0064 1.5352 0.1261 1.5853 1.1893 -1.1712 -0.1781 -0.18695 -1.1396 0.2976 0.97901
-0.65938 -0.07793 -2.0905 -2.0262 -1.1767 -1.3952 -1.7632 -0.85903 0.70951 1.2128 1.2189 2.2801 0.034624 0.076507 -0.015472 0.17335 -0.29249 -0.61444 0.044052 -0.69415 -0.24174 -0.74141 1.0385 -0.42768 0.87637 -0.62572 1.1639 -1.7707 1.3543 2.7829 0.19858 1.4333 1.8008 -1.2277 0.25826 -1.2995 -0.27351 -0.14184 1.8126
-0.076023 0.06443 -1.2289 -2.1628 -0.40246 -1.4578 -1.1175 -1.0302 0.78901 1.2979 1.8855 2.0619 -0.0074271 0.60776 -0.84468 0.65497 0.98426 -0.89423 0.78452 -0.054985 -1.0631 -0.47983 -0.32682 -0.42703 0.21398 0.30002 0.97305 -1.6387 1.4579 3.2429 0.40559 0.78973 1.6831 -0.77491 0.19461 -1.6676 0.43702 -0.40658 1.9963
-0.12248 0.020079 -1.1999 -1.5475 -0.8878 -0.90177 -1.5138 -0.88621 0.52203 1.1669 1.6927 1.7109 -0.044705 0.79798 -1.438 1.2986 2.4967 -0.48169 0.81058 1.0157 -0.98203 -0.35356 -0.64485 0.42977 0.15223 1.0777 0.25393 -1.0114 1.0009 2.245 0.75693 -0.11452 0.72778 0.32006 -0.01977 -1.0118 0.62328 -0.53252 1.4398
0.61338 -0.81209 -0.65959 -0.34305 -0.97484 -0.2565 -0.19504 -1.3502 0.66974 0.4576 1.3963 1.5685 0.61927 0.89476 -1.5045 1.8523 3.3373 0.060586 0.57938 0.87739 -0.71369 -0.67848 -1.0114 0.4976 0.0032589 1.363 -0.38571 -0.17717 0.59047 0.69406 1.3148 -0.94871 -0.20808 1.2853 -0.14079 0.17425 0.35236 -0.3077 0.55265
0.73941 -0.94039 -0.87788 0.29682 -1.7258 -0.29049 -0.31337 -2.3314 0.54464 -0.64849 0.92131 0.86742 0.98508 0.41178 -1.5182 1.5047 2.8788 0.41197 -0.071044 0.3018 0.23574 -0.68054 -0.60933 0.41052 -0.15065 1.3631 -0.74832 0.63628 0.26218 -0.94061 1.5266 -1.2394 -1.1868 1.6716 -0.23041 0.8039 -0.2425 -0.54495 -0.35313
0.48575 -1.1643 -0.0048506 1.0882 -0.65126 -0.98768 0.0009601 -1.7835 0.44696 0.52886 2.6493 2.2415 0.98526 0.088694 -1.1267 1.6793 2.1445 1.2518 -0.59239 -0.1034 0.98539 -0.59352 -0.0015483 0.31365 -0.31164 1.124 -0.74859 0.93293 0.084308 -1.7766 1.4359 -0.88745 -1.1162 1.6769 -0.21819 1.1198 -0.72849 -0.86537 -0.81358
0.38638 -1.2274 0.2286 1.4019 -0.60636 -0.74794 -1.235 -1.3969 -0.40009 0.35794 2.0121 2.4503 1.0138 -0.1863 -0.47604 1.8705 1.2862 1.9291 -0.97884 -0.8522 1.6281 -0.84999 0.43188 0.0024778 -0.84789 0.57762 -0.30133 0.98655 -0.16211 -1.7557 0.79748 -0.071565 -0.54105 0.98307 -0.20395 0.4874 -1.4337 -1.3379 -0.83381
0.41165 -1.2962 0.23539 0.74785 0.097816 -1.4251 -0.77799 0.016913 0.14379 0.61648 2.1114 1.0209 1.1493 -0.194 -0.33751 1.807 0.71158 2.1313 -0.66695 -0.76317 2.061 -1.0236 0.67113 -0.83916 -1.4546 0.3298 0.041682 0.6431 -0.7656 -1.5009 -0.10514 0.46601 0.35287 0.11713 0.048123 -0.17348 -1.6636 -1.3206 -0.61082
0.29647 -1.2737 0.7747 1.3397 0.42257 -1.099 -0.98979 0.09863 0.027792 0.70099 1.4989 0.87674 1.2295 -0.001921 -0.12764 1.0967 0.21353 1.5552 -0.16904 -0.43811 1.7274 -0.86725 0.013387 -2.036 -2.3428 0.29886 0.33532 0.22929 -1.4783 -1.1464 -0.88111 0.93423 0.96934 -0.84921 0.35842 -0.90363 -1.2472 -0.72518 -0.38001
0.57452 -1.2653 1.433 1.4551 1.0345 -1.4567 -1.0656 0.048236 -0.55854 0.34034 1.1626 0.13882 1.245 0.080099 -0.13763 0.54193 -0.20859 1.2596 -0.10145 0.40356 1.1664 -0.48943 -0.13332 -2.1733 -2.2927 0.19258 0.47086 0.12478 -2.1524 -0.95238 -1.3313 0.9996 1.3579 -1.3289 0.53631 -1.1661 -0.41735 -0.30502 -0.39907
0.33661 -1.3656 1.1448 1.3799 0.8846 -1.1354 -1.0977 0.51764 -0.94959 0.63599 0.23139 -0.34778 1.2234 0.30697 -0.16205 -0.41484 -0.45835 0.67095 0.53235 0.5086 0.29863 -0.40955 -0.94326 -1.9615 -1.9514 -0.02039 0.49426 0.11217 -2.3221 -0.73992 -1.581 0.95515 1.5024 -1.3738 0.50594 -0.8211 0.1972 0.46567 -0.57715
0.45822 -1.2702 0.90666 1.244 1.0203 -1.019 -0.79651 0.76634 -0.6611 0.43983 -0.29361 -0.65982 1.252 0.53423 -0.095613 -1.6734 -0.78217 0.0006404 0.90169 1.483 0.0021308 -0.19404 -1.1442 -1.7632 -2.322 -0.21057 0.58871 0.43756 -1.7404 -0.397 -1.8423 1.0015 0.94723 -1.2258 0.43929 -0.43187 0.30842 0.72231 -0.69611
0.49231 -1.4171 0.60949 0.64638 1.0382 -1.1744 -0.40438 0.56884 -0.48883 0.21864 -0.70593 -0.97353 1.2313 0.69725 0.053205 -2.3636 -0.91889 -0.87565 1.1635 2.03 -0.55699 -0.01643 -1.0962 -1.8362 -1.4389 -0.51143 0.36721 1.0132 -0.21057 0.07619 -1.6037 0.78728 -0.12949 -0.93705 0.1722 0.17691 0.45296 0.97186 -0.8384
0.90387 -1.4393 -0.19984 0.40268 0.98219 -0.44828 -0.27799 0.16438 -0.26861 -0.93631 -0.21796 -1.6945 1.1203 0.98705 0.54581 -1.9142 -0.73499 -1.5375 1.506 1.5429 -0.96502 0.18105 -0.90617 -1.5973 -1.1399 -0.7821 -0.41025 1.695 1.8676 0.43553 -0.55218 0.68295 -1.7836 -0.6878 -0.14363 0.42945 0.58301 1.5334 -0.99839
1.0434 -1.2795 -0.87932 0.80336 0.41697 0.036881 1.068 0.053608 -0.67807 -0.53759 -1.1233 -2.7082 1.0083 0.77025 1.3507 -0.73344 -0.32437 -1.6646 1.7423 0.23012 -1.1771 -0.25689 -0.714 -1.1019 -0.62797 -1.204 -1.4431 1.7619 3.0734 0.46182 0.54199 -0.37848 -2.8701 -0.091115 0.046022 0.77253 0.95361 1.8442 -0.86943
1.2848 -1.1782 -0.97637 0.38212 -0.30279 -0.12107 1.1611 -0.61958 -0.87334 -0.55481 -1.9726 -1.0502 0.69358 -0.26012 2.3235 1.1363 -0.2276 -0.65672 1.9242 -1.1662 -1.1293 -0.35658 -0.49023 -0.91448 0.32441 -1.6138 -2.2203 1.0332 2.7337 0.081895 1.2371 -1.6246 -2.6345 0.64614 0.42228 0.47503 1.4424 1.7824 -0.51362
1.4858 -0.63302 -0.4454 0.50781 -0.95124 0.8399 0.033084 -0.46014 -0.35211 -0.21848 -2.0055 -1.9707 0.53813 -1.36 2.3535 2.0938 -0.26996 -0.23181 0.23036 -2.3329 -0.67682 0.3437 0.21579 -0.18272 1.5103 -1.6193 -2.2029 -0.13141 1.2878 -0.1007 1.3001 -2.4737 -0.86413 1.1795 0.86657 0.14536 1.6658 0.8565 0.0034785
1.1385 0.18794 0.59099 0.71567 -0.39264 0.96919 -1.112 -0.82529 -1.0357 -0.79483 -1.264 -1.5649 0.11162 -2.0758 1.914 1.9905 -0.59361 0.18736 -0.85224 -2.4228 0.1144 0.71424 -0.43634 0.96533 1.347 -1.4751 -1.4066 -1.1961 -0.62678 -0.048232 0.77381 -2.5532 1.2233 1.0778 0.62858 0.26848 1.5865 -0.077765 0.3595
-0.31153 0.835 1.9284 0.08939 1.1669 1.4092 -1.6755 -1.0343 -0.77093 -0.94928 -1.7299 -0.60284 -0.27962 -2.4175 1.3162 1.3304 -0.32557 0.47761 -1.6122 -0.85609 0.63854 0.91755 -0.45474 1.4499 0.54157 -1.2684 -0.3443 -1.6215 -1.7524 0.26806 0.19549 -1.0545 2.4697 0.59822 0.14853 0.25868 0.50606 -0.82778 0.52529
-0.74644 0.29378 1.0706 0.24154 0.079233 -1.2452 -2.0591 -0.48264 0.56635 -0.1871 -0.47904 0.339 -0.17511 -2.3443 0.67509 0.26514 -0.28262 0.52535 -2.0497 0.54629 0.43916 0.59691 0.37344 1.5944 0.59742 -1.1608 0.71608 -1.3353 -1.9319 0.88014 -0.39812 0.44265 2.3397 -0.22543 -0.1944 0.23176 -0.53201 -0.85163 0.56379
-0.97392 0.17737 0.44888 -0.093766 -0.17669 -1.0407 -0.75274 0.44961 -0.036529 -1.4024 -0.15173 -1.1776 -0.27854 -1.8608 0.035515 -0.49741 0.10281 0.0069749 -1.1916 1.1208 0.39081 0.69587 0.32001 0.55689 0.1547 -0.85762 1.2016 -0.4161 -1.2392 0.79581 -0.51943 1.3301 1.1183 -0.85286 -0.11836 -0.24069 -0.96081 -0.66564 0.5648
-1.0709 0.26159 0.59764 0.31142 -0.055426 -1.2538 0.41222 0.10615 0.25156 -0.86688 -0.36053 -1.0414 -0.50476 -1.0149 0.13515 -0.90057 0.90304 -0.3284 -0.21153 1.2675 -0.24273 0.44216 -0.36756 0.28405 -0.23824 -0.69424 1.3581 0.58225 -0.13619 0.60596 -0.56997 0.83782 -0.35151 -1.1133 0.68711 -0.5825 -0.7067 -0.62317 0.78626
-1.3043 0.57418 0.51123 0.28878 0.28396 -0.84223 -0.23977 -0.56693 -0.22851 0.67948 0.28873 -0.83532 -0.73333 -0.83905 0.83148 -0.53719 0.62952 -0.083403 0.021872 1.0248 -0.8049 0.762 -0.55749 0.07601 -0.4426 -0.51371 1.2954 1.0866 0.38795 -0.17812 -0.49725 -0.50775 -1.1833 -1.3306 1.2065 -0.53676 0.053145 -0.28428 1.0347
-1.6512 0.4337 0.82826 0.7296 0.26365 0.17161 -0.76087 -0.43046 0.13256 -1.0583 -1.4754 -0.61364 -0.71761 -0.32059 1.3302 -0.0084924 0.63514 -0.51601 -1.0475 -0.097293 -1.2884 1.9197 -0.33346 0.33984 -0.41991 0.043066 0.9578 0.81798 0.50153 -0.82438 -0.31988 -1.4329 -1.0069 -0.93884 1.1763 -0.39839 0.4109 0.32579 1.1114
-1.541 0.82262 0.49923 1.301 0.2731 0.015102 -0.30372 -1.2182 0.49858 -1.7931 -0.63001 -0.59482 -0.77062 0.20984 1.4043 -0.21205 -0.097026 -0.84382 -1.7455 -0.54824 -1.8632 2.3374 -0.75272 0.63113 -0.38407 0.58457 1.1273 -0.31676 -0.0029009 -1.2502 -0.21179 -1.0374 -0.33635 -0.14327 0.096738 0.20632 0.69767 0.91621 1.0828
-1.7816 1.082 0.025493 0.32604 -0.47669 -2.3508 -0.015968 -0.91389 1.8068 -0.95987 0.34296 -1.1467 -0.51811 0.24995 1.3286 -0.10964 -0.31609 -0.54653 -2.0743 0.054661 -1.6766 1.9754 -1.0534 0.86061 0.33848 0.70192 1.2112 -1.6433 -0.46523 -1.7466 0.065267 0.52311 0.24011 0.96313 -1.4008 0.77027 0.21414 1.191 0.89671
-1.0368 1.5843 0.82387 0.7233 -0.86759 -2.6144 -0.60633 -1.4366 2.5625 -1.1811 0.38891 -2.0932 -0.1904 0.98058 0.25742 -0.5195 -1.2999 -0.45547 -1.4525 0.2875 -0.92114 0.92552 0.2086 1.2725 0.97998 1.0521 1.3537 -2.5798 -0.63324 -1.5293 0.1851 2.1481 0.11079 1.8706 -2.4858 1.0403 -0.58334 1.2534 0.62753
-0.8074 1.5219 0.2905 -0.046745 -0.64197 -2.617 -0.60077 -3.198 2.5483 -1.1329 0.30134 -0.8533 -0.079773 1.5551 -1.0732 -0.79171 -2.1277 -0.55662 -0.1886 -0.026167 0.22859 -0.13698 0.70141 0.45969 1.2564 1.3786 1.2707 -2.7455 -0.81055 -1.2646 0.11384 2.7147 -0.11794 2.3864 -2.5771 0.98416 -0.97156 1.0425 0.38549
-1.5599 1.6291 0.57426 0.38682 0.23432 -2.1356 -0.12001 -2.2845 1.4628 -1.5284 0.59676 0.55716 -0.32805 2.0837 -2.0673 -1.1365 -2.1355 -0.45128 1.4338 -0.27688 1.0575 -1.5092 0.41657 -0.4041 1.6416 1.3441 0.74753 -1.7478 -0.27529 -0.31549 0.02225 1.9606 -0.11676 2.2104 -1.7415 0.2821 -0.95456 0.2548 -0.0026431
-0.091675 0.14912 -0.21386 -0.98596 -0.51522 -1.1179 -0.12457 -0.93539 1.1278 -0.79613 0.44556 0.64004 0.37384 2.0702 -2.4816 -1.4133 -2.3313 -0.30023 1.6915 0.11135 2.2787 -1.8901 0.77889 -0.35278 2.0652 1.2299 0.14254 -0.27976 0.2739 0.54803 0.0077661 0.50424 0.15257 1.0715 -0.40575 0.037443 -0.31358 -0.55311 -0.37128
0.47663 -0.20112 -0.63763 -1.7072 -1.1214 -1.305 -0.41992 -0.3747 1.0731 -0.45486 0.19547 0.047383 0.68749 2.1208 -2.2045 -0.77422 -1.7973 -0.51408 1.3701 -0.0043979 2.6329 -1.6326 0.72505 -0.33724 1.0378 1.1207 -0.86416 1.2675 0.85563 1.2339 0.15142 -0.94844 0.34471 -0.57644 0.90104 -0.33147 0.28155 -1.1768 -0.87331
0.95117 -0.41774 -0.81443 -1.7501 -1.2016 -0.88694 -0.79732 -0.010037 0.27772 -0.77419 -0.48525 0.47771 0.70221 1.8079 -1.5124 -0.46447 -1.2276 -0.48392 0.81245 0.15191 1.654 -0.87514 0.62107 -0.24242 0.38424 0.83894 -1.5327 2.0013 0.99036 1.8069 0.1668 -1.1764 0.2189 -2.0614 1.4947 -0.82073 0.39213 -1.1448 -1.3422
1.0664 -0.29227 -0.50188 -1.8182 -0.60616 -0.70389 -0.143 0.84822 0.44726 -0.29704 0.2492 1.6539 0.74065 0.61187 -0.25807 0.034975 -0.29299 -0.037692 0.05612 0.40056 0.15967 -0.23887 -0.15634 0.12295 0.044833 0.0090526 -2.0962 2.1302 0.54575 1.7623 0.11289 -1.0167 0.057207 -2.5806 1.613 -0.77793 0.3847 -1.0326 -1.5575
1.1453 -0.36513 -0.14094 -1.7 -0.82456 -0.93656 -0.34672 0.22931 0.26603 -0.58399 0.079142 0.71404 0.73053 -0.023087 0.16779 0.091426 0.41807 -0.18664 0.094082 0.35554 -0.77962 0.36183 -0.39471 0.23179 0.18915 -0.56587 -2.1449 1.9316 0.33017 1.388 0.023971 -0.69055 -0.62704 -2.1853 0.97919 -0.85671 0.058934 -1.2572 -1.5083
0.87196 -0.29855 -0.32717 -1.4143 -0.64532 -0.8363 0.24443 0.2068 0.52166 -0.54586 0.26446 0.80446 0.63938 -0.86052 0.81139 -0.012221 0.79505 -0.41618 -0.21891 0.017799 -1.5237 0.93111 -0.29715 0.2247 -1.0098 -0.90565 -1.8491 1.3235 0.27153 1.1016 0.36125 0.10762 -0.6006 -0.85594 0.13852 -0.5091 0.044122 -1.4257 -1.178
0.74688 -0.19031 -0.57979 -1.7669 -1.0207 -1.2734 0.058962 -1.0076 1.0505 -1.122 0.44471 0.15527 0.41386 -1.4434 1.4492 0.17754 0.92052 -0.22173 -0.37259 -0.89809 -2.0566 0.47187 -0.99359 -0.17898 -1.6885 -1.3464 -1.6884 0.73321 0.74322 1.0961 1.2023 0.6219 -0.3204 0.40706 -0.60667 -0.36101 0.15191 -1.349 -0.75021
0.63074 -0.087651 -0.68807 -1.0718 -1.5756 -0.78852 -0.42802 -1.1624 1.2884 -0.92302 0.039579 0.95608 0.095696 -2.1148 1.4965 0.49566 1.5945 0.71124 0.49788 -0.16125 -0.99264 -0.020135 -0.85815 0.41152 -1.9578 -1.6648 -1.1082 -0.081692 1.0409 1.2057 1.5914 1.0856 0.20055 1.6589 -0.74092 -0.11726 -0.022956 -0.42216 -0.29126
-0.27322 0.63263 -0.56099 -0.76267 -1.2747 -1.1161 -0.68628 -1.5571 1.3519 -0.77229 -0.01356 -1.0511 -0.073626 -2.5336 1.1516 1.2636 2.1465 1.623 0.93055 -0.18444 -0.21224 -0.35867 -0.82413 0.44811 -2.1229 -1.5012 -0.30514 -0.66948 0.80555 0.60315 1.3987 0.98537 0.70179 2.0313 -0.40611 0.55404 -0.22177 0.15944 0.31268
-0.6694 1.1906 0.21322 -0.86018 -0.40967 -1.2987 -1.36 -1.9739 0.44364 -1.9841 -0.035205 -0.86663 -0.49358 -2.3728 0.811 1.4529 2.5218 1.7943 1.2138 0.071015 0.98758 -0.11455 -0.61231 -0.14666 -1.7015 -1.3394 0.90998 -0.98057 0.14671 -0.31132 0.47273 0.20325 0.17265 1.5206 -0.077385 0.77294 -0.58867 1.0803 0.78729
-1.5323 0.65826 0.36342 0.55147 0.46993 0.32418 0.69057 -0.26778 0.2072 -1.4188 1.2904 -1.9986 -0.76589 -1.8766 0.57846 1.2469 1.6325 1.9934 1.1615 0.39604 1.1602 -0.28143 -0.026367 -0.3756 -1.5476 -0.9626 1.7992 -0.99978 -0.50696 -0.98259 -0.66323 -0.19068 0.13486 0.86231 0.25384 1.1242 -0.4764 1.7986 1.0005
-2.021 0.47391 0.95692 0.95608 1.0793 0.12035 -0.19036 -0.43696 0.67646 -1.6057 0.66365 -1.7377 -0.55421 -0.74311 0.0062718 0.76365 1.2603 1.475 0.77425 -0.097102 1.4672 -0.21086 0.26373 -0.42353 -0.11136 -0.5565 1.9549 -0.78093 -0.7717 -1.4057 -1.2833 -0.61524 -0.31244 0.081695 0.25317 0.96454 -0.32677 1.9478 0.97262
-1.604 0.67123 0.55967 1.1305 0.061907 0.046476 -0.40203 0.29161 1.6404 -1.6541 -0.75711 -1.4079 -0.86359 0.0073368 -0.25758 0.58965 0.8892 0.51401 0.78657 0.1786 1.3265 0.19071 0.94957 -0.42436 0.6709 -0.14156 1.2696 -0.52706 -0.55127 -1.1402 -1.35 -0.80679 -0.30495 -0.51493 0.0042814 0.41684 0.36512 1.2145 0.73607
-1.6213 1.0151 0.50109 0.087333 0.85104 0.26704 -0.23928 -0.31565 0.48429 -0.53364 -0.54501 -1.858 -0.75155 0.33102 -0.18629 0.24528 0.18803 0.054994 0.22315 -0.43387 1.0614 0.14929 0.79741 -0.81869 1.0804 -0.047726 0.10834 -0.24761 -0.18244 -1.2074 -0.73497 -0.84753 0.00013883 -1.2554 -0.1397 0.14661 1.2423 -0.084554 0.60393
-1.0379 0.7618 0.52106 0.74431 0.84554 -0.52159 -1.2292 0.41634 0.45436 -1.1736 0.057606 -0.82585 -0.67325 -0.043753 -0.28089 0.4009 -0.02391 0.094148 -0.10845 -0.03424 0.28074 -0.45253 0.52706 0.57987 0.26252 0.070944 -0.54835 -0.025274 -0.28972 -0.90032 -0.38288 -0.93121 -0.051194 -1.441 -0.12524 -0.47997 1.3442 -0.6482 0.20561
-1.121 0.55506 1.2953 0.93947 0.40653 0.78609 0.29508 0.48619 0.7552 -0.69462 0.23653 -0.15673 -0.69096 -0.50986 -0.43169 0.47407 -0.60555 0.27628 -0.40188 0.019454 -0.63055 -0.16427 0.76365 1.676 -0.13228 0.39376 -0.3896 0.35782 -0.27704 -0.3668 -0.28868 -0.39168 0.33353 -0.98039 -0.13673 -0.40584 0.43691 -0.57633 -0.31211
-1.691 0.29666 0.58392 1.0206 0.77167 0.53696 -0.15114 1.4499 0.8793 -0.6696 -0.50414 -0.91004 -0.80326 -0.58721 -0.18191 -0.1185 -0.44313 -0.31795 -0.68507 -0.14036 -0.83369 0.10099 0.022487 1.144 -0.089433 -0.0033424 0.41365 0.7525 -0.60582 -0.060206 -0.50067 -0.33884 -0.18518 -0.047659 -0.57027 -0.46492 -1.2022 0.032972 -0.7664
-2.2162 0.45532 1.3813 0.67886 0.94346 -0.56133 -0.57743 -0.81539 0.21643 -1.2132 1.4581 -2.0676 -0.50732 -0.11666 0.41087 -0.06396 -0.30069 -0.27639 -0.23784 0.2946 -0.43069 -0.39663 0.25157 -0.19198 0.035285 -0.55829 1.0901 0.91902 -0.44327 0.29739 -0.59908 0.34238 -0.10919 0.58057 -1.2857 -0.49494 -2.2533 0.45499 -0.98177
-1.9671 0.54772 0.78507 -0.50853 0.56169 -0.51004 -0.47659 -1.059 1.3781 0.082555 1.6941 -1.5242 -0.40681 0.5358 0.65916 -0.54195 -0.2823 -0.58079 -0.8384 -0.53147 0.069095 -1.4607 -0.13125 -1.0227 0.19166 -0.79633 1.2732 0.60128 0.0061332 0.51537 -0.35966 1.0452 0.265 1.1598 -1.4794 0.028887 -2.0601 0.98197 -0.76456
-1.762 0.92048 0.093655 0.16013 0.26394 -0.60162 -0.6916 -0.68339 0.28051 -1.1763 0.40325 -0.94696 -0.991 0.9642 0.81064 -0.20821 -0.10103 -0.73568 0.33349 0.0069817 0.11141 -1.9189 -0.13288 -1.9864 0.59482 -0.9302 0.77323 0.18734 0.47023 0.97222 -0.33355 0.88645 0.32151 0.88407 -1.0025 0.12896 -0.62417 1.1918 -0.3255
-0.74424 1.0684 1.1477 1.1902 0.49256 0.31767 0.11426 1.1318 -0.16055 -0.63934 -1.2356 -0.016233 -1.4121 1.249 0.70572 -0.0616 0.46314 -0.76428 1.036 0.54211 1.292 -2.0555 0.27178 -2.2985 1.5658 -1.1575 0.15855 -0.080293 1.2327 0.84297 -0.079275 0.45174 0.25548 0.068434 0.55113 1.1827 1.081 0.92672 0.21949
-0.88212 0.89827 0.40563 0.45028 -0.2799 -0.66446 -0.8213 0.85072 -1.471 -1.0018 -1.1741 -0.71014 -1.2764 0.97242 0.72556 0.58815 1.2153 -0.80966 0.52726 0.40922 0.78169 -2.0762 0.30399 -0.87559 1.7082 -0.94889 -0.72877 -0.47367 0.98537 0.25543 0.10182 -0.79353 -0.55324 -1.2145 1.8647 1.2398 2.4595 -0.17663 0.81981
-1.1477 1.0717 0.7539 0.3962 0.21565 1.013 -0.14961 -0.10179 -1.2995 -0.84776 -2.1114 -1.0304 -1.3025 0.83288 0.55505 1.4432 0.69855 -0.67242 -0.066808 -0.21293 -0.13659 -0.2944 1.9772 0.68453 1.4581 -0.40373 -0.87452 -1.5403 0.053608 -0.37653 0.69806 -1.0034 -0.39893 -1.8578 2.3987 0.50589 2.3478 -1.0367 1.7622
-0.67109 1.1972 1.1948 0.822 -0.093784 0.50221 0.29085 0.91578 -1.5052 -0.1484 -0.49434 0.90961 -1.4922 -0.17867 0.027023 0.939 0.28514 -0.5567 -0.63518 -0.70962 -1.7101 0.87932 1.4537 1.6822 0.23708 0.12753 -0.17238 -2.5954 -1.2671 -0.82843 1.1971 -0.63663 0.25375 -1.2178 1.782 -0.89882 1.2337 -1.3433 2.8006
-0.70384 1.4762 1.2148 1.5625 -0.64335 -0.41529 -0.25067 0.046707 -1.1837 0.031628 0.65339 1.2692 -1.4834 0.20223 -1.7354 -0.15942 0.21113 0.49815 -0.30549 0.31533 -1.3342 1.1988 0.69236 1.3479 0.14774 1.3894 0.48581 -2.8664 -2.1004 -0.63553 1.6403 0.37173 1.1534 -0.45578 0.19745 -2.5812 -0.032901 -1.5728 3.4076
-0.26995 1.4029 2.3131 1.0706 -0.31471 -0.60204 -1.197 -0.23671 0.41383 1.8845 0.36779 0.80871 -1.4538 0.97278 -2.8301 -1.1154 -0.13116 0.96825 -0.57251 0.66131 -1.1621 0.69277 -0.82151 1.3763 -0.4112 3.058 0.87719 -2.1974 -1.8042 -0.48677 1.782 1.4133 1.9602 0.34635 -0.96884 -2.5989 -0.59387 -1.321 3.0736
-1.6446 0.64535 1.3683 0.89852 -0.25093 -0.46031 -0.91435 -1.9016 0.33695 -0.073902 0.42784 -1.2812 -1.0441 1.1677 -3.208 -1.6641 -0.31083 1.7935 0.61687 1.413 -1.3701 0.18889 -1.9628 0.7588 -1.4571 4.0976 0.21538 -0.51707 -1.1214 -0.21445 0.92754 1.6318 1.9051 0.32643 -1.3795 -1.7937 -0.38209 -0.90153 1.5227
-0.30076 -1.5272 -0.65102 0.40495 1.065 0.11856 0.8007 -0.44898 -0.76861 -0.88126 -0.26608 -0.18824 0.56109 0.97783 -3.217 -1.8639 -0.384 2.3007 1.6166 2.6629 -0.98531 -0.52626 -2.3311 0.71896 -1.6899 4.155 -0.50079 1.1194 0.014224 0.18248 0.038868 1.4647 1.3131 0.35719 -0.8077 0.052426 -0.33887 0.25933 -0.68917
0.7757 -1.1466 -0.012226 0.62883 1.1698 0.19395 0.99909 -1.0486 -0.87868 -1.9303 0.76146 -0.33513 1.6287 0.60672 -2.4795 -2.0052 -0.066423 1.6688 1.7319 3.1259 -0.75716 -0.91236 -2.0813 0.86384 -1.0927 3.5064 -1.1785 2.44 1.0013 0.30893 -1.1173 0.43057 -0.22764 -0.021776 0.58398 1.3874 -0.25875 1.1916 -2.6539
0.58205 -0.96562 0.096189 1.0641 1.67 1.0936 1.4738 -1.2459 -0.90574 -1.7264 1.2564 -0.83536 1.7181 0.32682 -1.1687 -0.94424 0.10956 1.1326 1.6814 2.435 -0.73926 -0.34926 -0.65888 0.60193 -0.12204 2.1456 -1.3846 2.5446 1.1432 -0.035163 -1.5728 -0.10621 -1.6585 -0.13957 1.9577 1.7426 -0.67687 1.4319 -3.4274
-0.21224 -1.2493 -0.10109 0.91789 1.9605 1.4304 2.3655 -1.6829 -0.92377 -1.4607 1.4749 -1.5999 1.5512 -0.69517 0.18486 -0.19319 0.049633 0.22245 1.4123 1.0826 -1.551 1.2528 -0.069397 0.26389 0.11844 0.45356 -0.95457 1.8186 0.72617 -0.65829 -1.3378 -0.28991 -2.671 0.15469 2.3023 1.0291 -1.0076 1.3023 -2.9264
-0.36214 -1.2978 -0.45742 0.69211 1.204 1.2323 2.298 -1.7341 -0.49892 -0.94573 1.0014 -1.1225 1.5282 -0.9433 0.057212 -0.56179 -0.4996 -0.020506 1.5746 0.38508 -0.891 2.2532 0.091238 -0.41335 0.55084 -0.32197 -0.19907 0.94388 0.015031 -0.86677 -0.79557 -0.35994 -2.6931 0.93006 1.425 -0.15693 -0.79654 0.89782 -1.624
-0.6524 -1.2497 -0.37745 0.79347 1.564 1.7061 2.2375 -2.4113 -0.49797 -1.48 0.61648 -0.49868 1.4581 -0.52954 0.19934 -0.8037 -1.0233 -0.3401 1.2312 -1.1691 -0.37265 2.3282 -0.4317 -0.75589 1.1546 -0.38593 0.38573 0.29145 -0.32025 -0.82001 0.10723 -0.58243 -1.8496 1.7596 -0.1419 -0.7416 -0.062417 0.4282 -0.44084
-0.36552 -1.0588 -0.55632 0.49004 1.3916 1.8587 1.7606 -2.7376 1.3834 -1.5971 0.45433 0.27427 1.4013 -0.12066 0.53198 -0.63681 -1.0183 -0.11313 1.0836 -1.8033 0.59089 1.9244 -0.78619 -0.572 1.1244 -0.27982 0.25453 0.2278 -0.12688 -0.48272 0.64641 -0.87705 -0.55757 1.9547 -1.1438 -0.52428 0.6914 -0.31824 -0.01282
-0.25173 -0.99019 -0.4628 0.098259 1.4579 2.7041 1.5981 -1.7223 2.0001 -1.8556 0.65315 -0.24981 1.4075 -0.38232 0.47396 -0.80913 -1.265 0.50423 0.54268 -1.5043 1.3505 1.1379 -1.0893 0.20246 0.64504 -0.34066 -0.15737 -0.11282 0.08789 -0.16784 0.97061 -1.1054 1.0379 1.7054 -1.7384 0.10942 0.99133 -0.7936 -0.028703
-0.40545 -0.90696 -1.0303 -0.25486 1.3029 2.4757 -0.012994 -1.6583 1.2148 -2.1004 0.31498 0.29579 1.2999 -0.53701 0.33113 -0.8344 -1.301 0.8454 0.23861 -0.55008 2.2953 0.59271 -0.61107 0.55117 0.10721 -0.36817 -0.24049 -0.38105 0.23308 -0.01672 0.571 -1.5183 1.6357 0.62009 -1.8426 0.54591 0.50229 -0.68156 -0.054592
-0.55031 -0.77771 -0.79957 -0.14233 1.7235 2.4199 0.74815 -0.62127 0.98863 -2.104 0.64728 -0.19678 1.3181 -0.60838 0.094208 -0.56026 -1.1959 1.1016 -0.46466 0.28518 2.305 -0.43448 -0.30376 0.75664 0.0020354 -0.39314 0.26596 -0.39735 0.62106 0.13737 -0.27471 -1.4762 1.5521 -0.47687 -1.1002 0.85416 -0.09452 -0.22956 0.056971
-1.1504 -0.93289 -1.4281 -0.81974 2.0991 1.6434 1.0737 -0.27796 0.87722 -2.485 1.4329 0.064781 1.1647 -0.44941 0.030619 -0.33269 -1.0748 0.72904 -1.3229 0.57576 1.3891 -0.92341 -0.10482 0.1971 0.011679 -0.35031 0.89888 -0.24405 0.69365 0.16913 -1.1302 -1.1494 0.73223 -1.3798 -0.064527 0.90337 -0.62097 0.2731 0.12221
-1.0588 -0.89219 -1.1383 -0.70449 2.6268 2.4419 1.9662 0.66506 1.3947 -2.0057 1.1275 -0.14319 1.115 0.075048 -0.096535 0.12725 -1.1024 0.052254 -1.5061 1.0398 0.80033 -0.27367 0.33811 0.17126 0.17402 -0.25094 1.3267 -0.036376 0.6332 0.28584 -2.0198 -0.44309 -0.37973 -1.4332 0.84904 0.97444 -1.0201 0.40027 0.11983
-0.74478 -0.96475 -0.94843 -1.0414 2.4589 1.4321 1.7124 0.31522 1.0585 -1.9764 1.3723 0.28643 1.0745 0.80088 -0.016672 0.15102 -1.0107 -0.81018 -1.4433 0.54362 0.16854 0.38556 0.84535 -0.47093 0.52047 -0.22637 1.2355 0.086863 0.60572 0.5394 -2.2707 0.1821 -1.2545 -1.0878 0.92949 0.98804 -0.92218 0.18542 -0.0036006
-0.7178 -0.85983 -0.98166 -1.2188 1.787 0.8341 1.1481 -0.37286 0.14782 -2.1948 0.18223 -0.23436 1.1208 1.2426 0.050733 0.40885 -0.66529 -2.0458 -1.2524 -0.44663 -0.074605 0.58631 1.1383 -1.063 0.50445 -0.24637 0.87106 0.0052094 0.44553 1.0732 -1.7813 0.87811 -1.439 -0.86198 0.22351 0.92889 -0.75698 -0.34178 -0.064393
-0.28832 -0.98195 -0.84194 -1.5437 1.2498 0.68654 1.4871 -0.22007 1.1963 -1.5786 0.98323 0.62483 1.1011 1.2731 0.11302 0.68374 -0.24078 -2.6286 -1.0985 -1.1744 -0.44584 0.48056 1.439 -1.1337 0.16814 -0.36002 0.26441 -0.30171 0.19099 1.6459 -0.4515 1.0492 -0.78143 -0.81363 -1.0274 0.6848 -0.16622 -0.65149 0.035209
0.28937 -0.77428 -0.97414 -1.3974 1.0328 0.79985 1.7911 0.10086 1.9944 -1.0359 0.20821 0.58678 1.0339 1.4667 -0.1532 0.70486 0.59659 -2.4899 0.0078374 -0.96292 -0.69582 0.12024 1.8688 -1.098 -0.39589 -0.29801 -0.39819 -0.58312 0.084513 2.02 1.5248 1.0118 -0.12721 -0.76174 -2.365 0.15972 0.33973 -0.45363 0.23528
0.17107 -0.9214 -0.85387 -1.4546 -0.33029 0.5663 0.44769 0.15763 1.6368 -1.0897 -0.1618 0.55725 0.85624 1.1871 -0.46228 0.34926 1.5487 -1.4434 -0.05895 -0.74771 -1.2237 -1.4073 1.8275 -0.81236 -0.40271 -0.14001 -0.65976 -0.78024 0.26218 1.8358 3.0248 0.81034 0.24563 -0.15602 -2.938 -0.4309 0.43817 0.023603 0.4379
0.42572 -0.7702 -0.0041301 -0.84098 -0.26972 0.91135 0.4075 -0.32163 1.387 -0.22864 -0.34894 -0.23228 0.77072 0.55021 -0.71876 0.71413 2.353 0.36445 0.17067 -0.90397 -1.2808 -3.1342 1.2585 -0.51914 -0.18273 0.054532 -0.8469 -0.643 0.24469 1.0235 3.6275 0.50225 0.30149 1.0402 -1.9889 -0.92037 0.28971 0.3846 0.47092
1.1406 -1.2715 -0.35953 -0.23077 -0.3859 1.4666 0.76315 -1.3274 0.35655 0.13356 -0.30512 -0.54607 0.96085 0.50897 -1.0183 1.1646 2.4382 1.8755 0.37639 -0.70386 -0.49019 -3.687 0.89674 -0.51169 0.055506 0.22946 -0.83899 -0.26994 -0.066268 -0.023839 2.7486 0.55691 0.13887 2.3939 0.22919 -1.0781 0.16496 0.36252 0.35731
0.55053 -1.3666 -1.0116 0.59066 0.56617 0.19209 0.70751 -2.1352 -1.8811 -0.10145 -0.56716 -0.04911 1.1029 0.23494 -1.0408 0.74847 2.1396 2.9584 0.75553 -0.37337 1.0855 -2.6625 0.5239 -0.64899 0.10008 0.34085 -0.76549 0.19225 -0.48953 -1.1167 0.88057 0.2107 -0.16692 2.8094 2.4605 -0.88756 0.2294 0.00042543 0.1001
0.26338 -1.5602 0.27109 1.0952 2.2845 1.1562 0.42577 -1.0009 -2.0461 -0.20305 0.38946 1.0235 1.1037 -0.21137 -0.79133 0.17529 1.6197 2.6515 0.71883 -0.72603 2.5534 -1.1906 0.074129 -0.41028 0.13625 0.34147 -0.54128 0.54258 -0.66709 -1.7803 -0.98382 -0.079069 -0.49418 1.8828 3.5009 -0.61002 0.42231 -0.30638 -0.13663
1.1564 -1.6965 0.65195 0.95677 2.6 1.4135 0.40372 0.44654 -1.8219 0.038987 -1.2289 0.33666 1.0958 -0.50889 -0.48537 0.22431 0.61502 1.7217 0.40558 -1.2161 3.0208 0.47149 -0.075938 -0.097226 -0.2761 0.1727 -0.062767 0.73077 -0.63941 -1.8735 -2.0796 -0.70983 -0.35017 -0.23447 3.0636 -0.3886 0.50801 -0.31734 -0.19547
0.42272 -1.7888 -0.18864 0.8785 2.5223 1.8441 -0.11729 1.9642 -0.73047 -0.16675 -1.2466 -0.12713 1.0913 -0.12093 -0.31474 0.094981 -0.22874 0.59941 0.40169 -1.2588 2.4407 1.6522 -0.0031225 0.090538 -0.43079 0.073142 0.27485 0.77751 -0.55295 -1.3223 -1.7896 -0.85808 0.030691 -2.1299 1.676 -0.19632 0.5928 0.29584 -0.1386
0.29558 -1.5159 -0.36176 1.3002 2.1837 1.6898 -0.24795 2.2732 -0.26468 0.046229 -0.4232 -0.34389 1.1864 0.078843 0.04291 -0.48892 -0.54561 -0.049226 -0.44543 -0.7959 0.64207 1.9595 -0.20169 0.15882 -0.31297 0.13157 0.51338 0.68119 -0.41402 -0.43516 -0.97419 -0.8192 0.48679 -3.0448 -0.018965 -0.20188 0.45807 0.99145 -0.01633
0.28198 -1.8294 -0.24301 0.49501 1.752 1.0631 -0.6849 1.421 -0.18445 -0.14502 -0.099693 -0.56079 1.1645 0.012502 0.35114 -0.57657 -0.34438 0.06937 -0.49956 -0.86504 -0.69443 1.3719 -0.24896 0.69815 0.70001 0.11819 0.47151 0.48324 -0.19105 0.23541 -0.20931 -0.58509 0.80228 -2.6379 -0.86712 -0.27132 0.21967 1.0747 -0.01821
0.59116 -1.7206 -0.16057 0.4273 2.2135 0.97873 -0.68111 1.0436 -0.29922 -0.17012 -0.34659 0.30489 1.1427 0.38625 0.41389 -0.27673 -0.15756 0.11103 -0.71311 -0.43173 -1.7493 0.57478 -0.34991 0.55223 1.1127 0.12046 0.44855 0.27567 -0.031123 0.62259 -0.01364 0.012214 0.95933 -1.1147 -0.95905 -0.0054515 0.077481 0.47192 -0.084457
0.83506 -1.4581 -0.01942 0.53529 2.7145 0.86525 -0.13699 0.23629 0.71484 -0.48151 -0.27 0.51477 1.2434 0.60925 0.37355 -0.41192 0.042428 0.13682 -0.58473 0.16995 -1.856 0.63471 -0.4625 0.34601 0.97909 0.045685 0.30092 0.10098 -0.35879 0.55001 -0.5358 0.10958 1.0605 0.1551 -0.60685 0.27895 -0.21464 -0.6226 -0.12967
0.8041 -1.3059 -0.53146 0.81164 2.6038 1.3561 -1.0441 0.5288 0.0061525 -0.18086 -0.42546 1.207 1.1849 0.62161 0.52963 -0.65933 0.47422 -0.083432 -0.37742 0.61078 -1.1055 0.43691 -0.1054 0.48819 0.44943 0.018797 0.064263 0.00085327 -0.66983 0.25203 -0.87601 0.16741 0.81346 1.1017 -0.33205 0.49908 -0.16096 -1.2458 -0.21548
0.6349 -1.4141 -0.6294 0.87476 2.1427 0.76761 -0.55899 -0.27307 -0.028616 -0.59975 -0.024617 0.88666 1.2453 0.46109 0.47488 -1.1141 0.41273 -0.85325 -0.45523 0.73977 -0.70683 0.24433 0.17777 0.26945 -0.2832 -0.059183 0.069151 -0.039426 -0.44226 -0.17571 -0.79784 0.13354 0.50892 1.3097 -0.11458 0.45809 -0.21854 -1.1093 -0.20389
1.1511 -1.3541 -0.69624 0.97636 2.0637 0.6473 0.13169 -0.45516 0.83196 -0.56078 0.26978 0.50801 1.1891 0.58596 0.36352 -1.2627 0.15459 -1.0779 -0.45475 0.91645 -0.047977 0.11554 0.31199 0.24263 -0.8332 -0.20559 0.1758 -0.11832 -0.12786 -0.58189 -0.36401 0.21746 0.072343 1.2538 0.072574 0.2919 -0.33022 -0.42805 -0.18714
1.1608 -1.2734 -0.83077 0.87951 1.8927 0.60853 0.086174 0.20807 0.21505 -0.070021 0.43253 0.15285 1.1645 0.76181 0.38396 -1.0023 -0.12689 -0.89734 -0.28792 1.0425 0.32318 0.56992 0.23021 -0.00013071 -0.68023 -0.20031 0.19399 -0.047057 -0.0063726 -0.48612 0.16879 0.013176 -0.1607 1.0543 -0.23353 0.028415 -0.073769 0.13507 -0.12429
1.1369 -1.0962 -1.5079 0.8918 1.3224 0.52582 0.19324 -0.11632 0.27846 0.003612 -0.49588 0.16902 1.1122 0.80455 0.35958 -0.99247 -0.36986 -0.74587 -0.041968 0.61363 0.97137 0.4178 0.44285 -0.080672 -0.27285 -0.2395 0.017687 -0.087252 -0.018629 -0.16477 0.089946 -0.34341 -0.22601 0.46442 -0.54163 -0.18635 0.33858 0.49684 -0.049063
1.5552 -1.0832 -1.5043 0.74711 1.6042 0.6124 0.57064 0.44548 0.71366 -0.20074 0.11724 -0.34728 1.0244 0.71897 0.39038 -1.2888 -0.2539 -0.66363 -0.63435 0.58037 0.96098 -0.36691 0.16849 0.26648 -0.34366 -0.26101 -0.34 -0.20274 0.023098 0.1344 -0.1463 -0.85523 -0.0031161 -0.071037 -1.0238 -0.28146 0.92606 0.30618 -0.027653
1.6488 -1.0196 -1.4254 0.66616 1.5067 0.96714 0.16715 0.69103 0.86823 -0.21243 -0.29831 0.67451 1.071 0.6463 0.20106 -1.183 -0.089883 -0.99306 -0.93823 0.70639 0.58518 -0.48388 -0.023497 0.81143 -0.049072 -0.26229 -0.80101 -0.17024 0.29112 0.21007 -0.43269 -0.98079 0.4898 -0.76314 -0.94048 -0.38436 1.0431 -0.14712 0.067071
1.7068 -1.1448 -1.6494 0.41321 1.196 0.50152 0.43351 1.0607 0.64849 0.044359 0.25113 0.3546 1.027 0.21388 0.094851 -0.88905 0.0031632 -1.0332 -1.4782 0.99977 0.35601 -0.99822 -0.090058 1.4907 -0.22587 -0.23847 -1.0645 -0.06333 0.70674 -0.13555 -0.64194 -0.38305 0.85954 -1.1884 -0.37835 -0.2095 0.65734 -0.49015 0.13832
1.9881 -0.86269 -2.4267 0.86649 1.2095 -0.63932 1.0239 0.86152 -0.35912 -0.26152 0.86923 -0.53578 0.91956 -0.42831 0.19784 -0.65033 -0.082166 -1.3796 -1.4993 1.3912 -0.32415 -1.1211 -0.18375 1.4902 -0.68358 -0.13443 -1.0179 0.10141 0.89847 -0.59233 -0.66232 0.32253 0.82241 -1.3476 0.17289 0.082223 -0.24443 -0.40914 0.15605
1.7755 -1.0948 -2.2336 0.81801 0.21813 -0.38329 0.93036 0.6804 -0.27818 -0.041829 1.2034 0.28455 0.91525 -0.71965 0.27606 -0.20044 -0.50928 -1.6974 -1.0866 1.963 -1.0658 -0.79405 -0.16326 1.2992 -1.073 -0.083822 -0.58045 0.10614 0.99827 -0.99473 -0.53459 1.0245 0.3559 -1.0948 0.93701 0.6463 -1.2637 0.16451 0.12448
1.283 -0.98913 -2.2377 0.76183 0.38304 -1.1372 1.5722 0.49649 -0.62225 -0.28123 1.5888 -0.33501 0.89328 -0.77609 0.29283 0.20232 -0.96772 -1.9278 -0.51342 1.8757 -1.5162 -0.24441 0.1751 0.38388 -0.50802 -0.067439 0.13077 0.098033 0.83139 -0.98046 0.097978 0.86722 -0.36936 -0.27401 1.0171 1.333 -2.1099 0.74244 -0.005363
0.95465 -0.81142 -1.9005 0.37313 0.055638 -0.59331 2.1093 0.035196 -0.20121 -0.50215 1.7386 -1.1262 0.98909 -0.68698 0.23829 0.60944 -1.4656 -1.7766 -0.0041279 1.4775 -1.3349 0.41223 1.0022 -0.62181 -0.03431 -0.055094 0.83051 0.079398 0.69368 -0.39217 0.55826 0.53371 -1.4385 0.63732 0.55971 1.6882 -2.4677 1.1329 -0.15428
1.0069 -0.77152 -1.667 -0.24507 -0.68766 -0.23282 2.5844 -0.79821 -0.039365 -0.178 1.2529 -0.72199 0.98755 -0.19518 0.39298 0.54323 -1.488 -1.1226 -0.3751 0.90673 -0.7715 0.28243 1.856 -1.9936 0.24692 -0.15931 1.1935 -0.011006 0.72525 0.32304 0.79874 0.11549 -2.0986 1.1502 -0.064457 1.4158 -1.8312 0.91307 -0.31283
1.1483 -0.8462 -1.9088 -0.52637 -1.1549 -0.67367 2.5531 -0.90102 -0.050295 0.45837 0.61575 -0.14694 0.86336 0.54221 0.3685 0.95833 -0.9965 -0.98399 -0.13001 -0.41317 -0.12686 0.047092 2.3177 -2.7085 0.79016 -0.30919 0.90672 -0.063274 0.79354 0.9743 0.69474 0.078789 -2.4447 1.3998 -0.43545 0.52461 -0.34397 0.59401 -0.4683
1.1823 -0.73036 -1.7637 -0.66019 -0.8996 -0.7247 2.4082 -0.53798 0.15099 1.2823 -0.0080533 -0.19143 0.84695 0.83755 0.20654 1.4188 -0.56777 -0.73866 -0.22697 -1.3569 0.25652 -0.18845 2.3027 -2.4314 0.87517 -0.48935 0.029561 -0.0098412 0.85267 1.1266 0.37429 0.32827 -2.1725 1.0962 -0.31361 -0.76508 1.5938 0.20053 -0.59541
1.4022 -0.64907 -1.5928 -0.73453 -0.65639 -1.335 1.9544 0.033445 -0.24783 2.1545 -1.7121 0.3978 0.76087 0.49084 0.21569 1.6961 -0.032898 -0.58617 0.074926 -2.2592 1.0463 -0.21073 1.8111 -1.1355 0.80077 -0.71131 -0.99831 0.36252 0.4459 0.96588 0.17892 0.065194 -1.4652 0.3185 -0.31338 -2.1409 3.0574 -0.32507 -0.82717
1.9598 -0.54183 -0.7309 -0.24402 -0.9402 -0.70262 0.97941 0.17724 -0.53024 1.9104 -1.5944 0.18143 0.64739 -0.10848 0.45032 1.8144 0.2173 -0.56469 0.15408 -2.4957 0.90631 -0.20673 0.60445 0.56032 0.5939 -1.0021 -1.7112 0.74534 -0.12697 0.7536 0.049908 0.053734 -0.43555 -0.44639 -0.2781 -2.8609 3.215 -0.48605 -0.91648
1.8329 -0.70814 -0.14514 -0.64024 -1.3425 -0.47328 0.84796 -0.31872 -0.1559 1.9608 -0.89046 -0.017091 0.5434 -0.83753 0.90179 1.6052 0.48747 -0.69554 -0.19349 -2.7577 0.19716 -0.56139 -1.0446 2.2124 0.21857 -1.5025 -1.7313 0.90136 -0.65182 0.40911 0.33269 -0.13634 0.5934 -1.0197 -0.24089 -2.7608 1.9279 -0.22966 -0.74139
1.2268 -0.59034 -0.21751 -0.39115 -1.6583 -0.19658 -0.031729 0.91675 -0.13433 2.0832 0.2915 0.79938 0.23832 -1.6784 1.2119 1.1888 0.6384 -0.5604 0.012302 -1.9669 -0.2589 -0.56114 -1.8972 2.6427 0.12799 -1.6999 -1.0621 0.74278 -0.92509 0.29639 0.63325 -0.076 1.1589 -0.50428 -0.16266 -1.8501 0.02968 0.058022 -0.20003
0.76502 -0.22577 -0.24583 -0.35322 -1.4887 -0.98089 -0.12566 0.28074 -0.27515 1.1335 1.3234 0.61602 -0.10987 -1.9417 1.4658 0.70715 0.55734 0.087304 -0.11369 -1.3296 -0.50198 -0.50814 -2.3689 1.866 0.51474 -1.6619 0.12173 0.052685 -0.7583 0.043754 0.71508 0.35207 1.5688 0.092046 0.1992 -0.50288 -1.7097 0.13655 0.66213
0.24777 0.3866 -0.022177 0.023084 -1.4234 -1.4775 -1.0353 -0.47176 -1.0582 -0.13135 2.1019 -0.068744 -0.61464 -1.5279 1.512 0.4273 0.76536 0.30626 -0.029596 -0.8873 0.19562 -0.55367 -2.3727 0.78635 0.50948 -1.2738 1.3693 -1.1266 -0.46108 -0.3497 0.27939 0.78072 1.1817 0.59362 0.39651 0.73695 -2.552 0.024085 1.4937
-0.3114 0.42731 0.050861 0.16202 -1.3456 -0.59453 -0.056955 -0.25719 -0.95103 0.10991 0.78054 0.63195 -0.64512 -0.68015 0.84584 0.47595 0.51888 0.29326 0.50477 -0.15718 0.14841 -0.17166 -1.7959 -0.46261 0.25054 -0.5571 2.0238 -2.3645 -0.4038 -0.92086 -0.4186 1.1225 0.8138 0.66272 0.64795 1.8255 -2.3833 -0.19073 2.1652
0.0015077 0.61917 0.31393 0.10198 -0.84032 -0.38674 -0.56239 -0.45801 -0.68086 -0.70894 0.69954 1.1522 -0.68594 0.24627 -0.51934 0.37556 -0.0076532 -0.0918 1.2026 -0.18518 0.63635 0.053275 -0.73376 -1.5667 0.25501 0.36243 2.0152 -2.7795 -0.41889 -1.3127 -0.54363 0.99527 0.38509 0.23681 0.74314 2.1391 -1.364 -0.41808 2.2697
0.085318 0.58202 0.15306 0.26663 -1.3415 -0.50265 -0.46835 1.2513 -0.64617 -0.4352 0.68968 0.84513 -0.50822 0.94535 -1.8012 -0.083797 -0.82495 -0.50471 1.4253 -0.046871 0.64165 0.467 0.40297 -1.9764 0.20183 1.3106 1.2539 -2.2311 -0.59207 -1.1729 -0.41284 0.58129 0.1548 -0.15712 0.5766 1.7163 -0.21235 -0.62999 1.7821
0.45917 0.091234 0.24097 0.11643 -1.3816 0.13939 -0.23399 0.6357 -0.32687 -0.16449 0.14553 0.78288 -0.27739 1.4175 -2.1986 -0.13914 -1.0887 -0.32989 1.4211 -0.16416 0.42823 0.59339 0.73626 -1.3332 -0.36679 1.7661 0.32531 -0.87931 -0.37877 -0.73378 0.25174 0.092796 0.28501 -0.84634 0.36261 0.76178 0.76651 -0.67687 0.88667
0.95983 -0.86594 0.20561 -0.48644 -1.6836 0.29449 -0.84852 0.48122 -0.72751 -0.099713 -0.77105 0.5301 0.1504 1.0749 -2.3557 -0.45167 -1.1965 -0.36749 1.5125 0.15106 -0.086637 0.69617 0.84563 -1.0353 -0.76836 1.8609 -0.48165 0.53586 -0.040425 0.0078367 0.75734 -0.26274 0.3919 -0.75835 -0.0071086 -0.075697 1.3168 -0.56443 -0.074339
1.052 -1.3168 -0.24311 -1.1117 -1.9715 0.57436 -0.68256 0.12465 -0.35903 0.58275 -0.99619 0.56024 0.62696 0.79317 -1.8356 -0.20839 -1.2292 0.35719 1.339 0.29446 -0.77036 0.65447 0.54373 -0.43571 -0.68465 1.6389 -0.9537 1.4514 0.11173 0.55363 0.9085 -0.51211 0.51647 -0.2797 -0.1553 -0.3592 1.3918 -0.24312 -0.78314
1.4035 -1.1474 0.16586 -0.83255 -1.0977 1.3107 -0.13632 0.59585 0.081019 0.53575 -0.525 0.34088 0.8299 0.3667 -1.0137 -0.15544 -0.72915 0.65639 0.96444 0.51571 -0.34712 0.42297 0.35057 0.333 -0.83626 1.2429 -0.8378 1.6605 0.26487 0.81862 0.88773 -0.82017 0.24345 0.30415 -0.45165 -0.38227 1.0282 0.05717 -1.1811
0.977 -1.3462 -0.31843 -1.0119 -1.4982 1.2498 -0.32718 0.0039276 0.27059 0.0044561 -0.38723 -0.095883 0.82809 0.0018532 -0.24283 -0.095991 -0.2423 0.95791 0.71486 0.69398 -0.035262 0.42419 0.27743 0.89857 -0.87909 0.70252 -0.60758 1.1395 0.092635 0.69804 0.34053 -0.91655 -0.12907 0.52348 -0.64367 -0.13688 0.12519 0.30817 -1.1462
1.1056 -1.1598 0.17935 -1.183 -0.76791 1.0693 -0.066697 -0.011917 0.027945 0.26773 -0.014787 0.016419 0.9134 -0.083366 -0.14652 -0.017148 -0.097935 1.0913 0.25334 0.44696 0.16494 -0.079048 0.22702 0.44915 -0.60921 0.25959 -0.26297 0.50727 0.070983 0.27016 0.10733 -0.82414 -0.44329 0.2089 -0.47852 -0.071098 -0.7013 0.6539 -0.84385
1.0852 -1.2429 0.01624 -0.83586 -0.88757 1.3157 0.11967 0.28755 -0.16251 0.43806 0.12691 -0.4612 0.95664 -0.10706 -0.20709 -0.12361 -0.18584 0.83066 -0.061498 0.081141 0.048354 -0.36364 0.33648 -0.24021 -0.22789 0.12219 -0.082826 0.12519 -0.18329 -0.024574 -0.35805 -0.69196 -0.80384 -0.11322 -0.21957 -0.35543 -1.0848 0.82712 -0.52403
1.0378 -1.2746 -0.1352 -1.0278 -0.6784 1.3103 -0.077695 0.5426 0.039481 0.59974 0.22456 -0.57857 0.92756 -0.062489 -0.11428 -0.030048 -0.22505 0.9557 -0.22616 -0.052585 0.032333 -0.12647 0.18142 -0.58124 0.10864 0.054101 -0.013698 0.29483 -0.21986 -0.10902 -0.51795 -0.47381 -0.93755 -0.082796 0.096775 -0.68733 -0.70603 0.94688 -0.36349
1.0976 -1.483 -0.17954 -1.2449 -0.36211 1.079 -0.0066389 0.47245 -0.31545 0.81196 -0.72696 -0.019629 0.90035 -0.15681 -0.033528 -0.47518 -0.21586 0.35289 -0.37065 -0.65043 -0.21686 0.015339 -0.39873 -0.87592 0.38333 -0.11357 -0.068549 0.5329 -0.080363 -0.11432 -0.46491 -0.36463 -0.94453 0.42516 -0.15524 -0.81893 -0.015682 0.73361 -0.3798
1.1383 -1.327 -0.033578 -1.0978 -0.29001 1.2544 -0.17088 0.2496 -0.2311 0.51432 -0.93217 -0.0022337 0.95875 -0.078008 0.2993 -0.29851 -0.2832 0.34521 -0.4989 -1.0483 0.11284 -0.077111 -0.75724 -0.72657 0.94908 -0.26021 -0.33441 0.56576 -0.099827 -0.279 -0.75649 -0.50936 -0.94036 0.79893 -0.64701 -0.69032 0.68729 0.059644 -0.39565
0.82888 -1.3222 -0.15935 -1.3745 -0.15843 0.7932 -0.29183 -0.11628 0.27073 0.043875 -0.78407 0.0059707 0.89945 -0.22094 0.54981 -0.17374 -0.36728 0.25444 -0.62253 -1.296 0.87859 -0.694 -0.80495 -0.21007 0.78385 -0.38691 -0.45827 0.60752 0.15747 -0.41086 -0.62773 -0.6705 -0.32256 0.95398 -0.65954 0.010351 1.1235 -0.58337 -0.3545
0.94048 -1.1338 -0.56375 -1.2256 -0.70046 0.74144 -0.96268 -0.076252 -0.10996 -0.23174 -0.95367 0.34305 0.78039 -0.64708 0.61725 -0.40319 -0.67804 -0.44575 -1.0752 -1.5964 1.1316 -1.0475 -0.97323 0.52089 -0.024668 -0.50323 -0.50798 0.84019 0.46386 -0.48923 -0.39973 -0.94649 0.27123 0.52148 -0.37314 0.77823 0.72676 -0.91124 -0.39522
1.0878 -0.92675 -0.22223 -1.2115 -0.2724 0.84441 -1.1454 1.1889 -0.38287 -0.23393 -0.67662 0.96856 0.68129 -0.71954 0.90632 -0.14214 -0.80188 -0.45094 -1.3666 -1.0101 1.2428 -0.79989 -0.27013 0.85223 -0.36517 -0.61401 -0.35502 1.3484 1.0798 -0.15752 0.11787 -1.275 0.6209 -0.1056 0.24591 1.5222 -0.094977 -0.69228 -0.67667
0.68522 -0.86395 -0.22934 -1.7152 -0.1063 0.44999 -1.4709 2.147 -1.3172 -0.028682 -0.29038 0.3432 0.57525 -0.76853 1.6412 0.56552 -1.0008 -0.056311 -1.9403 -0.64007 1.0013 -0.75967 0.50653 0.2603 -0.37585 -0.83992 -0.0045349 1.7216 1.6264 1.178 0.51468 -0.89159 1.0233 -0.79333 0.6147 1.9031 -0.61306 -0.25176 -1.0732
0.073727 -0.97464 -0.7285 -2.1756 -1.2879 -0.47537 -1.8373 1.3011 -1.4434 -0.63244 -0.09483 -0.62225 0.50195 -0.81524 2.4782 1.4261 -0.49989 0.31596 -2.6336 -0.52528 0.71164 -0.35233 1.45 -0.28897 -0.49653 -1.4047 0.048062 1.4458 1.4854 2.5702 0.39605 0.23763 1.3432 -0.99559 0.86412 1.4456 -0.3633 0.17298 -1.3668
0.34864 -0.25867 -0.0096847 -1.9197 -0.5863 -0.44652 -0.84957 1.3364 -0.25943 0.35487 0.20122 -0.37074 0.40442 -0.60168 2.9475 1.9657 1.4573 0.2017 -2.1499 0.21303 -0.26358 -0.058244 1.9107 -0.20668 -0.52275 -1.9884 0.083657 0.46373 0.64001 3.1167 0.10386 1.8601 1.4005 -0.75383 0.95091 0.57447 0.22943 0.80764 -1.2182
0.089669 0.62165 0.63304 -2.4809 0.0059521 -1.7416 -1.3185 1.1473 -0.76896 0.74127 -1.2169 0.20176 -0.0059999 -0.70749 2.8699 2.0352 2.9452 0.21937 -0.80401 1.2536 -0.20563 0.55442 1.8719 0.31253 0.0047728 -2.4346 0.036049 -1.1315 -0.94261 1.9531 -0.22423 2.4509 1.0657 -0.57311 0.53272 -0.64341 0.22995 0.82436 -0.14698
0.15699 1.4207 1.2903 -1.2664 -0.11352 -2.359 -2.0202 1.8286 -0.88144 1.7659 -1.4169 0.021114 -0.74083 -0.66066 2.2838 1.4852 3.3087 0.22088 0.71465 1.2751 -0.11873 0.66318 1.4259 0.43223 0.95539 -2.4595 0.023704 -2.7203 -2.577 -0.65023 -0.44016 1.5268 0.5533 -0.56065 0.34613 -1.7769 -0.071871 0.40988 1.5676
0.28173 1.5226 1.7516 1.2906 -0.30442 -1.0376 -0.5284 0.91866 -0.98494 1.7762 -0.032766 -0.21916 -1.1563 -0.71265 0.75988 -0.20408 2.3583 -0.10523 0.63718 1.0801 -0.56404 0.33829 0.42689 -0.13465 0.38016 -1.4277 0.20786 -3.5611 -3.4634 -3.1785 -0.33444 -0.11703 0.14483 -0.97947 0.13972 -2.4869 -0.55188 -0.30913 3.2067
-0.74468 1.2976 1.2461 1.2341 -0.49137 -0.080578 0.42878 1.8313 -0.27409 1.4848 0.85181 -0.04399 -1.4699 -0.54898 -0.9246 -1.9809 0.50484 -0.46914 0.060115 1.4137 -1.2617 0.73311 -0.86206 -0.14371 0.065844 0.25233 0.36661 -3.26 -3.2226 -4.3969 -0.013228 -1.4062 -0.11305 -1.078 -0.039815 -2.3502 -0.79628 -1.0668 3.8022
-0.527 1.1793 0.66226 0.62143 -0.81666 0.47514 -0.5303 0.83158 -0.0022342 0.9985 -0.019653 1.3666 -1.4337 -0.37033 -1.9754 -3.0314 -1.7835 -0.062372 -0.69923 1.4831 -1.6815 0.7956 -1.8762 -0.56906 -0.23041 1.8242 0.60482 -1.9865 -1.6203 -3.3689 0.55749 -1.0112 -0.22914 -0.76777 -0.2383 -1.3789 -0.17339 -1.0722 2.9408
-0.30466 0.57705 -0.36682 -0.43957 -0.1033 -1.4063 -0.1358 0.35264 -0.26491 1.0791 -1.6783 -0.30225 -0.47053 -0.14325 -2.2529 -3.4299 -3.1052 0.19977 -1.3124 0.85788 -1.8121 0.35653 -2.0457 -1.0338 -0.95381 2.5721 0.58451 -0.6001 0.54601 -0.83174 0.86216 0.40645 -0.7392 -0.017162 -0.64247 -0.24919 0.96718 -1.097 1.1958
-0.38512 -0.10539 -1.3576 -1.8883 -0.71604 -2.7328 0.10925 -0.56458 -0.007989 -0.22615 -1.3918 0.03288 0.27706 0.21658 -2.1744 -2.6751 -2.3353 0.67479 -0.61421 0.91064 -1.8965 0.057059 -1.6937 -0.063603 -1.3354 2.5614 0.31929 0.47693 2.411 1.8436 0.73004 2.1388 -1.409 0.63335 -0.36999 0.59599 2.014 -0.15511 -0.67743
-0.25575 -0.2611 -1.3942 -1.9416 -0.078024 -2.1248 0.55693 -0.33594 0.089037 -0.40489 -0.93418 -0.55688 0.62475 0.25184 -1.913 -1.1186 -0.81591 0.87154 0.79921 0.23476 -1.2026 -0.16438 -1.4433 1.6269 -1.6572 1.9768 0.022917 1.0908 3.4078 3.0999 0.36338 2.7987 -2.0491 1.0044 -0.070649 0.91971 1.9242 1.0247 -1.8614
-0.36808 -0.44076 -1.8065 -1.576 -0.22277 -1.1433 0.81031 -1.104 -0.48043 -0.52366 -0.65881 -1.4919 0.61776 0.032594 -1.283 0.50019 0.6441 1.0531 2.3494 -1.0071 -0.68328 0.32677 -1.0047 2.3242 -0.2467 0.9344 -0.14517 1.3325 3.2384 2.5191 -0.42235 1.8909 -2.3257 0.93506 0.12852 0.77723 0.56311 1.7926 -2.1336
-0.45569 -0.6539 -1.4377 -1.1829 0.40165 0.06645 1.0407 -0.76688 0.071086 -0.29463 0.8588 -0.9373 0.52256 -0.0025994 -0.72464 1.619 1.4046 0.74616 2.5759 -2.2623 -0.34484 0.08285 -0.58067 1.8072 0.52331 0.12477 -0.075091 1.272 2.1772 1.1742 -1.0652 0.18539 -1.5237 0.49226 0.11476 0.76453 -0.84227 2.0033 -1.7102
0.046651 -0.8004 -0.42533 -0.53253 0.35516 0.55809 -1.0838 -0.83727 -0.36828 -0.79232 1.5378 -1.2811 0.66668 0.079502 -0.35707 2.2613 1.4319 -0.060901 2.1265 -2.4719 -0.39565 0.1875 -0.59576 1.0203 1.1512 -0.25016 0.10754 0.99295 0.83698 -0.10146 -1.4569 -1.3131 -0.025952 0.04497 -0.29083 0.59358 -1.6056 1.1158 -0.99695
-0.4663 -0.77944 -0.095079 -0.41536 1.042 0.29776 -1.3744 -0.77694 0.66629 -0.53999 0.77546 0.16927 0.66541 0.094563 -0.073957 2.231 1.0693 -0.62486 1.2683 -2.0635 -0.33654 0.13216 -0.14352 0.49892 1.6474 -0.42707 0.20325 0.70217 -0.25807 -0.85785 -1.2421 -1.5464 1.4379 -0.0025284 -0.47544 0.87068 -1.5116 0.48672 -0.57106
-0.39071 -0.73874 0.1505 -0.65245 -0.2218 0.15654 -2.2069 -1.0716 -0.23415 -1.1882 0.62017 0.61116 0.41914 0.19022 0.1884 1.8036 0.62611 -1.0794 0.48666 -1.1485 -0.60672 -0.27101 -0.055362 -0.40608 1.3973 -0.53673 0.37141 0.562 -1.0261 -0.98163 -0.68108 -1.0798 1.9246 0.23163 -0.78673 1.1123 -0.91232 -0.33196 -0.42195
-0.087909 -0.55852 0.81112 -0.16116 -0.39889 1.1235 -1.2561 -1.1778 0.13228 -1.0509 0.41926 0.1616 0.3504 0.32646 0.27282 1.316 0.16046 -1.1433 0.43168 -0.04495 -0.25727 -0.62518 0.86217 -0.66648 1.3321 -0.73315 0.54611 0.7034 -1.3476 -0.67349 0.30174 -0.53032 1.8659 0.55174 -0.79991 1.2794 -0.57272 -0.87496 -0.42469
-0.28948 -0.6308 0.40684 -0.24232 -0.67987 0.79842 -1.145 -1.4458 -0.27103 -0.18592 0.98829 0.70638 0.1989 0.66106 0.48593 0.68523 7.5644e-05 -1.1052 0.4757 0.36914 0.033175 -0.98514 1.0898 -0.32417 0.5826 -0.83718 0.33877 1.0084 -1.4432 -0.40852 0.80384 -0.64753 0.90346 0.73529 -0.36861 1.2362 -0.25794 -1.0909 -0.52232
0.0031259 -0.54617 0.86289 -0.31374 -0.47857 0.61392 -1.0966 -1.5145 -0.32904 -0.65693 0.43047 0.76165 0.16397 0.88193 1.0497 0.12773 0.091428 0.0032541 0.25857 0.91097 0.47696 -1.0881 1.801 -0.75539 0.22879 -1.0217 0.021079 1.3163 -1.1219 -0.027334 0.75927 -0.94635 -0.11971 0.49071 0.27587 0.44454 -0.20938 -1.2535 -0.5144
0.32123 -0.56864 1.1555 -0.45919 -0.65092 1.0087 -1.6848 -0.74073 -0.91569 0.59324 0.16726 1.1727 0.013592 0.54923 1.6246 -0.45146 -0.1183 -0.057197 -0.66681 0.18628 0.54091 -0.76612 1.9073 -0.91335 -0.31431 -1.3083 -0.38354 1.2369 -0.80373 0.24105 0.43225 -1.342 -0.4919 0.18729 0.5471 0.10924 -0.085578 -1.207 -0.42449
0.28958 -0.14852 0.41995 -0.51504 -0.74515 0.86101 -1.0581 -0.76768 -0.67041 0.22186 0.33781 0.85566 -0.21398 0.4276 2.0857 -0.33678 0.1772 -0.15883 -0.81025 -0.18253 0.49553 -0.19001 1.3282 -0.82155 -0.81204 -1.3996 -0.71996 0.54084 -0.42428 0.39497 -0.054001 -1.1207 -0.48222 0.15216 0.75293 -0.4009 0.31177 -0.91253 -0.15092
0.8371 0.57592 0.38941 -0.19535 0.015078 0.79804 -0.42165 -0.48833 -1.6353 1.1563 -0.72238 0.48924 -0.62279 0.18009 2.2064 -0.68138 0.43328 -0.15414 -1.562 -0.055819 0.40026 -0.35449 1.5413 -0.48053 -1.3953 -1.3928 -0.59942 -0.3241 0.30668 0.82492 0.068468 -0.38438 -0.25093 0.22497 0.56806 -0.79183 0.64863 0.0082555 0.27266
0.11266 0.99044 0.18557 -0.3681 -0.87302 -0.23294 -1.3778 -0.83297 -0.35018 1.4192 -0.42232 -0.40232 -0.87208 -0.26801 1.7369 -0.61417 0.5891 -0.027551 -1.4414 0.079622 0.85067 0.1918 1.1955 -0.32605 -1.1327 -1.2449 -0.64118 -1.1921 0.58713 0.69237 0.09827 0.14901 -0.038309 0.32557 0.40629 -1.0833 0.87235 1.057 0.60962
0.28015 1.1527 0.5294 0.015042 -0.93258 -0.12185 -1.6994 -0.8518 -0.36797 0.78302 0.039442 -0.042712 -0.92713 -0.21302 1.2109 0.25972 1.2799 0.03697 -1.0865 -0.43567 0.81798 0.16403 0.41615 0.19271 -0.1911 -0.90924 -0.3248 -1.4369 0.93933 0.43778 0.35401 1.1751 0.53586 0.23281 -0.058018 -1.6451 0.86632 1.965 0.72817
0.43097 1.3004 0.17166 0.10839 -0.53288 -1.294 -1.0627 -0.49533 -1.4816 1.7693 -0.3057 -1.0221 -1.0085 -0.56366 0.42365 0.31355 1.1019 -0.036399 -0.76019 -0.059192 0.95029 0.35269 -0.23996 0.66588 0.67271 -0.57484 -0.14961 -1.1264 0.61293 -0.0082913 0.43708 1.4147 1.1762 -0.020679 -0.38436 -1.6159 0.26273 1.6483 0.55692
-0.10243 0.93041 0.2051 0.13329 -0.51965 -0.038153 -1.0832 1.1109 -0.38291 1.9708 -0.39761 0.15599 -1.1595 -0.27083 0.25992 0.66434 1.033 0.56753 0.35335 1.0927 0.82136 -0.54884 -0.97697 0.83488 1.6278 -0.45369 -0.46986 -0.70824 0.0049676 -0.43958 0.60689 1.541 1.1598 0.033147 0.13655 -1.011 -0.32112 0.76896 0.22487
0.39989 1.3665 1.0059 1.4752 -0.422 -0.32359 -1.5193 -0.1061 -0.76944 0.34341 0.4669 0.8733 -1.1273 -0.51166 0.17147 0.35483 0.70688 0.58658 0.55413 1.6723 0.79331 -0.20938 -1.2866 -0.10447 1.2424 -0.49847 -0.44913 -0.13244 0.21103 -0.14938 0.4696 0.95691 0.41066 -0.18195 0.5696 -0.12959 -0.74721 -0.38094 -0.0026137
-0.30705 1.0527 0.50317 0.57223 -0.48323 -0.62654 -0.62132 0.50357 -0.61387 0.9931 0.24056 1.0281 -1.206 -1.1079 0.053304 0.22157 0.63851 0.9364 1.2141 1.0228 0.95262 0.71495 -1.0492 -0.10665 1.0276 -0.55474 -0.48867 -0.12191 0.13063 -0.19818 0.031095 0.52706 -0.44293 -0.061075 1.3413 1.1165 -0.7671 -1.42 -0.040831
-0.005968 1.4387 1.0908 0.71205 -0.11689 0.50211 0.13508 -0.018579 -1.4939 -0.15178 0.96245 1.7713 -1.3014 -0.97539 0.2859 0.92037 1.021 0.72207 0.64689 0.80509 0.49398 0.84488 -0.45854 -0.4435 0.1474 -0.53001 0.064655 -0.11098 0.2395 0.10807 -0.29153 0.62124 -0.91526 -0.26958 0.90819 1.4514 -0.51648 -1.6745 0.1146
-0.34114 1.2884 0.44202 0.76445 -0.093021 -0.0081391 0.51821 0.81897 -0.67254 -0.11382 -1.2784 0.4909 -1.4362 -0.94284 -0.019286 0.60979 0.50347 0.58663 1.3199 0.65233 0.83145 1.5702 0.8056 -0.61754 -0.75451 -0.51055 0.65638 -0.23 -0.014545 0.097435 -0.92967 0.12999 -0.81485 -0.42454 -0.051383 1.3588 -0.35768 -1.3196 0.3118
-1.395 1.126 0.37716 1.1125 0.87768 0.81722 -0.73399 1.806 0.41616 1.2786 -0.14809 0.67765 -1.5676 -0.46781 0.0055514 0.60183 0.99356 0.21849 1.6948 0.040993 0.28119 1.155 0.64154 -0.94418 -1.3117 -0.32099 0.69258 -0.21612 -0.39077 -0.2424 -1.0512 -0.48423 -0.68418 -0.45751 -1.2584 0.55364 0.29493 -0.2918 0.38145
-0.76166 1.4554 2.258 2.1957 -0.12856 0.29169 -0.44865 0.86018 0.56987 0.8102 -0.47581 0.78583 -1.5549 -0.13355 -0.22425 0.32518 0.85082 -0.60057 0.94144 -0.21127 0.16439 0.45909 1.074 -0.61768 -0.96927 -0.11432 0.75529 0.057862 -0.59975 -0.77721 -1.0667 -1.6543 -0.066388 -0.64407 -2.3092 -0.77492 0.68521 0.39885 0.45055
-0.639 1.1798 1.1443 1.1778 0.13914 1.5728 -0.094243 0.91784 0.98234 1.5211 -0.057086 -0.22924 -1.5434 -0.084546 -0.0042216 0.27134 0.38932 -0.7103 -0.090672 -0.1185 -0.13562 -1.0813 0.49663 0.16693 -0.39008 -0.06123 0.30396 0.048096 -1.0551 -1.3442 -0.045888 -1.9234 -0.036039 -0.54737 -2.1762 -1.3364 0.70647 0.49884 0.38314
-0.64181 1.185 0.91866 1.6182 -0.21558 1.9069 -0.046247 0.52758 -0.33361 0.7859 -1.427 -0.56924 -1.4672 0.27777 0.089119 -0.42495 -0.68566 -1.0052 -0.95841 0.60947 -0.31081 -1.8662 -0.64612 0.25758 -0.46138 0.14749 -0.041043 0.17266 -0.56223 -1.0192 0.87096 -1.3167 -0.19969 -0.29464 -1.077 -1.6455 0.10812 0.31774 0.25123
-0.31554 1.1544 1.0901 1.6881 -0.92576 0.84647 -0.076731 0.87737 -0.95826 1.2179 -0.34084 0.68771 -1.4507 -0.10153 -0.065296 -1.1135 -0.82497 0.35738 -1.0425 -0.43143 -0.631 -1.9745 -1.1271 0.09356 -0.60921 0.21796 -0.14646 0.061389 -0.051231 -0.38537 0.90662 -0.42736 -0.53705 0.40834 0.66643 -1.326 -0.70534 -0.049394 0.1265
-1.2651 1.3601 0.89188 1.2784 -0.20792 -0.71293 -0.25437 1.296 -1.5927 0.87126 -0.50421 0.094785 -1.6281 -0.19548 0.11768 -0.10903 -0.50081 0.59203 -1.1062 -0.44343 -0.21269 -1.2182 -1.351 -0.3633 -0.27002 0.18494 -0.10347 0.046331 0.59888 0.20447 0.78624 0.62527 -0.85493 0.76619 1.5994 -0.45219 -1.2473 -0.20233 -0.024218
-0.63899 1.3409 0.56746 0.25173 -0.62352 -0.11593 0.30044 0.89145 -1.2062 0.070972 0.49052 -0.16247 -1.3312 -0.11463 0.091402 -0.014011 -0.43731 0.28714 -0.83449 -0.65386 0.65089 -0.090182 -1.7592 -1.0148 -0.63966 0.14045 0.38642 -0.010155 0.70528 0.36314 -0.059336 1.3898 -0.24853 0.72828 1.8483 0.61743 -0.97104 0.015381 -0.061981
-0.75073 1.197 0.70936 1.364 1.0689 0.28124 -1.4316 -0.71864 -1.4796 -0.44724 -0.9789 -0.79463 -1.3219 0.097652 0.093409 0.16918 -0.47408 0.59095 0.13891 -0.97546 0.62717 0.34702 -1.2194 -1.8195 -0.90979 0.14271 0.32311 -0.0815 0.23509 0.33172 -0.16858 1.109 -0.064494 0.18514 1.2206 1.5938 0.050482 0.4976 -0.11531
-0.83499 1.2962 1.2718 0.86898 0.3215 0.84316 -0.1082 1.3219 -0.58311 0.097814 -1.4536 -0.37724 -1.4072 0.47735 -0.072801 0.099343 -0.12636 0.26823 1.0028 -0.6515 0.44926 0.8891 0.021996 -1.229 -0.31203 0.12941 0.10292 0.029643 0.051661 0.077308 -0.3295 0.23085 0.61081 -0.47065 0.39003 1.8775 1.3705 0.78794 -0.02545
-0.68884 1.2913 0.83829 1.2973 -0.91518 -0.024761 -0.84069 2.3763 -0.7722 -1.4431 -2.7597 -0.9432 -1.39 0.1161 0.050955 0.26677 -0.0050233 0.29854 0.10439 -0.56345 0.26002 0.70026 0.89406 -0.15965 0.52012 -0.012598 -0.21326 -0.027097 -0.12923 0.31086 -0.078383 -0.38875 1.1021 -1.04 -0.4483 1.0535 2.0876 0.77121 0.017063
-0.45047 1.3647 1.1912 0.56266 0.3681 0.3704 -1.3627 1.4352 -0.98734 0.37801 -2.1661 -0.51284 -1.3725 0.073758 0.16505 0.010991 -0.51211 -0.18376 -0.37244 0.36885 -0.15594 0.50307 0.87783 1.0263 0.18738 0.17241 -0.53617 -0.18749 -0.030489 0.51323 0.39601 -0.36391 1.0155 -1.19 -0.90968 0.17424 1.6432 0.35705 -0.03779
-0.50171 1.2087 0.61112 0.83556 0.31378 1.0578 -0.54596 0.93283 -0.16214 1.0194 -0.83655 -0.29454 -1.3856 -0.091628 -0.075837 -0.066558 0.32976 0.69007 0.082841 0.72353 -1.2433 -0.34372 0.4255 1.4313 0.3486 0.14997 -0.39016 -0.39615 -0.083384 0.5306 0.087817 0.0017963 0.56659 -0.86034 -0.66181 -0.98546 0.33581 -0.24454 -0.10206
-0.71401 1.395 1.1306 0.67491 0.44362 -0.24119 -0.90949 0.36826 -0.51603 0.70301 0.25385 0.6751 -1.3143 -0.41108 -0.35015 0.17917 0.70821 0.87171 0.31751 0.74126 -1.2839 -0.38273 0.59928 1.4198 0.44302 -0.019177 -0.22323 -0.2985 -0.060473 0.13078 -0.36465 -0.064503 -0.05623 0.1831 -0.47311 -1.1867 -0.65196 -0.10848 -0.27077
-0.75552 1.4174 0.90286 0.66914 0.23659 -0.055009 -0.27872 0.10079 -0.68927 0.00038088 -0.56689 -1.3057 -1.1305 -0.36192 -0.41003 -0.007587 0.42032 -0.031617 -0.23514 0.39082 -0.97594 -0.16174 -0.90503 0.3399 -0.15684 -0.09666 0.11538 0.030442 -0.053027 -0.79677 -1.2757 0.13909 -0.21302 0.91178 -0.010724 -0.55755 -0.71961 0.21628 -0.2775
-0.88058 1.0932 1.137 1.8443 0.85502 1.2599 0.75054 0.51018 -1.4545 -0.1735 -0.65306 0.22356 -1.3774 -0.20074 -0.20961 -0.16396 -0.29436 -0.50865 -0.33518 0.43286 0.07803 -0.5206 -0.79114 0.19209 0.16653 -0.17959 0.40531 0.32589 0.18379 -0.84094 -1.173 0.25952 -0.55046 0.83187 -0.087713 -0.0018114 -0.194 0.70794 -0.18131
-1.106 0.87532 1.0948 1.799 0.45916 0.40512 -0.92078 0.49693 -1.0223 0.39885 -0.81407 -0.13794 -1.4953 0.024017 -0.092242 -0.0259 -0.698 -1.084 0.67796 0.46252 -0.042917 -0.29541 0.024145 0.52298 0.87103 -0.25692 0.23473 0.4021 0.45458 -0.4854 -0.44588 0.21665 -0.62783 -0.00064107 -0.30458 0.76837 0.39627 0.69737 0.00614
-0.68663 1.0688 0.85777 0.29366 0.083188 -0.12444 -0.90791 -0.41897 -0.39532 -0.68356 -1.1753 -0.80381 -1.4145 0.15656 0.079797 0.52051 -0.34702 -0.86593 0.36073 -0.38315 -0.035011 -0.48837 0.13138 0.91092 1.309 -0.2577 0.029275 0.32371 0.44985 0.31357 0.28034 -0.35088 -0.18186 -0.45102 -0.2886 0.27634 0.15622 0.22113 0.17281
-0.78959 1.294 0.44678 0.14161 -0.48144 0.20121 0.50441 1.5417 -1.1452 0.26324 0.58173 0.66385 -1.4538 -0.097546 0.17212 0.51186 -0.48081 -0.69728 -0.16554 -0.44413 -0.93346 -0.7781 0.1455 0.80386 0.63046 -0.047974 -0.23722 0.099844 0.11363 1.0598 1.0244 -0.71945 0.054559 0.0070505 -0.091022 0.087298 -0.62351 -0.94984 0.183
-0.71279 1.3516 1.4868 0.21822 -0.87993 1.4068 0.014469 -0.33202 -1.1273 0.72283 0.76251 1.5886 -1.4554 -0.079464 0.24311 0.41959 0.21325 -0.1286 -0.58445 0.53314 -0.42632 -0.84799 -0.30794 0.37046 0.68082 0.017448 -0.18847 -0.14763 -0.32024 0.91889 1.2401 -0.4754 0.32066 0.54901 0.54965 -0.22677 -1.5738 -1.653 0.14589
-0.67634 1.2343 1.8 1.6358 0.063525 0.65154 -0.96143 0.28196 -1.8154 -0.32006 -0.034671 0.34758 -1.4625 -0.29367 0.0056372 0.21954 1.0799 0.57337 -0.22742 0.12311 0.15468 -0.29461 0.41579 -0.52693 -0.79246 -0.075136 0.022152 -0.26423 -0.59641 0.38919 0.72002 -0.41248 0.09347 1.4476 1.2229 -0.39966 -1.9214 -1.783 0.11069
-1.3475 1.0292 1.3564 1.0585 0.11847 0.29179 -0.34294 -1.3797 -2.2115 0.09612 -0.10945 0.46662 -1.4511 -0.090301 -0.10553 0.013231 0.65836 0.94585 -0.51821 -0.017042 0.54869 0.35461 -0.44961 -1.7412 -1.3812 0.01026 0.19846 -0.23852 -0.57314 -0.48193 -0.21024 0.09942 -0.51155 1.0352 1.2963 0.0095582 -1.0169 -1.3527 0.1611
-0.85782 1.2995 1.0492 1.1674 0.018021 -1.1357 0.21732 0.66631 -1.2579 -0.5421 -0.54939 0.59356 -1.4384 -0.044897 -0.13325 -0.47843 0.05894 0.19727 -0.98785 0.027337 1.5734 1.0334 -0.56963 -2.1885 -2.0035 0.14834 0.49956 0.047523 -0.07654 -0.67774 -0.94057 0.61234 -0.57045 0.29081 0.57821 0.1462 0.30449 -0.31089 0.22508
-0.99365 1.1881 0.88782 1.3243 0.52122 0.72398 -0.34294 0.89815 -0.51938 0.8428 -1.3059 -2.0935 -1.5311 0.17165 -0.1206 -0.37938 -0.19705 -0.32484 -0.01154 -0.4299 1.0021 1.0455 0.20381 -0.94569 -1.5073 0.18673 0.47224 0.0657 0.26031 -0.20359 -0.97625 1.2644 -0.72144 -0.88055 -0.30338 0.70243 1.4539 0.47704 0.12166
-0.71721 1.2272 1.1239 0.76789 0.41435 0.26858 0.34044 1.8427 -0.99553 -0.63162 -1.6751 0.053758 -1.3922 0.51146 0.097969 0.23896 0.20848 -0.60133 0.69577 -0.79892 0.51936 0.50103 0.37692 -0.29425 -1.413 0.22969 0.35099 0.066476 0.29053 0.17153 -0.46005 0.87545 -0.39226 -1.5068 -0.74739 0.53865 2.0755 1.3935 -0.011926
-0.89207 1.107 1.2618 0.79644 -0.86209 -0.38463 -0.77924 1.3667 -0.13642 -0.43877 -2.5219 -1.6896 -1.2558 0.51676 -0.10343 0.13633 0.2006 -0.53454 1.0673 -1.0337 -0.76621 0.022918 0.45917 0.35799 -0.76419 0.18153 -0.025154 0.14613 -0.12231 0.29827 0.12151 0.087342 0.47171 -1.1698 -0.32481 0.52796 1.6772 1.4477 -0.21698
-0.70149 1.0295 1.1794 1.5539 -0.025389 0.64239 -1.4979 0.30348 -1.1606 0.43801 -0.13411 -1.2902 -1.3326 0.44203 -0.022721 -0.19538 0.20187 -0.56985 0.15391 -0.44366 -0.68537 0.070989 0.36256 1.5126 0.39341 0.12894 -0.43515 0.15939 -0.25617 -0.056028 0.48453 -0.52115 1.4279 -0.33234 0.11672 0.51038 1.152 1.588 -0.35666
-0.5107 1.3927 1.5671 1.3443 -0.52971 0.86812 -0.53485 -0.10915 -1.3697 0.57549 -0.65194 -1.4636 -1.2755 0.16552 0.20309 -0.4286 0.39289 -0.077228 0.42891 0.34362 -0.83832 0.62033 1.2498 1.6667 0.46785 -0.14401 -0.51577 0.15414 -0.12239 -0.55811 0.39393 -0.81223 1.7696 0.84192 0.46093 0.24537 0.15108 0.97348 -0.30719
-0.2 1.0781 0.82057 1.2448 -0.14552 0.7629 -0.96459 0.21384 -0.56007 0.14383 -0.75628 -1.0279 -1.3607 -0.11713 0.23207 -0.0067209 0.014451 0.14206 0.017334 1.3716 -0.14768 0.4331 0.98586 1.4632 1.1335 -0.23327 -0.53275 0.0062655 0.012872 -0.88087 0.36297 -0.41348 1.1235 1.1251 0.14014 -0.26804 -0.46912 0.44111 -0.16327
-0.62341 1.1645 0.65112 1.1789 -0.29446 0.30863 -0.36662 1.0164 -0.2263 0.66564 0.7036 -0.59581 -1.354 -0.15798 0.047035 -0.22454 -0.77364 -0.095322 -0.42033 1.5998 0.70119 0.75159 0.63046 0.69067 0.78355 -0.17646 -0.42617 0.031123 0.34599 -0.81887 0.26038 -0.35024 0.21754 1.0243 -0.64755 -1.2151 -0.88342 0.26429 0.10075
-0.74986 1.4895 0.90577 1.3278 -0.061943 0.63617 0.55704 0.31075 0.13769 1.1197 -0.038733 0.24992 -1.5224 -0.38215 0.065397 -0.29946 -0.9064 0.17393 -0.21256 1.1801 0.86945 0.28233 0.14521 1.005 1.0751 -0.14188 -0.11605 0.064358 0.17572 -0.21631 0.52748 0.31958 -0.66431 0.36812 -0.85354 -1.4008 -1.4027 -0.58431 0.21037
-1.0489 1.2375 1.7422 1.0075 -0.63552 -0.1295 0.39895 0.70733 -0.48495 0.95703 0.10095 -0.55444 -1.4378 -0.48947 0.34153 0.36712 -0.71843 0.44129 -0.12594 0.88333 0.76829 -0.58106 -0.71997 0.029372 0.97845 -0.014386 0.12677 0.051293 -0.012081 0.45976 0.81139 0.76815 -0.95711 -0.07319 -0.79729 -1.1991 -1.4839 -1.1791 0.23199
-0.46413 1.0745 0.64613 0.28431 -0.15516 0.55768 0.40592 1.3108 -0.44645 1.0531 0.58858 -0.62721 -1.4226 -0.16146 0.20011 0.013837 -0.42071 0.92966 0.48512 0.41411 0.57077 -0.58368 -1.0943 -1.1641 -0.20125 0.052993 0.3529 -0.0092753 -0.38469 0.79097 0.74348 0.8442 -0.68372 -0.27867 -0.052274 -0.53827 -1.5965 -1.5687 0.1582
-0.92601 1.4775 0.80064 0.3274 -0.06815 0.76557 0.5401 1.2158 -0.76333 0.13081 0.7975 0.5805 -1.4082 -0.026306 0.071305 -0.43203 -0.11783 1.137 0.70621 0.08276 0.68578 -0.38753 -1.1085 -1.3534 -1.0202 0.13127 0.27488 -0.13732 -0.47165 0.88211 0.3211 0.53856 -0.37405 -0.40837 0.58099 0.3218 -0.92978 -1.4319 0.03201
-1.0319 1.5359 1.4536 0.79693 0.5864 0.26854 0.16652 1.4788 -1.1421 -0.88784 -0.99754 0.59644 -1.3745 0.049306 0.18246 -0.67933 0.33187 1.3037 0.99263 0.22594 0.3191 0.082989 -0.71918 -1.6689 -1.1565 0.061232 0.028481 -0.046298 -0.063558 0.72419 -0.083674 0.074428 -0.052138 -0.4098 0.57041 0.62877 -0.32009 -0.73155 -0.035892
-0.78775 1.3659 0.62832 0.95202 0.868 1.2353 0.64879 1.3659 -0.42034 0.14688 -1.4457 -1.6382 -1.3812 -0.077068 0.10045 -0.23579 0.61994 0.90729 0.65532 0.24087 0.033099 0.23216 -0.27423 -1.6821 -1.4979 0.036433 -0.064415 -0.0058589 0.22769 0.45104 -0.23256 -0.1155 0.078035 -0.37691 0.3517 0.53704 -0.15495 -0.29354 -0.060592
