39 247
-1.3863 1.3398 0.70129 0.71745 -1.0172 0.46576 -0.14741 1.4043 -0.80146 -0.94191 -2.5057 0.12271 -1.6124 0.1532 0.1583 0.1644 -0.057317 1.4303 0.24518 0.17267 -0.79637 -0.25676 1.577 1.7497 0.03738 -0.042565 0.092278 -0.046493 -0.1273 0.46291 -0.13376 -0.15451 0.10923 0.28357 0.36038 -0.11326 0.0382 -0.82184 -0.044433
-1.4429 1.4913 1.0205 0.82335 -0.48143 0.82801 0.74477 1.8724 -0.88798 0.26842 -1.2815 0.19615 -1.6001 0.21189 0.012869 0.001241 0.12909 1.5479 0.34655 0.41286 -0.51591 0.29571 1.6549 1.9686 -0.4461 -0.067334 0.23682 0.034129 -0.19927 0.74198 -0.38648 -0.27826 -0.21425 0.52406 0.53413 -0.49673 -0.40267 -1.1895 -0.019888
-1.0574 1.3167 1.6392 0.89426 0.20358 0.87358 -0.19417 -0.15746 -1.3725 0.77473 -1.2643 -0.43755 -1.647 0.31463 0.15007 -0.0075207 0.74328 1.1146 -0.085943 0.28561 -0.31409 0.17458 1.2692 1.6662 -1.2683 -0.1071 0.20703 0.007545 -0.16782 0.8017 -0.67993 -0.37541 -0.88282 0.5476 0.38571 -1.0954 -1.2754 -0.64627 0.018388
-1.2905 1.5158 0.29189 0.51102 0.48758 0.54668 -0.094533 0.52011 -0.86583 0.919 -0.32439 0.55069 -1.6491 0.54863 0.22208 -0.14827 0.96593 0.87433 -0.11471 -0.24025 0.083696 0.57423 0.69002 0.95904 -1.5552 -0.043987 -0.17476 -0.08626 0.14241 0.7149 -1.0487 -0.30257 -1.1289 0.35225 -0.36466 -1.4353 -1.9458 0.63229 0.024111
-1.1502 1.2463 0.67317 1.013 0.27219 0.94548 0.57972 1.3631 -0.042319 0.82127 -0.53467 -0.79022 -1.6633 0.40216 0.066995 -0.096066 1.0612 0.52272 -0.24198 -1.0756 0.073829 0.36099 -0.18683 -0.27714 -0.62213 -0.020514 -0.4562 -0.36646 0.74144 0.14719 -0.95293 0.18081 -0.92497 -0.29257 -0.74567 -1.1272 -2.2073 1.6978 0.027703
-0.98644 1.5941 0.95782 1.7314 -0.24571 0.072899 0.16782 1.1761 -1.0083 0.41353 -0.88273 -1.7204 -1.6991 -0.16833 -0.095892 0.33586 1.3423 -0.067226 -0.14901 -0.92984 0.055059 -0.50488 -0.54751 -0.89646 0.4444 -0.066824 -0.55711 -0.40977 0.87843 -0.54494 -0.99875 0.1969 -0.43454 -0.59628 -0.59642 -0.38714 -1.5659 2.253 0.013906
-0.59958 1.5914 0.792 1.502 0.34336 0.72274 -0.43695 1.5319 -0.13477 0.44956 -1.1221 -1.3457 -1.5985 -0.21901 -0.32993 1.2487 0.84957 -0.15251 0.31466 -1.0212 -0.87196 -0.73681 -0.42224 -1.752 0.96863 -0.045551 -0.37578 -0.35056 0.35955 -1.2315 -0.59093 0.35 0.55266 -0.21688 0.37445 0.37948 -0.39628 1.485 0.088732
-1.0724 1.3707 1.1897 1.579 0.60538 0.61791 -1.0845 0.67605 -1.0217 0.27413 -1.6809 0.41904 -1.6438 -0.23214 -0.29397 0.95388 0.052348 -0.60883 0.022293 -1.0253 -0.64536 -0.03656 -0.012507 -1.4007 1.9403 -0.0056382 0.022477 -0.21822 -0.40024 -1.3625 -0.37894 0.21907 1.1323 0.11318 1.0676 0.58059 0.83788 0.092323 0.14291
-1.7114 1.1686 1.6499 1.9942 0.021759 0.61155 -0.83948 -0.21054 -2.1608 0.17432 -1.8489 0.66639 -1.7584 -0.29928 -0.44522 0.32314 -0.61659 -0.28992 0.39081 0.013264 0.0088086 0.86186 0.26886 -0.84499 1.4626 0.10651 0.83007 -0.28608 -1.6758 -1.0207 -0.71584 -0.54822 1.3882 1.0371 1.4491 0.38853 1.9911 -1.4216 0.46001
-1.3107 1.1984 1.9505 1.1686 0.14451 1.1956 -0.53781 -0.19996 -0.79171 0.5116 -2.5165 0.66609 -1.6635 -0.075234 -0.41868 -0.0052395 -0.49596 -0.69868 0.27213 0.65022 -0.11613 0.78358 0.23502 0.23293 0.38573 0.11018 1.8436 -0.41438 -2.068 -0.39103 -1.1127 -1.4322 0.61909 1.2295 1.011 -0.0749 1.9798 -2.678 0.87433
-1.0117 1.2556 1.5511 1.3298 -0.89228 0.27661 -0.62985 1.4248 0.41322 0.84248 -1.8601 0.54297 -1.6429 1.35 -0.76636 -1.6477 -0.79876 -1.4169 -0.87021 0.70477 1.0485 1.6854 0.19541 1.2594 -0.94028 0.70807 2.113 -0.41945 -1.6677 0.20671 -1.2927 -2.2976 -0.58846 0.98928 0.14485 -0.26182 1.4325 -1.8581 0.98844
-1.2102 1.2772 0.82272 1.1193 0.2689 0.93296 0.14943 1.5447 0.1002 0.67158 -1.6978 -0.34954 -1.5309 2.5918 -0.85595 -2.2275 -0.58379 -2.0721 -2.1574 -0.20892 1.4189 1.529 -0.16739 1.3534 -1.93 1.2348 1.426 -0.087211 -0.71318 0.22642 -0.36945 -2.0927 -1.2052 0.4452 -0.52569 -0.21307 0.10425 -0.15838 0.6894
-0.88607 1.0621 1.0688 1.341 -0.29376 1.15 -0.15995 0.13756 -0.33191 0.48835 -0.61448 -0.069616 -1.5756 2.5475 -0.95798 -1.9254 -0.16522 -1.9554 -2.918 -0.59553 1.3272 0.7761 -0.097862 1.3355 -0.89454 1.2864 -0.15764 0.60081 0.78717 0.15963 0.75049 -0.74484 -1.218 -0.69583 -1.0584 0.066624 -0.78231 1.4834 -0.15356
0.95207 0.38657 -1.1755 0.90317 -1.6276 -1.3371 -0.49997 2.1589 0.50248 0.45286 -0.30502 -0.4792 -0.92046 2.15 -0.47483 -1.3013 -0.36786 -1.1124 -2.8219 -0.86186 0.70218 0.21656 -0.088121 0.34947 0.075172 1.0365 -1.7734 1.3064 1.7793 -0.016511 2.1784 1.1101 -0.35106 -1.1811 -1.2693 0.43271 -1.0466 2.282 -1.0305
1.7454 0.62527 -0.33776 1.3513 -2.5257 -2.1641 -1.3818 1.7588 -0.017412 -0.0062878 -1.0856 -1.9221 -0.72362 1.2682 0.091051 -0.52031 -0.58863 -0.55486 -1.9872 -1.1543 -0.0015576 0.28041 0.2491 0.18983 0.88666 0.53809 -2.837 1.6912 2.1445 0.095898 2.7008 2.9357 0.53758 -1.8221 -1.3815 0.47982 -0.74058 2.0159 -1.6548
1.0521 0.62962 0.21849 1.0167 -1.4629 -2.0646 -0.86894 2.2834 0.75652 0.96188 -0.87873 0.70976 -0.86235 -0.26121 0.89815 0.66114 -0.38836 1.1512 -0.39943 -0.53531 -0.33146 -0.69592 0.4895 -0.1599 1.5253 -0.20467 -2.9324 1.16 1.6463 0.62527 2.3405 3.5164 0.87554 -1.9321 -1.2379 0.34254 0.1998 0.98187 -1.6949
0.75661 1.1949 -0.046088 0.89149 -0.87177 -2.0783 -1.0668 1.9253 0.25349 0.64628 -1.5317 0.60305 -1.0696 -1.8396 1.3051 1.4209 0.042139 1.7808 1.7086 0.2548 -1.8999 -1.4595 0.53854 0.099866 2.2211 -1.0062 -1.7212 0.2071 0.26514 0.91023 1.0791 2.6448 0.72252 -1.4201 -0.64163 0.0078316 0.31904 -0.69444 -0.95956
0.11148 1.2285 0.11973 0.55795 -0.3193 -0.51608 -1.1668 0.29377 0.12345 0.95335 -0.48548 0.45386 -1.2122 -2.0771 0.94142 1.051 0.51876 1.9364 2.3178 0.063086 -2.3206 -1.3251 0.41599 0.73504 1.2853 -1.1752 0.31221 -1.1667 -1.4921 0.18801 -0.67631 0.60492 0.033967 -0.19984 0.68446 0.017136 0.71555 -1.6399 0.3498
-0.50055 1.5141 1.3763 1.1915 0.29964 -0.19902 -0.76199 0.5808 -1.4382 1.0102 -0.61018 1.2947 -1.5255 -1.2134 0.43076 -0.17741 0.70075 0.98847 1.9161 -0.10284 -1.9172 -0.6529 0.26081 0.31512 -0.29888 -0.66536 2.3764 -2.1764 -2.6804 -0.7965 -1.687 -1.5108 -0.40232 1.5349 1.5494 0.35031 0.79204 -1.6769 1.7163
-0.79076 1.3433 0.42972 1.2535 -0.7921 0.14039 -0.3485 -0.5939 -0.98975 0.95642 -0.51694 1.5754 -1.5381 0.050717 -0.69926 -1.5453 -0.3457 0.30952 0.71998 -0.26061 -0.70271 0.24082 0.62205 1.0772 -0.31535 0.24236 3.2756 -2.5786 -2.8395 -1.5935 -2.1142 -2.1918 -0.33018 2.0825 1.9319 0.52346 0.7827 -0.84621 2.5982
-0.61949 1.3043 1.058 1.875 0.0047562 0.22135 -1.7064 -1.0032 -0.69668 0.7912 -0.17327 -0.34505 -1.6028 1.7969 -1.67 -2.6827 -1.0225 -0.47084 -0.45824 -0.28252 0.50837 0.78553 1.1 1.4224 -0.14947 1.3092 3.0942 -2.2952 -1.6137 -1.4039 -1.5049 -1.9268 0.32345 2.0852 1.4691 0.35343 0.76959 0.5027 2.678
-0.073781 1.0949 -0.9495 1.1745 -0.15269 -0.11154 -0.88686 0.29211 0.57022 1.4461 -1.1228 0.42564 -1.2381 2.8936 -2.5053 -3.4189 -1.6295 -1.1713 -0.80912 -0.41479 0.8194 1.7302 1.0095 1.6568 -0.38313 2.4151 1.9129 -1.3901 0.12546 -0.47014 -1.2259 -0.97729 1.2941 1.6451 0.20545 -0.43005 0.039273 1.2088 2.1316
1.0179 0.41506 -2.1606 -0.21853 -0.31585 -1.0964 -1.3911 0.89153 0.13502 1.7485 0.86792 0.59567 -0.72361 3.4827 -2.669 -2.4914 -1.3072 -1.0069 -1.1088 0.59765 1.6802 1.4738 0.73784 1.4753 0.70254 2.9662 -0.0044933 -0.34158 2.0221 0.46615 -0.57813 -0.039696 1.8211 0.72082 -1.1716 -1.2121 -0.63606 0.6513 1.0606
2.3318 -0.19669 -2.162 0.072323 -0.89618 -0.72071 -1.0594 0.89746 -0.033059 2.6821 1.5171 1.0368 -0.20065 2.9933 -2.624 -1.3847 -1.0807 -1.6539 -0.86417 1.6916 2.1572 0.30188 -0.10351 1.0789 1.5668 3.1694 -1.7153 0.70701 2.7896 0.77326 0.011557 0.74055 1.9658 -0.38605 -1.645 -1.3072 -1.5537 -0.95935 -0.26001
2.4622 -0.52352 -2.3244 0.34518 -1.5035 -0.75113 -1.1201 0.74661 0.76859 1.7305 0.92468 0.64216 0.32824 1.7468 -2.2063 0.38103 -0.39697 -1.2898 -0.48383 2.0168 1.3687 -0.78253 -0.82465 0.42464 0.12526 2.8014 -2.7788 1.3842 2.0614 -0.048092 0.44961 1.4369 1.2104 -1.5641 -0.63844 -0.53348 -1.8352 -2.8627 -1.2787
3.0812 -0.58791 -1.6463 0.77625 -1.2353 -1.1533 0.39406 1.7265 0.8924 1.5247 0.75897 2.0215 0.56109 0.38352 -1.5034 0.77314 -0.60173 -1.024 0.37006 2.4919 0.20913 -0.34772 -0.88183 -0.89124 -1.903 2.0409 -2.7648 1.6791 0.74461 -0.98061 1.2397 1.6644 0.16342 -2.1233 0.9005 0.74394 -1.4989 -3.412 -1.8842
2.5785 -0.78088 -1.0506 0.41626 -1.6875 -0.87111 0.37324 2.8288 -0.58561 0.54425 0.67691 1.4804 0.83532 -0.69025 -0.8151 0.58955 -1.623 -0.52403 1.1445 2.4372 -0.5546 0.55694 0.012136 -1.1611 -2.985 1.2797 -1.9898 1.4761 -0.58075 -1.4311 1.1433 1.3049 -0.95392 -2.0849 1.5633 1.1467 -1.0719 -2.1378 -1.9146
2.0108 -0.93717 -1.1266 -0.028812 -1.3086 -1.0538 1.0553 1.7264 -0.68325 0.88532 0.11956 -0.25103 0.99352 -1.2383 -0.39101 0.015683 -2.3141 0.18944 1.6425 1.8132 -1.2496 1.3938 0.93507 -1.095 -3.3436 0.61301 -0.69578 1.2828 -0.53323 -0.33096 0.87566 0.36684 -1.8519 -1.6957 0.90346 0.52898 -0.55776 -0.14837 -1.6675
1.9342 -1.0228 -1.7939 -1.017 -1.7056 -0.11921 1.1502 0.091532 0.38135 1.4695 0.20747 -2.3314 0.87859 -1.3623 -0.18795 -0.40811 -2.2423 0.15541 1.4891 0.65179 -2.1907 1.4019 0.53476 -1.6089 -3.2006 0.14446 0.35657 1.2709 0.53594 1.395 0.52134 -0.67941 -2.4823 -0.7273 -0.39467 -1.2529 -0.50221 1.3914 -1.4937
1.7073 -0.84166 -1.557 -1.0733 -1.6027 1.0377 1.5582 0.097755 1.749 3.117 0.013267 -1.7288 0.8973 -0.6456 0.42034 0.19992 -0.90525 0.2044 0.94958 0.04388 -2.4545 0.9972 -0.11897 -1.8017 -2.0639 -0.3271 0.2899 1.3918 2.0036 2.5908 0.94801 -1.5512 -2.3771 0.50171 -1.9696 -2.9535 -0.65246 2.135 -1.3577
1.2009 -0.79926 -2.0971 -1.2677 -0.89049 0.71347 1.0851 -0.02326 2.3883 2.3905 -0.48923 -1.7552 0.85936 -0.27402 0.99584 1.5813 0.33584 0.39603 0.17131 -1.1676 -1.4258 -0.010696 -2.0241 -1.834 -0.96991 -0.87981 -0.61123 1.3036 2.6518 2.7133 1.6256 -1.5431 -1.4738 1.2393 -2.8738 -3.246 -0.18627 1.8216 -1.2369
1.4692 -0.86073 -1.5731 -0.97249 -1.365 -0.027693 0.9241 -0.67137 0.62686 0.72018 -1.4865 -1.2327 0.75692 -1.2015 1.4446 3.0644 1.3299 1.7681 -0.74432 -1.575 -0.55718 -1.7394 -3.7726 -2.3012 -0.39216 -1.2648 -1.8126 0.61604 1.9508 1.7101 1.7364 -0.97863 -0.4957 1.1551 -2.426 -1.7175 1.0095 1.2915 -0.82518
1.9369 -0.34389 -0.26196 -0.15306 -1.5337 0.003065 0.57216 -0.95796 -0.33266 0.11354 -1.4502 -1.8608 0.58555 -2.2825 1.5736 3.5102 1.8057 2.2977 -0.69376 -1.1904 -0.53495 -2.8338 -4.2144 -1.7703 -0.56463 -1.5639 -2.2803 -0.13636 0.25825 0.043264 1.214 -0.4589 0.47383 0.89789 -0.42286 1.2112 1.9315 0.74741 -0.18178
1.5591 -0.049233 0.87803 -0.12188 -0.78477 -0.44953 -0.41552 -0.47395 0.13816 -1.7374 -1.7677 -2.5123 0.12591 -3.2114 1.206 3.1723 1.621 2.3779 -0.52999 -0.81406 -0.47028 -2.3215 -2.5225 0.083429 0.19862 -1.4371 -1.6035 -0.9477 -1.4829 -1.2617 0.052509 -0.40506 0.84416 0.73696 1.2776 3.3489 2.6734 0.97188 0.44889
-0.53329 0.23307 1.8158 -0.065815 1.0421 -0.33102 -0.15606 -0.4579 -0.79492 -2.6162 -2.6779 -2.4885 -0.11029 -3.7626 0.87747 2.0513 0.28747 2.2711 -0.81896 -0.65065 0.42714 -0.54065 -0.2516 0.68588 0.16686 -1.1125 -0.15998 -1.2575 -2.3602 -1.5267 -0.84835 -0.55342 0.89114 0.42482 2.0334 3.7225 2.3089 1.1783 0.93437
-1.576 0.30859 1.711 0.48845 0.90533 0.53233 0.72405 -0.87144 -1.1036 -1.7559 -1.8033 -1.8467 -0.21694 -3.6188 0.14 0.80684 -0.29104 1.8613 -1.4582 -0.27261 0.52444 -0.38855 0.94752 1.6273 1.1005 -0.69851 1.7238 -1.1818 -2.4463 -1.2261 -1.6795 -0.41561 0.51434 0.22708 2.0303 2.3224 1.4337 1.0677 1.1231
-2.1494 -0.15516 1.0712 0.1081 0.86522 -0.57411 0.023244 -1.1072 -0.51435 -0.44487 0.33562 -0.75973 -0.070809 -2.3861 -0.086268 -0.063227 -0.12124 1.0071 -1.2999 0.19678 -0.1169 0.17223 1.5044 1.9048 1.2347 -0.28616 2.8201 -0.69723 -1.5454 -0.44621 -1.6988 0.27856 0.11796 -0.13134 1.8514 0.13437 0.25392 0.64558 0.92944
-2.0301 0.069617 1.176 -0.90366 0.41628 -1.5547 -0.23683 0.48778 0.17423 0.57992 -1.2992 -1.8704 -0.093904 -0.48753 -0.37315 -0.70006 -0.48703 -0.041734 -1.0869 -0.26653 0.30712 1.2887 1.2344 2.2168 1.705 0.12915 2.6775 0.021885 -0.48065 -0.12602 -1.2692 1.2549 0.050843 0.065569 1.9178 -1.1538 -1.0078 0.29999 0.44804
-2.1224 -0.1072 1.3333 -0.081802 0.96341 -1.9999 -0.080577 -0.24108 -1.1627 -0.09838 0.414 -0.82176 -0.16257 0.24835 -0.081802 -0.30827 -0.4465 0.1361 -0.42763 -0.40476 0.29797 2.2381 -0.16535 0.83708 1.1034 0.11202 1.4182 0.43531 0.26475 0.24372 -0.55518 1.7834 -0.087723 0.24283 1.3746 -1.4368 -1.6677 0.41426 -0.16088
-1.8397 0.14037 1.2669 0.20692 1.1998 -1.1558 0.21647 -1.3434 0.25978 -0.94186 -0.281 -1.3243 -0.24261 0.35881 0.17608 -0.036653 -0.35257 -0.013009 0.61565 0.15479 0.48747 2.3255 -0.58144 0.15067 1.7488 -0.10715 0.38543 0.44207 0.11649 0.21325 -0.43931 1.8915 0.3431 0.65624 0.2647 -0.63618 -1.9136 -0.30751 -0.50144
-1.3082 -0.17236 0.70065 -0.49079 0.77732 -0.83299 -0.24608 0.23069 0.83507 -0.6014 0.59863 0.34412 0.097923 -0.00062361 0.39846 0.14212 0.28925 -0.026015 1.4053 -0.13975 0.33095 2.3407 -0.52112 -0.35741 2.0124 -0.45003 0.77572 -0.31979 -0.61936 -0.12287 -1.185 1.0562 0.49865 1.0509 -1.0161 0.66431 -0.94182 -0.74175 0.017077
-1.7203 0.18557 1.35 -0.099701 0.97306 -0.25566 0.043338 -0.51049 2.0092 -1.4777 -0.6606 -0.716 -0.14091 0.40652 0.15786 -0.68716 -0.43502 -0.76998 1.767 0.26017 1.6859 1.7582 0.090696 -0.96012 0.67965 -0.47165 1.5155 -0.97458 -1.153 -0.43013 -1.5117 -0.047532 0.49843 0.60204 -1.6659 0.8183 -0.14243 -1.735 0.89165
-1.934 0.024164 1.1056 -0.77265 0.5698 -0.63905 0.17888 0.46119 1.7957 -0.13256 0.18237 1.3231 -0.26329 1.7646 -0.63027 -1.2287 -0.62344 -1.643 1.1133 0.48522 1.9123 0.54305 0.79522 -0.48964 0.24261 0.32569 2.0286 -1.3379 -1.3817 -0.85282 -1.5712 -0.93151 0.50978 0.026477 -1.7768 0.54655 1.1303 -1.5262 1.7473
-2.1966 0.50008 1.58 0.10808 0.74562 -0.044751 -0.58933 0.45712 1.8456 -0.31623 -1.6638 0.22512 -0.62933 2.4769 -1.0091 -1.673 -0.69766 -1.9527 0.693 0.78457 0.97968 -0.022553 0.36707 -0.10894 -0.6475 1.0768 1.6343 -0.79471 -0.80399 -0.32772 -1.0056 -1.2457 0.015045 -1.2204 -0.93934 -0.12229 1.7984 -0.92832 1.8227
-0.89039 -0.20204 -0.30976 -0.52255 0.046566 0.61141 0.78988 2.1831 0.63242 -0.45524 -0.33288 -0.91537 -0.38024 2.978 -1.3513 -2.1479 -1.1833 -2.2904 0.12349 0.561 0.77347 -0.23216 0.40026 1.3692 -0.20883 1.8545 0.40794 0.25563 0.21087 -0.11264 -0.29681 -1.2163 -0.4873 -1.7933 0.10994 -0.44952 1.8898 -0.18716 0.91056
1.4498 -0.79107 -0.46684 -0.7148 -1.0282 -0.036472 0.61239 1.2328 1.4229 0.30322 -0.22602 -0.34019 0.64691 3.0351 -0.86746 -1.8456 -0.76215 -2.2794 -0.17903 0.28368 -0.2408 0.31688 0.0011521 1.5636 -0.84423 1.9755 -1.0773 1.2589 1.5721 0.29701 0.53485 -1.239 -1.3008 -1.7637 0.68964 -0.14779 1.078 0.34965 -0.48102
1.0158 -0.80026 -0.79298 -1.1453 -1.038 -0.056323 0.5796 0.63939 1.5636 -0.87102 0.31421 -0.34675 0.96523 2.2995 -0.25511 -0.714 -0.78995 -2.0313 -0.83325 -0.11837 -1.1616 0.59217 0.032342 2.3051 -0.0013582 1.4814 -2.3566 1.8232 2.0789 0.57302 1.4348 -0.88013 -1.4419 -1.2403 0.18998 -0.087339 -0.16373 -0.27566 -1.77
0.85104 -0.64773 -0.78303 -1.2619 -1.2687 -0.4087 0.38621 0.80256 1.8754 -0.31049 1.4556 0.20971 0.94738 0.69776 0.63846 0.7834 -0.31543 -1.1302 -1.2563 -1.2122 -1.6756 0.91543 0.21266 1.4735 -0.074305 0.41747 -2.4373 1.3325 1.4068 0.27179 1.7886 -0.46639 -0.89645 -0.036305 -0.64257 0.30968 -0.8602 -0.68765 -1.9225
1.2626 -0.17568 -0.66339 -0.72643 -1.6118 -0.5207 0.11537 0.20056 2.0296 0.026385 0.94514 -0.40616 0.72218 -0.4975 1.0757 0.73284 -0.3038 -0.2858 -1.0549 -1.2847 -1.0465 -0.15641 0.077847 1.0471 -1.1042 -0.48251 -1.7569 0.48117 -0.044314 -0.014037 1.676 -0.003574 0.22776 0.96656 -1.1315 0.23779 -1.693 -1.3104 -1.1094
1.0102 0.09141 0.57069 -0.68858 -1.5278 -0.77802 -0.26343 -0.652 1.8257 -0.34158 1.4114 -0.29027 0.39849 -0.36996 0.79128 0.27097 -0.47422 0.066621 -0.96612 -0.73277 -0.33912 -0.55858 0.56106 0.46941 -1.5855 -0.42713 -0.75969 -0.37315 -1.1542 -0.4294 1.2837 0.10796 1.4497 1.4002 -0.89572 0.12026 -1.5276 -0.88835 0.084962
0.66853 -0.14362 0.45639 -1.1069 -1.3378 -1.1698 -0.61851 -0.12113 1.8559 0.15395 1.2495 -1.0562 0.38989 -0.62676 0.50779 -0.54396 -0.72214 0.38542 -0.95996 0.090935 0.20891 -0.87478 0.29608 -0.53748 -1.7208 -0.048992 -0.12556 -0.55207 -1.2494 -0.27029 0.75033 0.0059584 1.6955 1.0491 0.19731 0.1864 -1.5329 0.062383 0.78471
0.66725 -0.033997 -0.34624 -1.3419 -1.1976 -1.2119 -0.64848 -0.09594 0.95226 -0.18082 1.2274 -1.7308 0.60387 -0.72893 0.27175 -0.90239 -0.90633 0.84003 -1.0646 0.77568 0.63455 -0.46917 0.30485 -0.75693 -1.4397 0.35169 0.011468 -0.089827 -0.59324 0.27502 0.41752 0.063757 1.3689 0.32723 0.95335 0.11903 -1.0932 1.0004 0.59124
0.62179 -0.16024 -0.93221 -1.6225 -1.026 -1.1736 0.22077 0.58406 1.2168 0.22676 1.3134 -1.7559 0.76515 -0.55734 0.37274 -1.1967 -0.58576 0.66906 -0.96843 1.0848 0.67647 0.18821 0.54043 -1.3727 -1.0456 0.51149 0.24639 0.26082 0.36782 0.78223 0.077434 0.15488 0.5145 -0.35795 1.4033 0.45778 -0.40516 1.6307 0.069206
0.18193 0.063491 -1.3248 -1.4634 -1.07 -1.686 0.61783 0.80775 1.1161 0.15997 0.27874 -1.5799 0.78651 -0.37345 0.70229 -0.59572 -0.005271 0.66464 -0.81018 1.2988 0.14014 0.77471 0.63771 -1.2898 -0.010644 0.3353 0.39567 0.26603 0.85248 0.8269 -0.23366 0.34205 -0.49146 -0.85491 0.91363 0.49655 0.008132 1.8697 -0.35269
0.42235 0.21167 -0.64603 -1.3216 -0.53937 -1.9737 0.64099 0.37659 1.8574 0.3442 0.26321 -1.9633 0.77911 -0.30946 0.74754 0.047593 0.3273 0.59808 -0.75506 0.80092 -0.25163 1.2461 1.0105 -1.1083 0.67399 0.082434 0.51191 -0.13706 0.84548 0.42484 -0.33312 0.53768 -1.1056 -0.81123 0.15031 0.24579 0.55139 1.5341 -0.43586
0.25954 0.32067 -0.63781 -1.324 -0.91522 -1.9576 0.41807 0.19158 2.1014 0.60042 -0.21771 -1.6578 0.72 -0.063097 0.54846 0.19765 0.2219 0.43802 -0.4686 0.055986 -0.63965 0.78917 1.0287 -0.92172 1.2637 -0.053618 0.47887 -0.67041 0.17849 -0.17821 -0.47633 0.54985 -1.1307 -0.35287 -0.62512 -0.18673 0.65451 0.70948 -0.22953
0.28553 0.4365 -0.56981 -1.197 -0.50853 -1.9734 0.85479 0.050998 2.269 0.98535 0.11986 -1.0455 0.72786 0.30676 0.21076 0.11468 0.12219 0.16505 -0.049193 -0.27452 -0.58131 0.47859 0.79895 -0.53162 1.2432 -0.060373 0.34496 -0.8448 -0.20701 -0.42907 -0.23025 0.41115 -0.3486 0.065108 -0.9036 -0.70597 0.64559 -0.30136 0.048821
0.26788 0.48366 -0.71697 -1.1679 -0.52898 -2.049 0.43326 -0.10392 2.1681 1.3587 0.095486 -0.92321 0.75259 0.27248 -0.1984 -0.26615 -0.22594 0.0049033 -0.048995 -0.18999 -0.39224 -0.057234 0.32672 -0.35226 1.0649 0.0037861 -0.040797 -0.66136 -0.30855 -0.29299 -0.070966 0.20229 0.41236 0.5129 -0.74752 -0.93301 0.3152 -1.1654 0.21282
0.48837 0.21895 -0.97722 -1.5097 -0.60715 -1.8385 0.38385 -0.12351 1.7971 1.4451 -0.25009 -0.15491 0.73525 0.21242 -0.35225 -0.13474 -0.24821 0.3833 -0.12535 0.32264 -0.20583 -0.089871 -0.10065 -0.18449 0.21422 0.14106 -0.45219 -0.40205 -0.29943 -0.042286 0.25172 0.28486 0.8775 0.69307 -0.8466 -0.91281 0.2341 -1.4924 0.26268
0.72794 0.28572 -0.85002 -1.1832 -0.83347 -1.8414 0.30695 -0.055657 1.9909 0.91099 -0.46482 -0.72352 0.72679 -0.087889 -0.32332 -0.29663 -0.13401 0.18555 -0.004528 0.54283 0.27066 -0.38116 -0.44072 -0.53002 -0.42158 0.22184 -0.43994 -0.11889 -0.05575 0.40564 0.40337 0.847 0.58221 0.72981 -1.1486 -0.7745 0.75379 -1.5767 0.12923
0.56904 0.04022 -0.86636 -1.6089 -0.51645 -2.1915 0.54533 -0.27904 1.9756 0.70735 -0.084296 -0.9056 0.7748 -0.39726 -0.42781 -0.47068 0.011024 0.5148 0.51805 0.99211 0.5589 -1.0074 -0.6959 -0.035361 -0.83421 0.29458 -0.13914 -0.11413 0.13459 0.45639 0.25641 1.345 -0.34357 0.59184 -1.6453 -0.32535 1.325 -0.83474 -0.19457
0.32772 0.17726 -0.64313 -1.3742 -0.11278 -2.1245 1.2526 -0.07228 2.1842 0.74051 -0.20694 -1.412 0.87281 -0.2827 -0.36782 -0.20741 0.42953 0.6534 1.3317 0.57021 0.77324 -1.8357 -0.97577 0.99236 -1.3915 0.15597 0.41733 0.047519 0.33094 0.50888 0.059337 1.1731 -1.467 0.11161 -1.2388 0.13805 1.3324 0.053767 -0.60426
0.049132 0.26556 -1.2116 -1.1908 -0.46084 -1.8148 1.233 0.66404 1.4997 0.7185 -0.71206 -1.2385 0.91174 0.043693 -0.5289 0.095227 0.35144 0.59793 1.8949 -0.28315 0.80463 -2.5692 -0.52897 1.5857 -0.87272 -0.16736 0.69951 0.20252 0.17868 0.26447 -0.56382 0.19191 -2.501 -0.53577 -0.31879 0.41286 0.59357 0.81706 -0.94604
-0.073179 -0.086162 -1.5168 -1.271 0.055193 -0.96915 1.3302 0.59412 0.46961 0.42693 0.29291 -1.5028 0.95504 0.52417 -0.18976 0.090944 0.67685 0.23623 1.6552 -1.459 0.41374 -2.0135 -0.28705 1.2052 -0.2872 -0.61011 0.51945 0.32201 -0.26364 -0.10106 -0.93709 -1.1209 -2.4933 -1.1886 0.86669 0.46524 -0.44944 1.2244 -0.97957
0.64979 -0.1027 -0.80338 -0.93821 -0.057693 0.029423 0.49944 0.81884 -0.36145 -0.30996 1.4108 -2.0857 0.73171 0.58896 -0.1635 -0.25638 0.40447 -0.31104 0.76177 -2.5169 -0.33783 -1.5363 -0.24986 0.96545 0.17804 -0.98726 0.10077 0.58374 -0.53014 -0.31994 -0.9149 -1.9816 -1.6284 -1.3046 1.92 0.26898 -1.124 1.1921 -0.68861
0.89233 -0.24165 -0.41023 -1.1256 -0.13032 -0.043013 -0.18094 0.74936 -0.53832 0.57932 1.4725 -1.5091 0.5153 0.47883 0.011219 -0.56003 0.22625 -0.60142 -0.2955 -2.8224 -1.0857 -0.65646 -0.21947 0.37903 0.42097 -1.158 -0.44549 0.49628 -0.5936 -0.72016 -0.40793 -2.0426 -0.10324 -0.97338 1.988 0.15737 -1.1312 0.9061 -0.12678
1.0052 0.18657 -0.9753 -0.84817 -0.19654 -0.99343 -0.84084 0.019214 0.75786 0.5628 0.4556 -1.0792 0.30293 0.27391 0.38881 -0.6451 -0.015523 -0.65244 -1.0275 -2.5349 -1.1163 0.50349 -0.062048 -0.23805 1.0498 -1.1049 -0.60688 0.36021 -0.21183 -0.74292 0.078432 -1.1624 1.2195 -0.41337 1.4688 -0.010839 -0.86226 0.46619 0.39145
0.50646 0.061291 -1.6485 -1.0352 -0.72623 -1.5081 -1.3315 -0.45286 0.22517 0.27857 0.52635 -1.1772 0.18021 -0.18929 0.39976 -0.90847 -0.46515 -0.34565 -1.4689 -1.6042 -1.1809 0.85048 -0.10493 -0.44385 1.0104 -0.77325 -0.35217 -0.16223 0.71718 -0.47687 0.4934 0.31233 2.2982 0.4089 0.42907 -0.19932 -0.31948 0.33295 0.85319
0.46943 0.084667 -2.1237 -1.0204 -0.89235 -1.6866 -1.5601 -0.77842 0.092308 0.076827 0.22505 -1.0033 0.11117 -0.26661 0.27059 -0.50612 -0.64503 -0.31216 -0.92743 -0.86976 -1.1129 0.58089 -0.36976 -0.35031 0.78153 -0.48886 0.092767 -0.85687 1.3449 0.01874 0.63903 1.5174 2.5741 0.83233 -0.16171 -0.6825 -0.040777 0.046101 1.2559
0.70501 0.20812 -1.443 -1.2391 -0.27627 -1.3246 -1.4155 -0.41475 0.8145 0.15776 0.98345 -0.38538 0.08729 0.062363 -0.21245 0.81983 -0.34916 0.10547 0.2983 0.56697 -0.20505 0.14645 -0.50772 -0.23527 1.2003 0.037979 0.25015 -1.1848 1.3524 0.63823 0.87994 2.3057 2.2897 0.95514 0.11069 -0.87124 0.02076 -0.045794 1.4609
0.58775 0.16628 -1.4528 -1.4494 -0.28711 -1.7265 -1.2827 -0.75596 0.48836 -0.070591 1.0016 -0.98336 0.10536 0.33982 -0.79934 1.2058 -0.022879 0.26234 1.1187 1.1043 0.15615 0.54419 -1.2755 -0.47015 1.0554 0.70272 -0.10075 -1.2324 0.49578 1.1128 1.0344 2.2825 1.8091 0.57683 0.3284 -0.57844 -0.17071 -0.21365 1.4168
0.58957 0.084569 -1.115 -1.5617 -0.72095 -1.4097 -1.3955 -1.2134 0.48687 0.26939 0.32438 -0.38307 0.060435 0.0099735 -1.1314 0.96573 0.45038 0.943 2.0986 1.6152 0.19964 1.0891 -1.4469 -0.39192 0.79954 1.2053 -0.5197 -0.84581 -0.43606 1.2654 1.0356 1.8895 1.0848 -0.031027 0.23295 -0.086465 -0.33159 -0.51313 0.97182
1.031 -0.14226 0.015799 -0.83028 -0.18421 -0.46946 0.13062 0.052697 0.70714 -0.45069 -0.078628 0.6124 0.43044 -0.43075 -1.4191 0.42385 1.0827 1.1242 2.717 1.9369 -0.084646 0.75472 -1.1056 -0.65276 0.58929 1.4242 -0.62495 -0.30085 -0.80756 0.91428 0.89621 1.1516 0.79712 -0.31442 -0.10716 0.61171 -0.050605 -0.49358 0.30957
0.82721 -0.81935 -0.87871 -1.0577 -0.56258 -0.12827 -0.48715 -0.41078 0.90003 -2.1248 0.085635 -0.29518 0.85894 -0.56984 -1.3775 0.33472 1.5153 1.5318 3.2656 2.1616 -0.11449 0.50006 -0.80761 -0.83798 0.4721 1.3902 -0.23958 0.26095 -0.85335 0.10334 0.28168 -0.19045 0.34947 -0.46193 -0.36314 1.1774 0.047616 -0.45985 -0.42434
0.25965 -0.64588 -1.1412 -0.66523 0.92297 1.1547 0.23771 -0.62484 1.9241 -1.3607 0.47162 -0.10822 1.0038 -0.59557 -1.2008 -0.10388 1.1953 1.5733 2.8406 2.3177 -0.30427 0.63386 -0.40447 -0.39406 0.29498 1.1568 0.28904 0.74569 -0.35451 -0.54819 -0.12246 -1.3601 0.26194 -0.17181 -0.2946 1.5259 0.11252 -0.1843 -0.92829
0.012547 -0.85339 -0.91315 -0.33109 0.83483 1.5814 0.72874 -0.97046 1.0762 -0.53687 0.20143 0.10061 1.0132 -0.37205 -0.7853 -0.48797 0.60533 1.2127 1.6852 2.0956 -0.61391 0.44513 0.53226 -0.47698 0.086584 0.59298 0.6279 0.7983 -0.0043275 -0.83601 -0.68992 -2.2055 0.044119 0.20384 -0.44391 1.3348 0.038155 -0.15583 -1.0207
0.12887 -0.88897 -0.55508 -0.099208 0.97851 2.0529 1.1262 -0.95862 0.58554 -0.9426 -0.67187 -0.18343 1.0272 0.049607 -0.41461 0.12351 0.51215 1.0473 0.83978 2.4812 -0.1567 0.21153 1.2558 -0.6626 0.44514 0.18922 0.683 0.76601 0.23869 -0.56032 -0.7369 -2.1192 -0.3464 0.62102 -0.50581 0.76887 -0.075783 -0.07363 -0.76845
0.31218 -1.0178 -0.91149 -0.52939 0.78135 1.8318 1.6743 -1.0374 1.647 -0.77899 -0.03487 0.57046 1.0655 0.35586 -0.37822 0.21548 0.28494 0.53233 -0.075101 2.1942 0.26891 -0.15083 1.0088 -0.67783 0.11416 0.077611 0.3108 0.55892 0.22695 -0.29658 -0.62072 -1.5808 -0.6486 0.81809 -0.28036 0.27529 0.18878 -0.14647 -0.35255
0.69939 -0.98324 -1.0777 -0.46417 1.0242 1.1829 2.1368 -0.78542 1.4516 -0.32241 -0.49315 0.23024 1.0294 0.39755 -0.06826 0.028893 0.30691 0.56611 -0.44964 1.6711 0.57658 -0.05102 0.86444 -0.48959 0.15441 0.062424 -0.12955 0.55091 0.12606 -0.11869 -0.73291 -1.0685 -1.1444 0.40792 -0.30019 0.21118 0.016296 -0.36807 -0.16272
0.53018 -1.0968 -0.67715 -0.35368 1.226 1.393 2.3615 -0.64094 1.3983 -0.017404 -0.42632 0.15493 1.0606 0.076192 0.016436 0.020178 0.16003 0.31603 -0.77442 1.3526 0.75036 0.033527 1.2414 -0.24434 -0.033137 0.036774 -0.44828 0.73944 0.55325 -0.15189 -1.0438 -0.68876 -1.7155 -0.10992 -0.26657 0.24895 -0.021158 -0.43992 -0.31336
0.41204 -0.96056 -0.70476 -0.085797 1.5991 1.4245 2.7313 -0.32381 1.1384 0.2746 -0.43272 -0.061495 1.0671 -0.057753 0.349 0.47856 0.36437 -0.18467 -0.90057 0.85058 0.48293 -0.46222 1.5239 -0.89603 -0.16704 -0.075618 -0.57091 0.48202 0.50171 -0.49513 -1.5864 -0.59632 -2.0747 -0.5452 -0.16085 0.11192 -0.16337 -0.16484 -0.4823
0.51929 -0.87205 -0.82723 0.075944 1.2831 1.2765 2.4171 -0.26934 0.68891 0.27612 -0.72787 0.45303 1.0648 -0.29298 0.7029 1.1095 -0.017052 -0.99443 -1.1878 -0.48759 0.1223 -0.46119 1.1395 -0.56422 -0.54737 -0.40394 -0.42224 -0.037781 0.034172 -0.82237 -1.708 -0.24013 -2.2213 -0.70598 0.10943 -0.34391 0.020803 0.097778 -0.45425
0.23394 -0.97285 -0.68793 -0.36718 1.0323 0.84429 2.8531 0.014924 1.3801 0.8429 -0.65753 -0.059232 1.0594 -0.53646 0.42931 0.49913 -0.52939 -1.662 -1.3981 -1.1555 -0.20543 -0.1133 1.0999 -0.69614 0.11158 -0.56534 -0.065732 -0.70608 -0.45171 -0.82165 -1.0933 0.53525 -1.8062 -0.27412 0.12316 -0.59637 0.3922 -0.033629 -0.20525
0.51471 -0.63283 -0.2008 -0.17943 0.47527 0.35406 2.7045 -0.64475 1.0854 1.6409 -1.5087 0.36533 0.94682 -0.50952 -0.089465 0.081985 -0.93912 -2.0485 -0.9756 -1.6582 -0.3349 0.076889 0.72016 -0.3522 0.026241 -0.51707 0.427 -1.1416 -0.60643 -0.2589 0.0069146 1.5116 -0.97718 0.38581 -0.48655 -0.59633 0.49105 -0.03921 0.18945
0.20324 -0.34714 0.72105 -0.48145 0.038608 -0.22895 1.0109 -0.64047 0.73572 0.8516 -0.74084 -0.91226 0.59711 -0.070679 -0.4861 0.084613 -0.71926 -1.6493 0.078527 -1.8215 0.17761 -0.48664 0.49204 -0.28685 -0.50467 -0.37921 0.89878 -1.1517 -0.043647 0.28049 1.0485 2.1577 -0.26763 0.98833 -0.98592 -0.71554 0.78368 -0.30337 0.46862
-0.3653 -1.0111 -0.87678 -0.74213 -0.28803 0.098263 1.3666 -0.77164 1.3203 1.5271 -1.2592 0.96738 0.69935 0.32576 -0.83018 0.097058 -0.39851 -1.0033 1.0921 -1.9013 0.76529 -1.2198 0.202 0.13879 -0.30067 -0.16199 1.0633 -0.83853 0.46646 0.6989 1.6793 1.9796 0.73325 0.9154 -0.79739 -0.66431 0.72623 0.041213 0.57773
0.027846 -1.1976 -0.97604 -0.83342 -0.51101 0.68033 1.1046 -0.52274 1.0622 1.0062 -0.6862 -0.061678 0.81171 0.829 -1.2087 0.40677 -0.25218 -0.30384 1.8656 -1.4877 1.3284 -1.3848 -0.12241 0.53575 -0.28797 0.083817 0.76421 -0.14404 0.95224 0.85755 1.4539 1.095 0.92243 0.27041 -0.34602 -0.93337 0.79381 -0.078359 0.42793
0.81366 -1.2492 -0.23948 -0.43815 -0.23547 1.6223 0.79667 0.50864 -0.067387 1.2837 -1.3014 -0.6686 0.83285 1.1486 -1.1904 0.8647 0.16912 0.29986 2.0757 -0.45491 1.0224 -1.0259 -0.35089 0.60203 0.0091731 0.27028 -0.010258 0.44449 0.92727 0.99086 0.93195 -0.027981 0.872 -0.69388 0.031393 -1.2202 0.55536 0.14911 0.16282
0.7226 -1.3929 0.097608 -0.62506 -0.00094113 1.8073 0.71965 0.87915 -0.1769 1.4851 -0.5028 -0.19912 0.85778 1.0353 -0.55704 1.6241 0.63986 0.31265 1.7803 -0.82983 0.64428 -1.2546 -1.1515 0.97862 -0.79534 0.15969 -0.89971 0.87027 0.36289 0.97372 0.47496 -1.014 0.51133 -1.4071 0.023987 -1.3367 0.24032 0.54439 0.01596
1.3772 -1.4783 0.78624 -0.52065 -0.0025928 2.0959 0.45107 0.82876 -0.35891 1.0585 -0.57685 -0.086944 0.83197 0.21095 -0.38066 1.3614 1.0515 0.3584 1.1049 -0.60722 -0.29699 -1.2193 -1.7809 0.9502 0.24916 0.088179 -1.1977 0.84432 -0.31589 0.68357 0.25175 -1.5455 0.11721 -1.1909 -0.14816 -0.83494 -0.060965 0.89046 0.054383
1.0292 -1.5681 0.91036 -0.42368 0.23037 2.0773 0.95105 0.064312 0.40232 0.27241 -0.052588 -0.13672 0.83152 -0.46993 -0.095681 0.89338 1.1701 0.51059 0.36886 -0.44575 -0.89516 -1.237 -2.1393 0.78114 0.63872 0.20432 -1.004 0.52101 -0.99814 0.36483 0.49272 -1.6776 0.40741 -0.52496 -0.019023 0.10621 -0.27921 1.1237 0.23581
0.77949 -1.4359 0.62578 -0.030743 -0.28582 2.4515 0.11804 0.13599 -0.42231 -0.36009 0.0072189 -0.63612 0.88539 -0.45494 0.051553 0.5963 1.2167 0.64102 -0.2531 -0.39937 -0.64277 -1.3196 -1.5788 0.53366 0.99593 0.34509 -0.22095 0.30728 -1.0887 0.090735 0.56841 -1.471 0.30675 0.47656 -0.0021615 1.0908 -0.28787 0.39636 0.27324
0.35612 -1.5264 0.7779 0.38135 0.098271 2.1737 0.41017 -0.67141 -1.1102 -1.2971 0.16684 0.36614 0.89436 -0.60544 0.13566 -0.0028519 1.2649 1.0471 -0.83676 -0.15736 -0.23689 -1.2373 -1.0795 0.59486 0.97797 0.4479 0.56203 -0.096495 -0.87726 -0.11807 0.52708 -1.1187 0.44521 1.0275 0.44748 1.7447 -0.2364 0.019784 0.10983
0.34953 -1.3038 1.071 0.45304 0.70749 1.9722 0.33186 -0.21372 -1.6719 -0.96163 -0.39292 0.32767 1.0458 -0.14895 0.039718 -0.3827 1.1914 1.1028 -1.1794 -0.15844 0.39657 -1.2191 -0.15556 0.43445 0.84516 0.44896 0.81901 -0.4038 -0.85381 -0.29124 -0.04111 -0.56435 0.32482 1.1589 0.98519 1.8108 -0.11045 -0.46295 -0.093852
0.75334 -1.4552 1.0967 0.25039 0.70883 1.3675 0.27986 0.38861 -1.1947 -0.014115 0.3739 1.2069 1.1267 0.49531 -0.25791 -0.38291 0.97368 1.2176 -1.3574 0.27907 0.75038 -0.40966 0.62083 0.32207 0.76471 0.34716 0.67131 -0.51134 -0.72613 -0.23841 -0.74052 -0.011512 0.02355 0.91933 1.28 1.2318 0.05495 -0.61242 -0.23595
0.53495 -1.4169 0.51741 0.73147 1.1853 1.11 0.55866 0.19286 -1.1261 -0.84685 0.46266 0.51291 1.1436 0.62028 -0.45576 -0.93217 0.82449 0.46641 -1.0847 0.0083176 1.3013 0.19351 1.176 0.4066 0.23658 0.2315 -0.058617 -0.25716 -0.48465 0.020166 -0.68998 0.34216 -0.11856 0.44966 1.0341 0.12921 -0.0033572 -0.56189 -0.22803
0.77225 -1.5524 0.15678 0.86811 0.9798 0.9589 0.43021 0.53283 -1.3158 -0.14315 0.45594 0.38847 1.1451 0.34393 -0.50825 -1.1891 1.0108 0.011425 -0.88143 -0.16385 1.2516 0.55858 0.69379 0.66736 0.13247 0.1424 -0.73299 0.091778 0.23034 0.17207 -0.039658 0.2997 -0.25524 -0.019645 0.24102 -0.51838 0.034502 0.047947 -0.12044
1.3973 -1.7279 0.50443 0.99272 1.0985 0.92294 0.53763 0.83716 -1.2178 0.18746 0.1938 0.71006 1.1206 -0.1804 -0.28347 -0.95367 1.2262 0.44335 -0.71442 -0.11906 1.1129 0.31904 0.027291 0.20685 0.10742 0.15106 -1.0258 0.36645 1.106 0.15036 1.0013 0.13484 0.0077591 -0.28554 -0.21131 -0.66412 -0.076029 0.3037 0.026992
0.84978 -1.8237 -0.29702 1.0402 0.5859 0.91112 0.2493 1.4336 -1.0316 0.5273 0.57584 0.83103 1.1277 -0.54294 -0.18385 0.095514 1.1145 1.1424 -0.92367 -0.088389 0.83835 0.0022054 0.11069 0.4407 0.93336 0.17659 -0.90319 0.55103 1.3936 -0.092041 1.2392 0.088269 -0.10585 -0.2672 -0.32579 -0.19289 -0.22426 0.14239 0.1623
0.66238 -1.6373 -0.25082 1.334 0.87412 0.63353 0.079091 1.6189 -0.74849 -0.15553 0.8923 0.7672 1.2299 -0.953 0.021273 0.65895 1.0731 1.6962 -0.77109 0.018706 0.95031 0.063583 0.089639 0.32349 0.42581 0.26329 -0.28726 0.55332 1.243 -0.41388 0.69718 0.12332 -0.32709 -0.26775 -0.12645 0.32062 -0.32981 -0.11761 0.20777
0.2942 -1.5992 -0.046708 1.598 1.8465 0.31875 0.45948 1.5761 -0.97311 -0.61815 0.4899 1.0982 1.263 -1.0444 0.30053 0.81791 0.92769 1.6104 -0.65285 -0.39164 0.81328 0.05478 0.23345 0.124 0.25668 0.37349 0.33376 0.35862 0.43022 -0.57826 -0.28838 0.377 -0.4503 -0.26496 0.043518 0.49429 -0.57034 -0.58023 0.13674
0.049916 -1.6637 1.0959 1.776 2.6841 -0.15375 0.54621 1.0702 -1.5163 -0.1564 1.1004 1.7551 1.2488 -0.48824 0.43949 1.1948 0.54899 1.4548 -0.58019 -0.5295 0.60471 0.050252 0.57061 -0.32534 0.23547 0.41989 0.69753 0.052618 -0.28854 -0.62664 -1.1869 0.60475 -0.39544 -0.36409 0.24553 0.48981 -0.38929 -0.78639 0.035016
0.014795 -1.6428 0.94306 1.7449 2.4573 0.38227 0.39935 2.4101 -1.0305 0.68214 0.54743 0.39934 1.344 -0.10778 0.23262 0.69833 0.29397 0.72668 -0.24722 -0.60088 0.49621 0.098069 0.82454 -0.39372 -0.060151 0.34046 0.69645 -0.24274 -0.7896 -0.44451 -1.5531 0.7908 0.066525 -0.46259 0.53636 0.061741 0.014218 -1.2717 -0.054926
0.14062 -1.4379 0.79556 1.7498 2.0548 0.27472 -0.4039 2.1472 -0.8727 0.60762 0.42602 1.1527 1.4383 -0.035569 0.14714 0.14009 0.21552 -0.022964 0.24891 -0.56331 0.38835 0.52538 0.73941 -0.224 -0.8959 0.34282 0.37589 -0.29197 -0.73573 -0.012048 -1.2843 0.60294 0.46013 -0.99522 0.38777 -0.43455 0.75486 -1.3524 -0.096228
0.34771 -1.3539 0.95986 1.5395 2.1346 0.0064675 -0.33995 2.1219 -0.84801 0.83235 0.28385 1.252 1.4884 0.11287 0.023513 -0.24377 0.26568 -0.47381 0.52377 -0.21953 -0.0032766 0.86822 0.23253 0.052603 -1.5793 0.31662 0.12281 -0.29962 -0.07627 0.25429 -0.38717 0.33697 0.95707 -1.4438 -0.16964 -0.37663 0.75197 -1.1467 -0.13973
0.38842 -1.5653 0.51732 1.8376 2.1784 0.22016 -0.12964 1.9754 -0.87821 0.41543 0.53897 0.76427 1.4431 0.15216 0.034988 0.18542 0.55534 -0.28193 0.25355 0.15229 -1.1747 0.42621 -0.049091 0.87278 -1.5597 0.26366 0.10816 -0.20598 0.28128 0.22405 -0.0021723 0.14411 0.97285 -1.7051 -0.5984 0.061775 0.30551 -0.30658 -0.16689
-0.11099 -1.565 0.60944 1.9675 2.2879 0.67551 0.165 1.9103 -0.51783 0.56035 0.56377 -0.17084 1.5148 0.049404 -0.2337 0.52506 0.62185 0.14112 0.4431 0.81937 -1.6817 -0.17914 0.4197 0.47353 -1.8925 0.13527 0.16717 0.10845 0.30935 -0.18489 -0.11603 0.072442 0.7008 -1.5885 -0.36965 0.60981 -0.32862 0.87355 -0.1168
0.2694 -1.6428 0.95613 2.0131 1.9767 0.68127 0.23171 1.4392 -0.2943 0.51 1.1969 -0.64341 1.5298 0.2183 -0.083348 0.32606 0.47781 -0.3494 0.60005 0.72404 -2.2736 -0.1145 0.72938 0.11193 -1.3084 0.14089 0.26169 0.33509 -0.26795 -0.80235 -0.53318 0.20872 0.21324 -0.97268 0.12044 0.7329 -0.90804 1.6887 -0.10128
0.37597 -1.3902 1.3151 2.2612 2.0092 0.37797 0.090088 0.34952 -0.76417 0.75415 1.6665 -0.80089 1.604 0.41845 0.27197 0.3129 -0.031462 -0.6649 0.51942 0.80564 -2.7133 0.42145 1.0302 -0.2552 -0.033285 0.17364 0.10685 0.46702 -0.90532 -1.2466 -0.48705 0.24376 -0.10064 -0.25516 0.63216 0.23039 -0.84956 2.1696 -0.12191
0.25707 -1.7026 1.4215 2.1411 2.4846 0.72967 0.65964 -0.2129 -1.4567 1.5514 0.2415 -0.4964 1.5005 0.49289 0.36671 -0.24562 -0.62601 -0.85795 0.6541 0.58172 -2.6414 0.36522 1.0804 -0.57918 0.73012 0.067437 -0.16492 0.26192 -1.1653 -1.4231 0.15054 0.2405 -0.083702 0.73887 0.74767 -0.73038 -0.50476 1.6147 -0.21397
0.69486 -1.4337 0.75194 1.9615 1.4583 0.92584 0.45976 -0.92372 -0.59673 1.5987 0.37398 -0.10513 1.5957 0.13166 0.35591 -1.0115 -1.1776 -0.50022 0.92417 0.74111 -1.9924 0.81898 0.66723 -0.88338 1.2208 -0.041384 -0.42232 0.22653 -1.2417 -1.1802 0.6448 0.074243 -0.32629 1.574 0.49365 -1.7731 0.314 0.63935 -0.23645
0.66386 -1.2694 0.87226 1.7832 1.4542 1.0411 0.97744 -1.5785 0.31527 1.6104 0.53552 0.61985 1.6155 0.044664 0.33163 -1.3584 -1.6355 -0.17459 0.89931 0.63775 -1.0674 1.1501 -0.6004 -0.60513 1.1436 -0.12711 -0.65439 0.23264 -0.75976 -0.75337 1.1294 -0.18819 -0.48781 1.934 -0.063882 -2.2827 1.0114 0.10867 -0.22022
0.47212 -1.3088 0.39459 1.3434 1.3797 1.5174 0.59211 -1.4889 -0.32836 1.8873 0.36245 0.11397 1.5433 -0.18267 0.68473 -1.6313 -1.7521 0.14418 0.56928 0.217 -0.20201 0.99666 -1.7401 0.3207 0.98699 -0.14421 -0.51974 0.22052 -0.15382 -0.15855 1.0382 -0.42103 -0.73019 1.6624 -0.94277 -2.1486 1.2841 -0.15539 -0.19366
0.32422 -1.3653 -0.16395 1.0676 1.9152 1.6045 1.1224 -1.2852 0.29733 1.1896 0.30867 0.64005 1.4777 -0.63337 0.60818 -1.4645 -1.7538 0.84685 0.48443 -0.011177 0.5082 0.15598 -2.3525 0.73962 1.0664 -0.26767 -0.29986 0.16688 0.40097 0.39258 0.84429 -0.53218 -0.39211 0.91948 -1.3245 -1.3814 0.91299 -0.061181 -0.17105
0.4919 -1.2131 -0.086323 0.84262 2.1507 1.3361 0.88473 -1.1138 0.049144 -0.36872 0.50245 0.49125 1.4745 -0.54689 0.60236 -1.2654 -1.4043 0.85111 0.32349 -0.23108 0.70139 -0.51955 -2.8233 0.89585 0.97733 -0.31084 -0.17453 -0.053956 0.8424 0.50872 0.43292 -0.43286 -0.0024305 0.11589 -1.4174 -0.43432 0.040764 -0.099807 -0.20982
0.15286 -0.90066 -0.77139 0.61634 2.1535 1.3687 0.72603 -0.64332 -0.086904 -0.71228 0.89335 0.93282 1.4435 -0.35667 0.664 -0.72961 -1.0491 0.98339 -0.0059714 0.18123 0.42205 -0.67235 -2.8808 0.83643 1.0452 -0.34371 -0.18472 -0.20549 0.95254 0.29526 -0.015375 -0.23627 0.54599 -0.39721 -0.58684 0.51604 -0.59796 -0.5496 -0.22987
-0.19449 -0.8971 -0.77167 0.39461 2.2284 1.7041 0.52154 -0.56638 -0.18144 -1.1318 1.5583 1.5407 1.3941 -0.65703 0.56286 -0.29687 -1.1237 0.84359 -0.017063 0.15035 0.11586 -1.351 -2.3911 0.30325 0.82108 -0.47439 -0.12694 -0.38275 0.92439 -0.17928 -0.44765 -0.15228 0.71769 -0.468 0.21981 1.2303 -1.0548 -1.207 -0.27255
0.10903 -0.89227 -0.54817 0.56089 2.3096 1.6202 0.75674 -0.87584 -0.60409 -1.7849 1.3141 1.3868 1.3329 -0.93442 0.26969 -0.024838 -1.3186 0.80777 0.21239 0.82704 0.011807 -0.56926 -1.5705 -0.17669 0.11399 -0.58942 0.18061 -0.32224 0.42819 -0.58901 -1.3307 -0.33898 0.39609 -0.02925 0.77186 1.6232 -0.88548 -1.9634 -0.29939
0.1555 -0.84034 -0.50099 0.3401 2.8191 1.3721 1.2913 -1.0283 -0.87657 -2.0409 0.99637 1.2075 1.2318 -0.50006 0.13213 0.24944 -1.5948 0.11453 -0.061702 0.78784 -0.029434 -0.13784 -1.0424 -0.69958 -0.83578 -0.66669 0.64897 0.084595 -0.0022097 -0.70411 -2.3388 -0.72797 -0.008566 0.60952 1.4988 1.7263 -0.14 -1.874 -0.28358
-0.70602 -0.8631 -0.51802 -0.17742 2.9052 1.4631 1.1205 -1.0235 -1.3674 -2.452 0.46734 1.5382 1.077 -0.069989 0.31751 -0.13615 -1.9165 -1.0731 -0.62933 0.61825 0.46855 0.23166 -0.32799 -0.43457 -1.8413 -0.77352 1.1035 1.0424 -0.037243 -0.12183 -3.3478 -0.93893 -0.85662 1.0532 1.208 1.543 0.34825 -0.77835 -0.72881
-0.85718 -0.89668 -0.38354 -0.49102 2.8786 1.794 1.8495 -0.69454 0.095029 -2.2572 0.67667 0.41922 1.0287 0.20064 0.68663 -0.24248 -2.1462 -2.4596 -1.012 0.27311 1.1859 1.1778 0.42231 0.11119 -1.7465 -0.88045 0.55513 1.6721 0.51678 1.2506 -2.5174 -0.79159 -1.1737 1.3387 0.87546 1.3521 0.51972 -0.11772 -1.3596
-0.099549 -0.73471 -0.55597 -0.82842 1.7546 1.2412 1.134 -0.58771 -0.27552 -1.9567 0.45818 0.095626 0.93097 0.90249 1.8106 0.14921 -1.2591 -3.973 -1.1459 -0.44263 1.6226 1.1346 0.76282 0.047544 -0.89552 -1.7648 -0.42263 1.6937 1.1011 2.2642 -0.59547 -0.64924 -1.2974 1.1732 0.12436 0.57587 0.046081 -0.049456 -1.5971
0.14709 -0.55881 -1.0557 -1.1496 0.76817 0.59848 1.1965 0.1487 -0.31438 -1.6279 1.4413 -0.72797 0.75383 0.1183 2.3019 1.152 0.46545 -3.002 -1.3452 -0.78652 2.204 1.1234 1.0936 0.022834 -1.5191 -2.5644 -1.2417 0.86931 0.83925 1.9264 1.1983 -0.49834 -0.89081 0.41611 -0.2592 0.17639 -0.67661 -0.077286 -0.9771
0.30027 -0.20323 -0.61826 -1.3093 -0.13569 0.25212 1.3134 0.79359 0.77929 -1.2966 1.2786 -0.059061 0.58967 -0.85466 2.4639 1.3902 1.0908 -1.8936 -1.7227 -1.1822 2.4267 0.50579 0.45496 -0.34908 -2.0358 -2.7431 -1.3415 -0.50974 -0.014621 0.42188 2.3235 -0.37152 -0.36039 -0.85416 -0.25371 -0.050034 -1.3053 -0.18702 0.64093
0.89355 1.0338 0.083255 -0.48055 -1.2503 0.36111 0.60377 1.0409 -0.12709 -1.3609 0.33594 1.01 -0.5756 -1.3638 1.8762 0.83255 0.3507 -1.3479 -1.6848 -0.94642 1.6812 0.99061 0.89056 -1.0562 -1.31 -2.1109 -0.37053 -1.5277 -1.1418 -1.3672 1.9461 -0.13381 0.10255 -1.9323 -0.4455 -0.18014 -1.4524 0.40842 2.1901
-1.7777 0.75835 1.3945 0.68018 1.1586 0.1459 0.50223 2.2022 0.45295 -0.89908 0.50864 -1.6011 -0.97024 -0.99646 1.1345 0.28265 -0.38579 -0.61417 -1.6862 -0.98544 0.1473 0.71021 0.72278 -2.0027 -1.3421 -0.86138 0.79668 -2.1192 -1.8854 -2.2254 1.0102 0.16268 0.53703 -2.4659 -0.33214 -0.16011 -1.0215 0.72524 3.0056
-1.6381 0.87982 0.593 -0.10928 0.72662 -0.72896 0.37466 2.482 0.453 -2.0524 0.38204 -2.7806 -0.71623 -0.53378 0.30234 -0.5935 -1.3766 -0.13819 -1.6029 -0.66406 -0.62863 0.15609 0.55619 -2.0265 -1.0775 0.35345 1.8839 -1.4637 -1.9601 -1.8973 -0.29462 0.30069 0.5162 -2.267 -0.67591 -0.56368 -0.28975 0.91765 2.4545
-0.85127 0.50041 -0.73138 -1.6471 -0.93232 -1.0975 0.27856 1.0781 1.1051 0.12826 -0.57185 -0.4326 -0.22872 0.31184 -0.44498 -1.6954 -2.2549 -0.6871 -1.4161 -0.31081 -1.4972 0.27914 0.25897 -1.9012 -0.76203 1.3197 1.6967 -0.31162 -1.1707 -0.55718 -0.83279 0.49164 0.6192 -1.4672 -0.50052 -0.50898 0.6343 1.3686 0.86042
-0.16619 0.54361 -0.60269 -1.5774 -0.38042 -1.4001 0.21955 -0.21093 0.55103 -0.7732 -1.158 -1.6854 0.25974 1.7102 0.11335 -2.1277 -2.3013 -1.8591 -1.1991 -0.3091 -2.163 -0.10866 -0.053206 -1.7195 0.15531 1.1229 0.86051 0.89523 0.28791 1.3779 -0.2282 0.39066 0.50536 -0.46968 -0.16094 -0.49762 1.1233 0.98876 -0.8141
-0.33307 0.61377 -0.5733 -1.7673 -0.22034 -1.2598 0.47317 0.60327 0.38303 -0.81452 -1.2287 -0.63256 0.22851 1.24 0.68571 -1.3078 -0.96601 -1.2744 -0.88924 -0.00058137 -2.0935 -0.12995 -0.038067 -0.9696 0.6531 0.27064 -0.19658 1.5874 1.2877 2.2233 0.82925 0.18958 0.46764 0.26879 -0.1528 0.33612 1.5534 0.60201 -1.8732
0.042403 0.64434 -1.4257 -1.5973 -1.1082 -1.2174 0.13299 -0.30929 0.38273 -1.2657 -1.6143 -1.3989 -0.040718 0.70966 1.2984 -0.2036 0.60969 -0.27216 -1.0674 0.13572 -1.2699 0.050824 -0.33796 -0.35368 0.1054 -0.55453 -1.0719 1.3031 1.6115 2.3228 1.722 0.10984 0.38929 0.51962 -0.42056 1.2276 1.3441 0.2352 -1.8941
0.23316 1.0283 -1.3549 -1.5929 -1.0184 -1.7939 0.059666 -0.55975 0.53459 -1.2019 -1.2132 -2.1587 -0.16134 0.43255 1.7311 -0.057694 0.5252 0.0036645 -1.0812 0.35294 -1.3519 -0.094528 1.0372 0.3918 0.41902 -1.1395 -1.1845 0.46028 1.6579 2.247 1.7722 0.66378 0.38166 0.94105 -1.0824 1.4075 0.81951 0.80809 -1.487
-0.034856 1.4126 -1.1981 -1.5089 -1.1302 -2.0459 0.56002 -1.0213 0.64501 -1.0616 -0.86411 -0.50875 -0.32235 0.0062658 1.8634 0.49998 1.3775 0.60021 -0.86016 0.25753 -1.4218 -0.94284 1.8398 0.1683 0.73197 -1.5066 -1.2588 -0.58019 1.3856 1.994 1.1615 1.7923 0.17699 1.3866 -1.4848 1.0611 0.34812 1.5018 -1.0667
0.24359 1.5228 -0.45238 -0.83762 -0.59865 -2.5538 0.4427 -0.80686 1.0746 -0.25453 -1.4113 -0.50365 -0.41095 -0.73829 1.2061 1.6867 2.9306 1.4785 0.34685 0.66799 -0.031676 -1.7412 1.6659 0.31654 1.8872 -1.871 -1.2025 -1.3455 1.2223 2.0856 0.73285 2.5605 -0.474 2.0626 -1.1972 -0.005657 0.11414 0.54681 -0.54089
0.31092 2.0017 -0.85979 -1.4358 -0.078471 -2.3528 0.73762 -2.0271 -0.17781 1.0349 -0.48741 -1.2839 -0.65677 -1.1817 0.54922 1.7214 3.2072 1.0754 1.7927 0.3347 0.97974 -2.0192 1.4432 0.31331 2.2359 -2.0662 -0.91477 -1.6377 0.84795 1.1424 -0.26302 2.3733 -0.9076 1.9409 -0.13669 -0.77228 0.35721 -0.25107 0.041254
-0.50329 2.0416 -0.29006 -0.10077 0.022139 -1.9137 0.4126 -1.3168 -1.1388 1.3092 -1.5458 0.10144 -1.1765 -1.3391 0.041821 1.7996 3.5844 1.076 2.6873 -0.51544 1.7588 -1.8885 1.1834 0.49311 0.71833 -1.811 -0.39731 -1.7031 0.54243 -0.26821 -0.71916 1.0424 -1.3586 1.0501 1.05 -0.96135 0.57883 -1.0991 1.0209
-1.008 1.3887 0.97277 1.6602 0.42767 -0.36509 1.0396 0.44668 -1.3878 -0.038904 -0.86424 0.84956 -1.6102 -1.4908 -0.41052 2.1566 3.2342 0.31087 2.6939 -0.77069 1.7421 -1.1317 0.48547 0.72707 0.85272 -1.4626 0.24152 -2.0751 0.040687 -2.0658 -0.82187 -0.52564 -0.82027 -0.24739 2.1495 -1.205 0.93821 -1.3647 2.2885
-1.1518 1.6066 0.43096 0.72617 -0.37732 0.33851 0.35758 0.7766 -1.0358 0.71646 -0.5206 0.8752 -1.651 -1.3596 -1.2841 2.566 2.423 0.54548 1.9856 -1.2212 1.7992 -0.13155 0.16846 1.1882 0.50498 -0.37336 0.98653 -1.8867 -1.0405 -3.8119 -0.89393 -1.7665 0.17636 -1.23 2.5126 -0.98988 0.60184 -0.80702 3.0227
-1.2518 1.6159 1.0383 1.6407 0.44117 0.55987 -0.39013 0.96042 -0.97155 1.2123 -0.338 -0.802 -1.46 -0.68599 -2.4068 1.4234 -0.11856 -0.16031 1.1283 -0.77322 0.48105 1.3016 -0.51628 1.744 -0.23559 1.2469 1.6553 -1.5115 -2.1508 -4.2113 -0.55926 -2.2799 1.219 -1.5428 1.8941 -0.97376 -0.24744 -0.72436 3.1465
-1.3784 1.3733 2.1578 1.5524 -0.2409 -0.036973 -0.14789 0.32886 -0.48785 0.88916 -0.40729 0.50261 -1.5608 0.21481 -2.2503 0.071274 -1.9601 -0.31966 -0.001899 -0.15881 -0.1268 1.8027 -0.34951 1.108 -0.2568 2.1594 1.9967 -0.71672 -2.8326 -3.5196 -0.58652 -1.6844 2.0263 -1.4488 0.9887 -1.0938 -1.1648 0.094845 2.2933
-1.6507 0.64831 2.3821 1.0097 1.0671 -0.072824 -0.57512 0.65547 -0.99788 1.2814 0.91252 -0.0579 -0.92275 0.99879 -2.5633 -0.92985 -2.5533 -0.28275 -0.80089 0.95347 -0.45959 1.6019 -1.2568 0.237 -0.12873 2.8142 1.6659 0.077751 -2.7076 -1.4671 -0.020212 -0.33245 1.8832 -0.77221 0.050538 -0.57191 -1.891 0.56144 0.95611
-1.3243 -0.61571 0.91449 -0.084524 -0.68936 0.1981 0.29231 -0.26079 0.76475 -0.71566 0.63783 0.40521 -0.097122 1.7488 -2.4557 -1.9659 -3.0257 -0.46877 -0.35923 1.6419 -0.70034 1.652 -1.7043 -0.3745 0.64466 2.8835 0.88025 0.55228 -1.9101 0.28872 0.04472 0.9669 1.256 -0.72572 -0.56994 0.1908 -2.0086 0.6695 -0.40699
-0.34481 0.17401 0.34742 -0.39962 -0.086881 -0.064872 0.87362 0.9463 0.67361 0.16387 0.12638 0.45026 -0.10864 1.8446 -2.1684 -3.0146 -2.3556 -0.13733 0.67422 1.7922 -0.79895 1.4798 -1.0311 -1.2449 0.39273 2.5701 -0.11997 1.1942 -0.48213 1.4813 0.58297 1.4715 0.19304 -0.78279 -1.1369 1.5936 -1.4507 0.34314 -1.5339
0.15529 -0.20761 -0.45549 -1.0382 -0.32622 -0.87285 1.0778 -0.044498 0.33959 -0.72728 -0.67806 -0.15513 0.50112 1.5384 -1.4844 -2.7348 -1.4958 -0.32655 1.2004 1.7446 -1.4275 0.75575 -0.11903 -2.11 0.7667 1.5659 -1.1164 0.96978 0.926 2.18 0.63565 1.0952 -0.53405 -0.90489 -1.5063 1.8351 -0.57759 -0.13126 -1.8563
0.66913 -0.46625 -0.27571 -0.51727 0.11222 0.41911 1.2451 -0.44524 0.90008 -0.97626 -0.57389 0.66813 0.52215 0.87572 -0.96607 -1.5144 -0.49116 0.68511 1.3583 1.2879 -1.6847 -0.1644 1.1182 -1.7682 0.47482 0.77275 -1.4849 0.74797 1.8069 2.0715 0.31241 0.32928 -0.7208 -0.49035 -1.4234 1.304 0.60648 -0.33491 -1.7455
0.14558 -0.92864 -1.345 -0.4955 0.074462 1.2954 1.5798 -0.78438 1.0572 0.20523 -1.3343 0.9409 0.51015 0.03777 -1.3653 -0.84559 0.19546 0.25422 1.4926 0.95481 -2.0993 -0.46123 0.87476 -1.2858 0.36743 0.5141 -1.2257 0.5026 1.676 1.3939 -0.081657 -0.72344 -0.52494 0.5484 -1.0449 0.32467 1.6678 -1.0217 -1.0934
0.0035449 -0.92143 -1.1025 -0.81485 -0.034249 1.3552 1.561 -1.6918 0.090042 0.81357 -1.5638 0.93885 0.43152 -0.3281 -0.92327 -0.31248 0.74604 0.12208 1.2055 0.90754 -1.4453 -0.68523 1.0566 -0.52466 -0.030511 0.023173 -0.48114 0.5141 0.95078 0.66556 -0.83494 -1.6897 -0.27888 1.6888 -0.33893 -0.90984 2.2707 -0.90254 -0.59698
0.13862 -0.94176 -0.69703 -0.67057 0.35698 1.1549 1.9717 -1.9825 0.6078 0.96362 -1.3821 0.60134 0.51056 -0.27111 -0.62913 0.047054 0.54666 -0.20771 -0.13012 1.0122 -0.37553 -1.0188 0.52459 0.46685 -0.90757 0.016317 0.43837 0.81223 0.2739 0.20891 -0.79992 -2.1165 -0.51234 2.5454 0.23866 -1.4067 2.2382 -0.6021 -0.45275
-0.038694 -1.0169 -0.81698 -0.23248 -0.019974 1.1573 1.8843 -1.987 -0.079142 0.3405 -1.5097 0.54447 0.56043 0.088788 -0.43741 -0.040321 0.61172 -0.60853 -1.1503 0.78496 0.98977 -0.54279 -0.57935 1.7281 -0.58834 -0.028455 0.93023 0.91048 -0.23222 -0.018595 -0.826 -1.6192 -1.2246 2.229 0.41985 -1.3914 1.5546 -0.097253 -0.40574
-0.0041876 -1.0754 -0.89647 -0.05883 -0.086094 1.0127 2.1488 -1.8167 -0.10712 0.43315 -1.0062 -0.005995 0.50255 0.7034 -0.19156 -0.42617 0.67426 -0.84176 -1.4945 0.11644 1.9958 -0.062429 -1.1801 1.8971 -0.48386 -0.25615 0.80217 1.0939 -0.45725 -0.30535 -0.62076 -0.60624 -2.1024 0.78801 0.31283 -0.61849 0.10512 0.24031 -0.6359
0.25949 -1.1814 -0.5711 -0.18053 -0.1068 0.42126 2.572 -0.5004 -0.12026 0.17788 0.13299 -0.23615 0.5027 1.0298 0.44599 -0.54095 0.662 -1.0693 -1.2926 -0.84215 2.0257 -0.33979 -0.93315 1.7386 -0.41399 -0.55386 0.20891 1.3267 -0.11097 -0.73208 -0.35906 0.48633 -2.4277 -1.1825 0.083814 0.26093 -1.4978 0.32319 -0.7155
0.19425 -1.2985 -1.7004 -0.20603 -0.74047 -0.25992 2.2561 0.5332 0.44418 -0.41675 0.78446 0.8495 0.42745 0.85072 0.83714 -0.62147 -0.043067 -1.1147 -1.2338 -1.9716 0.77506 -0.50551 -0.58452 0.61783 -0.52542 -0.83963 -0.62787 1.3969 0.70193 -1.2186 0.24095 1.3226 -2.1458 -2.5317 0.015584 0.58649 -2.2067 0.43737 -0.53729
1.2261 -0.88684 -1.3179 -0.13496 -0.68598 -0.34709 1.3611 0.51987 0.090579 -0.72488 0.14534 0.1495 0.18158 0.43616 1.3623 -0.16326 -0.40424 -1.1363 -0.29229 -2.5611 -0.81734 -0.15341 -0.39264 -0.59685 0.059117 -0.99556 -1.2502 1.054 1.4177 -1.4664 1.2815 1.6551 -1.2121 -2.4829 0.13835 0.31294 -1.7424 0.31025 -0.10854
1.219 -0.35726 -1.116 0.30261 -0.7848 0.081566 0.79666 0.012957 -0.3133 -0.025323 0.31322 -0.17554 0.088755 -0.23083 1.7866 0.80359 -1.0908 -0.38768 0.64952 -2.9003 -1.7979 -0.12093 -0.31041 -1.28 0.12306 -0.98027 -1.5142 0.20052 1.2266 -1.2357 1.8834 1.2151 0.4135 -1.1437 0.1209 -0.030303 0.33777 0.13119 0.51867
0.46733 -0.47253 -1.5959 -0.52123 -1.243 -0.35262 -0.30989 -1.8529 -0.93605 -0.28663 -1.1587 -0.43195 -0.11584 -0.88914 1.8096 1.6085 -1.5827 0.86911 1.0681 -2.5526 -1.802 -0.2578 -0.48098 -0.75325 -0.13612 -0.67336 -0.95102 -1.0031 0.34113 -0.64432 1.8629 0.11834 1.5472 0.6906 -0.26482 -0.19258 1.8957 -0.53173 1.062
0.35847 -0.036237 -0.7097 -0.55722 -1.233 0.84891 0.0074886 -2.5571 0.40233 -0.20923 -1.0951 0.58534 -0.22769 -1.4677 0.96334 0.96919 -1.7845 1.2728 0.51722 -1.1884 -1.0696 -0.21311 -0.64217 1.3052 -0.16568 -0.085873 0.085796 -1.8259 -0.72867 0.46912 1.0414 -0.93104 2.1439 2.0697 -0.61926 0.19951 2.3611 -0.65553 1.3432
-0.042831 0.23356 0.40064 -1.3686 -0.22376 0.93941 -0.52493 -1.6258 0.021731 -0.75154 -0.60347 0.37105 -0.19764 -0.81448 0.024548 0.44502 -1.2654 1.3865 0.033637 -0.56359 0.28503 -0.61986 -0.6553 1.7529 -0.7931 0.42896 0.96399 -2.0014 -1.375 1.3605 -0.10322 -1.4923 1.9254 2.1935 -0.69792 0.88097 1.436 -0.22919 1.2184
-0.39051 0.27292 0.090711 -1.3607 0.63237 0.69165 -0.75725 -1.1652 -0.22427 -1.349 0.34443 0.20657 -0.064099 -0.09019 -0.50509 -0.080827 -0.34385 1.2215 -0.65114 0.045967 1.4849 -1.1441 0.13761 2.0156 -0.78009 0.83566 1.2266 -1.4467 -1.1068 1.7687 -0.9716 -1.0801 1.3691 1.2293 -0.28983 1.279 -0.0025156 0.43672 0.85619
-0.36606 -0.25173 -0.93303 -1.2997 0.25569 -0.18482 0.36417 -1.1418 -0.68295 -1.045 2.4995 -0.66914 0.20055 0.33396 -0.94652 -0.6359 0.2946 0.69311 -1.2769 0.37282 1.5038 -1.15 0.86197 1.639 -0.25106 1.0132 0.69001 -0.73235 -0.45179 1.2326 -1.1878 -0.4573 0.94777 -0.13378 0.3681 1.0151 -0.67254 0.97062 0.46163
0.4509 -0.5758 -0.96808 -0.71452 0.016109 0.086557 -0.38979 -0.3111 -1.4042 -0.52556 0.8177 -1.3467 0.36126 0.38838 -1.074 -0.71904 0.80807 -0.15223 -0.94051 0.87239 0.90451 -0.50937 1.1333 1.3089 0.40554 1.1313 0.11035 0.0263 0.37611 0.43809 -0.5632 0.40768 0.14744 -0.93081 0.85214 0.055043 -1.0029 0.99506 0.092346
0.33939 -0.62957 -1.1238 -0.90778 -0.097649 -0.72954 -0.24794 -0.25332 -1.5766 0.33933 0.4613 -0.22868 0.40879 0.31715 -0.96807 -0.1437 0.51355 -0.089289 -0.70161 0.78429 0.3323 -0.21461 0.84968 0.74843 0.47007 1.0955 -0.2713 0.50775 0.8734 -0.056466 0.40277 1.0329 -0.38615 -1.0023 1.0488 -0.86417 -0.33046 0.70399 -0.139
0.46854 -0.44838 -0.54219 -0.6231 0.11714 -0.30683 0.37583 -0.45687 -0.22929 0.66206 1.2407 1.0489 0.49975 0.14467 -0.4483 0.43468 0.39336 0.57936 -0.10615 0.14288 0.17499 0.055398 0.21376 0.4598 0.76174 0.95848 -0.13768 0.52814 0.88597 -0.03949 1.0686 1.1891 -1.1171 -0.66415 0.86995 -1.4684 -0.0036975 0.082681 -0.29609
-0.10021 -0.60109 -0.47388 -0.79017 0.011677 -0.032885 0.48882 -0.41498 -0.60811 -0.097844 2.0455 0.42185 0.77927 -0.071244 -0.37372 0.55161 0.40983 1.0405 0.37652 0.067861 -0.17533 0.61865 -0.4589 1.3717 0.92058 0.85614 0.071629 0.35805 0.44824 0.3386 0.63261 0.96189 -1.3875 -0.14139 0.82495 -1.3785 -0.40648 -0.40797 -0.41402
0.039243 -0.83602 -0.62177 -0.95693 0.64384 -0.63601 0.31265 -0.88304 -1.0634 -0.52967 1.9926 -0.44085 0.88107 0.31932 -0.44998 0.72303 0.80003 1.1999 0.90021 -0.77104 -0.18437 0.77602 -1.2095 0.94166 0.35031 0.73085 0.33578 0.24263 0.16768 0.49803 -0.36404 0.54897 -1.1472 0.28907 0.86748 -0.58333 -1.3321 -0.26288 -0.58789
0.33457 -0.69012 -0.54356 -0.57751 0.83378 -0.14123 -0.083664 -0.33518 -1.142 -0.4157 2.1182 -0.072512 0.93515 0.37983 -0.34264 0.61918 0.96804 0.72915 0.72511 -1.2532 0.25329 1.0393 -1.2548 -0.33231 -0.085806 0.48147 0.30169 0.40562 0.050901 0.17785 -1.4055 0.13212 -0.70188 0.41576 0.74333 0.14435 -2.1983 0.19995 -0.74108
0.45975 -0.90858 -0.26874 -0.19972 1.0461 0.53164 -0.34579 -0.51505 -0.30561 -0.58887 2.1507 0.75664 0.95904 0.59067 -0.040547 0.74222 1.0747 0.061806 0.83192 -1.2531 0.59461 1.5423 -0.60353 -1.3302 0.77881 0.11174 -0.030579 0.35299 -0.096246 -0.57747 -1.8784 -0.35037 0.2924 0.12039 0.55189 0.68427 -1.8246 0.81356 -0.77992
0.81737 -0.89771 0.10321 -0.071767 1.1099 0.48796 -0.93741 -0.66165 0.047298 -1.2967 1.6895 0.78811 0.96868 0.39731 0.12912 0.64785 0.62517 -0.94664 0.69772 -0.93616 0.3318 1.6904 -0.51205 -1.8207 1.099 -0.1382 -0.034263 0.14266 -0.16941 -1.2124 -1.6254 -0.59706 0.98029 -0.1288 -0.22744 0.91542 -0.96972 0.90447 -0.68385
0.4506 -0.68713 0.14372 0.078176 0.5417 0.35844 -0.67393 0.12892 0.9527 -1.1923 0.82826 0.25694 0.95157 0.25878 -0.070084 0.51781 -0.10966 -1.3734 0.24569 -0.36275 0.060513 1.5318 -0.244 -1.915 1.3157 -0.33162 0.13828 0.093832 -0.44337 -1.2923 -0.99606 -0.72587 1.1691 -0.14335 -1.1175 0.94921 -0.11752 0.19329 -0.62691
0.60589 -0.68674 0.22282 -0.061614 0.1302 0.70271 -0.78872 0.31543 0.43316 -0.63697 0.44352 1.1187 0.85968 0.4867 -0.078936 0.39296 -0.72622 -1.5069 -0.13842 0.12193 0.28776 0.60496 0.36763 -1.9764 1.3762 -0.49995 0.2152 0.64296 -0.78752 -1.1285 0.013244 -0.76789 0.59746 -0.35106 -1.4702 1.0637 0.46683 -0.53251 -0.87283
0.62913 -0.74016 -0.02726 -0.45774 -0.31177 0.20785 -0.76337 -0.8144 0.51694 -1.2591 0.083185 0.97211 0.75778 0.82756 0.22727 -0.021189 -0.68775 -1.474 -0.16168 0.38222 0.35387 -0.09163 0.82685 -1.5296 1.0203 -0.81019 -0.074623 1.4613 -1.141 -0.76429 0.61198 -0.73946 -0.2101 -0.49999 -0.9383 0.87462 1.0434 -1.0521 -1.0967
0.79225 -0.96793 0.25088 -0.53799 -0.26151 0.47758 -0.4892 -0.34214 0.94381 -0.69114 0.26344 2.1145 0.68606 0.54638 1.1019 -0.66748 -1.2129 -0.88744 -0.59345 -0.18593 -0.50834 -0.36284 1.0533 -1.1529 0.24865 -1.4349 -0.51661 1.9024 -1.3718 -0.4315 0.79609 -0.55105 -0.87356 -0.67105 -0.0067158 0.66987 1.5479 -1.2975 -1.1381
1.3574 -0.95117 0.44735 -0.73284 -0.31208 0.32045 -0.38606 0.20636 0.32749 -0.15901 -0.41709 2.1866 0.58052 0.090196 1.8882 -1.2495 -1.3021 -0.5917 -0.96537 -0.55771 -0.54373 0.1888 1.1332 -0.34357 -0.10528 -1.7944 -0.72107 1.837 -1.2799 -0.08309 0.80266 -0.42308 -1.0858 -0.50366 0.33024 0.17866 1.6237 -1.2936 -0.8222
1.7496 -0.32441 -0.13968 -0.33913 -0.69051 0.27503 -0.53692 0.27159 0.1188 -0.1699 -0.32572 1.0648 0.2518 -0.156 2.4085 -1.7558 -1.2231 -0.52377 -0.80211 -0.96602 -0.62045 0.45591 1.5223 0.3959 -0.51171 -2.011 -0.51383 1.1458 -0.71567 0.74191 0.46354 -0.075549 -0.34952 0.0404 -0.11282 -0.32459 1.7797 -0.62909 -0.25687
0.50106 0.61808 -1.0347 -1.3729 -0.40197 -0.5423 -1.287 -1.3166 0.55952 0.4137 -0.6713 0.35737 -0.39265 -0.23632 2.7779 -2.0547 -0.8253 -0.21963 -0.86952 -1.1723 -0.59998 0.14774 0.91126 0.80881 -1.0427 -1.9689 -0.25951 -0.032864 0.56398 1.6032 0.26157 0.156 0.23274 0.64865 -1.0994 -0.69629 1.3183 -0.011605 0.27621
0.54657 0.72413 -1.3456 -1.3749 -0.64869 -0.59729 -1.4052 -0.76684 1.0122 0.52968 0.52407 1.6938 -0.48983 -0.29626 2.6556 -1.7048 -0.027854 -0.25044 -0.76548 -0.48157 -0.36194 -0.55822 0.47002 1.6876 -0.46408 -1.7987 -0.2668 -1.5887 1.6079 1.8762 0.22686 0.18237 0.93319 1.5143 -1.4748 -1.1995 0.92562 0.59201 1.027
0.77717 0.83722 -1.8033 -1.429 -0.88882 -0.33987 -1.561 -1.4052 1.2098 1.0274 0.80103 0.92675 -0.66788 -0.34346 1.7075 -0.13457 1.1586 -0.27048 -0.64935 -0.34184 0.70656 -1.4454 0.21668 1.5288 -0.1381 -1.4127 -0.38533 -2.8004 1.7325 1.0953 0.11881 0.22954 1.3303 1.4775 -1.0604 -1.2836 0.020224 -0.030923 1.7719
1.1237 1.2141 -1.7501 -0.89476 -0.23276 -0.47367 -1.4925 -0.25809 0.3159 0.26364 0.77102 0.82801 -0.71535 -0.62061 0.17307 0.52955 1.3615 -0.10322 -0.52565 0.35325 1.9008 -1.6214 -0.58617 1.7896 0.1731 -0.47895 -0.2879 -3.3037 1.1293 -0.18303 0.036567 0.2977 1.2392 0.8445 -0.094241 -1.3426 -0.94599 -0.80751 2.327
1.1105 1.5099 -1.46 -0.35427 -0.84978 -0.72892 -0.50363 -0.22284 -1.0402 0.3786 1.6582 1.3071 -0.9496 -0.82635 -0.86467 0.32477 0.57433 -0.093471 -0.50949 0.86841 1.3668 -1.3859 -1.1857 0.74874 -1.407 0.49333 -0.095278 -2.9326 0.028589 -1.4979 -0.24787 0.46396 1.0815 -0.42235 1.2039 -0.98213 -1.2276 -1.0059 2.3507
0.48762 1.2062 0.031731 0.53046 -0.95992 -0.89821 -1.6272 0.9158 -1.2076 0.42926 1.03 0.47494 -1.0824 -0.61465 -1.82 0.34597 -0.068099 -0.28787 -0.22053 1.2055 1.0936 -0.76762 -1.5727 0.1874 -1.3499 1.3481 0.5221 -1.586 -0.46099 -1.5993 -0.33502 0.69132 0.43246 -1.2566 2.0086 -0.23597 -1.4465 -0.59283 1.6415
-0.7695 0.3033 -1.0496 -0.99857 -0.34899 -1.2292 -0.85085 1.3425 -0.15415 -0.54036 2.1996 1.3729 -0.50875 -0.52596 -2.4104 0.01806 -0.95491 -0.64135 0.14214 1.2368 0.26891 0.48147 -1.3082 -0.10863 -1.2735 1.8152 1.0636 0.45926 -0.34694 -0.64857 -0.23115 0.74583 -0.16124 -1.4304 1.9355 0.43059 -1.0348 1.042 0.12191
0.19349 -0.078013 -1.8143 -1.2749 -0.89091 -0.84883 -0.27571 0.0081829 -0.087967 -1.0053 0.99244 -1.0757 0.14546 0.26859 -1.82 -0.24347 -0.8947 -0.45004 0.54275 0.9911 -0.12147 1.3691 -1.0408 -0.64635 -1.0062 1.7526 1.2138 2.5754 0.16231 0.87554 -0.11756 0.42266 -0.87148 -1.4613 0.77634 1.2427 -1.0669 1.3944 -1.6741
0.83673 -0.3409 -1.2293 -1.0297 -1.0762 -0.3501 -0.098199 0.29141 -0.21472 -1.1766 0.8778 -0.31026 0.30646 0.84063 -0.06357 -0.076919 -0.22847 -0.44535 0.61102 0.71576 -0.9573 1.3274 -0.62556 -0.89757 0.41275 0.50716 0.61792 3.4431 0.56765 1.7031 0.086795 -0.20672 -1.4275 -0.81911 -0.50425 1.6569 -0.72092 1.7961 -2.8315
0.38835 -0.35735 -1.245 -1.1966 -1.1723 -0.46839 0.00070619 0.28006 0.25443 -1.0093 1.1379 0.079958 0.32122 1.1071 1.4983 0.72394 1.2458 -0.61346 0.40734 -0.088131 -1.2889 0.32877 0.54709 -1.5437 0.46761 -0.94505 -0.40485 2.6721 0.32853 1.2825 0.16025 -0.72778 -1.7792 -0.38718 -0.9354 1.6661 -0.31911 0.97392 -2.6942
1.1603 0.32533 -1.0034 -0.45921 -1.2041 -0.25947 -0.063296 0.26947 0.47362 -0.664 0.82428 0.28214 0.047269 0.28335 1.9355 0.68219 1.2228 -0.41776 -0.17395 -0.79102 -0.81138 0.021816 1.1929 -1.112 1.413 -1.8216 -0.89877 0.59716 -0.15662 0.32974 0.50974 -0.49008 -1.5178 0.28137 -0.73329 1.1425 0.19317 -0.33546 -1.1865
0.76029 1.1982 -0.32612 -0.15646 -1.0263 -0.49045 -0.9582 -0.58341 0.65259 -0.80881 0.21154 1.5894 -0.87529 -0.24351 1.8409 0.042642 0.82916 -0.18914 -0.48022 -1.4637 -0.96279 0.20061 1.3635 -1.2089 0.35593 -1.827 -1.0574 -1.4536 -0.64161 -1.0055 0.91473 0.10435 -0.79609 0.64421 -0.56444 -0.0095499 0.95507 -1.0896 0.65397
0.88378 1.2384 -0.72927 -0.099296 -1.2356 -0.71118 -0.55281 -1.1105 -0.2916 0.35454 -0.19456 0.27255 -0.93374 -0.24997 0.80675 -0.048905 0.62084 0.24906 0.10996 -1.3284 -0.5024 -0.035329 1.2257 -0.73731 -0.15534 -1.1404 -0.86052 -2.4543 -0.20029 -1.1286 1.2859 0.71852 0.11881 0.94205 -0.85584 -1.1359 1.2735 -1.769 1.8959
0.58572 0.94475 -1.1457 -0.44004 -1.516 -0.93778 -1.05 -0.57172 -0.13923 0.49102 -0.084105 0.65317 -0.92435 -0.70525 -0.47226 -0.20111 -0.34691 0.69191 0.49747 -1.2362 -0.073055 -0.73992 0.47069 0.080027 -0.80402 -0.13251 -1.0192 -2.3471 0.97557 -0.79315 1.6398 0.94418 0.88067 1.0731 -1.2161 -2.0203 1.8268 -0.28979 1.9637
0.32707 0.95405 -1.2965 -0.42277 -1.1259 -0.81594 -1.8294 -0.81676 0.65656 0.43386 -0.25497 -0.021674 -0.83837 -1.1762 -1.1882 0.40338 -0.31645 1.4517 0.78527 -0.6543 0.73169 -1.1739 -0.68829 0.6747 -1.3528 0.67176 -1.0511 -1.1498 1.6605 -0.12586 1.2728 0.43096 1.1355 0.45914 -1.0204 -1.9913 1.3997 0.55034 1.1485
0.5193 0.3886 -0.86032 -0.19693 -0.59648 0.26374 -1.1451 -0.1211 0.3232 0.47961 0.57805 0.31745 -0.5098 -1.784 -1.2549 1.7869 -0.19274 2.1593 1.077 -0.16191 0.67987 -1.5992 -1.7878 1.5935 0.41746 0.72683 -0.51808 0.14726 1.5158 0.54857 0.42312 -0.22991 1.0819 -0.26179 -0.41878 -0.98248 0.51484 0.79394 0.068775
0.14425 0.32536 -0.83195 -0.79732 -0.3005 0.23413 -1.7028 -0.31186 -0.97115 -0.51675 0.79795 -0.2475 -0.39711 -1.7772 -0.80712 2.3087 0.31991 1.8015 0.69894 0.23761 0.10771 -1.5927 -1.6949 1.1828 0.29192 0.45414 0.12297 0.70445 0.2203 0.29956 -0.80274 -0.99987 0.66417 -0.99249 0.51478 0.24336 -0.40132 0.1552 -0.45929
-0.99662 0.39774 0.42461 -0.20092 0.5778 -0.0031069 -1.3133 0.33227 -1.1821 -1.6807 0.67352 -0.44168 -0.52759 -1.419 -0.40583 1.9059 0.39132 1.267 0.11091 0.32336 -0.26941 -1.3435 -1.0449 0.77995 -0.10587 0.098766 1.1151 0.32305 -1.1004 0.038917 -1.6542 -1.1718 0.51683 -0.78067 1.6574 1.3217 -1.0851 -0.76986 -0.028468
-1.4468 0.12861 1.481 -0.38337 0.84507 0.39788 -0.69615 -0.39737 -1.9572 -1.6989 2.0652 1.859 -0.43235 -1.1073 -0.38402 0.79129 -0.024756 0.43145 -0.68586 0.34737 -0.81721 -0.29284 -0.61062 0.2517 -0.78344 0.17821 1.9824 -0.5647 -1.8854 -0.42324 -1.8097 -0.78413 0.18335 -0.25613 2.139 1.4317 -0.78563 -0.75347 0.81735
-1.1596 0.40846 0.97991 0.028415 -0.08551 -0.30693 -1.3147 -0.77927 -0.78654 -0.98559 0.66123 0.20172 -0.61943 0.09122 -0.90293 0.3299 0.068531 -0.16151 -0.52524 0.75901 -0.44199 0.98966 0.29026 -0.10203 -0.49359 0.816 2.2567 -1.1694 -1.8219 -0.35251 -1.544 -0.23377 -0.1094 0.28599 1.9153 0.77323 -0.5231 -0.58541 1.4764
-0.76452 0.46096 0.34434 -0.11411 0.36782 -0.2762 -1.4645 -0.9574 -0.71553 -0.41771 0.81447 -0.83239 -0.63128 1.3902 -1.5433 -0.70193 -0.30705 -0.77122 -0.51 0.38788 -0.30262 1.4194 0.47918 0.045763 -0.93183 1.5364 1.7785 -1.1758 -0.94781 -0.00028328 -0.76077 0.4759 -0.23317 0.62319 0.77406 -0.18669 0.088457 0.5068 1.5298
-0.95953 -0.22155 -0.31354 -0.73492 -0.042404 -0.6218 -0.67341 -1.1354 -0.5183 -1.1079 1.1 -0.94475 -0.1008 1.7962 -1.8655 -1.0181 -0.12164 -0.93837 -0.41439 0.13772 0.10083 1.5425 -0.073824 -0.18395 -1.1302 2.0213 0.59316 -0.48726 0.035774 0.30697 -0.097917 0.53357 -0.36813 0.28211 -0.1023 -1.0713 0.32259 1.0795 0.85736
0.068509 -0.58458 0.6765 -0.40196 0.030265 -0.14512 -0.51012 -0.13499 -0.045855 -0.68058 0.77742 0.082898 0.40992 1.5601 -1.9531 -0.44274 0.084859 -0.57062 0.22641 0.26708 0.23813 0.94561 -0.84525 0.41647 0.51018 2.2713 -0.45398 0.56399 0.78722 0.64265 0.43393 0.47516 -0.32623 -0.033256 -0.51921 -0.94013 0.20853 1.4922 -0.21202
0.61236 -0.98749 0.064662 -0.34924 -0.1843 -0.52308 -0.94877 -0.40506 0.013753 -1.2679 1.5176 -0.58731 0.67026 1.186 -1.5477 0.27563 0.47035 -0.45388 0.18844 0.18254 -0.092878 1.0312 -1.2453 0.29228 0.84806 1.9599 -1.0728 1.3474 0.66945 0.24809 0.57753 0.17277 -0.25126 -0.3457 -0.80205 -0.23877 0.10121 1.1267 -1.1378
0.56452 -1.0951 0.050898 -0.18212 -0.5551 -0.30374 -1.0014 -0.71295 0.068342 -1.5599 1.1955 0.0015572 0.90345 0.80761 -0.71845 0.24178 0.63196 -0.24395 0.15484 -0.19504 -0.24023 0.66611 -0.86867 0.16523 0.9254 1.195 -1.2565 1.6624 0.40005 -0.21827 0.47922 -0.024601 -0.15463 -0.21141 -0.80563 0.53206 -0.40906 0.12948 -1.5989
0.44451 -0.91914 0.21559 0.09797 -0.36869 0.11578 -1.0445 -0.67508 0.21553 -1.9645 1.1145 0.47915 0.95786 0.063033 -0.13279 -0.0072758 0.09082 -0.072575 -0.011055 -0.055114 -0.34233 0.1213 -0.58365 0.090312 0.81453 0.55675 -1.0511 1.281 0.21726 -0.63468 0.39321 0.042901 -0.021495 0.16961 -0.82209 1.15 -0.3974 -0.28381 -1.476
0.4254 -0.98039 0.73423 -0.031243 0.035583 -0.35123 -0.71672 -1.2905 0.61408 -2.2064 1.2725 -0.17771 0.96388 -0.3506 0.23894 0.5086 -0.12464 0.090129 0.30293 0.13811 -0.041026 -0.16739 -0.14569 -0.32738 0.78582 0.15818 -0.69765 0.50993 0.2508 -0.72564 -0.066656 0.059946 0.01089 0.32006 -0.42006 1.3141 -0.26368 -0.50816 -1.0377
0.41887 -0.9451 0.067306 -0.18554 -0.36814 -0.39852 -0.83949 -0.81869 0.17068 -1.7025 1.2664 0.59323 0.93644 -0.3016 0.20786 0.58352 -0.34107 0.074965 0.22481 0.010772 0.19371 -0.15213 0.66769 -0.28356 0.39201 -0.11986 -0.17501 0.10026 0.14005 -0.16519 -0.56809 0.27091 -0.21122 0.41037 -0.015587 1.4069 -0.12383 -0.23423 -0.71386
0.36582 -0.83036 0.44233 -0.39997 -0.13283 -0.23433 -0.76439 -0.43535 -0.12213 -1.4072 1.1369 0.87051 0.91117 -0.37891 0.00069309 0.45531 -0.5145 -0.45328 0.18107 -0.17416 0.18991 -0.012679 1.1106 -0.20963 0.18483 -0.2931 0.094214 -0.14228 -0.051592 0.21314 -0.78543 0.11361 -0.29577 -0.013954 0.36524 0.93137 0.1494 -0.18763 -0.55375
0.076228 -0.83612 0.83087 -0.26032 -0.27479 0.18732 -0.91753 -0.64687 -0.15651 -1.7482 0.91845 0.25719 0.86931 -0.25976 0.16133 0.30498 -0.012756 -0.84301 0.61172 -0.2499 0.42765 0.017796 1.58 -0.25807 0.68331 -0.47356 0.12156 -0.26517 -0.11167 0.31423 -0.8693 -0.063654 -0.27534 -0.52062 0.41156 0.17838 0.035875 -0.014558 -0.44965
0.24742 -0.92293 0.85842 -0.28481 -0.39645 0.043754 -1.0393 -0.6041 0.27719 -0.51469 0.86832 0.53432 0.82706 -0.17693 0.014204 0.54702 0.13087 -0.88597 0.35988 -0.23655 -0.15243 0.4647 1.2325 -0.097668 0.29694 -0.63892 0.18206 -0.14869 -0.14688 0.26284 -0.44737 -0.25854 -0.12741 -0.68973 0.12731 -0.2465 -0.052594 0.22354 -0.39296
-0.054459 -0.99406 0.75453 -0.42383 -0.85562 0.0067397 -1.1019 -0.78562 0.51697 -0.67 1.1394 0.46788 0.70035 -0.15401 -0.26122 0.31567 -0.052199 -1.2954 0.034848 -0.42581 -0.68018 0.41664 0.92506 -0.31811 0.32134 -0.73755 0.15114 0.12532 -0.13293 -0.13454 0.23322 -0.36638 -0.24507 -0.57616 -0.49134 -0.79494 -0.18579 0.27701 -0.35641
0.27877 -0.70178 0.72737 0.10055 -0.96602 0.46833 -0.88353 -0.32804 0.27304 0.22286 0.99276 1.2903 0.551 -0.063758 -0.047209 0.15697 0.019229 -1.051 -0.016895 -0.28441 -0.65191 0.040621 0.90097 -0.33042 0.80328 -0.85186 0.11519 0.59875 -0.29987 -0.36207 0.79091 -0.12107 -0.52057 -0.17856 -1.1548 -1.0249 -0.33865 0.43835 -0.31387
0.17883 -0.96035 0.95364 -0.24527 -1.1075 -0.11139 -1.1082 -1.1941 0.51442 -0.47979 1.1442 0.80166 0.42638 -0.0093514 0.41075 0.23515 -0.19727 -0.35389 0.10018 -0.63859 -0.48285 -0.72477 0.10445 -0.55183 0.96914 -0.99349 0.078959 0.94105 -0.14399 -0.21484 1.2958 0.020605 -0.61346 0.18736 -1.2483 -0.9221 -0.29602 0.28353 -0.27264
-0.010379 -1.1728 1.0145 -0.58429 -1.5808 -0.10994 -1.4358 -1.6758 0.17667 -0.49015 0.37522 0.85915 0.36782 -0.013237 0.7226 -0.014194 -0.46885 0.058184 0.11298 -1.0448 -0.58687 -1.214 -0.46141 -0.68856 0.81838 -1.0624 -0.042194 0.94319 -0.13771 0.18533 1.1288 0.12725 -0.44212 0.51869 -0.9835 -0.41012 -0.28139 0.099907 -0.16838
0.047332 -0.74533 0.96857 -0.062516 -1.1736 0.29587 -1.1459 -1.2472 -0.02441 0.12878 0.65213 1.4235 0.19222 -0.01479 0.99524 0.11409 -0.20092 0.47769 0.036181 -1.1295 -0.2897 -1.388 -0.29102 -0.76379 0.86517 -1.1111 -0.055849 0.72515 -0.045387 0.75762 0.71523 0.13761 0.13816 0.61768 -0.45009 0.40046 -0.088417 -0.16714 -0.05834
0.25805 -0.38217 1.077 -0.55347 -0.55239 0.23689 -1.9514 -0.92547 -0.65065 -0.5635 0.37866 1.8415 -0.02601 -0.13576 1.3056 -0.057009 0.38793 0.55908 0.29253 -0.81064 0.36157 -1.5429 0.23219 -0.8207 1.058 -1.0883 -0.020203 0.28836 0.010617 0.80182 0.29913 -0.016451 0.61271 0.64246 -0.21947 0.91207 -0.11842 -0.69737 0.052552
-0.022214 -0.31104 0.49865 -0.69835 -0.97311 0.24316 -2.2263 -1.6772 -0.89385 -1.3179 0.42885 1.4151 -0.1766 -0.049772 1.3841 0.16822 0.82759 0.67377 0.30833 -0.46993 0.35826 -1.4345 0.52309 -0.70632 0.545 -1.082 -0.025477 -0.031697 -0.0041832 0.61788 -0.057934 -0.11199 1.1563 0.28776 0.13553 1.0344 -0.20526 -1.1062 0.095889
0.29493 -0.064815 1.2364 0.13098 -0.54031 0.18571 -1.966 -0.90871 -1.0334 0.20273 0.039514 2.1623 -0.31671 -0.027052 1.0312 -0.01666 0.55405 0.48594 -0.03019 -0.22411 0.45586 -1.6148 0.927 -0.99627 -0.33262 -0.9831 0.046315 0.093756 -0.0012487 -0.096822 -0.12873 -0.38089 1.1532 0.090407 0.85215 0.87952 -0.44448 -1.2734 -0.052693
-0.26363 -0.094138 0.86306 0.081789 -0.86983 0.27421 -1.8265 -0.77948 -1.1904 0.060911 -0.096313 1.9004 -0.36655 -0.11086 1.0773 0.088675 0.904 0.39448 0.0012854 0.71825 0.29437 -1.0832 1.4034 -1.124 -0.5268 -0.99348 -0.031824 0.44722 -0.23899 -0.85679 -0.49701 -0.60375 0.88263 0.12668 1.3043 0.12291 -0.28602 -1.2874 -0.15437
0.088653 0.14208 1.3613 0.32044 -0.59185 0.51724 -1.8024 -1.2178 -1.5236 0.44487 -0.33095 1.4512 -0.52706 -0.0051916 1.6227 -0.016562 0.18099 0.45093 -0.2826 0.73075 0.61548 -0.051168 1.522 -1.5256 -0.81094 -1.224 -0.010207 0.71919 -0.27486 -0.97505 -0.47399 -0.54527 0.37006 0.12386 1.4976 -0.43915 0.12517 -0.90204 -0.14936
0.18865 0.21453 0.63507 -0.07247 -0.30942 0.039616 -1.766 -0.3611 -2.2752 1.0096 -0.57693 0.9173 -0.65023 -0.11495 1.8685 -0.31056 -0.59724 -0.22236 -0.73535 0.69503 0.57563 0.33333 0.43224 -1.0469 -1.6473 -1.2321 -0.10948 0.3184 -0.51933 -0.70498 -0.52134 -0.5754 -0.34384 0.002198 0.91617 -0.85182 0.28989 -0.53523 0.1111
-0.027764 0.6419 1.1225 0.30594 -0.26277 0.26395 -1.0222 -1.0653 -1.536 0.83998 -0.95088 1.447 -0.89301 -0.036578 1.8901 -0.36811 -0.53117 -0.077649 -0.71598 0.49583 0.60656 0.60383 0.48762 -0.83955 -1.4721 -1.1255 -0.19814 -0.35061 -0.51199 0.07234 -0.50619 0.031946 -0.3323 -0.4115 0.13368 -0.92917 0.88769 -0.13247 0.47456
0.032298 1.2897 0.62823 -0.47149 -0.53291 -0.27796 -1.5629 -0.37004 -0.2991 1.2315 -1.6485 0.73124 -1.2409 -0.30273 1.499 -0.77958 -0.0631 -0.29884 -0.89578 0.24312 0.33789 0.3815 0.16479 -0.9511 -1.1995 -0.8457 -0.14526 -1.0133 -0.29586 0.55704 -0.14154 0.48811 -0.21627 -0.25325 -0.55827 -0.37828 1.0306 0.57793 0.6816
-0.085451 1.3504 0.89035 -0.33101 -1.2211 -0.7845 -1.1526 0.021908 -1.0296 0.24068 -0.69393 -0.090621 -1.1651 -0.29392 1.1961 -0.81128 0.06631 -0.44106 -0.11366 0.38514 -0.084448 0.18989 -0.25584 0.10634 -1.2733 -0.58002 -0.087341 -1.4016 -0.013772 0.71041 0.24374 0.79267 0.19078 -0.19441 -1.049 -0.20439 1.4178 1.3036 0.70753
-0.16593 1.2753 0.48756 -0.090834 -0.47332 -0.13739 -1.4329 -0.2804 -1.095 1.1921 -1.0722 0.2802 -1.1634 -0.2645 0.4484 -0.68237 0.1765 -0.31159 -0.044632 0.39025 0.4305 -0.54492 0.001567 0.43834 -0.63628 -0.30302 0.094053 -1.1566 0.5828 0.8632 0.97003 0.89602 0.4339 -0.085421 -0.54542 0.38601 1.164 1.6609 0.45
-0.2404 1.2077 0.061736 0.48336 -0.64125 -0.74829 -1.5365 -0.90353 -1.7981 0.89865 -1.8765 0.18211 -1.1611 -0.21955 -0.028879 -0.44129 0.71265 0.35436 0.45333 0.8039 0.19162 -0.97592 0.11691 1.1777 0.73462 -0.14939 0.089787 -0.59579 1.0633 1.0372 1.0351 0.27975 0.38619 0.21016 0.13499 0.65031 0.44843 1.149 0.14523
-0.17117 1.4448 -0.14654 -0.19174 -0.79979 0.44715 -0.76904 -0.69913 -1.5008 0.45589 0.096685 -0.43191 -1.2297 -0.14564 0.094466 0.21382 1.2674 1.0422 0.62022 0.8584 0.05722 -0.095746 0.71476 0.73111 0.9632 -0.26712 -0.079969 -0.068365 1.1955 0.83638 0.83932 0.18853 0.56787 0.64299 1.0848 0.33692 0.12443 -0.14616 -0.12409
-0.35128 1.1861 0.62504 0.13357 -0.77818 -0.31846 -0.71695 0.39712 -1.4741 1.1628 -0.83142 0.9658 -1.2854 -0.1675 0.33409 0.88801 1.5049 0.73852 0.13326 0.88879 0.57249 0.23301 0.65602 0.78462 0.12151 -0.34083 -0.5478 0.030497 0.97308 0.39825 0.5891 -0.061578 0.59503 1.207 1.4333 -0.25037 -0.56562 -1.1351 -0.18491
-0.21272 1.3027 0.18535 0.31495 -0.073507 0.092602 -0.63144 -0.072492 -1.6429 1.135 0.36772 1.6316 -1.3288 -0.43983 0.14783 1.0668 1.3831 0.99879 0.51415 1.4166 1.6079 0.97193 0.36952 0.82873 -0.59422 -0.42452 -0.8599 -0.060306 -0.0067824 -0.22235 0.29785 0.1773 0.71454 0.87252 0.88194 -1.4821 -0.55805 -1.7138 0.011216
-0.29848 1.4647 1.3205 1.3815 0.38745 0.11776 -0.4199 -0.43834 -0.95483 1.7475 -0.54911 0.53682 -1.3518 -1.1454 -0.0022299 1.0976 1.4258 1.4261 0.40992 1.6431 1.9537 1.2916 -0.25534 -0.020756 -0.62887 -0.39502 -0.88966 -0.26683 -0.74801 -0.6342 0.19024 0.49308 0.38348 0.080261 0.58667 -2.0256 -1.0371 -1.522 0.2019
-0.43678 1.5981 1.238 1.3521 -0.09432 -0.33946 -0.62884 0.44806 -1.1974 1.8305 -0.49119 -0.40969 -1.4344 -1.3458 0.15759 0.098539 0.8999 1.2219 0.85839 1.8173 1.2104 1.1004 -1.8543 -0.0011199 -1.9026 -0.21893 -0.54651 -0.22967 -1.2071 -1.1612 -0.37043 0.075521 -0.52145 -0.86228 0.016803 -1.8893 -0.64174 -0.62737 0.39276
-0.93046 1.2096 0.94753 1.0723 0.25464 0.62444 0.80521 2.1395 -0.42381 0.6027 0.062609 -0.77774 -1.539 -1.4624 -0.13601 -0.13303 0.5577 0.95588 0.96286 1.4212 0.97217 1.318 -2.3511 -0.86802 -2.1013 -0.08669 0.042607 -0.13047 -0.80696 -1.2673 -0.85722 -0.065576 -1.2568 -1.5105 0.33978 -0.58641 0.13374 0.094767 0.44021
-1.923 1.3265 1.387 0.93275 1.0087 0.75472 1.1528 2.2573 -0.021253 0.070751 -0.20947 0.25881 -1.5248 -1.3518 -0.18568 -0.74888 -0.37196 0.54914 0.41268 0.61129 0.3451 0.99582 -2.427 -0.04549 -1.0362 0.1144 0.57605 -0.08466 -0.050387 -0.60666 -1.2383 -0.68915 -1.8383 -1.7261 0.69796 1.2796 0.65773 0.86608 0.39511
-1.6002 1.4654 0.14515 1.1586 0.68326 0.73071 0.93294 0.63794 -0.75013 -1.7069 -0.60912 -1.1863 -1.37 -1.0498 -0.057983 -0.1027 -0.32882 0.19762 0.52842 -0.010079 -0.71136 2.0113 -1.1904 0.2134 -0.86907 0.21498 0.91253 0.0061254 0.17697 -0.14654 -1.4179 -0.75032 -1.8009 -1.6967 0.47136 2.0257 1.1816 0.9952 0.19118
-1.6745 1.2092 0.67516 1.4413 1.0425 1.1808 0.41519 0.73523 0.2045 -1.0034 -1.3161 -1.3151 -1.3977 -0.40626 -0.028929 -0.015035 0.20662 -0.65291 -0.26334 -0.78296 -1.4927 2.1201 0.1008 0.69034 -0.86116 0.32747 0.81785 -0.1318 0.58856 -0.076484 -1.2386 -0.41626 -0.83746 -0.83464 0.18867 2.4069 0.85166 1.4721 -0.096007
-1.8613 1.3885 0.54632 0.78405 0.4677 -0.13366 -0.058347 0.61707 0.012232 -0.78436 0.18062 -0.6281 -1.2907 -0.12492 -0.20357 -0.13991 0.005304 -1.0218 -0.1592 -1.1295 -1.5927 1.68 0.42244 1.0161 -0.28613 0.14483 0.61755 -0.23444 0.24651 -0.28604 -0.97437 -0.38501 -0.082558 -0.015188 -1.187 1.3957 0.184 1.8042 -0.21906
-1.9268 1.439 1.5564 0.92807 0.12852 1.0453 0.18641 0.38843 2.0672 0.5783 0.25401 -1.5807 -1.3738 -0.19086 -0.34261 0.45972 -0.66914 -1.0955 -0.042182 -0.32113 -0.91048 1.5339 1.5716 1.1629 1.4805 -0.018276 0.23993 -0.19526 0.052239 -0.10033 0.038069 -0.22187 0.47144 0.30256 -2.4273 0.1086 -0.90292 1.6682 -0.3045
-1.6255 1.1203 0.68143 1.5295 -0.17408 0.20896 0.3973 0.088434 1.7572 0.19501 0.86491 -1.3187 -1.256 0.070396 -0.30987 0.1602 -0.41884 -1.3578 -0.31897 -0.35746 -0.99947 -0.0078907 0.84334 0.28695 1.3988 0.0033666 0.13291 0.12036 -0.056548 0.55312 0.95316 -0.38785 0.32403 0.58464 -3.0256 -0.59298 -1.6443 0.82053 -0.21759
-2.0632 1.2058 0.47848 0.89405 0.16283 0.83923 -0.41349 -0.78495 0.7173 -0.79543 0.28705 -0.083146 -1.4286 -0.02163 -0.31618 -0.056559 0.24331 -0.43112 -0.59727 -0.27589 -1.1274 -1.7688 0.068174 -0.75145 1.4769 -0.13677 0.089189 0.40319 -0.13217 0.93115 1.6267 -0.18792 0.12288 0.88135 -2.5092 -0.778 -1.6435 -0.61976 -0.21652
-1.7883 1.0965 1.1159 0.33509 -0.36532 0.762 0.77328 -0.19313 1.093 1.2251 0.37961 0.968 -1.3861 0.061458 -0.0067162 0.0073933 0.61412 0.3543 -0.62408 -0.52764 -0.23737 -2.5691 -0.060499 -1.2765 1.2866 -0.17782 0.026314 0.52206 0.059011 1.0734 1.8209 0.077994 0.54587 1.5085 -1.0944 -0.051428 -0.48815 -1.0532 -0.22344
-1.5416 1.0648 0.96903 1.1748 -0.7138 0.034836 -0.56419 -0.55037 -0.089604 -0.052147 -0.86298 -0.28384 -1.3137 -0.0017221 0.20913 0.27279 0.59702 0.97452 -0.23622 0.021851 0.57056 -2.0781 0.41636 -1.3035 0.37286 -0.30769 0.15291 0.47619 -0.048884 0.82225 0.99569 0.32641 0.35557 1.4529 0.46657 -0.22468 0.23806 -1.6194 -0.16032
-2.1055 1.2206 0.69461 1.4001 0.38728 -0.8001 -0.16294 -1.162 -1.5387 -0.5393 -0.31815 0.48387 -1.4617 0.12098 0.33811 0.11771 1.4569 1.2165 -0.3196 0.52238 1.3141 -1.9847 0.52489 -0.43583 -0.035801 -0.30337 0.25322 0.24227 -0.24785 -0.15665 0.005494 0.61377 0.3733 0.85643 1.7327 -0.21499 0.4329 -1.3727 -0.10552
-1.6618 1.4088 1.4074 1.8405 0.69225 0.77853 -0.31783 0.60655 -0.12509 0.71184 -0.99147 -0.32833 -1.501 0.25909 0.34205 -0.2071 1.3978 0.92295 -0.077778 -0.11897 1.1441 -1.1462 -0.71767 -0.75673 -0.92362 -0.35501 0.48634 0.0095094 -0.082091 -0.93649 -1.018 0.54663 -0.33722 0.46787 1.7873 -0.47889 -0.18697 -1.0391 0.011871
-1.7905 1.2228 0.73127 1.4385 0.93508 0.31267 0.69612 0.72696 -0.57401 0.69425 -0.51972 -0.29508 -1.572 0.43959 0.34949 -0.24926 -0.068567 0.37498 0.53737 0.25702 1.2862 0.3507 0.032869 -0.7555 -0.65849 -0.33868 0.36327 -0.34611 0.21735 -1.5896 -1.4276 0.1487 -0.80943 -0.19131 1.2246 -0.67641 -0.71345 -0.64203 0.10857
-1.7877 1.4591 0.82215 2.0776 0.95661 0.27218 0.49765 1.0979 -1.7605 0.45287 0.13274 0.71748 -1.6263 0.80777 0.22017 0.29393 -0.40288 -0.46032 0.44303 -0.42601 1.5892 0.24655 -0.34259 -1.5561 -1.2757 -0.26779 0.04536 -0.48166 0.52881 -1.1696 -1.207 -0.46615 -1.0899 -0.6575 0.24504 -0.1634 -0.2471 0.23241 0.18091
-1.2285 1.2904 0.81646 1.7758 -0.037286 0.081811 -0.42121 0.5857 -0.19805 -1.0425 -1.6324 -1.1366 -1.59 0.57245 -0.20444 0.30867 -0.64519 -0.688 -0.26012 -0.76515 0.72937 -0.28689 -1.0653 -1.4736 -1.0658 -0.15442 -0.4221 -0.48044 0.20042 -0.47061 -0.68299 -1.113 -1.3245 -1.2987 -0.4603 0.12338 0.58492 0.65202 0.18162
-1.2349 1.469 0.61746 0.7757 0.16247 0.65432 -0.19455 0.94117 0.18716 0.46192 -1.7746 -0.75895 -1.6148 0.2908 -0.22088 0.58345 -0.5191 -0.74284 -0.57648 -1.56 0.093677 -0.34488 -0.53838 -0.92718 -0.26564 -0.12718 -0.95102 -0.19008 -0.24742 -0.061921 -0.13031 -0.75446 -0.14063 -1.4788 -0.58446 0.95337 1.9088 1.4716 0.12004
-1.0168 1.452 1.7618 1.4435 0.30862 0.21586 -0.61968 2.1501 -1.4353 -0.50787 -2.3818 -1.2957 -1.719 -0.12672 -0.26775 0.013307 -0.88874 -0.73365 -1.1311 -1.5557 -0.62444 -0.24763 0.33835 0.020447 0.087559 -0.087771 -0.74291 0.12129 -0.36429 0.58783 0.20152 0.09066 1.0839 -0.8808 -0.32961 0.99001 1.9813 1.524 0.078825
-1.2558 0.97733 1.3856 1.366 0.22687 0.21201 -0.5608 1.3033 -0.72858 -0.75603 -1.9118 -1.1285 -1.6033 -0.71172 -0.079533 -0.05412 -0.38359 -0.68813 -0.58977 -0.25304 -0.76584 -0.90942 0.83422 1.3648 0.9548 -0.088357 -0.25721 0.25489 -0.50008 0.77373 0.52737 0.93463 2.2009 -0.2521 0.11592 0.43394 1.2357 1.2071 0.095629
-1.6537 1.1927 1.1608 1.3012 0.064176 -0.8074 -1.2984 0.26082 -1.483 0.18737 -0.65087 0.50768 -1.7065 -0.38448 -0.063441 -0.10393 0.41799 -0.36605 -0.048506 0.59046 -0.63281 -0.64361 0.20079 1.1894 1.2307 -0.033659 0.40067 0.39776 -0.048097 0.95995 0.85245 1.5211 2.2602 0.63135 0.30944 -0.25528 -0.12522 0.64801 0.060802
-1.7419 1.3279 0.37111 0.93915 -0.35878 -1.1756 -1.5541 -0.19662 -1.0561 0.78737 -0.39284 -0.083821 -1.665 -0.079567 0.12164 -0.36313 0.31136 0.011807 0.75818 1.4116 -0.39039 0.083609 0.36324 0.84577 1.4678 0.015535 0.87154 0.20805 0.23958 0.64014 1.0429 1.4149 1.5031 1.1504 0.65271 -0.70456 -1.3672 -0.30758 0.067739
-2.053 1.363 1.0872 1.1882 -0.75627 0.50167 0.27242 0.27199 -1.0084 0.32225 -0.45553 -0.4137 -1.674 0.35685 0.32552 0.074018 0.60112 0.44258 1.232 1.7648 0.5315 -0.13597 0.019071 -0.01222 1.0745 -0.03129 0.70203 0.07795 0.3953 0.28651 0.85298 1.03 0.86099 1.1581 0.39445 -0.56769 -1.3769 -0.67663 0.04043
-1.1247 1.3252 1.2167 1.7237 0.47387 0.8319 0.60488 1.2844 -1.1623 -0.153 -1.2283 0.58861 -1.6687 0.64692 0.08898 0.34321 0.75508 0.778 1.5969 1.9328 1.072 0.11483 -0.53422 -0.74464 0.46189 0.031103 0.43707 -0.086623 0.41545 0.26637 0.52486 0.50292 0.31348 0.81894 0.07807 -0.56291 -0.9801 -0.69795 0.025791
