39 251
-0.0018946 0.83916 0.7131 0.34735 -0.71174 0.15761 0.02206 1.0362 0.45345 -0.18196 -0.97534 -0.507 -1.0605 0.2232 0.43452 -0.017193 -1.2264 0.29937 -0.31068 0.43468 -0.50801 0.30008 -0.074797 0.14102 0.60702 -0.12491 -0.058982 -0.10768 -0.12546 0.36745 -0.10779 0.13844 -0.10929 0.15935 -0.20618 0.0741 0.26766 -0.39955 0.06324
0.45391 1.0893 0.9823 -0.78606 -0.74018 -0.034889 -0.098362 1.3049 0.020503 0.28433 -0.96783 0.26359 -1.1448 0.16352 0.45527 -0.011998 -1.2725 0.23328 -0.28221 0.16028 -0.35133 0.17354 0.072206 0.43511 0.30851 -0.086609 -0.0616 -0.24631 -0.34868 0.87066 -0.080118 0.17214 -0.12962 0.2757 -0.013435 -0.030028 0.27333 -0.55579 0.093471
-0.072018 1.2901 0.37519 -0.90137 0.017548 -0.29673 0.55995 0.1776 -0.010283 0.18842 -1.0451 -0.14999 -1.1415 0.14133 0.22857 -0.24557 -0.46033 0.12942 -0.048685 0.35107 -0.2979 -0.021948 0.0031622 0.47443 -0.018367 -0.034796 0.017948 -0.48655 -0.43121 1.3546 -0.20358 0.18478 -0.33523 0.32578 -0.10476 -0.088468 0.22226 -0.72169 0.11788
0.34187 1.2789 0.80723 -1.1696 -0.65629 -0.20214 0.61186 0.44271 1.4403 -0.70615 -0.60288 0.13745 -1.2148 0.14757 0.10142 -0.54262 0.11852 0.22958 -0.099282 0.21492 -0.11812 0.42201 -0.16276 0.46484 -0.14777 -0.0095243 0.22819 -0.59752 -0.24604 1.303 -0.32499 0.28 -0.57147 0.44822 -0.18251 0.28452 -0.27296 -0.45089 0.095864
0.12377 1.2586 0.73234 -1.0542 -0.57873 -0.11216 -0.20419 0.9667 0.24514 0.23872 -0.2485 -0.49272 -1.0948 0.2621 -0.24142 -0.54452 0.75326 -0.068721 -0.034935 -0.26641 -0.040794 -0.027269 -0.1188 0.52602 -0.54327 0.03832 0.075046 -0.36947 0.079717 0.56254 -0.15357 0.11367 -0.49583 0.24879 -0.66289 0.80633 -0.57909 -0.32296 0.054606
0.23947 0.93104 0.24375 0.37643 -0.60246 0.27148 0.67316 0.72942 0.045784 -0.086237 -0.54629 -0.54272 -1.0808 0.52388 -0.35513 -0.31186 0.69488 -0.24917 0.26506 -0.67834 0.32123 -0.16658 0.6897 -0.069959 -0.29991 0.04133 -0.20418 -0.073837 0.45927 -0.068113 -0.1976 -0.057743 0.093774 -0.1032 -0.6541 0.74304 -0.82994 -0.091275 -0.006885
0.37588 1.1497 -0.04434 -0.12979 -0.19839 -0.34674 0.22059 0.88923 1.1146 -0.26293 -0.50697 -0.17333 -1.1376 0.089967 -0.1929 -0.20634 0.37639 0.086021 -0.0032501 -0.19803 -0.070384 -0.9333 1.1379 -0.28091 -0.57338 0.034428 -0.42631 0.26015 0.63206 -0.72952 -0.1089 -0.10038 0.38559 -0.22599 -0.3085 0.32113 -0.54117 0.33342 -0.0037234
0.71496 0.84579 0.31513 -0.16522 -0.74531 -0.24939 -0.42025 0.62774 -0.34786 0.16201 -0.20082 -0.57591 -1.1207 -0.1473 -0.059714 0.14658 0.19748 -0.2073 -0.22403 0.36702 -0.28083 -0.31484 0.64804 -0.59976 -0.32955 -0.017025 -0.71265 0.31054 0.65084 -0.49698 -0.55522 0.071869 0.47373 -0.36333 0.064648 -0.48048 -0.053952 -0.00050988 0.028022
0.63599 0.94733 0.30983 -0.35762 -0.50621 0.41583 -0.26498 0.72379 0.54629 1.3011 -1.3457 -0.39275 -1.113 -0.19512 0.053423 0.4049 -0.40207 -0.29459 0.017011 -0.017775 -0.13519 -0.52221 0.52902 -0.16451 0.070734 0.063403 -0.36286 0.24301 0.33522 -0.11603 -0.66836 0.30955 -0.003 0.18911 0.78487 -1.036 0.42561 0.16027 0.051578
0.028586 1.1535 0.63157 -0.63626 -0.50932 -0.39731 0.62922 0.46999 -0.41944 0.99223 -0.5525 -1.058 -1.1254 -0.65731 0.051679 0.59597 0.13522 -1.0416 0.40048 0.17955 -0.28554 -0.27094 0.078048 -0.21864 -0.64867 0.07649 0.12629 -0.18943 -0.30518 -0.055577 0.022728 0.34914 -0.65379 0.25526 0.29037 -0.93081 1.3832 0.62158 0.33831
-0.10267 1.068 0.65388 0.11839 -0.91908 -0.44719 0.75664 0.58975 0.11966 0.43294 -1.2066 -0.74514 -1.1063 -0.33018 0.16422 0.19727 0.20427 -0.67675 0.29664 -0.11201 0.27324 0.43962 -0.56259 0.2894 -0.13917 0.077195 0.54921 -0.7928 -0.86755 -0.37792 0.65113 0.21075 -1.1863 -0.16952 0.42122 -0.56508 1.9472 1.5987 0.86017
0.41285 0.98684 0.5065 -0.5363 -0.73882 0.41774 -0.052476 0.67869 -0.28281 0.35138 -0.28182 0.103 -0.98149 0.15204 -0.45252 -0.30858 -0.19063 0.0082663 0.32603 -0.89828 -0.026388 -0.28911 -0.58915 1.6342 0.91468 0.55101 0.72509 -1.1885 -1.0443 -1.0283 1.1642 0.16093 -1.6514 -0.71712 0.18479 0.035019 2.5617 2.7653 1.3045
-0.46068 1.116 0.94324 0.24278 -1.9494 0.41178 0.020577 0.28514 0.6711 0.10746 -0.93329 -1.7938 -1.0893 0.41618 -1.0786 -0.74441 -0.95499 0.30011 0.47242 -1.8589 -0.55997 0.22856 -0.21635 2.3712 2.2598 1.2845 0.44188 -1.2318 -0.94929 -0.5792 0.76437 0.10418 -1.0947 -1.6961 -0.13512 0.72703 2.0651 2.6464 1.3183
0.67769 1.102 0.33777 -0.16227 -0.93346 0.15742 -0.59485 1.3948 0.31972 -0.00076541 0.076994 -0.33041 -1.0398 0.3116 -1.3975 -0.8624 -1.274 0.4838 0.63297 -2.2594 -1.136 0.15158 -0.018841 3.2934 3.3091 1.6834 0.26953 -0.73717 -0.66289 0.18952 0.48713 0.020198 0.19895 -1.8933 -0.3435 1.2835 0.94123 1.6919 0.80516
0.63148 0.11376 -0.23628 -1.1518 0.1276 0.50335 -1.0254 0.1315 -0.70689 0.84225 1.6372 1.2051 -0.138 0.407 -1.5091 -1.2789 -0.36387 0.40249 0.35215 -1.6279 -2.1764 -0.038367 0.56061 3.1312 3.5981 1.745 0.070563 -0.078298 -0.33178 1.2206 0.14901 -0.37836 1.616 -1.655 -0.97404 1.6143 -0.37556 -0.45304 -0.035095
0.27966 -0.28336 -0.26785 -2.0411 -0.60872 0.13753 -1.7912 -0.64724 0.32943 0.41009 2.4882 2.117 0.66875 0.65403 -1.525 -1.2635 -0.091408 0.79091 0.43027 -0.61664 -2.5726 -0.78761 1.5019 2.9304 3.3909 1.6861 0.12313 0.55857 -0.1259 1.8344 -0.099218 -0.91326 2.2636 -0.45287 -0.77143 1.5922 -1.8143 -2.7298 -0.8148
0.24501 -0.3881 -0.23045 -1.2459 -0.83364 1.1616 -2.3452 -0.85382 0.42449 0.14749 3.1009 3.2694 0.64847 0.37344 -1.1595 -1.1522 0.86671 0.39113 -0.16455 0.55775 -2.7733 -1.0664 2.1397 1.8913 1.344 1.226 0.16037 0.89327 0.1253 1.6063 0.16298 -1.2233 1.9277 1.094 -0.20918 1.375 -2.4421 -4.0252 -1.2797
0.88578 -0.39621 -1.1665 0.26266 -0.87294 0.72845 -1.3927 -2.4181 -0.22585 1.434 2.8921 2.8266 0.57843 0.55432 -0.61203 -1.1524 1.725 0.30144 -0.89711 1.1841 -1.6356 -0.73502 2.2654 0.69784 -0.70614 0.56573 -0.15614 0.85731 0.15836 0.8969 0.1676 -1.6356 1.1247 2.2032 0.91858 0.6152 -2.5226 -4.0744 -1.1966
0.82636 -0.59554 -0.68109 -0.22643 -0.25144 0.79607 -0.25264 -2.203 -0.85808 2.6555 2.9436 1.9281 0.74668 0.75185 -0.42459 -1.0954 1.8958 0.91615 -1.3812 1.3346 -0.69765 -0.45534 2.8344 -0.082613 -1.9236 0.141 -0.51063 0.50477 0.47935 -0.39993 0.17581 -1.194 -0.069552 3.098 1.9994 -0.51151 -1.8537 -2.7794 -0.71816
1.0904 -0.57484 -1.4606 0.35433 0.10482 -0.62401 -0.082582 -2.2333 -1.4354 3.0955 3.1102 1.5134 0.71041 0.17297 -0.4139 -0.99145 1.1734 0.80537 -2.1679 1.248 0.30529 0.54191 2.3476 -0.55558 -2.6379 0.20508 -0.73482 0.24751 0.73328 -0.89783 -0.35237 -0.69959 -1.0346 2.9895 2.6726 -1.6174 -1.2988 -1.5558 -0.36595
0.9979 -0.77593 -1.6858 0.71076 -0.0062635 -0.94826 -0.41891 -1.7765 -0.51949 3.1331 2.7838 0.65828 0.8669 -0.38504 -0.39167 -0.33712 0.38355 0.43044 -1.8687 0.38467 1.76 1.8717 1.1228 -0.76746 -2.9254 0.19278 -0.46496 0.19664 0.72042 -0.72354 -1.1511 -0.02988 -0.99547 2.5735 2.4371 -2.5549 -1.383 -0.59571 -0.26016
1.199 -0.76435 -1.4763 0.80086 0.15738 -1.2043 -0.7607 -1.5633 0.47217 4.0081 2.4813 0.54836 0.74402 -0.24207 -0.20788 -0.16521 0.74761 -0.084943 -2.0224 -0.41685 2.4467 2.8873 0.016519 -1.2602 -3.1471 -0.077473 0.012217 0.44621 0.52105 -0.40962 -1.3978 0.9201 -0.14701 1.857 1.2506 -2.7199 -2.1392 0.21123 -0.45941
0.32907 -0.86143 -1.7503 0.66254 -0.15826 -1.9844 -0.13709 -0.9552 0.83532 3.3663 2.2799 0.085214 0.88366 0.094899 -0.19523 -0.16603 0.71632 -0.65991 -1.5082 0.1696 2.8046 2.7346 -0.90946 -2.1801 -2.8113 -0.15594 0.075528 0.6444 0.39191 -0.74268 -1.2452 1.8195 0.96967 1.0536 -0.19729 -2.8448 -2.8137 1.0339 -0.49082
0.43283 -0.89267 -1.1532 0.35416 -0.18423 -1.5495 -0.43784 0.1546 1.5036 3.1128 1.9469 -1.3045 0.83838 -0.046704 0.25323 -0.10418 0.22912 -1.1007 -0.53737 1.0591 3.0843 2.3419 -1.8633 -3.6415 -2.3247 -0.39609 -0.10512 0.80933 0.55792 -1.5962 -0.69406 2.5784 1.7074 0.49402 -1.1855 -2.7122 -2.6797 2.0554 -0.36302
1.0208 -0.74487 -1.2128 1.4278 -0.16845 -2.9214 -0.94556 0.98368 2.1386 2.641 1.2452 -2.1117 0.50888 -0.34503 0.48695 0.36577 -0.78701 -1.247 0.96516 1.589 3.3167 1.775 -3.4048 -4.5665 -1.4244 -0.47662 -0.52428 0.80045 0.65189 -2.1693 -0.03638 2.5415 1.7861 -0.39958 -1.7018 -2.1577 -1.6048 2.8051 -0.16961
1.5269 -0.91859 -2.2336 1.5941 -0.86966 -2.686 0.52623 1.1485 1.5688 1.8029 -0.27793 -1.4835 0.62284 -0.21937 0.84634 0.61007 -1.6012 -1.0161 1.8072 2.2948 3.073 1.2227 -3.948 -4.8189 -0.013729 -0.52948 -0.83289 0.40122 0.70249 -2.4461 0.59698 2.122 1.0308 -1.3273 -1.9289 -0.96174 0.44982 2.6138 0.1849
0.4664 -0.23064 -1.5818 0.41836 -1.3089 -0.89845 1.1798 2.1441 2.6952 0.87209 -2.7218 -1.7765 0.32518 -0.79323 0.88811 0.69224 -2.5906 -0.78071 2.3134 3.1308 2.1067 0.22247 -4.0118 -4.4352 1.2651 -0.37418 -0.90942 0.0005103 0.81313 -1.6952 1.0303 1.0218 -0.18173 -2.1407 -1.8104 0.93174 2.9271 1.1217 0.3807
0.07324 -0.25342 -0.47588 -1.2052 -1.1015 0.67029 1.3125 2.8961 2.5227 -1.1844 -3.0934 -0.93404 0.28898 -1.3693 0.73993 1.0418 -3.6329 -0.30853 2.9588 2.353 1.3394 -0.36159 -3.4024 -2.9034 1.2037 -0.13208 -0.66602 -0.36224 0.68865 -0.090795 1.4395 -0.44519 -1.9292 -2.7957 -1.8666 2.3496 5.0685 -0.42897 0.29379
0.33142 0.14269 -0.81978 -1.5174 -1.005 0.02574 2.7057 3.1818 2.242 -1.6409 -3.2233 -0.33279 0.31233 -1.4586 0.53226 1.6642 -3.0653 0.17959 2.3997 1.1939 0.39009 -0.69978 -1.8752 -0.32252 0.043451 -0.028624 -0.32536 -0.42796 0.47134 1.8994 1.7959 -1.909 -3.2593 -2.7496 -1.1406 3.2786 5.5084 -1.2746 0.00068761
-0.17473 -0.025494 -0.57172 -2.4932 -0.96343 0.70032 3.2962 2.4537 1.5039 -1.6357 -3.508 -0.26353 0.37458 -1.1239 0.38705 1.4076 -1.5177 0.99729 0.89447 -0.60608 -1.0247 -1.684 -0.48458 2.128 -0.23267 -0.20268 -0.36099 -0.35951 0.34445 3.0995 1.5549 -2.7103 -3.2875 -2.4359 -0.56395 2.8254 4.1825 -0.89556 -0.23005
-0.48534 -0.064013 -0.42064 -3.2508 -0.77054 1.337 1.5364 2.5232 1.6197 -1.5155 -2.5594 -1.1147 0.42885 -1.5215 0.31333 1.39 0.093263 1.6811 -0.3977 -1.9256 -1.5853 -1.1801 0.84949 2.8333 -0.43136 -0.3355 -0.55087 -0.17696 0.20413 2.9518 1.0271 -2.3949 -2.4341 -1.4224 0.28512 1.3531 1.8176 0.053556 -0.26925
-0.6174 -0.097238 0.46882 -2.3241 -0.95829 1.3464 2.0904 1.8298 1.2751 -0.45331 -0.90218 -2.0971 0.47036 -2.0095 0.21693 1.8243 0.87829 1.6355 -0.95884 -2.6797 -1.9902 -1.1494 0.68309 2.9492 -0.26317 -0.36589 -0.52299 -0.13992 0.32674 2.0631 0.060412 -1.3636 -0.51073 -0.39515 1.1113 -0.064878 -0.38997 0.87147 -0.061493
-1.0036 0.46825 0.56793 -1.6293 0.30728 0.27017 -0.17249 0.92657 0.52981 -0.66127 0.13663 -1.2226 -0.21748 -2.0396 0.30156 1.8411 1.5381 1.6353 -1.3707 -2.6509 -1.6458 -0.46989 0.15447 2.4989 0.13332 -0.40062 0.046953 -0.47901 -0.010975 1.1216 -0.87308 -0.48885 0.88902 -0.058719 0.98134 -0.73801 -1.6685 1.3069 0.27982
-1.8745 0.14831 1.1282 -0.99587 1.0439 -0.63581 -0.29277 1.2968 1.4853 -0.36331 -0.16636 -0.59538 -0.022977 -1.837 0.14143 1.7946 1.8217 1.1103 -1.2916 -1.269 -1.6901 -0.05791 -0.25314 1.6082 1.0926 -0.27202 1.2243 -1.0355 -0.67028 0.88192 -1.7247 0.22847 1.9144 0.34907 0.76081 -0.0030145 -2.1939 1.0642 0.65835
-2.3085 0.26215 1.494 -1.1291 0.23749 -0.95161 0.19731 0.33469 0.42036 -1.2639 -0.068361 -0.61655 0.10231 -1.5231 -0.48871 1.3913 1.8407 0.40695 -1.1866 -0.85038 -1.834 0.021993 -0.09425 0.54704 1.3145 0.093472 2.3533 -0.76242 -1.3361 0.36156 -2.4026 0.83423 2.0029 0.70945 -0.47573 0.85478 -1.7883 0.16394 0.33934
-2.5453 0.24782 1.7435 -0.96422 0.63663 -0.28818 -0.42827 0.65413 1.3163 -1.4617 -0.087193 -0.87156 0.00075412 -4.8254e-05 -1.1931 0.8134 2.477 -0.77121 -0.59794 0.25626 -1.271 -0.043681 0.81047 0.035616 1.1152 0.5038 3.0561 0.20489 -1.9285 -0.34243 -1.9847 1.1943 1.1387 1.4727 -0.95914 1.2936 -1.1572 -0.82891 -0.43727
-2.3713 0.044777 2.1359 -0.31082 0.183 -0.1581 0.51102 -0.023762 1.4877 -1.1483 0.40425 -0.056741 0.12175 1.4031 -0.36263 -0.13858 1.942 -1.6264 -0.075366 0.60015 -0.59062 -1.3465 1.2769 0.11575 0.40358 -0.21184 2.6319 0.95138 -1.626 -1.0803 -1.2932 1.7578 0.41251 1.5197 -0.9769 0.92518 -0.45508 -0.87414 -0.83642
-2.4704 -0.7683 2.0972 0.84168 -0.013641 -1.2337 -0.04386 -1.149 0.7023 0.073755 0.082186 -0.27672 0.41159 2.3641 0.42507 -1.0091 1.1247 -1.347 0.50191 0.28678 0.30759 -1.1115 1.5603 -0.2253 -0.031278 -0.85741 0.52491 0.80881 -0.60336 -2.3186 0.13384 2.0957 -0.82349 1.3864 -0.29465 0.041484 0.01695 -0.49545 -0.47943
-0.57584 -1.0991 1.3886 2.3353 -0.36654 -0.98599 0.099838 0.017689 0.5818 0.7931 -0.08157 0.4989 0.43501 2.1725 0.34393 -0.70515 0.42618 -1.5741 1.7188 -0.040351 0.079482 -1.2138 1.3206 -0.12509 0.2236 -0.6397 -1.3697 0.0035573 1.0137 -3.3403 0.85246 2.0221 -1.3363 1.0899 0.70783 -1.2592 0.45005 0.36924 0.78679
-0.2832 0.71248 0.78745 0.37192 -1.2747 -0.48108 0.89125 0.86153 -0.98633 0.54221 0.060889 -0.7908 -0.78188 0.58614 -0.15202 -0.015108 -1.2794 -0.57923 2.6237 -1.0761 0.86001 -0.65422 0.87731 0.19142 0.25077 -0.091689 -2.5102 -0.38035 1.8644 -3.3441 1.3121 0.97024 -1.1676 0.17133 0.92377 -2.1953 0.79513 0.77777 1.4568
0.24785 1.1396 0.28264 -0.42998 -0.73981 0.60283 0.060023 0.79804 0.13151 0.15194 -0.45322 -0.94877 -1.0973 -0.25007 -0.076688 1.2506 -3.3701 -0.53976 2.8379 -1.3991 1.073 -0.31861 -0.79662 0.71165 0.92887 0.73947 -2.1441 -0.39467 1.4443 -1.7637 1.6938 -0.66941 -0.46664 -0.44333 1.3571 -2.0094 0.49266 0.72583 1.1983
-0.73456 -0.32298 1.9478 0.19909 -1.1716 2.9139 -0.50399 -0.42161 0.46458 0.39804 0.25592 0.29346 0.0046703 -1.0813 -0.033252 1.4765 -3.4987 0.40731 1.8516 -1.3762 0.12054 0.085308 -1.5982 0.7732 1.0481 0.92138 -0.2925 -0.35534 -0.254 0.51717 1.1374 -2.428 0.38025 -1.2897 1.0738 -0.41613 0.14227 0.36409 0.66827
-2.6397 -1.2825 2.567 -1.8051 0.028332 2.5973 -1.355 0.99245 0.53186 0.77744 0.84762 0.49714 0.73009 -0.97168 -0.40892 1.2336 -1.8924 0.86952 0.79511 -0.82751 -0.33192 0.83915 -1.3009 0.46392 1.1596 0.88459 1.5298 -0.22899 -2.4183 2.3752 0.60072 -3.6653 0.51648 -1.3309 0.94793 1.944 -0.1045 -0.51339 -0.1582
-1.4266 -0.44275 3.5119 -3.8081 -1.2912 1.7906 -1.4566 0.83196 -0.3802 -1.5438 0.93583 1.1238 1.3455 0.40225 -0.61114 -0.47068 -0.98216 0.68322 -1.117 -0.60129 -0.72078 0.68079 0.33719 0.57316 0.79208 0.96928 2.9931 -0.088406 -3.5189 3.3355 -0.43454 -3.3224 0.57265 -0.91762 0.24711 3.2851 0.31453 -0.76344 -0.57401
-0.96972 0.41859 1.8662 -2.1718 0.11508 1.1016 -0.66408 0.20005 0.17306 -1.4266 0.57012 0.73155 0.14332 1.8423 -0.19378 -2.2524 0.044377 0.35409 -2.8689 -0.75286 -0.86257 1.0714 1.9866 0.63144 0.068871 0.44991 2.4788 -0.18947 -3.1197 3.1853 -0.70081 -2.3821 0.27029 -0.5548 -0.56493 3.3046 0.8178 -0.30217 -0.67354
-1.1438 0.46359 1.7622 -1.331 -0.24519 1.3878 0.014583 0.13131 0.81658 -0.51993 0.16499 0.0185 -0.38952 3.0592 -0.30296 -3.2976 2.0853 -0.10743 -2.8343 -0.26723 -1.237 0.3981 3.0907 1.2531 0.13679 0.16919 0.81147 -0.34981 -0.94627 2.0982 -0.89148 -1.1365 0.1486 0.022596 -1.2506 1.5407 0.73977 1.0454 -0.30102
0.76536 -1.1033 -0.34164 -1.4747 -0.16249 -0.47026 -1.7296 -0.82402 1.2671 2.2638 0.94444 0.65305 1.1871 2.2935 -0.90048 -3.13 2.8324 0.028337 -3.0183 -0.45437 -1.0528 -0.049197 3.6926 1.5811 0.89512 0.1466 -0.80543 -0.17524 1.1384 0.53669 -0.66726 -0.29325 0.46642 0.4253 -1.8935 -0.97912 0.14758 2.2427 0.067693
0.53693 -1.1077 -0.20533 -0.76386 -0.76231 -1.5419 -2.2687 -0.78875 1.5621 3.3826 1.8164 0.65817 1.1254 1.6789 -0.87343 -1.7794 1.7544 -0.7227 -3.269 -0.45434 -0.57993 -1.0201 2.4589 1.4169 2.3127 0.61355 -1.9602 0.59746 2.3486 -0.90993 -0.24303 0.44727 0.86979 0.74739 -1.7805 -3.0601 -1.089 1.9476 -0.21956
1.5039 -0.90127 -1.0614 0.52923 -0.43263 -1.2122 -0.98781 -0.17405 -0.40961 2.9569 2.8217 1.0651 0.8469 1.0367 -0.22134 -0.89412 1.2841 -0.51631 -3.2229 0.27405 -0.43067 -1.6356 0.42657 0.81681 3.1587 0.34453 -1.627 0.90985 1.9942 -1.5379 0.48956 1.3498 1.0009 0.68963 -1.6544 -3.6848 -1.7208 0.73671 -0.29104
0.88805 -0.73713 -0.37553 0.45034 -0.70992 -2.6703 -1.3923 -0.81813 -0.36487 2.2229 2.2654 2.3839 0.64694 0.050788 0.38521 -0.054488 1.1022 -0.27379 -1.8495 1.1106 -0.216 -2.0218 -1.1582 -0.29268 2.6296 -0.29926 -1.4442 0.36641 0.96579 -1.4425 1.468 2.0107 0.34091 0.58027 -1.0201 -2.6856 -1.5817 -0.68926 -0.16012
0.74372 -0.49522 -0.16359 -0.16293 -0.79467 -3.5046 -0.88602 -0.60907 -0.43422 1.8473 1.5773 3.4501 0.72128 0.088521 0.039896 -0.28853 0.17221 0.64196 -1.0737 0.76807 -0.0051839 -2.535 -1.5832 -0.61378 2.0917 0.11251 -1.1201 -0.55325 0.24981 -1.2799 1.7247 2.5736 -0.47688 0.71539 -0.59507 -1.2965 -0.71343 -1.7559 0.42519
0.80371 -0.48044 -0.15922 0.21418 -0.7789 -3.6656 -0.26066 -0.91802 -0.5202 1.102 1.3545 3.645 0.72903 -0.52717 -0.37716 -0.28483 -0.48916 1.2415 -0.39183 -0.01961 0.2428 -2.4177 -1.6971 -0.67041 1.5285 0.46069 -0.91015 -0.95975 -0.093291 -0.82513 1.257 2.4738 -1.1411 0.63801 0.028307 -0.45799 0.41563 -2.0865 0.80577
0.95049 -0.92617 -0.79039 0.52623 -0.53143 -2.5711 -0.8096 -1.0634 -1.1774 1.6995 1.0763 2.9117 0.92834 -0.75356 -0.80874 -0.309 -0.4014 1.7166 1.1052 -0.11859 0.6152 -2.5215 -1.7908 -0.25555 0.3924 0.68657 -1.0829 -0.56701 0.13494 -0.28359 0.35102 1.983 -0.60351 0.34883 0.87793 -0.27284 0.80309 -2.0361 0.45555
1.1179 -1.0983 -1.0621 -0.31748 0.47606 -2.7931 -1.1736 -0.19585 -2.682 1.2247 2.0121 3.0128 1.255 -1.2181 -0.86428 -0.21039 -0.20213 1.3644 1.9219 -0.73545 0.61174 -1.9926 -1.9272 0.27135 -0.45721 0.78002 -0.78428 0.11456 0.27189 0.043505 -0.44391 0.99943 0.43803 -0.085065 1.3961 -0.19792 0.84328 -1.5289 0.053175
0.25377 -1.2263 -0.99107 -0.28549 0.91889 -2.3557 -1.1813 0.043589 -3.2039 0.056598 1.766 3.7439 1.24 -1.5762 -0.709 -0.068751 -0.50252 1.1771 1.6669 -0.085624 0.43508 -1.1855 -1.9846 0.34634 -0.75747 0.72627 -0.22376 0.69356 0.1488 0.12824 -1.2366 0.073758 1.0479 -0.61365 1.9497 0.33806 0.42155 -0.75034 -0.36419
-0.36367 -1.5685 -0.16932 -0.19354 0.81551 -1.1838 -1.1161 -0.24049 -2.5801 -0.441 1.4082 3.1236 1.419 -1.5724 -0.23705 0.10593 -0.32961 0.72248 1.2938 0.84036 0.18754 -0.59295 -1.9724 0.53101 -0.788 0.53307 0.97785 0.9983 -0.28736 0.23138 -1.3816 -0.50291 1.225 -0.73896 1.8767 1.2734 0.084647 -0.16842 -0.78321
-0.63379 -1.2994 -0.53193 -0.082684 0.11029 -0.80148 -1.6802 -0.18347 -2.1714 -0.68685 1.9163 2.6047 1.6267 -0.99365 0.07211 -0.18448 -0.062814 -0.13265 1.5685 1.1925 -0.25611 0.26581 -1.1086 0.36829 -0.87433 0.19572 2.311 1.3322 -0.5219 0.39038 -1.469 -0.61225 0.43865 -0.54261 1.7716 1.6798 -0.28794 0.090952 -1.4594
-0.73907 -1.4112 -0.77742 -0.54762 0.79407 -1.5414 0.14316 -0.60991 -2.1568 -0.98584 1.7595 2.3173 1.5767 0.30138 0.4683 -0.67846 0.054734 -0.4037 0.98827 1.0797 -0.34847 0.63779 0.094933 0.41594 -0.74021 -0.2784 2.2907 1.5414 0.15925 0.15169 -1.321 -0.56665 -0.10881 0.083481 1.7673 1.594 -1.2464 -0.29992 -2.1068
-0.60108 -1.138 -0.91935 -0.132 0.82072 -0.94478 0.21803 -0.34526 -3.0207 -0.7868 2.3498 2.2007 1.5887 1.7695 1.2407 -0.63732 0.093248 -0.83506 0.62216 0.67239 -0.25426 1.3664 0.22413 -0.10202 -0.63665 -1.3365 1.2357 1.6285 1.2678 -0.063749 -1.2867 -0.42653 -0.31253 0.77781 1.7351 0.97689 -1.9157 -0.89392 -2.2588
-0.13332 -1.0704 -1.2954 -0.45586 0.30231 -0.001313 -0.065756 -0.36724 -2.4764 -0.37928 2.3161 2.5893 1.3379 1.291 1.8441 0.63441 -0.08689 -1.2437 0.65905 0.88059 0.34042 2.0164 0.43849 -1.4413 -1.4947 -2.2652 -0.4414 1.2844 2.0991 -0.2228 -1.2201 -0.11736 -0.30034 1.0753 1.6103 0.30755 -2.3541 -1.5196 -1.7753
0.69214 -0.72461 -1.5236 0.011695 0.28944 -0.82317 -0.28488 -0.56332 -1.8203 0.29238 1.9275 2.7727 0.78109 0.80035 2.2007 1.5163 -0.092934 -1.9703 0.90023 0.66382 0.78548 2.6783 0.60892 -2.0987 -2.1983 -2.6327 -1.7327 0.52599 1.9029 -0.11315 -0.688 -0.070733 -0.2117 1.1431 0.52845 -0.046063 -1.5658 -1.7283 -0.56654
2.0431 0.28127 -0.66263 -0.096014 -0.65211 -0.25512 -0.58154 -0.61808 -0.1653 -0.77421 1.0285 1.6588 -0.45747 -0.034815 2.2078 2.1432 -0.26442 -1.9777 0.62329 0.48016 1.0456 2.8594 0.50339 -2.7595 -2.8334 -2.6335 -1.7333 -0.35184 0.68014 -0.06246 0.095136 -0.01881 -0.15516 0.57195 -0.70342 -0.23822 -0.091715 -0.79273 0.7481
-0.36884 0.92086 0.90249 -0.63897 -0.9969 -0.18677 0.79212 0.5782 -0.13231 -0.20433 -0.48147 -0.065981 -1.0183 -0.7827 1.9626 2.1431 -0.015609 -1.6822 0.50563 0.44648 1.4274 1.8792 0.11182 -2.2174 -3.2326 -2.1092 -1.2178 -1.1912 -0.61086 0.068291 1.1349 -0.079709 -0.26584 -0.15099 -1.8668 -0.025405 1.0856 0.51483 1.7214
-0.0344 0.92581 0.93493 -0.55027 -1.234 0.10764 1.3099 0.46474 0.1612 0.1078 -0.34327 -0.13886 -1.0497 -1.1337 1.344 1.5888 -0.22396 -1.237 0.82387 0.6765 1.0402 1.1375 0.23728 -1.5395 -2.4892 -1.2583 0.45902 -1.8258 -2.0774 0.5188 1.8991 0.035101 -0.70199 -1.0463 -1.9538 0.04777 1.8676 2.1505 2.1761
-0.37228 1.1561 1.2226 -0.45207 -1.2974 0.20064 -0.056682 0.86579 0.013304 0.17713 -0.89454 -0.53802 -1.1842 -0.91063 0.55737 0.66778 0.044346 -0.37781 0.64791 0.031008 0.52589 0.17106 0.70189 -0.77627 -1.4312 -0.40391 1.6449 -2.2001 -2.7875 0.71686 2.2007 -0.38571 -0.93569 -1.692 -1.5409 -0.027804 1.6084 2.9227 2.203
-0.26223 1.1712 0.77869 -0.044951 -1.4846 0.35367 0.08404 1.2572 -0.29917 -0.31647 -0.016195 -0.87888 -1.1309 0.87789 -0.26594 -0.96384 0.74489 0.66479 0.62551 -0.72114 -0.3549 0.189 0.30913 -0.15926 0.27099 0.19998 1.9945 -2.2613 -2.5208 0.97592 1.8411 -0.78126 -0.50593 -1.6486 -1.0737 -0.63264 1.1671 2.4825 2.0006
0.0083271 1.1454 0.69697 -0.59508 -1.2919 0.53526 0.95788 0.22555 0.33146 0.41016 -0.47232 -0.21737 -1.0872 1.259 -1.0582 -1.7416 0.9269 1.1871 -0.14796 -0.73226 -0.87233 -0.42926 0.031193 -0.046781 0.8397 0.89339 1.2413 -1.9048 -1.4273 0.82363 0.86096 -0.85719 0.28587 -1.0679 -0.56518 -0.90538 0.43062 0.88857 1.617
0.084748 1.1056 0.90517 -0.21081 -1.06 0.66855 -0.20194 0.42111 -0.030666 0.50804 -0.70265 -0.78988 -1.1467 1.4773 -1.7801 -1.8733 1.2688 1.174 -0.30748 0.042156 -1.1808 -0.50587 -0.6364 0.17288 1.0026 1.482 -0.20465 -1.154 0.014003 0.12679 -0.19068 -0.91569 0.75197 -0.070664 -0.5154 -0.82982 0.080121 -0.95954 1.1047
1.1624 0.30517 -0.90649 0.81445 0.075959 0.76306 0.0027984 0.062021 0.21371 0.15598 -0.69069 0.75163 -0.60996 1.0889 -1.9988 -1.5169 1.4183 0.85294 -0.56397 0.22077 -0.95063 -0.51164 -0.55939 -0.17258 -0.15733 1.6947 -0.68541 0.048182 0.9502 -0.70017 -0.87856 -0.33839 0.61511 0.68249 0.096383 -0.34808 0.14653 -1.5199 0.10661
1.3146 -0.48095 -1.3044 0.69522 -0.1592 -0.72328 -0.11623 -0.55264 -0.90254 -0.046576 -0.31999 0.56032 0.25572 0.58114 -1.8065 -1.0434 0.77118 0.48441 -0.9597 0.30818 -0.43551 -0.71054 -0.98416 0.051173 -1.0547 1.6718 -1.3212 1.6836 1.7566 -1.5937 -1.1548 0.0084372 -0.054705 1.268 0.54723 0.46989 0.25126 -1.4448 -1.3207
1.1092 -0.82203 -0.74369 1.3751 -0.52869 0.12326 0.49949 -0.34495 -0.53017 -1.2491 -0.22321 0.082714 0.52478 0.43386 -0.97019 -0.38809 -0.1709 -0.014403 -0.48173 0.36619 -0.028107 -0.16874 -0.45616 0.2795 -1.0061 0.98122 -1.4819 2.7899 2.0304 -1.7845 -0.91502 0.45334 -0.20422 1.3999 1.1131 0.86432 0.27968 -0.31218 -2.4619
0.74687 -0.7611 -0.67495 1.4608 -0.76393 -0.21948 0.83119 -0.032242 -0.42995 -0.19066 -0.64613 -1.8656 0.52037 -0.64729 0.61754 0.82589 -1.032 -0.42002 -0.32759 -0.14193 0.61397 0.29069 0.22534 0.3982 -1.3067 -0.39485 -1.2044 2.9257 1.5284 -1.2796 -0.30287 0.6122 -0.5635 0.92037 1.4411 1.1242 -0.044032 0.84988 -2.7232
0.73814 -0.64379 -0.47295 -0.20623 -0.42211 -0.88514 0.75273 -0.26243 -0.52495 -0.73553 -0.52783 -1.3466 0.57325 -1.047 1.6204 1.3195 -1.149 -0.30467 0.014424 0.034698 1.0146 0.97213 0.5085 0.15571 -0.64222 -1.4376 -0.57508 1.9547 0.65102 -0.29141 0.21328 0.60159 -0.80417 0.29862 1.0757 0.38385 -0.39426 1.3393 -2.0018
1.4204 0.0019109 -0.40403 -0.17867 -0.55966 0.47758 -0.24973 0.38309 -0.045578 0.20741 -0.080485 -0.5578 -0.17518 -0.91398 1.9651 0.94323 -1.2205 0.086569 -0.0014687 -0.65747 0.68218 1.2926 0.70647 0.040196 0.33054 -1.7267 0.23002 0.41057 -0.20395 0.69324 0.31173 0.69153 -0.42091 -0.20384 0.50336 -0.26071 -0.51191 1.2574 -0.64408
-0.048917 1.0933 0.10953 -0.37321 -0.45678 -0.46723 -0.26535 0.66162 0.1564 0.33985 0.12482 -0.58245 -1.084 -0.50144 1.7383 0.76702 -0.62318 0.088872 0.54069 -0.98992 0.4734 1.2476 0.051001 -0.23612 0.65984 -1.7394 0.46487 -0.85797 -0.61754 0.98188 0.20303 0.39487 0.14624 -0.55392 -0.71332 -0.58338 -0.34505 0.52105 0.66127
-0.18905 1.0517 0.76636 -0.14873 -0.83155 -0.53795 0.843 0.71981 0.31118 -0.10452 -0.38095 -0.70502 -1.1504 -0.49591 1.2621 0.73084 0.085768 -0.088635 0.77134 -0.47515 0.52847 1.0422 -0.038952 -0.30937 0.37321 -1.3321 0.64428 -1.5391 -0.67243 0.99671 -0.11039 0.12937 0.90893 -0.35484 -1.6112 -0.38296 -0.17994 -0.22208 1.3771
0.20609 1.1054 0.05107 -0.21038 -0.32337 0.18359 -0.49767 0.23807 1.1519 -0.10469 -0.5028 -0.34025 -1.0643 -0.39641 0.47469 0.28762 0.14351 0.12165 0.40767 0.23501 0.11408 -0.19891 -0.23298 -0.27677 0.28729 -0.51321 0.17328 -1.5581 -0.60757 0.52392 0.080417 -0.44349 0.54522 0.11687 -1.4141 -0.1138 0.18206 -0.13497 1.6331
0.66069 1.0094 0.17004 0.060379 -0.58629 0.64597 -0.70903 0.48121 0.65165 -0.35824 -1.0337 -1.2461 -1.3423 0.22576 -0.081946 -0.056904 0.37079 -0.13734 0.32346 0.55055 0.23774 -0.89318 0.12008 -0.25363 0.074813 -0.0063319 -0.44899 -1.15 -0.33422 0.12061 0.45045 -0.77399 -0.042136 0.38749 -0.77881 -0.48029 0.30655 0.049316 1.3204
0.19313 1.0676 0.67327 -0.24537 -0.61586 0.55777 0.18115 0.88691 0.60995 -0.25492 -0.30946 -0.28063 -1.1669 -0.54335 -0.30147 0.041303 0.28361 0.23825 -0.10157 -0.41144 0.83182 -0.33976 -0.23876 0.064509 0.5303 0.3646 -0.7841 -0.59459 -0.12007 0.011256 0.7871 -0.7016 -0.52433 0.3287 0.44521 -0.50412 0.38675 0.1178 0.81128
0.20517 0.93284 0.0094721 -0.031412 -0.32346 0.33183 0.46925 0.52649 -0.8681 0.22606 -0.13056 -0.056699 -1.0241 -1.2573 -0.35361 0.24118 0.27563 0.62297 -0.48906 -0.2381 0.86293 -0.30125 -0.95181 0.069489 0.31838 0.46655 -0.7836 -0.49532 -0.1643 -0.13414 1.1559 -0.31042 -0.64306 -0.57855 1.0375 -0.65099 0.39683 0.086159 0.59167
0.14657 1.0334 0.28299 0.36503 -0.95281 -0.43408 0.90314 1.0448 -0.59141 0.46731 -0.61467 -0.92286 -1.1468 -1.1111 -0.42979 -0.077204 0.23697 1.0981 -0.55897 -0.42354 0.39049 0.2899 -0.65864 0.25355 0.36054 0.62597 -0.29127 -0.89971 -0.22284 -0.089715 1.0026 0.36715 -0.17858 -1.5497 1.2841 -0.089652 0.61078 0.14665 0.72723
-1.0574 0.55878 0.74515 0.11026 -0.077514 -0.26532 -1.3084 1.8697 1.308 -1.1555 -0.44112 0.27811 -0.51514 -0.94564 -0.88587 -0.29543 0.1554 1.4322 -0.052796 -0.73429 -0.5627 0.64065 -0.91431 0.36162 0.29542 0.86683 0.013997 -1.3942 -0.31039 0.025678 1.0824 0.64636 -0.19402 -2.2868 0.85616 0.33724 0.67625 0.52016 1.2018
-1.0982 0.75227 0.29202 0.14725 0.56507 -0.017048 -0.80848 1.0271 0.51537 -1.8241 -0.61925 -0.56032 -0.74389 -1.2416 -1.605 -0.096712 0.19197 1.5659 0.40554 -0.52306 -1.2 1.4809 -0.42127 1.008 0.7909 1.3978 -0.095797 -1.4587 0.044623 0.68882 1.1852 0.57598 0.053088 -2.2874 -0.50437 0.43635 0.33422 0.35464 1.3477
-0.23497 0.53544 0.01316 0.26025 0.51595 -0.072004 -0.30626 0.72739 0.50359 -0.23054 -0.15659 -0.50785 -0.61496 -1.1685 -2.1936 -0.3177 0.37223 2.2603 0.30206 -0.57902 -2.3946 0.62615 -0.4125 0.89806 1.0524 2.1173 -0.25705 -0.99475 0.45227 1.1406 1.1218 0.24294 -0.23861 -1.2357 -0.96649 0.33916 0.0093707 0.15507 1.211
-0.95025 -0.24423 0.04953 -0.038743 0.89206 0.55676 -0.21729 -0.43083 0.50162 -1.1162 0.50553 0.43695 0.058967 -1.1797 -2.3154 0.023476 1.5006 2.7344 0.39879 -0.39645 -2.7474 -0.62376 -0.060762 0.58396 0.62101 2.2844 -0.17649 -0.082003 0.58101 1.0379 0.51803 -0.038271 -1.1153 -0.18779 -1.105 -0.4244 -0.64284 -0.48081 0.52341
-1.772 -1.2365 0.20284 0.59712 1.0632 0.53413 -0.17119 -0.62065 1.4295 0.10552 1.1942 0.79313 0.83902 -1.4556 -2.2652 0.48978 1.7575 2.7878 0.43197 -1.2777 -1.9763 -0.057992 -0.43285 0.59559 0.64525 2.4759 0.21152 0.90242 0.64653 0.4456 -0.60752 -0.037483 -1.554 0.98475 -0.24882 -0.5865 -0.79519 -1.0892 -0.51588
-1.7166 -1.5783 0.060928 0.91042 2.2435 -0.47001 -1.22 -1.7985 0.4799 -1.4583 -0.14653 0.40065 1.6726 -1.4276 -1.7202 0.58353 1.5546 2.1898 0.2699 -2.4113 -1.7368 -0.17673 -1.2192 0.023358 0.067517 2.1068 0.90072 1.6101 0.35353 -0.52637 -1.6022 0.090335 -1.2039 1.413 0.32714 -0.55666 -0.5707 -0.86656 -1.3205
-2.4451 -1.6676 0.87889 2.7924 3.5412 0.74632 -1.8731 -1.5184 -0.18408 -1.603 0.060911 0.37014 1.6939 -0.65464 -0.93437 0.60773 1.2412 1.4587 0.29737 -2.6888 -1.1466 -0.059252 -0.95345 -0.22802 -0.7382 1.335 1.1896 1.8702 -0.079705 -0.86092 -2.3018 0.15166 0.18501 1.1704 0.20809 0.28887 -0.14971 -0.19836 -1.8097
-2.2247 -1.6103 0.72073 2.014 3.1141 0.768 -2.0286 -1.1416 0.83988 -1.6879 0.74519 0.079604 1.8447 0.087584 -0.19623 0.62675 0.75234 0.59148 0.64789 -2.1062 -0.64894 -0.050439 -0.86321 -0.012085 -0.33723 0.62153 1.018 1.4901 -0.60312 -1.056 -2.339 -0.19439 1.6709 0.85774 0.17865 0.89956 -0.03214 0.58639 -1.5999
-1.9614 -1.6566 0.54439 1.5827 2.1474 0.33048 -3.4522 -2.1245 0.45106 -1.8659 0.14045 -0.031028 1.8796 -0.0097457 0.20853 0.32722 0.49741 -0.43966 0.54517 -1.061 -0.43754 0.2377 -0.045973 0.35284 0.45009 0.15704 0.52119 0.81093 -1.0402 -0.99121 -1.7425 -0.65375 2.7164 0.54752 -0.1907 1.0639 -0.52187 0.9227 -1.1332
-1.9336 -1.7155 0.8561 1.666 2.5003 0.95734 -3.2495 -2.0481 0.89036 -1.7391 0.45696 -0.36478 1.8232 0.13505 0.28463 -0.38756 -0.11655 -0.9526 -0.23117 0.12286 -0.56346 -0.019246 0.067486 -0.31883 0.54668 -0.010528 0.52954 0.29756 -1.2076 -0.99543 -1.1234 -0.83726 2.9799 0.59902 -0.4413 1.0219 -1.0065 0.20461 -0.82421
-1.6066 -1.5164 1.0779 2.1452 2.4152 1.2082 -2.5877 -1.6208 0.81719 -1.4391 0.76928 0.7532 1.8474 0.28565 0.22327 -0.80683 -0.24057 -0.82127 -0.54208 1.6407 -0.21202 -0.43233 0.63809 -0.9958 0.52351 -0.26516 1.1499 0.32935 -0.96323 -1.2024 -0.88093 -0.65067 2.1663 0.54982 -0.44392 0.77149 -0.87641 -0.5122 -0.91664
-2.3822 -1.2472 0.5558 2.5427 2.3992 0.40874 -2.4918 -2.3581 0.21147 -1.6103 0.25479 1.1297 1.8726 0.91939 0.30384 -1.0383 -0.80319 -1.1907 -0.44772 2.5152 0.30704 -0.52305 0.7707 -1.1192 -0.016185 -0.56047 1.2293 0.90409 -0.22615 -1.3253 -1.0164 -0.38449 0.95979 0.92713 -0.21241 0.30904 -0.048795 -1.0668 -1.4014
-2.1829 -1.4158 0.0017573 1.9796 2.2046 0.15008 -1.5829 -2.0666 0.044651 -1.6125 -0.46811 0.43148 1.6653 1.7278 0.76154 -1.1264 -1.4889 -1.871 -0.61948 2.0841 0.10863 -0.32273 1.0964 -0.79755 -0.25427 -1.1176 0.81912 1.4859 0.69044 -1.3185 -1.3016 -0.18263 0.24889 1.4179 0.089356 -0.030375 0.79008 -1.1947 -1.6647
-1.3556 -1.5023 -0.49592 0.91005 1.6224 -0.19009 -0.14896 -1.5392 0.49071 -0.48666 -0.86313 0.25117 1.4704 1.691 1.5752 -0.64025 -2.0625 -2.2142 -0.94284 1.8236 0.92726 -0.47053 0.44208 -0.49929 -1.0897 -1.9545 -0.24755 1.7116 1.468 -0.71973 -0.86512 -0.066724 -0.20601 1.5399 0.27824 -0.31235 1.126 -0.57242 -1.4992
-0.3353 -1.2554 -0.35407 0.35054 0.64994 0.40485 -0.68463 -1.7008 -0.042328 -0.94442 -0.91004 -0.39845 1.1182 1.4163 2.1567 0.28099 -2.1677 -2.5931 -0.64861 2.4838 2 -0.31302 0.75274 0.10214 -1.2047 -2.3841 -1.1681 1.2469 1.7279 0.073169 0.078909 0.40428 -0.55407 1.3904 0.44814 -0.45861 0.8398 -0.037497 -0.79763
0.28718 -0.36296 -0.17968 0.098918 0.55716 0.25254 -1.0127 -2.0649 0.73035 -0.043613 0.288 0.17209 0.33609 0.6138 2.5669 0.98648 -1.8487 -2.3525 -0.55969 1.9007 2.0999 -0.043059 0.35004 0.43518 -0.63963 -2.4631 -1.3317 0.20584 1.0497 0.67612 1.0251 0.63221 -0.70356 0.43648 0.82334 -0.15255 0.22928 0.70333 0.23052
-0.66412 0.81918 0.35365 -0.25881 0.16416 -0.95936 -0.12007 -0.037458 -0.41814 -1.7152 -0.13443 -0.46861 -0.63061 0.098231 2.4201 1.2705 -1.4288 -1.6795 -0.01292 0.93307 1.9955 0.25356 0.26836 0.23138 -0.57533 -2.2114 -1.0873 -0.95159 0.10921 0.90939 1.4586 0.71411 -1.069 -0.59563 0.61312 -0.33482 -0.73623 0.67557 1.1165
-1.1451 0.96001 0.7926 -0.50332 -0.56554 -0.50642 1.9261 0.59006 -0.18153 -0.029548 -0.10533 -0.60281 -0.71303 -0.12151 1.7918 0.81782 -1.0848 -0.89965 -0.015085 1.1868 1.7098 0.71016 0.39944 -0.15158 -0.11187 -1.6484 -0.15479 -1.7885 -0.62426 0.98983 1.1763 0.93823 -1.0031 -1.3061 0.26385 0.15734 -1.0311 0.65078 1.6188
-0.99594 1.1029 0.94628 -0.97837 -0.42136 -0.48618 0.75638 0.2925 0.50505 -0.8674 -0.2798 -0.24367 -0.93942 -0.23449 0.88458 0.57461 -0.74583 -0.79267 0.48546 0.69589 1.1436 0.39675 0.092336 -0.9062 -0.2281 -0.89904 0.93374 -2.2999 -1.5041 1.5018 1.2467 0.98252 -1.0844 -1.8924 -0.38287 -0.090519 -0.72564 0.90016 1.8139
-0.23482 1.0591 0.94144 -1.178 -0.32295 0.61778 -0.16019 0.36331 0.87554 0.074321 -0.63216 -0.73742 -0.97701 0.4908 0.22299 0.18389 -0.22894 -0.761 1.0375 0.0065601 0.21359 0.34435 0.74976 -0.82121 0.38076 -0.37665 1.7022 -2.465 -2.1032 2.1324 1.1261 1.2248 -1.0098 -1.9807 -1.0785 -0.19375 -0.098575 0.67733 1.8455
-0.10625 1.0896 0.39076 -0.97234 -0.19665 -0.040503 0.90365 0.094175 0.85916 -0.40639 -0.53993 -0.11588 -1.0112 1.521 -0.79423 -1.1942 1.1066 0.40887 1.3941 -0.65252 -0.60918 -0.26621 -0.072234 -0.71673 0.83977 0.22578 1.5423 -2.2059 -2.2184 2.1092 1.2129 0.83896 -0.51083 -1.5508 -0.96488 -0.0994 0.6225 0.61657 1.6658
-0.8401 1.0976 0.93151 -0.86498 -0.71887 0.3771 0.44353 0.27244 0.24201 -0.71277 -1.1575 -0.49141 -1.0175 2.1546 -1.654 -2.1902 2.1866 0.44705 1.9395 -0.16517 -0.9233 -0.91048 0.11756 -0.41602 0.59796 0.91571 0.79695 -1.735 -1.628 1.2783 0.98506 0.38645 -0.27997 -0.94584 -0.42288 0.034055 0.73276 0.04069 1.3896
-0.18833 1.156 0.8217 -0.54115 -1.1872 0.68985 0.85064 0.66087 -0.20172 0.24016 -1.0576 0.11697 -1.1144 1.791 -2.0126 -2.3443 2.1987 0.70202 1.6859 -0.24404 -1.0345 -0.72393 0.22591 0.0016041 0.79318 1.277 0.0054695 -0.73275 -0.55874 -0.10499 0.50582 -0.38201 -0.22087 -0.39651 0.36708 0.63093 0.83421 -0.51666 0.85349
1.5218 -0.58558 -1.6026 1.5328 0.80645 2.0001 0.34356 -0.91133 -0.032637 -0.62189 -0.90151 0.66352 -0.15817 1.8311 -2.1865 -2.2524 1.7509 0.79406 1.6547 -0.76065 -1.2467 -0.20132 0.67506 0.12577 0.45456 1.4524 -0.81025 0.37005 0.43785 -1.2153 0.4733 -1.2205 -0.27467 0.0035133 0.9491 0.70456 0.65905 -0.74931 0.050036
2.1109 -0.94421 -2.048 1.8908 -0.045844 2.8187 0.11787 -0.98427 -0.28312 -0.32644 -0.78005 -0.13342 0.27412 1.6905 -1.808 -2.1921 1.1428 1.1018 0.79099 -0.79928 -1.1455 0.023643 0.87237 0.49862 -0.082668 1.4045 -1.3621 1.4719 1.344 -1.7509 -0.21833 -1.6701 0.12452 0.67339 0.67682 0.78726 0.31867 -0.91687 -0.74849
1.0347 -0.82279 -1.4541 0.9608 0.32583 2.055 -0.084894 -0.69146 0.33281 0.51634 -0.52448 0.38808 0.28567 0.70013 -1.1231 -1.4477 0.35959 1.0569 -0.0046855 -0.43991 -0.85591 0.40561 1.1594 0.51076 -0.39431 0.93888 -1.6549 1.8082 1.6711 -1.5628 -0.31197 -1.6422 0.50492 1.1948 0.19717 0.47355 0.12376 -0.45434 -1.1465
1.4914 -1.0573 -1.7378 0.85662 0.15005 1.9435 -0.039795 -1.3233 0.41455 0.45579 -0.75831 0.22619 0.39371 -0.17147 0.00036582 -0.24815 -0.50892 0.17497 -0.75855 -0.15649 -0.029179 0.17338 1.508 0.38013 -0.52664 0.26888 -1.0762 1.2562 1.6318 -0.67334 -0.41591 -0.78934 0.096071 0.97819 -0.43064 -0.22135 -0.062886 0.02319 -1.0012
1.5396 -0.76 -1.9623 0.90573 0.52798 1.3406 -0.43915 -0.87668 -0.27802 0.68162 -0.39617 -0.66482 0.47542 -0.30872 0.037561 -0.11945 -0.45816 0.69864 -0.79005 -0.071499 0.32123 0.063023 1.2776 0.41003 -0.20078 0.081503 -0.31296 0.35911 1.1039 0.22277 -0.033066 0.014141 -0.24277 0.80981 -0.82358 -0.97137 0.13655 0.39162 -0.42489
1.394 -0.80858 -2.0492 1.0017 0.83045 1.4012 0.54195 -1.0471 0.46156 1.6461 -0.28944 0.088504 0.19201 0.19723 -0.2177 0.17576 0.25755 0.54093 -0.36149 -0.79259 0.0075525 -0.59354 0.39598 0.44264 -0.16173 0.14052 -0.1114 -0.54058 0.55298 0.7381 0.42752 0.43975 -0.50133 0.54179 -0.89289 -1.7349 0.36746 0.68327 0.27807
1.5035 -0.69327 -1.9527 1.0034 0.46286 1.4221 -0.12364 -0.89078 -0.030741 1.2942 -0.436 -0.18313 0.33922 -0.06686 -0.39986 0.39375 0.43623 0.80117 -0.171 -0.61027 0.56855 -0.70521 -0.14562 0.72721 0.1315 0.28597 -0.79932 -0.63576 0.64231 0.54478 0.66638 0.059004 -0.4706 0.50603 -1.0336 -2.2118 0.34085 0.57003 0.75345
1.2328 -1.0395 -1.8652 0.7858 0.88766 1.5875 -0.17869 -0.29971 0.030401 1.5484 -0.096608 -0.12717 0.45839 -0.5013 -0.72752 0.52728 0.51241 0.85366 -0.20032 -0.89387 0.81434 -1.0613 -1.1113 0.87918 0.56212 0.63961 -1.5668 -0.43015 0.73041 0.19983 1.2194 -0.59212 -0.29099 0.3064 -0.88468 -2.133 0.37811 0.5339 0.90742
1.617 -1.2651 -1.0137 1.5298 0.82326 1.421 -1.7029 -1.376 -0.64365 0.47556 0.015524 0.11803 0.55191 -1.4439 -0.81926 0.90243 0.50454 1.6885 -0.75035 -0.96601 0.82154 -1.5747 -2.2176 0.80216 0.47994 1.1097 -1.7224 -0.11315 0.73549 0.1128 1.1681 -0.90924 -0.42829 -0.37542 -0.7991 -1.6963 0.27589 0.19361 0.74445
1.3715 -1.3959 -1.6209 1.462 1.3705 1.4236 -0.18907 -0.082789 -0.5585 0.35137 0.47406 -0.0026837 0.79203 -2.0217 -0.76301 1.2824 0.63836 2.2073 -1.2298 -1.1998 0.43048 -1.7629 -2.6652 1.0817 0.63898 1.267 -1.3312 0.28149 0.52492 -0.15495 0.71817 -0.81915 -0.024364 -0.68163 -0.13122 -0.47999 0.12389 -0.27547 0.33589
0.53964 -1.5491 -1.4733 1.5413 1.5788 0.85411 -1.2382 0.30872 -1.4251 -0.53593 0.83757 0.34821 1.2092 -2.5026 -0.58718 1.3866 0.61788 2.145 -1.4368 -1.3176 0.099866 -1.8048 -2.6252 1.121 0.4302 1.2347 -0.35263 0.44692 0.30651 -0.34904 -0.31025 -0.18612 0.23455 -1.0367 0.62942 0.79997 -0.28421 -0.53302 -0.18628
-0.84214 -1.6638 -0.58496 1.5182 2.961 0.092325 -0.67213 -0.23762 -1.4111 -1.4704 0.40128 0.58673 1.5915 -2.4427 -0.364 1.2652 0.17631 1.8619 -1.4608 -0.7686 -0.028882 -1.1969 -1.8226 0.94497 0.044924 1.1479 0.58581 0.48972 -0.04371 -0.3801 -1.1093 0.54767 0.66294 -1.0353 0.92081 1.7562 -0.87901 -0.63745 -0.58551
-0.72385 -1.6208 -1.9174e-05 1.9078 2.7992 -0.24168 -2.389 -0.62343 -2.1623 -2.0555 1.2807 0.46525 1.752 -1.8896 -0.2522 1.4861 0.07624 1.3054 -0.9958 -0.71309 -0.78304 -0.742 -1.0901 0.37127 -0.24782 0.85609 1.2869 0.43635 -0.37843 -0.18462 -1.6444 0.99184 0.69345 -0.94352 0.79182 2.189 -1.0081 -0.22883 -0.83238
-1.3851 -1.8194 -0.017395 1.8663 2.8983 -0.18792 -2.2411 -0.56524 -2.105 -1.7703 1.4902 0.24278 1.7182 -1.2444 -0.089672 1.1584 0.18906 0.67878 -0.37068 -0.17472 -0.95973 -0.65518 -0.043196 -0.098587 -0.24254 0.46737 1.3058 0.36239 -0.58644 0.080209 -1.5136 1.1239 0.94262 -0.66516 0.62006 2.0035 -0.98435 0.38131 -0.86488
-0.92247 -1.6436 0.043494 1.5129 2.7458 -0.52239 -1.5075 -0.82613 -1.6537 -1.4886 1.2232 -0.030658 1.9162 -0.71787 0.0239 0.7452 0.27398 -0.14432 -0.030239 -0.22607 -1.1035 -0.66825 0.70763 -0.14154 0.11928 0.16808 1.0638 0.34631 -0.68442 0.021722 -1.1224 0.79276 1.1106 -0.24888 0.51814 1.4582 -0.71191 0.75866 -0.63307
-1.1825 -1.7545 0.25397 1.5184 2.9585 0.12555 -0.92911 -0.86374 -1.6046 -1.2215 0.67061 -0.14675 1.8911 -0.60962 0.11788 0.55524 0.25827 -0.066205 0.26727 0.87593 -1.0435 -0.13492 1.1441 -0.54082 0.55031 0.029975 0.96267 0.2287 -0.65802 -0.29303 -0.74859 0.2412 1.1952 -0.12911 0.59517 0.73902 -0.51517 0.64202 -0.4637
-1.607 -1.6475 0.3488 2.0757 2.8141 0.060148 -1.7006 -1.2195 -2.7319 -0.94464 0.49773 0.50141 1.8347 -0.23689 0.23604 0.52562 0.10799 -0.29339 0.246 0.98643 -1.1772 -0.086367 1.132 -0.66615 0.75195 0.0052667 1.1226 0.19679 -0.93497 -0.79327 -0.67377 0.11617 1.4493 0.23218 0.93925 0.28928 -0.4394 -0.016107 -0.42561
-1.7243 -1.6195 0.63127 2.1129 2.6636 -0.29251 -2.0134 -2.0522 -2.4891 -0.8311 0.9259 0.89002 1.7946 0.29774 0.19224 0.055078 -0.27765 -0.56646 -0.030834 1.6134 -1.1464 0.108 1.176 -0.74555 0.61871 -0.23401 1.469 0.20906 -1.1489 -1.25 -1.1584 0.22841 1.1861 0.88763 1.4743 -0.15114 -0.24755 -0.8382 -0.5271
-1.4599 -1.5271 0.61115 2.1117 2.8063 0.24183 -0.66436 -1.6879 -1.833 -0.36027 0.78173 0.88623 1.7838 0.90759 0.31935 -0.7313 -0.98688 -1.0836 0.35133 2.3091 -0.63437 0.88247 1.2574 -0.81393 0.029135 -0.41824 1.571 0.40162 -1.0074 -1.3606 -1.7179 0.31488 0.42078 1.6245 1.7168 -0.54706 -0.34327 -1.1649 -0.77238
-1.3029 -1.4932 0.56237 1.4925 2.4203 0.00080601 -0.40342 -2.0589 -1.8853 -0.17603 0.31674 0.70511 1.8477 1.5395 0.43014 -0.93949 -1.6171 -1.7051 0.66746 2.5907 0.26605 2.014 0.79934 -0.9011 -0.68509 -0.64839 1.072 1.0512 -0.071359 -0.97084 -2.1266 0.19188 -0.89796 2.0673 1.3443 -0.7972 -0.28855 -1.01 -1.2639
-0.29558 -1.4918 -0.14113 0.88894 2.0791 -0.58028 1.119 -2.2735 -1.5947 0.19098 -0.18653 0.43506 1.5202 2.0528 0.80507 -0.83792 -1.8616 -2.7332 0.51947 1.3396 1.0053 2.0294 0.27611 -1.1925 -0.80528 -1.0929 0.059182 1.6082 0.72383 -0.19653 -1.3999 -0.35226 -1.8637 2.1325 0.37463 -0.97874 0.054197 -0.45231 -1.6813
-0.40117 -1.2942 -0.91838 0.31882 1.5696 1.2568 1.4018 -1.4972 -0.93338 0.54958 -0.36604 -0.017401 1.2939 1.7105 1.7642 -0.017092 -1.7167 -3.4631 0.26624 0.29618 1.7084 1.9342 0.14087 -1.0632 -0.88291 -2.0342 -1.104 1.7185 1.0345 0.49793 -0.12614 -0.72627 -2.354 1.6253 -0.55405 -0.82275 0.41608 0.13099 -1.5513
0.16271 -1.0606 -0.32089 0.088152 0.70595 0.83348 0.75222 -0.86504 -0.086143 -0.28854 -0.19889 -0.098878 1.0334 0.92948 2.4335 0.15627 -1.2979 -2.6594 -0.13516 -0.28176 2.4347 1.5803 -0.28865 -0.63135 -0.74549 -2.5694 -1.7023 1.1556 0.90882 0.6961 1.426 -0.91372 -1.417 0.52693 -0.77756 -0.50193 0.84546 0.41825 -0.79129
0.94351 -0.4731 0.0032333 -0.27863 -0.58522 0.084798 -0.79779 -0.72541 -0.17947 -0.48707 -0.69111 0.19989 0.4187 0.051839 2.5886 0.48807 -0.9005 -1.9769 -0.42657 -1.3196 2.4414 1.2283 -0.49326 -0.43771 -0.49524 -2.5342 -1.9553 0.072943 0.12113 0.5786 2.5569 -0.65861 -0.20739 -0.90173 -0.79689 -0.22983 0.85429 0.37954 0.42595
0.2662 0.9847 1.0026 -0.25196 -0.98017 0.32017 0.3454 0.47449 0.13903 0.34944 -0.76661 -0.33658 -0.93615 -0.2766 2.389 0.60123 -0.88336 -1.0061 -0.92346 -0.69494 1.5796 0.97072 -0.36421 0.00097226 -0.24095 -2.1803 -1.8039 -1.0884 -0.3297 0.63806 2.7138 -0.093155 0.92085 -1.9952 -0.24407 -0.13591 0.91664 0.145 1.5432
-0.28649 1.1819 -0.18911 -0.43309 0.37857 -0.53027 0.28638 0.87914 -0.34698 -0.51843 -0.49701 -0.32513 -1.0666 -1.3143 1.9043 -0.0081815 -0.76763 0.15137 -0.62813 0.085298 0.54123 0.79265 -0.25496 0.1425 -0.44957 -1.5054 -1.4504 -2.17 -0.67366 0.51272 2.1903 0.89163 1.2077 -2.4195 0.16965 -0.022704 1.1496 -0.052936 2.4266
-0.29488 1.0684 -0.06235 -0.50292 -0.13458 -0.21223 -0.68651 0.73709 0.22158 -0.33255 -0.80831 -0.26959 -1.0269 -1.7345 0.87871 -0.20003 -0.09166 0.99103 -0.21281 0.86019 -0.15052 1.3448 -0.6606 0.71112 -0.52231 -0.46911 -0.71198 -2.57 -0.39149 0.2539 1.073 1.4666 0.4332 -1.7725 0.15714 0.089895 0.85223 -0.51115 2.694
-0.22093 1.2505 0.21411 -1.2042 -0.011562 0.016995 0.59414 0.15362 0.71421 -0.15564 0.0071381 -0.22661 -0.94767 -1.9108 -0.42961 -0.35342 -0.26896 0.82662 0.97299 0.3224 -0.98181 1.3311 -0.37996 1.2533 -0.47953 0.72049 0.32481 -2.245 0.15481 -0.28911 0.24578 1.1529 -0.015612 -0.71212 -0.56569 0.086163 0.37018 -0.65963 2.3553
-1.4513 1.3625 -0.12921 -0.92381 0.30713 -0.4038 0.3609 -0.43856 0.75197 -0.79193 -0.31887 -0.73773 -0.86367 -1.3008 -0.91146 0.054856 -0.61189 0.51113 1.1596 0.053277 -0.79904 0.96882 -0.11985 0.9638 -1.2098 1.2697 0.92066 -1.3765 0.27123 -1.0098 -0.17458 0.51694 -0.46799 0.27336 -1.3341 0.43841 -0.48898 -0.48497 1.4191
-1.3379 0.91501 0.20292 0.20846 0.46517 -0.11575 0.86907 -0.20964 1.5599 -1.2303 0.37935 -0.60684 -0.55432 -0.93124 -1.1041 0.15821 -1.0496 0.80453 0.95353 0.45575 -0.39268 -0.050393 -0.35065 0.67862 -1.368 1.6147 1.6635 -0.20288 0.34247 -0.88784 -0.29857 -0.15887 -0.20451 0.97605 -1.437 0.59944 -0.89697 0.20102 0.011531
-2.3989 0.25606 0.025078 -1.1493 0.29714 2.3455 0.2861 -0.46677 1.1668 0.19823 1.1724 -0.95145 0.024988 -0.51962 -1.1808 0.053829 -1.6539 0.68269 0.81621 -0.14641 0.045691 -0.37572 0.1775 0.1357 -1.0129 1.4884 2.0312 0.79305 0.2186 -0.1311 -0.82677 -0.58174 -0.23842 0.75104 -1.2711 0.85627 -1.1231 1.1995 -1.3467
-1.0623 0.1166 -0.13569 -1.8414 0.84561 0.47756 -0.32659 0.1229 0.53428 -0.73291 0.13111 -2.1126 0.49322 0.78056 -0.65568 0.28884 -1.4618 0.20537 0.83725 0.010545 0.33369 -0.59276 0.63411 0.080307 -0.22698 0.63288 2.1114 1.5827 0.25408 1.4075 -1.6581 -1.2748 0.0020346 0.51561 -0.42275 0.62447 -1.2107 1.7832 -2.3898
-1.2415 0.11048 0.44168 -2.3391 0.73977 0.75717 0.90366 -0.070052 0.076397 -0.99356 0.08007 -1.6152 0.75881 1.6071 0.23137 0.40164 -0.63851 -0.6453 0.080106 -0.2038 0.17631 -1.0581 1.0449 -0.72561 0.44214 -0.51698 1.3063 1.7377 0.16068 2.6233 -1.8762 -1.3915 0.13808 0.45323 0.19894 0.23654 -0.81327 1.8015 -2.5369
-1.4658 0.1238 0.052231 -3.2501 0.79611 0.92097 0.34894 -0.13068 0.76671 0.23439 0.14112 -1.1282 0.42586 1.918 0.92682 0.46218 1.2214 -1.4363 -1.1766 0.48682 0.46273 -0.4835 0.42656 -1.0347 1.2211 -1.4261 0.21079 1.1041 -0.3067 2.6303 -1.0856 -1.3029 -0.37515 0.55455 0.1417 -0.25481 -0.45408 1.1378 -1.6873
-0.2058 0.70292 0.42547 -1.4693 0.30173 1.3588 0.54136 0.046139 0.49556 0.03344 0.40382 -0.63994 -0.56976 1.3314 1.0338 0.27188 2.1628 -1.7814 -0.90414 -0.10943 0.79118 -0.087941 0.74542 -0.74529 1.6139 -1.7747 -0.54897 0.19708 -0.31219 1.5056 0.13259 -0.82731 -0.50363 0.61014 -0.20265 -0.51143 0.027099 -0.00518 -0.31614
0.50755 1.0547 0.7003 -0.53575 -0.69154 0.56995 0.07426 -0.12391 -0.095444 0.84619 -0.62028 -0.32168 -1.1107 1.3069 0.84973 -0.20806 2.3097 -1.1337 -1.2241 -0.79044 1.0161 -0.83825 0.30216 -0.71068 1.294 -1.5925 -1.0107 -0.67055 -0.19344 -0.5036 1.2282 -0.24845 -0.54047 0.15334 -0.59431 -0.27807 0.27087 -0.95959 0.9746
-0.0058881 1.1869 0.4256 0.37613 -1.1277 -0.64318 1.1547 0.59626 0.50409 -0.23918 -0.59842 -0.14539 -1.1516 0.89242 0.60305 0.16479 1.7881 -0.58067 -1.5158 -0.57655 0.98811 -1.2597 0.13142 -0.8342 0.37023 -0.96675 -1.0625 -1.5192 -0.18096 -1.0423 1.9936 -0.11482 0.65567 -0.52884 -0.82425 -0.51196 0.78875 -1.2228 1.866
0.086341 1.0445 0.21692 0.21132 -0.63089 -0.56926 -0.60854 1.2949 0.33894 0.20445 -0.71314 -0.27777 -1.0668 0.26113 -0.029886 0.16392 0.44689 0.088752 -1.354 -0.36485 0.64204 -0.9801 0.20711 -0.50405 0.018625 -0.17791 -0.7499 -1.8147 -0.18736 -0.59569 1.3903 0.30666 1.4643 -0.92049 -0.31221 -0.29312 1.3676 -0.75784 1.9325
0.23921 0.94345 -0.10528 -0.16951 0.11733 -0.41832 -0.26346 0.88115 -1.2524 -0.19292 -0.49334 0.11881 -1.0545 -0.11823 -1.1708 -0.24279 1.078 1.0667 -1.0601 0.99055 0.045301 -1.5125 -0.18375 0.55694 -0.066086 0.67925 -0.084069 -1.5804 -0.71354 0.14294 0.45348 0.92133 1.2753 -0.99101 0.40204 -0.23669 1.5616 -0.068897 1.4443
0.14408 1.109 0.90307 -0.42665 -0.15486 -1.0246 -0.049818 0.86665 -0.61788 0.92137 -0.96867 -0.96659 -1.0886 0.41947 -1.4204 -0.34481 1.5226 0.45053 -0.84546 1.3599 -0.14048 -1.2876 -0.095687 1.0268 0.065976 0.85821 0.56605 -1.0321 -1.0799 0.50238 -0.44702 1.2358 0.28268 -0.64704 1.2339 -0.41629 0.99541 0.20138 0.94569
0.47841 0.69442 0.80132 -0.38712 -0.31844 -0.78949 0.36747 0.59995 -0.44904 0.45304 -0.43792 -0.29489 -0.95305 0.65502 -1.4523 -0.89691 1.5539 0.013625 0.043086 1.116 -0.37375 -0.39871 -0.164 1.178 0.19166 0.9624 0.89782 -0.30889 -1.4036 -0.43889 -0.66451 1.3342 -1.1506 -0.17975 1.5635 -0.58693 0.02371 0.40336 0.55129
-0.057667 -0.84704 -0.28802 2.5545 0.52519 -1.6384 2.4596 0.087798 -2.0225 -0.21071 0.56805 -0.15279 0.043581 0.92169 -1.6885 -1.5042 1.2161 -0.1789 0.52499 0.13743 -0.2911 0.66437 -0.5953 0.95784 0.24145 1.2837 0.59022 0.16898 -1.2971 -1.4164 0.18257 1.2655 -1.695 0.33404 1.1837 -0.52358 -0.71724 -0.034935 0.32938
0.84565 -0.14928 -0.26061 2.2385 -0.9486 -1.7686 1.7022 1.1808 -0.64709 -0.34456 0.73526 0.0038031 -0.30902 1.293 -1.5814 -2.2585 0.39609 0.20819 0.87829 -0.70666 -0.19275 0.30508 -1.055 0.63883 0.57644 1.402 0.42971 0.7969 -0.46402 -2.0589 0.66444 0.83484 -1.7292 0.65262 0.66241 -0.081713 -1.1376 -0.28676 -0.090869
1.0482 -0.31534 -1.1478 1.0333 -0.12971 0.62571 -0.4518 0.557 -0.37948 0.36897 0.4822 -0.13507 -0.12816 1.1925 -1.0715 -2.062 -0.64695 0.65631 1.2257 -1.1285 0.3675 0.47175 -0.64928 0.028424 -0.21765 1.1982 -0.21797 0.94217 0.38358 -1.5368 0.96793 0.35295 -0.80265 0.52264 -0.045368 0.47616 -0.85066 -0.25388 -0.4092
1.3379 -1.0123 -1.5085 0.6561 -0.019071 0.011003 -0.14095 0.26761 -0.12561 -0.80137 0.20836 -0.10165 0.50908 1.314 -0.38703 -1.4715 -1.5206 0.73887 1.3361 -1.7194 0.46082 0.87252 -0.28549 -0.37165 -0.14203 0.85351 -0.67755 0.81675 1.1921 -0.34083 0.44933 -0.52542 0.3877 0.46255 -0.25331 0.59685 -0.27506 -0.12904 -0.5708
1.7572 -0.91471 -1.9586 0.24566 0.23172 -0.29385 -0.16981 0.50946 -0.83834 -0.66789 0.012832 -0.021046 0.63552 0.50468 -0.6599 -1.1798 -0.80969 1.2275 0.99343 -0.96703 0.3153 0.28421 -0.054599 -0.041766 0.099081 0.86739 -0.95599 0.53438 1.3228 0.63511 -0.092086 -1.0695 1.1232 0.20771 -0.52619 0.42032 0.48646 0.39886 -0.59171
1.4612 -0.99383 -1.9498 0.23375 0.74274 0.54246 0.44147 1.3629 -0.55549 -0.44871 0.19764 -0.80061 0.63714 0.37828 -0.37901 -0.48259 -0.1658 0.69053 -0.032607 -0.011841 0.65989 -0.071112 -0.19455 0.1909 0.15045 0.60332 -1.2857 0.24532 1.3519 0.91228 -0.49538 -1.1386 1.4109 -0.0086266 -0.57851 0.15587 0.80315 0.59369 -0.43187
1.8916 -0.81235 -1.9481 0.77575 0.60131 0.20389 -0.29755 0.91548 -0.31877 -0.37116 0.32461 0.038445 0.76604 -0.11457 -0.1572 -0.097276 -0.057405 0.50486 -0.18512 0.26782 0.64223 -0.016543 0.12318 0.61604 0.35794 0.32383 -1.0021 0.27462 1.2713 0.23281 -0.95997 -0.88419 0.99947 -0.42838 -0.44534 0.15676 0.51485 0.60726 -0.32632
1.2452 -1.0677 -2.0317 0.74526 0.51486 0.62052 -0.55742 1.2081 -0.040731 -0.047045 0.78488 0.27965 0.68612 -0.76255 -0.22156 0.50045 -0.087295 0.22174 -0.3054 0.49006 0.28769 -0.031199 -0.065511 0.73055 0.81553 0.39638 -0.83439 0.078562 0.78884 -0.28528 -0.84976 -0.20956 0.77869 -0.95075 -0.48818 0.29973 0.0059074 -0.025816 -0.13234
1.8193 -1.0255 -1.8088 0.4153 0.62818 -0.031144 -0.13786 1.1408 -0.77515 -0.61252 0.42814 -0.15137 0.84655 -0.7854 -0.27098 0.6924 -0.36942 -0.22623 -0.60155 0.78403 -0.25322 -0.55062 0.19147 0.6077 0.87898 0.42064 -0.25129 0.15264 0.42339 -0.18843 -0.76711 0.10538 0.66546 -1.2904 -0.36357 0.32158 -0.50417 -0.74994 -0.094312
1.1526 -1.2078 -1.7885 0.23038 0.69505 -0.62698 0.73722 1.2079 -0.40241 -0.66775 1.0712 0.28351 0.96153 -0.83577 -0.1946 0.59189 -0.54433 -0.44002 -0.23134 1.2895 -0.57406 -0.6959 0.3571 0.21085 -0.18421 0.33307 0.096697 0.32422 0.071209 0.12033 -0.73848 0.76717 0.14804 -1.2072 0.62827 0.50785 -0.64809 -1.3025 -0.27739
0.49575 -1.1165 -1.0808 0.15984 0.64682 -0.1505 0.60147 1.1119 -0.87896 -0.54327 0.97416 0.86142 1.1386 -0.54625 0.08536 0.64877 -0.17385 -0.51631 -0.010818 1.2005 -1.2114 -0.3522 0.53973 -0.013856 -0.57357 0.19802 0.26347 0.47109 -0.046729 0.22904 -0.57263 1.0917 -0.7302 -0.83792 1.7065 0.31385 -0.77873 -1.2232 -0.44828
0.8864 -1.2532 -1.1793 -0.016111 0.23736 -0.20401 1.0344 0.68431 -1.1307 0.32439 0.98695 0.3139 1.0889 -0.70519 0.15397 0.6611 0.074288 -0.93538 0.90978 0.57691 -1.37 0.98317 0.74678 -0.10391 -0.92523 0.040292 0.33435 0.6046 -0.030895 0.011897 -0.2849 0.675 -1.361 -0.21177 2.3043 0.19994 -0.40682 -0.40526 -0.66756
0.93657 -1.0229 -1.5376 0.1496 -0.020123 0.24979 1.0538 0.061078 -0.90047 0.16622 0.4844 -0.71046 1.0271 -0.36454 0.36323 0.57798 -0.20659 -0.99166 0.97563 -0.3253 -1.3366 1.6602 0.6096 -0.61207 -1.0688 -0.18965 0.17373 0.83546 0.15336 -0.37645 -0.26773 0.17044 -1.3488 0.61418 1.4906 -0.27498 -0.38808 0.42376 -0.90173
0.85685 -0.89006 -1.0762 0.60494 0.16192 0.25797 1.0259 -0.43272 -0.40985 0.30442 0.77561 -0.49804 0.89568 -0.30905 0.70659 0.57683 -0.48084 -0.714 0.60504 -0.67778 -0.88161 2.422 0.71587 -0.20696 -0.72193 -0.60099 0.37286 1.0629 0.4608 -0.45747 0.087885 -0.79089 -0.73276 1.2554 -0.26099 -0.35765 -0.38003 1.1737 -1.1216
0.49108 -0.97476 -0.76652 0.31812 -0.48697 1.3373 0.71847 -0.27945 1.0573 0.15001 0.59771 -0.92569 1.0027 -0.42455 1.2497 0.98204 -0.60928 -1.1087 0.4806 -0.87782 -0.35995 1.5909 0.034677 -0.64599 0.093281 -1.0057 0.2902 1.052 0.37615 -0.14529 0.26986 -1.1215 0.097516 1.3993 -1.6335 -0.23167 -0.41171 1.1651 -1.1926
0.45761 -0.73429 -0.8399 -0.55416 -0.31825 0.47108 0.013734 -0.28723 1.1623 0.2285 0.12463 -0.35104 0.75821 0.013797 1.5459 1.3202 -0.59592 -0.73881 -0.39091 -0.61756 0.37526 0.53408 0.35458 -0.7563 0.66791 -1.4482 0.20176 0.65051 0.27801 0.45947 0.46937 -1.2178 0.76126 1.2517 -2.7228 -0.26196 -0.51622 0.55875 -0.95339
0.33142 -0.14086 -0.37397 -0.61611 -0.12111 0.42497 0.023418 0.021921 1.4709 1.1066 1.1021 -0.050297 0.23357 0.0097664 1.7599 0.91047 -0.40958 -0.52407 -0.72364 -0.16161 0.52395 -0.34498 0.35311 -1.063 0.3943 -1.7828 -0.011353 -0.33119 0.1347 1.2198 0.35941 -0.57385 1.2216 0.79946 -2.4438 -0.085379 0.034568 -0.18113 -0.18322
0.59688 0.47041 -0.003617 -0.48178 -1.5405 0.70881 0.2787 -0.10724 -0.27045 -0.16339 -0.54771 -0.027871 -0.23266 -0.15447 1.5713 1.1349 0.34248 -0.20344 -1.1792 0.48857 0.90351 -1.5159 0.061194 -0.90959 0.14907 -1.8242 -0.5881 -1.1263 0.18093 1.1791 -0.031895 0.26293 0.98962 -0.0036049 -1.3374 -0.59634 0.10649 -0.75515 0.73392
1.1999 0.71523 0.34781 -0.14748 -0.34577 -0.65877 0.5367 0.49942 -0.15698 0.96188 -0.37522 -0.0588 -0.69484 -0.36382 0.65365 1.3313 1.3329 -0.76517 -0.24738 1.0164 0.80038 -1.7887 0.025833 -0.50268 -0.012543 -1.1256 -1.1845 -1.5251 0.35249 0.41274 0.27696 0.72846 0.39291 -0.52444 0.769 -0.71753 0.72866 -0.66454 1.4533
0.36673 0.90908 -0.21595 -0.029692 -0.47647 -0.17109 0.74571 0.052237 0.19542 0.6933 -0.57551 -0.45511 -1.0034 -0.8922 0.13626 1.4521 0.86443 -0.68898 -0.10842 0.77569 0.23629 -1.1612 -0.62093 -0.84212 -0.56981 -0.53216 -1.2369 -1.0858 -0.12119 -0.63226 0.45094 0.86667 -0.30496 -0.83774 2.2033 -0.88273 0.79743 -0.47533 1.5233
-0.03225 0.61538 0.92399 0.55444 -0.6805 -0.60595 1.078 1.1865 -0.64326 0.059362 -0.34176 -0.59842 -0.95257 -1.82 -0.17714 1.4122 0.16114 0.18626 0.17552 0.48083 -0.06752 0.84409 -0.67826 0.20214 -0.51756 0.033669 -0.65685 -0.1355 -0.55661 -1.552 1.1586 0.15564 -0.95744 -0.57229 2.4003 -0.54509 0.6759 -0.29805 0.92942
0.070268 -0.14697 1.1199 1.4471 -1.6862 0.87105 1.2547 0.52076 -0.98535 0.73595 0.06039 0.099791 -0.3166 -1.7222 0.094218 0.87652 -0.28531 0.091611 0.31523 0.14327 -0.14364 1.1105 -1.2772 0.15895 -0.51509 0.17708 0.18896 0.54112 -1.0487 -1.4956 1.204 -0.28977 -1.0009 -0.32526 1.8488 0.097201 0.66867 0.0033125 0.29113
-0.65333 0.56437 1.6897 -0.23962 -1.1613 0.039539 0.79901 -0.15823 -0.1101 -0.48983 -1.0701 -1.0886 -0.62844 -1.1691 0.43083 0.59393 -1.1061 0.84863 -0.14921 -0.58856 -0.019668 1.3721 -0.68651 0.20199 -0.6243 0.095362 0.88548 0.81038 -1.4285 -0.95415 0.92408 -0.88287 -0.73778 -0.015468 0.28849 0.27813 0.19 -0.11181 -0.27864
-1.6415 0.59136 1.5786 -0.57145 -0.26528 0.29196 0.93694 0.012421 1.6502 -0.631 0.16161 -0.55848 -0.44328 -0.86966 0.76226 -0.076292 -1.4054 1.063 -0.51046 -0.6979 -0.35923 1.8808 -0.42087 0.35032 -0.53599 -0.067945 1.3354 0.15265 -1.3331 0.099637 0.26772 -0.5139 -0.43672 0.13345 -0.54103 0.71181 0.47653 0.26709 -0.15064
-0.63449 1.125 0.70768 -0.16771 -0.16853 -0.4639 0.81362 0.65373 0.75565 -0.683 -0.25737 -0.85387 -0.84341 -0.60679 0.88597 -0.75303 -1.1225 1.2959 -1.1404 -0.57939 0.01847 0.96219 -0.56219 0.44904 -0.74244 -0.31332 1.4475 -0.95313 -1.1906 0.93155 -1.0251 0.33054 -0.12501 -7.292e-05 -1.2382 0.75708 0.24784 0.94366 0.44332
-0.95269 1.14 1.0009 -1.3367 0.23051 -0.42665 -0.15961 0.51354 0.93731 0.20488 -0.20779 -1.3036 -0.85508 0.47044 0.1227 -0.91462 -0.058258 0.31943 -0.1936 -0.73855 0.079775 0.32865 0.039703 0.88669 0.018825 0.12862 1.5812 -1.9531 -0.92985 1.0686 -1.3596 1.0447 0.30973 -0.2905 -1.1003 0.64111 -0.11159 1.6101 1.2799
-1.0587 1.0134 1.1667 -0.73667 -0.38091 -0.7612 0.60457 0.15305 1.2979 -0.38921 0.33827 -0.80875 -0.65086 0.84244 -0.91171 -1.1875 0.067448 -0.58125 0.34572 -0.82056 -0.23365 -0.090827 0.5494 0.37909 0.84124 0.74979 1.306 -2.2686 -0.97064 0.82145 -0.74622 1.4094 0.84499 -0.81318 -0.36888 0.40286 -0.31075 1.7997 1.7745
-1.0738 1.0473 0.094121 -0.46392 -0.043748 -0.99866 0.58111 0.16196 0.094458 -0.78105 0.22604 -1.3047 -0.7558 1.3352 -1.7361 -1.5762 0.11504 -0.38299 0.80183 0.041921 -0.74307 0.41601 0.26629 0.19248 1.6643 1.5695 0.40065 -1.6981 -0.92145 0.31605 1.1391 0.81181 0.58413 -0.9292 -0.30926 -0.063318 -0.54945 0.94511 1.5697
0.045207 0.53233 0.62434 -0.26565 -0.66988 0.54265 -0.3888 0.051882 1.3336 -0.36304 0.59758 -0.60253 -0.24273 1.38 -2.1292 -2.215 0.42249 0.33147 1.1332 0.72269 -1.0076 0.24097 0.10883 0.24977 1.7823 1.9724 -0.40483 -0.82828 0.097631 0.30451 2.226 0.22993 0.020641 -0.54692 -0.59879 -0.40845 -0.35776 0.33389 0.95505
-0.38649 -0.70188 -0.53125 -0.66309 -0.89435 0.60073 -0.17105 0.02366 1.3428 0.70648 0.28017 0.86591 0.53549 0.94221 -2.2232 -2.1024 0.40666 1.8332 1.0108 -0.34083 -1.1767 -0.40771 0.14692 -0.018777 1.294 2.1769 -1.1645 0.17497 1.2905 0.1628 1.9618 -0.67617 -0.47143 0.05458 -1.6517 -0.57197 -0.36956 -0.33168 -0.032682
1.2578 -0.7632 -1.3636 -0.53453 -0.01976 0.25909 1.2562 -0.54976 1.2252 -0.41355 -0.23154 0.8119 1.0509 0.28597 -2.1139 -0.73654 0.54149 2.175 0.69706 -0.58951 -0.98183 -0.76948 -0.16837 -0.14511 1.6265 2.0651 -1.3678 1.071 2.4847 0.15807 0.53211 -1.1343 -0.48063 0.39175 -1.8616 -0.67563 -0.26009 -0.72507 -0.9025
-0.00031642 -1.1116 -1.7017 -0.48593 0.86329 0.96789 1.1549 -1.0843 0.99168 -0.0011958 0.71306 0.301 1.2967 -0.27926 -1.449 0.083899 0.39802 2.0992 -0.30308 -0.24879 -0.65345 -2.0606 -0.68733 -0.26084 1.0948 1.4701 -1.1629 1.4751 2.684 0.13538 -1.5008 -0.85028 0.36051 0.76126 -1.3134 -0.31931 0.032886 -0.59887 -1.4455
-0.31441 -1.3122 -1.338 0.25173 2.0939 0.3475 -1.0064 -1.2787 -0.064196 -0.53674 0.27969 0.11506 1.6517 -0.54784 -0.66707 1.3052 0.76004 1.1107 -0.43224 -0.2886 -0.56834 -2.2914 -0.76581 -0.085638 0.49709 0.80021 -0.31306 1.4466 1.7929 0.0084406 -2.6041 -0.43393 0.9851 0.6739 -0.47599 0.14735 -0.0010451 -0.59756 -1.5272
-0.39033 -1.5765 0.25971 0.31436 1.4399 0.60961 -0.6386 -0.64068 -0.33824 -0.75269 0.015588 1.513 1.6189 -0.79949 -0.39638 1.8596 0.5862 -0.26533 -0.089308 0.22974 -0.026747 -2.0209 -0.16021 0.015165 0.71045 0.36446 0.38305 1.0806 0.6422 -0.082558 -2.7253 0.41008 1.6222 0.36096 0.76848 0.59064 0.090955 -0.44916 -1.1657
0.031778 -1.4357 0.25668 -0.31437 0.84488 -0.20198 0.18548 -0.64017 -1.03 -0.78993 0.080145 1.2795 1.6046 -0.036731 -0.13927 1.7064 0.48776 -1.1963 -0.25726 1.1444 -0.093555 -1.6593 -0.13946 -0.27967 0.67288 0.034668 0.57526 0.65406 -0.7818 -0.33811 -1.6104 0.72865 1.6599 -0.20781 1.3543 0.46558 -0.0062601 -0.90491 -0.6771
-0.50785 -1.3557 0.43505 0.58893 0.33123 0.019993 0.56744 -1.2653 -1.0593 -0.40183 0.15286 1.0772 1.5663 0.17308 0.15306 1.0808 0.39641 -1.5121 0.41894 2.2852 -0.24459 -1.0113 0.1453 0.0029433 0.13927 -0.11829 0.32956 0.39356 -1.2804 -0.33686 -0.27258 0.97976 0.70369 -0.69944 1.2739 0.13319 -0.21466 -1.3721 -0.33005
-0.083277 -1.3051 0.52994 0.21873 0.26586 0.85864 1.739 -0.71998 -0.92479 -0.36782 0.27012 1.2453 1.5729 0.030143 0.18415 0.25202 0.21699 -1.0876 0.74855 2.0097 -0.82259 -0.37854 -0.013509 -0.085345 -0.93916 -0.10246 -0.061697 0.10282 -1.0278 -0.55224 0.53548 0.86206 -0.45872 -0.5351 1.0635 0.13082 -0.34699 -1.3687 -0.12325
-0.17792 -1.45 0.52652 0.508 0.28855 0.22023 1.2845 -1.4652 -1.3521 -0.49185 0.11036 0.95925 1.4313 -0.22422 0.11591 0.2197 0.086095 -0.80987 1.3357 1.2061 -0.89789 -0.38807 0.042031 -0.45777 -1.081 -0.1235 -0.060655 -0.0613 -0.42704 -0.43066 0.61958 -0.13221 -1.6397 -0.25863 0.85001 0.064607 -0.6464 -1.0141 -0.087568
-0.067382 -1.148 0.62796 0.80638 0.32242 1.2118 1.8922 -1.2323 -1.3604 -0.49928 0.18896 0.73176 1.5635 0.045164 0.048901 0.23829 -0.41414 -0.62928 0.98119 0.76264 -0.71091 -0.075487 0.17282 -0.66001 -1.308 -0.16917 0.24247 -0.038968 0.18493 -0.13629 0.11568 -0.93332 -2.1779 0.32708 0.84403 0.037764 -0.6231 -0.45357 -0.17744
-0.36525 -1.3861 0.49844 0.058843 -0.16462 1.3198 2.1187 -1.9081 -0.76541 -0.90634 -0.19417 0.071274 1.4973 0.050748 0.10556 0.30272 -0.1071 -0.67655 0.047526 -0.38011 -0.75378 0.34908 0.18532 -0.85196 -1.6029 -0.23097 0.49574 0.066303 0.35564 0.31465 -0.29138 -1.6022 -2.5235 0.5777 0.67261 -0.12074 -0.26001 0.064045 -0.36357
-0.5003 -1.2459 0.63147 0.01835 -0.31012 1.8892 1.5886 -1.9259 -1.8437 -0.28007 -0.60232 0.0012972 1.42 0.33989 0.11294 0.56018 0.070662 -0.96774 -0.43519 -1.565 -0.30851 0.75402 -0.0036402 -0.98912 -1.5541 -0.34691 0.63629 0.34881 0.13089 0.85327 -0.30675 -1.5545 -2.2417 0.97763 0.11641 -0.23803 0.074083 1.1024 -0.54519
-0.06888 -1.3211 0.865 -0.058742 -0.275 1.2232 1.9697 -1.8109 -0.81642 0.089145 -0.5336 -0.35593 1.3265 0.54524 0.19014 0.72492 0.4834 -1.1636 -1.0971 -2.6907 -0.068196 0.39041 -0.093346 -0.74951 -0.86366 -0.64791 0.81501 0.73805 -0.67136 0.48482 0.09605 -1.1229 -0.96689 1.2688 -0.32819 -0.22249 0.60713 1.9512 -0.76263
0.097835 -1.156 0.92498 0.60723 -0.37406 0.064674 0.62292 -1.8443 -0.4951 -0.39 -0.8133 -0.76217 1.2544 0.97535 0.60298 0.27668 0.98456 -0.93549 -1.4937 -2.5778 0.68696 0.098003 -0.13722 -0.57443 0.36287 -0.88145 0.26581 1.3139 -1.3181 -0.2382 0.39836 -0.3196 0.67398 1.4103 -0.63865 0.013542 0.87753 2.058 -1.0547
0.29177 -1.25 1.362 0.82106 -0.96153 0.002824 -1.0071 -1.752 -0.5234 -0.86517 -1.1756 -0.93603 1.0396 1.2418 1.1322 -0.79338 0.40872 -0.54041 -1.6231 -1.8138 1.0059 0.07265 -0.16737 0.023804 1.07 -1.2526 -0.45128 1.5761 -1.294 -0.88087 0.81488 0.82007 2.3034 1.6319 -0.09763 0.10554 0.80001 1.3413 -1.1331
0.37805 -0.90651 1.4516 1.1558 -1.2291 0.155 -1.1952 -1.5275 -1.2677 -0.65187 -0.64576 -0.042633 0.70185 0.4821 1.9125 -1.1175 -0.33438 -0.6002 -0.79514 -0.65401 1.663 -0.24921 0.068258 0.18737 1.3107 -1.8279 -1.057 1.2309 -0.75344 -1.1769 1.0867 1.2878 2.805 1.1401 0.70217 0.21622 0.6384 0.065954 -0.88777
0.85838 -0.49406 0.35388 1.1694 -1.0162 -0.57629 -0.29512 -0.79096 -1.0944 -0.59663 -1.1394 0.96183 0.40949 -0.047226 2.2609 -0.97018 -0.55741 0.073798 0.16804 0.9634 2.3455 0.37371 0.015904 0.29512 1.1506 -2.0908 -1.1359 0.37859 0.16422 -0.69723 1.1133 1.0526 2.3239 0.36848 1.3621 0.16961 0.21992 -1.2033 -0.27668
1.242 0.26122 -0.85397 -0.094562 -0.51211 -0.69914 0.0074128 -0.64752 -1.2959 -0.056773 -0.17432 0.91618 -0.14615 -0.34226 2.1653 -1.0249 -0.81199 0.63621 0.14339 1.6553 2.0462 1.1938 0.19618 0.42855 0.4204 -1.9631 -0.68124 -0.68764 0.81971 -0.11322 0.73997 0.47683 0.67754 -0.66097 1.5602 0.06371 0.088001 -1.7872 0.56367
-0.062018 1.0978 0.064353 -0.46159 -1.2536 0.079794 0.82113 0.49768 -0.59363 -0.036348 -0.54492 0.39066 -0.97591 -0.4545 1.6538 -0.52839 -0.69332 0.76655 -0.021416 1.6888 1.4739 1.7828 0.10399 0.29893 -0.76607 -1.6512 -0.22787 -1.5223 1.0678 0.19306 -0.10095 -0.002748 -0.9717 -1.3098 0.49124 0.34284 -0.06638 -1.3333 1.197
-0.037651 1.1633 0.5414 0.6313 -0.29266 0.67686 0.99443 1.205 0.23327 -1.0675 -0.73575 0.22275 -1.0608 -0.57975 1.0143 0.18813 -0.46419 0.32792 0.24014 0.33993 0.93142 1.8338 0.15568 0.34699 -1.1065 -1.0913 0.23321 -1.7819 0.81673 0.39031 -0.44059 -0.31291 -1.6122 -1.3075 -0.73139 0.69118 -0.2078 -0.35008 1.4889
0.21164 0.93267 -0.065443 -0.096425 -0.36754 -0.2419 0.56932 0.21846 0.52619 -0.31325 -0.37573 -0.1436 -1.0244 -0.35335 0.18666 0.40969 -0.3296 0.036882 0.11872 -0.32869 0.58406 0.92116 0.70494 0.22336 -0.61077 -0.49811 0.3829 -1.2706 0.36516 0.10781 -0.68465 -0.5082 -1.4278 -0.93592 -1.3603 0.92539 -0.38648 0.4628 1.2586
0.35079 0.9687 0.16481 0.20931 -0.36066 -0.58534 1.3764 0.21671 0.46901 -0.24079 -0.30451 -0.58653 -1.1503 0.037237 -0.2013 0.027023 -0.20606 0.21806 -0.53652 -0.56976 0.17643 0.29592 1.235 0.10273 -0.33917 -0.01688 0.27434 -0.61144 0.18848 -0.016726 -0.35956 -0.28765 -0.48323 -0.49249 -1.2015 0.37865 -0.63307 0.62125 0.79584
0.22981 1.0084 0.10224 -0.19659 -0.8289 0.00039277 -0.40963 0.63533 0.7786 -0.0072478 -0.34389 -0.027613 -0.96257 -0.055383 0.048482 0.23598 -0.58754 -0.38685 -0.62632 -0.72051 0.1961 0.093443 1.3545 -0.25976 -0.30807 -0.055518 -0.35849 -0.075115 0.3104 -0.054974 0.10343 -0.026623 0.090179 -0.19229 -0.30611 -0.68126 -0.50317 0.51371 0.45823
0.23211 0.7413 0.089934 -0.87459 -0.71343 0.039415 0.045349 0.77901 -0.5858 1.2053 0.050927 0.25268 -1.0649 -0.22241 0.013889 0.63125 -0.34411 -0.10199 0.052399 -0.43463 0.25702 0.074528 0.56862 -0.53003 -0.11919 0.036927 -0.53753 0.0353 0.234 0.36898 0.4172 0.10785 0.53558 -0.27584 0.30777 -1.4112 -0.29296 0.062254 0.21867
-0.16501 0.97665 0.3597 0.1049 -0.43367 -0.82439 0.63116 0.98608 0.39387 1.0449 -0.83267 -0.35564 -1.0265 -0.89059 -0.060021 0.68987 -0.34433 0.36204 -0.22356 -0.21717 0.20814 0.46706 -0.26446 -0.34824 0.21633 0.25293 0.14157 -0.31546 -0.59765 0.873 0.99446 0.24755 0.39187 -0.43722 0.61773 -1.4113 0.16856 -0.13679 0.33206
0.15361 1.3043 0.76641 -0.45604 -0.8354 -0.59883 -0.060892 0.88996 0.81721 0.5007 -1.0707 -0.54325 -1.1934 -0.54419 -0.094583 0.24072 0.41838 0.55559 -0.52173 0.25058 -0.31349 0.647 -0.66327 -0.36782 -0.51045 0.20129 1.09 -0.9054 -1.7343 0.82468 0.75033 0.47645 -0.059949 -0.73805 0.22091 -0.42256 0.61908 0.072565 0.57095
0.046534 0.7487 0.75064 -0.52949 -0.37389 0.15374 0.30832 0.16326 0.53079 0.10524 -0.79605 -0.32603 -0.90565 0.36565 -0.45334 -0.66995 0.76377 1.0024 0.15119 -0.27921 -0.28894 0.90186 -0.73748 -0.036319 -0.39457 0.42666 1.8308 -1.4175 -2.2208 0.62604 0.52716 0.98874 -0.26871 -0.8131 -0.54189 0.7467 0.52226 0.29678 0.84257
-1.2442 0.84373 0.93156 -0.48489 0.021743 -1.0004 0.5063 0.90361 1.0146 -0.61114 -0.33786 0.26266 -0.66961 1.1681 -1.369 -1.8974 0.73982 0.87039 0.80484 -0.5255 -0.79862 0.23899 0.00052956 0.41834 0.29652 0.91883 1.7749 -1.3472 -1.8796 0.025117 0.06384 1.0981 -0.49823 -0.72225 -0.77382 1.2408 0.23116 0.74208 0.92074
0.081977 0.84038 -0.095854 0.66509 -0.34507 -0.84664 -0.078119 0.15374 0.85308 0.12802 -0.8471 -1.0625 -0.88785 1.6456 -1.8908 -2.3516 0.74413 1.1082 1.0587 -0.36954 -0.98667 -0.31725 0.84986 0.19113 0.34335 1.3228 1.2205 -0.67918 -0.84924 -0.24791 -0.44595 0.64315 -0.43844 -0.64633 -1.1967 1.029 0.045212 0.59326 0.46425
1.2627 0.1323 -1.0561 0.43536 0.74079 0.52799 -0.22477 0.70748 0.70944 0.63847 -0.2312 -0.33935 -0.52862 2.1045 -1.7217 -2.3964 0.50121 0.59879 1.1847 -0.70479 -1.2408 -0.14835 0.94038 -0.065876 0.48573 1.3142 0.052388 0.47162 0.58959 -0.51124 -0.39871 -0.020148 -0.20301 0.16702 -0.97426 0.12659 0.2036 0.53113 -0.27387
1.3926 -0.85557 -2.0826 0.73328 0.067089 0.60733 -0.18913 -0.56812 0.77663 0.9858 -0.45899 0.2937 0.25534 2.1582 -1.464 -1.9881 0.42168 0.34585 1.2283 -1.0702 -1.2093 -1.0689 0.78218 0.29135 0.59701 1.0171 -1.1731 1.526 1.4166 -0.54798 -0.52183 -0.56054 -0.019486 0.82853 -0.42325 -0.7565 0.39342 0.48484 -1.1006
1.6692 -0.95784 -1.5634 0.025749 0.62071 1.025 -0.22449 -0.62614 0.12542 1.3662 -0.89627 -0.12554 0.47786 1.0066 -0.77296 -0.97924 -0.075757 0.54159 0.68492 -0.58384 -0.38525 -1.1501 0.28687 0.73498 1.1394 0.61022 -1.9124 2.1817 1.791 -0.42314 0.050779 -1.0882 0.39927 1.5189 -0.28621 -1.1611 0.17998 0.0049081 -1.7184
1.8193 -0.73433 -1.8978 0.20054 0.16113 1.0455 -0.59305 -1.1724 0.83762 0.56507 -0.66326 0.3858 0.42434 0.01699 0.27341 -0.42703 -0.016104 0.21227 0.21258 -0.47079 0.06163 -0.59157 -0.27083 0.49443 0.89948 -0.18624 -1.9651 2.1806 1.8559 -0.29111 -0.12393 -1.1849 0.81248 1.453 0.55683 -0.99105 -0.35743 -0.46805 -1.7534
1.7197 -0.50563 -1.8256 0.87866 0.34022 0.4 -1.3246 -0.29853 -0.82616 0.57826 0.40841 0.34581 0.0363 -0.3731 1.1857 0.15036 -0.084269 0.73894 -0.43935 -0.20578 0.82512 -0.91606 -0.75939 0.15739 0.31793 -0.99106 -1.4341 1.2007 1.7069 -0.4562 -0.47511 -1.2302 0.45171 0.33924 0.50267 -0.64458 -0.72447 -1.008 -0.80307
1.626 -0.23191 -1.6804 0.36444 0.85927 0.66514 -0.38813 0.20422 -0.34226 0.96529 0.38216 0.61733 -0.17154 -0.79786 1.331 0.89465 -0.12001 0.016058 -0.53126 0.36786 0.76995 -0.20066 -0.59365 -0.049093 0.10473 -1.1484 -0.61189 -0.026957 1.2314 -0.67428 -0.78405 -1.032 -0.026089 -0.84268 0.27272 -0.3734 -0.55721 -0.62139 0.53771
1.1333 0.085231 -2.1279 0.34616 0.68137 1.1795 -0.67171 0.18866 0.62614 0.37085 -0.14922 0.99181 -0.44875 -1.2474 0.77246 1.5313 -0.89287 -0.20346 -1.3539 -0.099299 -0.1317 -0.4576 -0.78372 -0.27409 -0.37822 -0.26603 0.036377 -0.69339 0.67288 -0.46114 -1.3024 -0.41901 -0.35796 -1.2328 0.24262 -0.071329 -0.12604 -0.2814 1.0728
1.0895 0.52431 -1.4727 0.26351 1.1182 -0.3928 -0.36281 0.11867 -0.92165 -0.079911 -0.94232 0.052736 -0.7971 -0.68277 0.42449 1.1722 -0.90772 -0.6981 -1.3518 -0.57804 -0.94984 -0.34587 -0.96865 -0.27373 0.057127 0.36374 0.35653 -0.54161 0.062716 -0.065917 -1.0848 0.36211 0.045597 -0.64783 -0.19804 0.28365 0.22655 -0.35528 0.6347
0.79035 0.52331 0.10303 -0.11928 -0.10943 0.48785 0.1758 -0.07483 0.4042 0.62633 -0.59889 0.050614 -0.71146 -0.36555 0.42722 1.2659 -0.56916 -1.1889 -0.84723 -0.45216 -0.49717 -0.42259 -0.70038 0.051244 -0.21146 0.071241 0.51112 -0.049058 -0.664 0.59529 -0.63629 1.5835 0.79303 0.4451 0.38884 0.82204 0.28214 -0.1265 -0.34956
0.17211 -0.21022 -0.083792 -1.0902 0.0006476 -1.7965 -1.7872 -1.5888 -0.68352 -0.76684 -0.10174 0.0077135 0.62908 -0.58006 0.55522 1.1504 -0.38704 -1.397 -0.069246 0.634 -0.19138 -0.58883 -0.080474 0.19572 -0.67031 -0.2403 0.19499 0.23184 -0.8802 0.67211 0.42121 1.7304 1.0333 1.2964 0.39632 0.79015 -0.069584 -0.31033 -0.9837
1.469 0.13871 -1.2092 -0.018931 -0.089064 -0.85958 -1.8404 -1.0081 -1.2082 -0.3986 0.33016 1.1435 0.27481 -0.35338 0.61321 0.31797 0.035785 -0.97808 1.1181 0.88282 0.28465 0.3474 0.36344 -0.0026432 -0.27736 -0.55357 0.17236 0.30668 -0.64705 0.60516 0.97907 1.1026 1.1827 1.6495 0.72717 0.71032 -0.56469 -0.13622 -1.076
0.99816 0.78727 -0.13717 -0.21473 -0.40424 0.52644 -0.042398 0.51742 -0.026818 0.23842 -0.079461 0.090136 -0.99593 -0.32966 0.72494 0.021134 0.12917 -0.084549 1.0671 0.82425 0.96558 -0.033908 0.029295 -0.36502 -0.51734 -0.98695 -0.075916 -0.050975 0.097251 0.23932 1.2567 -0.50349 0.42579 1.2264 1.1663 0.029718 -0.59525 0.050373 -0.44535
-0.16409 1.0899 -0.20153 -0.23951 -0.83514 0.84656 1.1032 -0.18562 -0.57421 0.36621 -0.58972 -0.7245 -1.0988 -0.17352 0.86564 0.63776 0.38105 -0.15389 0.75372 1.8221 1.8574 0.59117 0.62093 -0.66557 -0.56903 -1.3748 -0.39272 -0.55842 0.69629 -0.067505 0.77946 -1.9705 -0.18466 -0.061704 0.88213 -0.45708 -0.010018 0.10831 0.59097
0.76454 0.97541 -0.59843 0.11582 -0.03283 1.1667 0.26345 0.058314 0.1343 0.58015 -0.93193 -0.026336 -1.0415 -0.81311 0.3318 1.1777 -0.067418 0.36601 -0.87106 1.0163 1.2044 1.3693 -0.1432 -0.52425 -0.45582 -0.58143 -0.62106 -0.89885 0.93656 -0.19188 0.17198 -1.9661 -0.65859 -0.86836 0.9596 -0.60256 0.64322 0.38846 1.3489
0.3005 0.7882 0.14829 -0.57927 0.0019148 0.39882 -0.4663 0.53318 -0.44814 -0.42433 -0.48305 -0.33574 -1.001 -0.84219 -0.16778 1.0374 0.025792 0.13995 -1.7768 0.41491 0.061358 1.2154 -0.42138 0.064484 -0.13088 0.24633 -0.94374 -0.81176 0.48718 -0.28014 -0.15741 -1.0531 -0.94561 -1.2718 0.050049 -1.1134 1.1513 0.17713 1.4121
0.69706 0.93223 0.48144 0.00068949 -0.46842 -1.1174 0.9448 1.3667 -0.16209 0.51257 -0.65682 -0.098828 -1.0972 -1.1492 -0.3265 1.5645 -0.044933 0.053132 -1.523 0.20582 0.32813 1.3627 -0.60065 0.41713 -0.034079 0.48827 -0.48943 -0.1528 -0.23356 -0.163 -0.41796 0.66538 -0.43258 -0.7169 -0.51513 -0.48255 0.68613 0.040634 0.58866
-0.07596 0.77237 0.69763 -0.21354 0.32696 -1.6354 0.12415 0.66181 1.3878 -0.58698 -0.40229 0.22695 -0.78698 -1.7577 -0.22228 1.3544 -0.15466 -0.28691 -0.98324 0.32988 0.044055 0.66943 -1.2849 0.91282 -0.47365 0.48322 -0.13393 0.35401 -0.70384 -0.41157 -0.16337 1.6978 -0.52577 -0.13743 -0.95079 0.011953 0.075157 -0.20613 -0.13719
-0.68619 0.69938 1.0485 -0.1518 -0.78889 -1.1704 1.251 -0.37895 1.0217 0.028295 -0.12989 -0.80549 -0.72179 -1.2652 0.08518 0.59299 -0.2724 -0.16411 0.042862 0.18985 -0.05357 0.70206 -0.63156 0.27494 -0.23403 0.29888 0.50278 0.57135 -1.3805 -0.42268 0.027447 1.493 -0.48385 0.03382 -1.6664 0.73503 -0.25981 -0.33958 -0.45367
-1.3239 0.6654 1.7552 -0.29754 -0.35101 -0.44397 0.68759 0.72104 0.75761 -0.46577 -0.23756 -0.49121 -0.4638 -1.0349 0.23176 0.22509 -0.6422 -0.051284 0.77771 -0.63287 0.01396 -0.1771 -0.3741 0.2743 -0.44301 0.11099 1.1725 0.46468 -1.5455 -0.22364 0.68769 0.7535 -0.74764 0.37542 -1.092 1.2657 -0.69439 0.12805 -0.46348
-1.1415 0.71798 0.9435 -0.37836 -0.21505 -0.53389 0.08574 0.58377 0.16513 -1.9581 0.69333 -0.6345 -0.61486 -0.58074 0.42892 -0.42343 -0.60464 -0.031978 0.53204 -0.28453 0.40884 -1.2221 0.36773 0.28045 -0.71165 -0.091426 0.94356 0.15533 -1.2781 0.093151 0.78216 -0.14693 -0.57744 -0.025203 -0.3322 0.91051 -0.40697 0.16211 -0.29267
-0.53854 1.1306 0.71139 -0.91611 -0.24405 -0.29765 0.32541 0.9017 0.83454 -0.13827 -0.8257 -0.22392 -0.86785 0.071741 0.40324 -0.99592 -0.40244 0.8304 0.25587 -0.93349 0.48475 -0.34499 0.66073 -0.31736 -0.020596 -0.10405 0.5226 -0.16688 -0.5912 0.48155 0.50406 -0.41786 0.28001 -0.53975 0.7855 0.66025 -0.32174 0.36535 -0.0065558
-0.87017 1.128 0.96819 -0.89072 -0.37875 -0.4346 -0.079232 0.89224 0.12674 0.10925 -0.037954 -0.74343 -0.87067 -0.071367 0.26014 -1.1593 -0.18611 0.74306 0.019787 -0.81918 -0.32805 0.17436 0.61258 -0.14641 -0.16716 -0.086867 0.025528 -0.50051 0.39964 0.70203 -0.041556 -0.37489 0.67727 -0.84701 1.1287 -0.29168 0.10358 0.2854 0.22024
-1.3486 1.1448 0.21547 -0.86698 -0.047052 -0.95527 0.56688 0.57959 -0.37549 0.080861 0.35651 -1.3104 -0.72625 -0.32294 0.017854 -0.49621 0.11492 0.42453 0.21796 0.1941 -0.56986 0.52067 0.78328 -0.078146 -0.056233 0.099815 0.08581 -0.47317 1.0044 0.75423 -0.97286 -0.23998 1.2 -0.58659 0.62241 -0.71649 0.13783 -0.039648 0.11276
-0.60937 1.0078 -0.0038008 -0.50648 0.55212 -0.28097 -0.50755 0.59544 1.1081 0.43661 -0.92539 -0.29558 -0.65855 -0.33842 -0.25548 0.074451 0.5346 0.083401 -0.18053 0.50775 -0.5614 0.35751 -0.24622 0.35002 -0.18466 0.1817 0.77665 -0.22488 1.1868 0.49518 -1.3785 0.078323 0.7562 0.16651 0.3187 -0.66592 -0.24281 0.1506 -0.16719
-1.5395 0.96181 0.14272 -0.65523 0.40357 -0.35697 -0.65724 0.11765 0.82889 -0.7771 0.16669 -0.71053 -0.64649 0.36202 -0.1686 0.25618 0.7373 -0.55039 -0.11065 0.80716 -0.43396 0.6665 -0.2803 -0.3156 -0.11191 -0.045233 0.97509 0.10025 0.69937 -0.12168 -1.2117 0.12982 0.18021 0.35364 -0.2996 -0.51086 -0.31387 0.15644 -0.42965
-1.1872 0.90724 0.61209 -0.44139 -0.19938 -0.05147 1.2991 0.00086023 0.7908 0.084401 0.19142 -0.60074 -0.6459 1.0238 -0.045535 0.67162 0.49576 -1.1871 0.3423 0.3886 -0.094848 0.65897 -0.1287 -0.45344 0.1172 -0.29517 0.90847 0.34812 0.10719 -0.5936 -0.60224 0.24881 -0.09761 0.47231 -0.61476 0.43032 -0.55531 0.31586 -0.4457
-0.92008 0.85909 1.1216 -0.11922 -0.37085 -1.1787 0.87246 0.46294 0.63199 -0.32667 -0.14381 -0.90835 -0.70271 0.80155 0.078034 0.50864 -0.079979 -1.0671 0.21585 0.61324 -0.16988 -0.18315 -0.25007 -0.22833 0.060299 -0.3869 0.23634 0.28836 -0.41017 -0.6917 0.22153 0.23956 -0.7174 0.30744 -0.91023 0.58831 -0.14043 0.36254 -0.18112
-0.24105 1.0365 0.68414 0.20433 -0.91151 -0.62696 0.78599 0.24553 0.78459 -0.066 -0.71616 -1.1586 -0.97672 1.1239 0.21637 0.15376 -0.19478 -0.72296 0.14914 0.40732 0.15041 -0.33687 0.57585 -0.67415 0.29549 -0.39978 -0.35882 0.16806 -0.752 -0.64895 0.70457 0.51528 -0.76877 -0.060174 -0.75518 0.56888 0.041071 0.26203 0.05645
0.22425 1.0769 0.81721 -0.43839 -0.95967 0.33056 0.0085095 0.47848 1.1154 0.027863 -0.61116 -0.47559 -1.0526 0.74784 0.19194 -0.23851 -0.24744 -0.41152 0.46068 -0.64213 -0.0053273 -0.48552 0.50875 -0.44925 0.4527 -0.29734 -0.44919 -0.029983 -0.57011 -0.25496 0.79094 0.42767 -0.70465 0.083446 -0.40526 0.37268 0.35792 0.16718 0.24461
-0.51325 1.0384 0.5713 -1.0583 -0.23194 -0.058282 0.49364 -0.10158 0.54219 -0.54915 -0.55879 -0.18259 -1.0076 0.38302 0.18031 -0.34217 -0.66684 -0.30213 1.2359 -0.52663 -0.27827 -0.56127 0.59581 -0.26477 0.38636 -0.24218 -0.54479 -0.25261 -0.29133 0.12382 0.64139 0.062484 -0.55229 0.14895 -0.14385 -0.29086 0.61056 -0.30714 0.32074
-0.1484 1.2134 0.58442 -0.58345 -0.68854 -0.52038 1.0199 0.47019 0.16694 0.80617 -0.57693 -0.59575 -1.0431 0.33676 0.035274 -0.29355 -0.31914 0.085781 0.5165 -0.33416 0.1982 -0.81384 0.46617 0.20768 0.30246 -0.04939 -0.15754 -0.26421 0.15256 0.4875 0.14181 -0.19487 -0.2483 0.6476 0.3376 -0.54127 0.40043 -0.44795 0.24315
-0.12928 1.0359 0.50759 -0.27338 -0.96299 0.37472 0.0010017 0.078121 0.235 0.62484 -0.49509 -0.29314 -0.96998 0.31696 -0.15233 -0.35202 0.10726 0.13107 0.24835 -0.85558 0.31864 -0.44604 0.046036 0.086589 -0.23082 0.021426 -0.14417 -0.22436 0.33963 0.70273 -0.15392 -0.58624 -0.17553 0.7207 0.66058 -0.88348 0.19427 -0.10259 0.1698
-0.10686 1.1575 0.60177 -1.2422 -0.97865 1.2822 -0.0020325 -0.022426 0.2252 0.27541 -0.83434 -0.73205 -1.1677 0.4864 -0.10888 0.056075 0.34353 -0.3961 0.57635 -0.97715 0.85117 0.048331 -0.2495 0.091231 -0.10407 -0.015303 -0.39519 0.050372 0.19433 0.32985 -0.32017 -0.47316 0.52778 0.1417 0.54423 -0.68853 -0.11362 0.12649 0.0064832
0.52415 1.0531 0.23464 -0.24234 -0.5079 -0.22215 0.29077 0.90812 -0.084741 0.42058 -0.11882 -0.39956 -1.0065 0.038532 -0.14561 0.1195 0.40112 -0.34457 0.059555 -0.55875 0.67995 0.17927 -0.73823 0.14363 0.37158 0.030451 -0.38087 0.14407 0.043766 0.15538 -0.15603 -0.67206 0.99546 -0.14447 0.12151 -0.16449 -0.026417 0.45069 -0.0024227
0.1523 0.80093 0.30029 -0.54079 -0.45011 0.40323 -1.25 0.6079 0.64165 -0.30338 -0.60559 -0.76397 -0.97232 -0.25914 0.11053 -0.1622 0.2034 -0.24953 -0.31355 0.5738 0.27467 -0.16387 -0.45831 -0.01724 0.21259 -0.040719 -0.28957 0.15109 -0.1162 -0.09967 0.011387 -0.62476 1.0155 -0.56193 -0.53073 0.29355 -0.16615 0.15082 -0.075964
0.035483 1.105 0.9622 -0.35261 -1.2637 0.84673 -0.073065 1.2729 0.39143 -0.23938 -0.44218 -0.26869 -1.0724 -0.018809 -0.020859 -0.15492 0.50529 -0.22927 -0.62162 0.36292 0.35614 -0.13661 -0.15739 0.099223 0.42982 0.032241 0.29156 0.21483 -0.07718 -0.13307 0.23185 -0.95707 0.91178 -0.27304 -0.54905 0.86604 -0.32476 -0.31933 -0.17419
-0.25917 1.0142 0.62383 0.10742 -1.2925 -0.41381 0.35886 0.85135 0.22966 0.024915 -0.35446 0.083304 -0.98344 -0.024186 0.082089 -0.015336 0.1202 -0.44904 -0.30512 0.59615 0.021453 -0.76198 0.033977 -0.17622 0.12374 -0.14259 0.65921 -0.00093808 0.069507 -0.092648 0.62526 -1.0067 -0.0013459 -0.12832 0.25319 0.75721 -0.43309 -0.60621 -0.14097
-0.3653 1.3259 -0.091683 -0.70174 -0.9588 0.41565 1.0749 -0.078832 -0.26734 0.064214 -0.71424 -0.50261 -1.1485 0.45931 0.23253 -0.090203 0.20611 0.14413 -1.8191 1.2563 0.32762 -0.52284 0.69156 -0.34812 -0.20829 -0.21129 0.51568 0.013543 0.24286 -0.31705 0.69298 -0.12389 -0.3565 -0.20235 0.76434 0.35034 -0.37986 -0.69299 -0.10896
0.59586 0.86813 0.38452 -0.049778 -0.81771 -0.31558 -0.29979 1.2705 0.19497 0.10386 -0.28123 -0.14861 -1.0095 0.72174 -0.026563 -0.058878 0.19549 0.63834 -1.6867 0.12271 0.066834 0.46909 0.58366 -0.55712 -0.63035 -0.15539 0.23951 -0.077526 0.29797 -0.20018 0.71356 0.6028 -0.88572 -0.065563 1.1994 -0.30392 0.16064 -0.16247 0.081937
0.32405 1.0927 0.49222 -0.20267 -1.1809 -0.31322 0.51362 0.93887 -1.0348 0.16024 -0.5884 -0.52566 -1.226 0.56203 0.048188 0.32392 -0.12907 0.41963 -0.16961 -0.11678 -0.020026 0.60585 0.25098 -0.3794 -0.51777 -0.1436 -0.50423 -0.020416 0.04117 -0.3802 0.18052 1.7197 -0.81413 -0.41253 0.45535 -0.85539 0.4408 0.18571 0.14196
0.58859 1.3 0.5006 -0.14774 -0.4111 -3.0667 1.1695 1.3478 0.58713 0.93214 -1.2409 -0.95031 -1.2603 0.36619 0.030992 0.33685 -0.080177 0.64168 0.057978 -0.4947 0.084568 0.81306 -0.32197 0.12989 -0.051793 -0.035512 -0.73744 -0.059086 -0.13861 -0.30356 -0.12258 1.5794 -0.23788 -0.35681 -0.30449 -0.49201 0.65067 0.50513 0.20926
0.67076 0.94494 0.72189 0.068265 -0.63423 -1.0463 -0.15708 0.71871 1.2608 0.41971 -1.0446 -0.82186 -1.1557 -0.30021 0.15956 -0.20492 -0.37637 0.44195 0.68902 -0.068873 -0.40772 0.10815 -0.49342 0.096216 -0.17525 -0.028703 -0.58732 -0.19037 -0.41869 -0.04347 -0.27956 1.0686 -0.023383 -0.42137 -1.0968 0.14343 0.52299 0.41329 0.20944
0.16841 1.2182 0.70857 -0.67386 -0.89551 1.0769 0.4692 0.22979 0.18967 0.091435 -0.58904 -0.46918 -1.1666 -0.21683 -0.19353 -0.04462 -0.25118 0.39842 0.98913 -0.37983 -0.36691 0.15606 0.017559 0.36549 0.11939 0.14362 -0.25554 -0.15252 -0.27437 0.072651 -0.55519 0.2067 0.42981 -0.20373 -1.4833 0.83223 0.23443 -0.10522 0.098534
0.53449 1.2033 0.30835 -0.56847 0.059841 -0.14368 -0.20947 0.84123 0.47085 -0.66804 -0.052086 -0.32295 -1.135 -0.23781 -0.1786 -0.25475 -0.10481 0.038909 1.4672 -0.22279 -0.53646 -1.0507 0.36614 0.43656 0.14551 0.12361 0.21492 -0.15011 0.13189 0.32447 -0.61726 -0.86379 0.40863 0.1963 -0.91383 1.0113 0.092926 -0.49171 0.013748
0.014327 1.126 0.0071615 -0.478 -0.69433 -0.22782 0.29259 0.84006 -0.50449 -0.086922 -0.62259 -0.81529 -1.1564 -0.14118 -0.073307 -0.14009 -0.049914 -0.13952 0.079145 0.44222 -0.20698 -1.2869 0.85912 0.3812 -0.43514 0.057349 0.18616 0.068985 0.29392 0.21268 -0.77159 -1.0504 0.58884 0.13253 -0.45391 0.65387 -0.11096 -0.79881 -0.10608
0.33514 0.75995 0.86076 -0.34087 -0.51281 -0.23162 0.35566 0.45296 0.21833 1.2792 -0.52718 -0.58423 -1.0324 0.058113 -0.16974 0.094146 0.18193 -0.37998 -0.54732 0.33761 -0.13366 -0.82679 1.0413 0.25862 -0.84536 0.039917 0.22735 0.11534 0.43626 0.035187 -0.421 -0.82946 0.2498 0.17521 0.51134 -0.036918 0.0086538 -0.56629 -0.09478
0.40522 1.1196 0.1079 -0.18722 -0.4963 0.20416 0.44815 0.18631 -0.498 1.2462 -0.61975 -0.74518 -1.1138 -0.021967 -0.087054 0.33266 0.045569 -0.752 -0.061219 0.51874 -0.32746 -0.78619 0.94747 0.26276 -0.90814 0.008102 0.16025 0.11317 0.30904 -0.079015 -0.1497 0.030656 -0.12584 0.01619 0.62291 -0.51898 0.14581 -0.092915 -0.055842
0.31106 1.0229 0.64199 -0.45758 -0.9682 -0.26172 0.59229 0.42525 -0.65289 0.88984 -0.028162 -1.4238 -1.1178 0.12177 0.019594 0.3245 -0.059842 -0.40369 -0.086585 0.23803 -0.15962 -0.39753 0.25972 0.51644 -0.70516 -0.010013 0.074366 0.14493 0.11837 -0.16263 0.095005 0.22596 -0.11883 0.029472 0.35548 -0.58925 0.21369 0.1427 -0.036148
