39 189
-0.66546 1.1232 1.8861 1.1713 0.0075208 0.20068 -0.67333 0.19196 0.3604 0.071188 -0.88132 0.52197 -1.285 -0.02858 -0.56881 -1.1852 -0.35377 -0.1927 1.1052 0.29062 -0.71781 -1.0469 0.76797 1.3428 0.031791 0.094177 0.085185 0.23294 0.23588 0.065287 -0.042791 0.10622 0.021949 0.091628 -0.14486 -0.85906 -0.33302 0.036549 -0.14001
-0.43369 0.66708 -0.079512 0.75475 -0.32674 0.89465 0.09515 -0.088125 -0.29283 0.92524 -0.55161 0.32272 -1.2149 -0.06254 -0.54027 -0.97047 -0.30457 -0.53869 0.99772 0.23874 -0.75016 -1.4402 -0.17255 1.6231 -0.074845 0.01891 0.040754 0.44544 0.45437 0.062779 0.14793 -0.35437 -0.24589 0.33816 0.34216 -0.87818 -0.69844 0.24093 -0.19991
-0.59389 0.71562 0.83634 0.87646 -0.40639 0.92654 -0.30491 -0.51298 -0.53181 1.9385 0.5797 0.62952 -1.2859 0.1431 -0.13374 -0.78707 -0.25812 -0.072849 1.3145 0.34315 -0.50089 -1.0986 -0.51314 0.53398 0.12805 -0.13517 0.024044 0.61509 0.85678 0.15827 0.2028 -1.1065 -0.75316 0.94828 0.93317 -0.77429 -1.077 0.22489 -0.17639
-0.84335 0.62532 0.54544 0.823 0.059022 1.5015 -0.57877 -0.70333 -1.0622 0.27773 0.63767 0.57031 -1.1425 -0.043978 0.057015 -0.43958 -0.28602 0.071947 0.3297 -0.19999 -0.17306 -0.36278 -0.38237 0.34429 0.40996 -0.17358 0.12823 0.55137 0.905 0.3156 0.26817 -1.4191 -0.73958 1.3141 1.2898 -0.38607 -1.2454 0.34859 -0.012255
-0.69614 0.71593 0.91657 0.91066 -0.87032 0.91139 -0.37349 -0.50061 -1.4482 -1.0401 0.74878 0.2914 -1.3472 0.00089307 0.29046 0.30288 -0.069645 -0.064785 -0.5812 -0.88413 0.76661 0.17284 -0.70324 -0.1813 0.18561 -0.14668 0.21715 0.23701 0.57857 0.2721 -0.0075353 -1.4801 -0.42463 1.2592 1.0202 0.39007 -0.52041 0.34533 0.12499
-0.1949 1.1972 0.5231 0.81862 0.35194 1.9226 0.059783 -0.15874 -0.52036 -0.079088 -1.2814 0.84186 -1.507 0.2449 0.2874 0.33497 0.18759 0.01998 -0.63572 -0.51685 1.0604 0.34645 -0.85103 -0.5211 0.52462 0.0038797 0.27638 0.024671 0.1693 0.10612 0.13221 -0.60147 0.035597 0.51864 0.53301 0.81347 -0.26528 0.005707 0.19926
-0.87636 0.86962 0.43753 0.56114 -0.13232 0.12101 -1.0769 -0.11588 0.0071178 0.91687 0.27548 1.1086 -1.3769 0.40364 0.20797 0.019913 0.010464 -0.030184 -0.8934 -0.29038 1.2261 0.46717 0.55222 -0.07846 0.69285 0.019808 -0.041245 -0.27666 -0.11228 -0.024573 0.20381 -0.11248 0.29041 -0.49168 0.00052789 0.84789 0.2276 -0.41531 0.23154
-0.45153 0.85477 0.84237 0.8175 -0.70427 0.22933 -1.5122 1.0257 -0.52763 0.19647 0.029862 0.27816 -1.2924 0.27193 0.16145 0.073493 -0.1298 0.34807 -0.62839 -0.44526 0.58167 0.50355 0.69625 -0.23961 0.14143 0.13001 -0.2808 -0.23473 0.10592 -0.057387 0.065384 0.40887 0.40869 -0.88386 -0.17107 0.31062 0.28495 -1.0852 0.10943
-0.26418 0.9874 1.5188 1.3318 -0.082533 0.87664 -0.574 0.36374 -0.70664 -0.51642 0.24312 1.6043 -1.1701 -0.097687 -0.14209 0.23923 0.041941 0.2064 -0.8217 -0.40126 0.13618 0.11652 0.30062 0.13584 -0.42742 0.2393 -0.41079 -0.20583 0.0019693 -0.23293 0.11747 0.94292 0.33625 -1.0202 -0.043432 -0.20427 -0.3124 -1.6256 -0.0044637
-0.17608 0.9048 0.05017 0.54443 -0.1467 0.45731 -0.56394 0.8201 -0.63607 1.0941 0.46992 1.2763 -1.298 -0.0438 0.044636 0.46951 0.063632 0.062779 0.027029 0.27404 0.015778 0.22456 -0.05846 -0.05513 -0.97645 0.10784 -0.36419 -0.17598 -0.33009 -0.58162 -0.40058 0.98431 0.27982 -0.4651 0.0040829 -0.14541 -0.66216 -1.526 -0.10398
-0.32418 1.142 1.0045 0.57441 0.11874 0.48834 -1.0985 -0.12901 -0.13925 0.23252 -0.77858 0.11238 -1.327 -0.22438 -0.097818 -0.14284 -0.52137 0.37671 0.4357 -0.047346 -0.33089 0.54706 0.53189 -0.79787 -1.823 0.025124 0.2026 -0.55608 -0.75192 -0.66051 -0.68437 1.1506 0.59628 0.17405 0.43247 -0.049382 -0.67551 -0.57839 0.18649
-0.85527 0.77384 0.91472 0.96187 0.40757 0.10087 -1.1213 0.19664 -0.19883 0.7769 -0.39045 0.29627 -1.1172 -0.36223 -0.16953 -0.36768 -0.93265 -0.4988 0.47399 -0.12297 -0.0058427 0.31713 0.30461 -1.1027 -2.0488 0.03956 0.84484 -1.291 -1.3744 -0.85839 -1.0816 0.44056 1.0255 0.51405 0.87063 -0.2659 0.32798 0.89279 0.9277
-0.67261 0.95174 1.5838 0.81927 -0.79978 0.38427 -0.60178 0.63435 0.011607 0.18236 0.87232 -0.39586 -1.2521 0.43891 -1.0486 -0.82229 -0.69135 -0.83656 0.98423 0.87655 0.49901 0.89657 0.041609 -0.69715 -1.0018 0.63568 1.3215 -1.4613 -1.3676 -0.77671 -1.0886 -0.13733 1.4082 0.27806 1.2124 -0.92767 1.2868 2.024 1.5194
-0.42371 0.76935 0.15765 0.020925 0.31579 1.4705 -1.4324 0.38141 -0.067697 1.0486 -1.5225 -1.7672 -1.2546 1.2199 -1.8562 -1.9222 -1.4513 -1.4411 0.50823 1.678 0.57685 1.6918 -0.33841 0.55408 0.26196 1.5932 1.0819 -1.248 -1.1693 -0.71894 -0.16652 -0.98272 1.019 -0.3361 1.3275 -1.0257 1.5599 2.3633 1.6665
-0.74807 0.87121 0.39551 -0.17397 -0.99173 1.0999 -0.44638 0.39102 -0.53022 0.23848 -0.97142 -0.36035 -1.1552 1.4838 -1.9464 -2.0833 -1.7099 -1.2765 0.13717 1.6195 -0.079336 2.138 -1.0398 0.95995 0.79254 2.1793 0.2426 -0.30883 -0.28085 -0.36413 0.26158 -1.8833 0.28633 -0.70956 0.82269 -0.55983 1.3579 1.8209 1.06
0.90765 -0.61811 -1.1717 0.037948 -0.91309 1.3883 0.95101 1.4278 1.3933 1.1238 -0.25455 0.23824 -0.24646 1.1602 -2.0172 -2.0562 -1.7636 -0.57703 -0.90073 1.3597 -0.30096 2.189 -1.2506 1.2036 1.4614 2.4822 -0.41222 0.83598 0.92671 0.40475 0.724 -1.7833 -0.8294 -0.9399 -0.07277 0.26816 -0.092023 0.19561 -0.11304
1.1378 -0.92652 -1.5607 -1.2279 -1.6022 0.31795 1.0236 0.30559 2.4486 -0.73662 0.86626 0.65932 0.86946 0.92198 -1.5233 -1.2885 -1.2147 -0.71894 -1.7253 1.5469 -0.3318 2.2008 -0.63505 1.7071 1.7884 2.2367 -0.86929 2.1054 1.7916 1.2238 0.78244 -1.1746 -1.5052 -1.0291 -1.6489 0.73507 -1.3215 -1.1752 -1.5146
0.66954 -0.68197 -1.2602 -0.91499 -1.006 0.42168 0.43131 -0.093176 2.0875 -0.91125 1.0745 0.51975 0.9754 0.71224 -0.50032 -0.42556 -0.94649 -0.25443 -1.7952 0.1805 -0.98937 1.5462 0.038211 -0.0038543 0.10533 1.3495 -0.83505 2.8673 2.061 2.0537 0.77016 0.4922 -1.6997 -0.64672 -2.8675 0.80354 -2.1663 -2.3669 -2.6823
0.45462 -0.76756 -1.4723 -1.5427 -0.76809 -0.30104 0.54218 0.36831 2.086 -0.9296 0.86983 0.69057 0.96358 0.05244 1.2163 0.73398 0.15927 0.1434 -1.5581 -0.56344 -1.5913 -0.58893 -0.13993 -1.0911 -0.75933 -0.17044 -0.70306 2.6417 1.7483 2.2248 0.58565 1.4256 -1.4616 -0.080613 -3.1844 0.41467 -1.7615 -2.6738 -2.8975
0.83003 -0.59665 -1.4957 -1.0529 -1.1201 -0.42357 1.3575 0.22991 2.4854 1.1281 0.094574 1.0521 0.86996 0.0045204 1.9468 1.1066 1.3727 0.54866 -0.13625 -0.71411 -0.82558 -1.733 0.18766 -1.7495 -1.73 -1.4806 -0.54838 1.3821 1.0841 1.9411 -0.0040573 1.5234 -0.4559 0.50904 -2.124 0.23157 0.037041 -2.0867 -2.032
1.0598 -0.0059766 -0.40656 -1.141 -1.5828 -0.76363 -0.19545 -0.84218 2.028 0.41652 -1.1329 -0.71068 0.44854 -0.064319 2.1686 1.4909 1.7676 0.070964 -0.031997 -0.69843 -0.52907 -2.0664 0.1721 -0.95904 -2.3349 -1.9292 -0.16833 -0.5657 -0.065966 0.7788 -0.3089 1.0709 0.41582 1.0803 -0.087287 0.27983 1.4549 -1.4186 -0.36693
1.0261 0.73206 -0.24521 0.30791 -0.5967 -0.45377 0.22976 -1.1497 0.25961 -0.60352 -0.56584 -0.57559 -0.23224 -0.27619 1.6035 1.4063 1.8629 -0.19464 0.14014 -0.60128 -0.55366 -1.6479 0.38554 0.0050764 -3.0465 -1.6842 0.14523 -2.0637 -1.2475 -0.41107 -0.41506 0.23011 1.2031 1.4725 1.1326 0.67398 1.948 -0.24431 1.2688
0.71605 1.0617 -0.1378 0.38859 -0.556 0.80594 -0.1427 -0.2643 0.022316 -0.94219 -0.58051 -1.6603 -0.7663 -0.13328 0.35649 0.48279 1.3632 -0.065106 0.19016 0.12867 0.28796 -0.77274 0.36426 0.95551 -2.7877 -0.77296 0.54222 -2.9406 -2.1496 -1.3753 -0.35171 -0.18969 1.6003 1.6665 1.4263 1.1479 0.96516 0.52091 2.232
0.30067 1.2025 0.752 0.65284 -1.1658 -0.36579 -0.24931 -0.28634 -0.15326 0.088101 0.53901 -2.1134 -0.90769 0.30758 -0.95603 -0.86568 0.80799 -0.17369 0.13054 1.0639 1.5011 -0.25016 1.5095 1.208 -1.9875 0.38926 0.94522 -2.6819 -2.1851 -1.6423 -0.20205 -0.57414 1.593 1.1673 0.80042 1.047 -0.09563 1.5837 2.3172
0.34065 0.30149 0.068158 0.29856 -1.4194 -0.60812 0.2899 -0.60494 1.0268 1.1041 0.47859 -3.0676 -0.41789 0.66524 -1.9865 -1.6626 -0.26754 -0.60444 -0.40256 1.3886 1.5347 -0.088773 2.0079 0.37939 -1.913 1.3383 0.93485 -1.4511 -1.5357 -1.267 -0.14136 -0.33508 0.69947 -0.23387 -0.17819 0.060629 -1.0113 1.9098 1.482
1.2749 -0.36967 -1.0916 0.42019 -1.1371 -0.21064 1.4446 0.3707 1.6263 1.2794 0.52712 -2.5245 0.30844 1.1103 -2.1802 -1.8818 -0.38152 -0.29352 -0.62866 1.675 0.99782 -0.47856 1.7529 0.10153 -0.53894 1.7286 0.42376 0.30474 -0.12363 -0.48195 -0.23952 -0.012361 -0.67258 -1.6008 -1.0865 -1.4044 -1.0641 2.0243 0.059135
1.6838 -0.57188 -1.8887 0.31698 -1.2351 -0.21726 1.0962 1.3115 0.2062 1.861 0.13504 -2.9811 0.65765 1.2314 -1.7046 -2.0647 -0.40299 -0.25355 -0.066464 1.0916 0.14293 -0.969 0.39251 -0.52269 0.044793 1.4162 -0.68699 1.931 1.8323 0.7038 -0.27497 0.21541 -1.586 -2.0182 -1.5416 -2.1213 -0.86948 1.7996 -1.4714
1.4844 -0.89083 -2.2323 -0.088178 -1.2577 -0.55924 1.7774 0.7029 -0.69592 1.6184 -0.24633 -3.4458 0.77278 0.82129 -0.51456 -0.88187 -0.023166 -0.79189 -0.094697 -0.033963 -0.70853 -1.8114 -0.5616 -0.47852 0.80504 0.4671 -1.7611 2.7434 3.0957 1.1427 -0.025298 0.24432 -1.9737 -1.5671 -0.74124 -2.0905 -0.97772 1.5518 -2.3801
1.8573 -0.80368 -1.7575 0.14055 -1.0801 -0.34395 1.7864 0.46771 -0.39395 1.7073 0.32802 -1.9039 0.80299 -0.49996 0.77847 1.5517 0.86264 -0.8682 -0.31804 -0.67755 -1.2837 -2.271 -1.1957 -1.0771 0.76493 -0.86361 -2.1836 2.6188 3.2614 1.1599 0.50204 0.12653 -1.5454 -0.32192 0.20206 -1.1726 -1.012 1.381 -2.3658
1.8565 -0.6627 -2.3231 0.15132 -1.8012 -0.54816 0.94669 -0.82038 -0.50505 0.47585 -0.0053379 -2.5021 0.62073 -1.3708 1.6824 2.5639 1.1124 -0.0046893 -0.099503 -1.0718 -1.1325 -1.1862 -1.7502 -1.5853 1.9861 -1.7154 -1.4822 0.97541 1.4575 0.51027 1.1663 -0.029328 -0.88213 1.1358 0.95946 -0.29662 -0.67605 0.77664 -1.1802
1.6563 -0.25902 -1.1687 0.47516 -2.4823 -0.51486 0.29579 -0.96937 -1.1798 0.47652 -0.050297 -1.8208 0.14847 -1.8205 2.07 2.7995 1.188 0.3787 0.12796 -1.2357 -0.20332 -0.8842 -1.4128 -2.0023 2.0191 -2.0489 0.095116 -0.76344 -0.74664 -0.10405 1.5184 -0.31662 -0.23738 2.1524 1.1574 0.37966 0.29253 0.36839 0.41121
0.11003 0.62332 1.9138 1.8406 -1.7208 -0.59756 0.78643 -0.21028 -2.298 -0.03839 -1.374 -2.0731 -0.82559 -1.3362 0.66565 1.4553 0.76311 0.92611 -0.40533 -1.3854 0.86851 -0.69744 -1.0416 -1.3738 1.6091 -1.2118 1.0758 -1.6913 -2.0512 -0.32499 1.1443 -0.10056 0.30057 2.0344 1.1875 0.75497 1.5648 -0.5931 1.3023
-0.25099 0.99029 0.88122 0.9953 -0.44397 -0.3175 -0.055758 0.097301 -0.98914 -0.47641 -1.8863 0.090406 -1.0851 -0.34369 -0.11126 0.6365 0.84215 1.7051 -0.76822 -0.96948 1.6988 -0.3396 -0.74042 -0.59451 1.6188 -0.32009 1.8685 -2.1747 -2.9402 -0.86398 0.16814 0.1859 0.46908 1.1872 1.8851 0.70842 2.3348 -0.32615 1.7914
-0.40595 0.87048 0.85579 0.99693 -0.97821 -0.328 0.39991 0.33414 -1.5979 0.14211 -1.9967 -0.83718 -1.1013 -0.075851 -0.34552 -0.44629 0.67871 1.6299 0.13315 -0.66759 1.6827 0.77332 -0.50096 0.85563 1.0481 -0.067182 1.8718 -1.6584 -2.5952 -1.006 -0.97966 0.5578 0.7202 0.31498 1.9811 0.54287 1.9025 -0.27078 1.603
1.1571 -1.1488 -1.3215 0.82182 -0.5564 -1.2975 -0.71025 1.1098 -1.2364 -0.032359 -0.23433 -0.40059 0.2238 1.0861 -1.4391 -2.1285 -0.38016 0.3914 0.15726 -0.74843 1.601 1.9109 -0.19397 1.5751 1.6622 0.8339 1.4534 -1.0307 -1.895 -1.1229 -1.3321 0.71212 0.84478 -0.36249 1.594 0.43059 0.51024 0.063276 1.2088
1.6357 -0.32669 -0.47019 1.7686 -0.1272 -1.5196 -0.345 1.0679 -1.4629 -0.8564 -0.71261 -0.59097 0.096917 1.4918 -1.7279 -2.3475 -0.50049 -0.32559 0.097744 -0.1895 1.5281 1.8866 -0.16794 1.3647 1.0539 1.3031 0.78736 -0.10285 -0.74244 -0.88472 -0.7687 0.3383 0.83052 -0.82773 0.39596 0.35244 -1.3517 0.055139 0.64495
0.016034 0.53016 0.11976 1.8405 -0.44217 0.66834 -0.17913 1.2642 -0.098423 -0.20608 0.64557 -0.53186 -1.0222 1.6219 -1.3138 -2.1908 -0.66081 0.076369 0.49218 0.32626 1.1434 2.0925 0.0078783 0.17675 1.709 1.3271 0.045893 0.53048 0.055908 -0.4298 0.22606 0.27475 0.38899 -1.2861 -0.40706 0.63839 -2.1212 -0.46754 0.034735
1.5779 -1.0132 -1.9525 0.28655 -1.2516 -0.57173 -0.5028 2.0243 0.98815 -0.28441 -0.45063 1.6176 0.20307 1.1426 -0.58144 -1.8762 -0.82994 0.29666 0.53768 0.30371 0.42496 1.4409 0.15135 -1.1607 1.1025 0.93198 0.064215 0.70677 0.35111 -0.036106 0.76545 -0.29037 -0.60858 -1.733 -0.92414 0.88525 -1.8644 -0.92327 -0.23312
1.9992 -1.1273 -3.035 0.16949 -0.88361 -0.63303 -0.058683 2.0277 0.78188 -0.47504 -0.56621 0.62274 0.75829 1.3409 -1.0113 -2.2205 -1.0172 0.55958 0.39524 -0.29569 -0.17533 1.3972 0.99078 -1.4239 0.73529 1.0892 -0.41364 1.3378 1.3686 0.57768 0.53359 -0.61321 -1.3362 -2.1337 -1.4239 0.85763 -0.43551 -1.8885 -0.90622
2.5222 -1.0528 -2.4636 0.66427 -0.21905 -0.18973 0.69047 1.7299 0.54277 0.29587 -1.4509 1.1971 0.84685 1.7472 -0.55123 -1.5955 -0.39088 0.98032 -0.40979 -1.0077 -0.9607 0.53509 1.1953 -1.5806 -0.21667 0.97562 -1.3617 1.8552 2.8651 0.85058 -0.25886 -0.80237 -1.0699 -1.7308 -1.5791 0.077202 0.56464 -1.375 -1.5663
2.3521 -1.0546 -3.1899 0.53517 0.22925 -0.77003 -0.81648 1.2794 0.079191 -0.34318 -1.4397 0.24617 0.7733 0.52829 1.1691 0.45113 0.19415 0.82289 -0.16934 -1.4809 -2.0472 -0.084072 1.2835 -0.48786 -1.1994 -0.43834 -2.9907 2.0484 3.8726 0.49745 -0.95028 -0.52682 0.082103 -0.93213 -1.536 -0.7313 1.4342 -0.81581 -1.9897
2.6339 -0.90103 -3.1159 0.58063 0.14889 0.032244 -0.97202 0.8005 1.4223 1.2722 -1.585 0.50989 0.60565 -1.0404 1.7856 2.5783 0.1471 -0.31604 -0.65469 -1.0783 -1.7831 -0.73692 0.1892 -0.49363 -0.53484 -1.3199 -3.8125 1.054 3.4929 -0.049083 -1.1279 -0.07038 1.6399 0.13232 -0.91451 -1.1709 2.0811 0.29816 -1.5544
2.9321 -0.46189 -2.6711 0.76908 0.1062 -0.43772 -1.7863 0.37693 0.90592 1.3968 -1.1975 -0.11776 0.42431 -2.9438 1.6357 3.508 -0.36111 -0.6426 -0.46255 -0.1235 -1.4423 -0.80491 0.0066082 0.9151 -0.66148 -1.5946 -3.0878 -0.56816 1.4869 -0.18652 -0.61111 -0.23076 2.4982 1.0617 -0.64957 -1.3631 1.5976 0.65846 -0.35884
2.0545 0.40777 -0.99592 0.26226 -0.47491 -1.0861 -1.9789 -0.72758 0.38231 1.0225 -0.82216 -0.10114 -0.26794 -3.7537 1.1871 3.9283 -0.206 -0.48898 -0.42447 1.3058 -0.98773 -0.78569 -0.56219 1.9001 0.04804 -1.4389 -1.5253 -1.3501 -0.47909 0.072396 0.36304 0.26617 2.1315 0.74186 -0.026873 -1.065 0.97646 0.17436 0.52625
-0.095147 0.62315 1.5762 0.61853 -1.238 -1.3423 -0.27923 0.34181 -0.97638 -1.0877 -1.914 0.51481 -0.71125 -3.9777 0.43232 2.7963 0.022001 -0.26929 -0.7335 1.8923 -0.4638 -1.2477 -1.1341 1.526 -0.28132 -1.0676 0.57443 -1.4836 -1.8422 0.2402 0.81294 0.76278 1.0558 0.51556 0.96278 -0.5254 -0.45037 -0.14783 1.0691
-1.929 0.069457 1.5043 0.017315 -0.20829 -0.28083 0.38102 -0.067717 -0.13811 0.92196 0.41027 -0.1297 -0.68579 -3.423 -0.098425 2.0025 0.089023 0.24789 -0.076654 1.807 -0.87824 -0.54431 -1.4177 1.1635 -0.42349 -0.56649 2.2817 -0.99141 -2.5624 -0.18848 0.94449 1.0983 -0.62651 0.3068 1.6419 0.3566 -1.2854 -0.5278 1.1839
-1.6015 -0.1186 1.1107 0.55533 0.026733 -1.0357 0.54053 -0.13765 0.05569 -0.49732 1.1191 0.54827 -0.52613 -2.0266 -0.45479 0.79919 -0.062645 0.63054 0.69715 1.5475 -0.51827 0.88796 -0.62723 0.37895 -0.72863 0.032291 3.0144 -0.2906 -1.9643 -0.42788 0.41197 0.70295 -1.5114 0.33302 1.3823 0.65989 -1.6036 -0.34373 0.95728
-1.4987 -0.30457 -0.21809 0.82833 -0.36579 -1.1775 0.70249 -0.018458 -0.49081 0.08343 -0.59304 -0.50556 -0.50534 -0.40909 -0.19013 -0.19257 -0.51603 0.96321 0.79573 0.31618 -0.36484 1.2242 -0.053799 -0.1086 -0.74394 0.29558 2.3231 0.037845 -0.92516 -0.25701 -0.13694 -0.35326 -1.47 0.62937 0.20049 0.56488 -1.1819 0.039071 0.56428
-1.4957 0.10642 1.4339 0.56246 0.098143 -0.62008 -0.016848 -1.7209 -0.044547 -1.2882 -0.095225 -0.72837 -0.47922 0.22518 -0.043206 -0.023365 -0.47366 0.22053 0.05655 -0.14616 -0.076733 0.46248 -0.4272 -1.0596 -0.79146 0.34904 1.2945 -0.11762 -0.33974 0.16121 -0.137 -0.83401 -1.2413 0.22095 -0.98079 0.01297 -0.28281 1.0272 0.1964
-1.4732 0.14136 1.437 -0.10646 -0.11291 0.0025497 1.016 -0.4217 1.6731 0.075529 -0.90852 -0.63456 -0.42672 -0.1502 -0.21661 0.58542 -0.18544 0.21329 -0.42519 -0.054293 0.088657 0.062904 -0.32526 -0.49144 -0.3444 0.36541 0.75492 -0.26315 -0.6065 0.98431 -0.062675 -0.3086 -0.77442 0.046034 -1.3924 0.069787 0.15762 1.3227 -0.19924
-1.2995 0.19668 1.0483 -0.29041 0.49563 -0.21852 0.13406 0.36472 0.34441 -0.34738 -0.75449 -0.24159 -0.37915 0.29213 -0.64219 -0.24141 0.070936 0.76579 -0.22381 -0.55603 -0.30694 -0.33596 -0.44008 0.0026566 0.97266 0.3787 0.74192 0.09533 -0.96001 1.4737 0.15848 0.72445 -0.66324 -0.33405 -1.1335 0.4668 0.37237 1.1814 -0.63971
-1.6501 -0.35307 0.90952 -0.016598 -0.16996 -1.1169 0.21224 -0.42312 -0.14356 -0.091589 -0.14695 -1.1749 -0.19524 0.98225 -0.36111 -1.2714 1.0434 0.59806 0.3472 -0.91198 -0.13268 -0.94734 0.12153 -0.32247 0.82938 -0.10037 0.8555 0.82497 -0.82558 1.0402 -0.52031 1.5675 -0.10769 -0.38437 -0.65345 0.86824 0.3661 0.55312 -0.99419
-1.8785 -0.46311 1.7711 1.036 0.1854 -1.9871 0.67775 -0.38163 -0.22932 -1.3843 0.19766 0.12348 -0.12259 1.0591 0.22324 -0.99336 1.6551 0.3736 0.93517 -0.94663 -0.54658 -1.1214 0.33906 -0.3953 0.81204 -0.64803 0.53084 1.0889 -0.069594 0.17951 -1.4223 1.8605 1.105 0.38874 -0.28215 1.0188 0.67453 -0.15429 -0.91639
-0.55287 -0.80156 -0.84171 0.59832 1.0477 -0.30262 -0.70206 -1.5339 -0.51663 -0.74167 -0.95751 1.0671 -0.15319 1.0819 0.89773 -0.66677 0.95827 -0.58945 1.7729 -0.070023 -0.46439 -0.7396 1.1047 0.44371 0.74781 -1.0343 0.052827 0.26079 0.25081 -1.0053 -2.1088 1.3281 2.214 0.84427 0.10467 0.55398 1.1619 -0.82399 -0.17244
0.1886 0.37231 -0.1773 1.5964 0.56749 0.80545 -1.0213 -0.99933 -0.42135 -0.096295 -0.90626 -0.31445 -0.92503 1.2422 0.76473 -0.6523 0.44648 -1.4257 2.3665 1.0348 0.60495 -0.94383 1.1992 0.97549 0.69842 -0.9175 -0.24518 -0.93057 -0.045799 -1.5314 -2.0676 -0.39423 2.5923 1.2118 0.25154 0.046105 1.0217 -1.1397 0.93981
-0.5621 0.54502 0.57317 1.5278 0.15415 0.75419 0.048509 -0.25248 -0.082326 0.9091 -1.2003 0.30158 -1.2207 0.98406 -0.13087 -0.90646 -0.22574 -2.6469 1.9795 2.1417 0.87363 -0.82 0.86135 1.3274 -0.68501 -0.29513 -0.39306 -2.0947 -0.52318 -1.5324 -0.6642 -2.024 1.7839 0.59602 0.17554 -0.91037 0.19019 -0.78368 2.1369
-0.39639 0.79178 0.39132 0.27889 -0.92399 0.83787 0.63669 -0.4864 -1.2276 1.0397 1.2292 0.4248 -1.2533 0.63621 -0.97041 -0.93428 -0.60618 -2.6608 0.089524 2.6854 1.041 -0.59165 0.58068 1.2163 -0.63491 0.79635 -0.16199 -2.1294 -0.62322 -0.99276 1.3813 -2.3705 0.32893 -0.66799 0.51934 -1.5764 -0.15411 -0.68842 2.6619
0.02455 -0.38334 -0.14045 1.0008 -1.7691 0.96559 2.1729 0.45099 -1.6434 0.4353 1.159 0.28402 -0.70482 0.63259 -2.1011 -1.5461 -1.3706 -1.2557 -0.75523 2.3608 0.44405 -0.56766 -0.44346 0.70601 -0.081125 2.2297 0.038374 -1.2627 -0.10858 0.079683 3.3489 -1.5349 -1.0755 -1.2642 0.77199 -1.7156 -0.45091 -0.07536 2.2587
0.040244 -1.0886 -0.95537 0.76416 -2.355 0.76828 2.7528 -0.098056 -0.97209 -0.6042 0.64883 -0.99996 -0.16689 1.1039 -2.1809 -1.5539 -0.83125 0.64578 -0.55445 1.5145 -0.37366 -0.08195 -1.3828 0.97706 -0.92043 2.9528 -0.10858 0.065562 0.72084 0.74903 3.8425 -0.31005 -2.2501 -1.2668 0.62178 -1.2486 -0.077751 0.194 1.0706
0.71665 -1.0955 -2.217 0.17008 -1.3042 -0.18606 1.7777 -0.251 -0.91623 1.0754 -0.41545 0.23244 0.57313 0.81616 -1.8494 -0.7836 0.033845 2.3637 -0.48755 0.7423 -0.70667 0.38352 -1.679 0.54153 -0.70922 2.9824 -0.56012 1.1337 1.5853 1.3091 2.8698 0.21411 -2.5595 -0.095478 0.42107 -0.10615 0.52249 0.55721 -0.35571
0.549 -1.3302 -1.3752 -0.25771 -0.30261 0.075908 2.1321 -0.22559 -1.1877 -0.61149 0.17029 0.031348 1.4488 0.33168 -0.95724 0.1647 0.085165 3.1708 -0.63563 -0.64318 -0.67603 0.11151 -1.3582 1.1429 0.017417 2.4861 -1.0351 1.2237 1.6604 1.2094 1.0482 0.34504 -2.3565 0.93207 0.14957 0.42384 0.67688 0.85776 -1.3593
0.94139 -1.3562 -1.0814 0.58008 0.81367 0.63294 2.3899 -0.9511 -0.57686 -1.2403 1.9461 -1.2951 1.7592 -0.050378 -0.59337 0.81253 0.60778 3.1968 -0.36548 -1.2654 0.45257 0.14073 -0.65057 1.6735 0.46952 1.7804 -0.86629 0.9069 0.84412 0.9646 -0.50162 0.41105 -2.1107 1.2482 0.092554 0.61585 0.36465 0.73596 -1.8361
0.57308 -1.4912 -0.63469 0.94583 1.1044 0.39942 2.2586 -0.94511 -1.1229 -1.5351 1.9612 -0.31435 1.825 -0.43275 -0.52261 1.0169 1.1328 2.3368 -0.031409 -1.8146 0.78994 0.33912 -0.99614 1.7717 0.073523 0.93702 -0.51189 0.40738 0.0954 0.59381 -1.2534 0.35515 -1.4732 0.84758 0.30876 0.33092 -0.70066 0.68938 -1.7051
0.31051 -1.5838 -0.39476 0.88545 1.1592 -0.22279 0.90299 -0.1246 -1.4786 -1.1546 1.7242 0.36063 1.956 -0.45134 -0.36775 0.51835 1.3051 1.8189 -0.087144 -2.5544 0.88376 0.46326 -0.56225 0.96038 0.61759 0.22124 -0.067452 0.30533 -0.45062 -0.15025 -1.2159 0.23773 -0.64658 0.22266 0.67306 0.15941 -1.2321 0.56309 -1.2247
0.20353 -1.6711 -0.62308 1.0121 1.5226 0.016708 0.57137 0.97901 -0.38056 -0.22162 1.8499 -0.02943 1.9252 -0.44546 -0.29727 0.53485 0.84105 1.409 -0.17258 -2.7127 0.69653 0.54627 -0.69366 0.092108 1.2109 -0.01759 0.4634 0.36547 -0.39862 -0.67507 -0.87871 0.26483 0.58749 0.063891 0.77627 0.4196 -1.3139 0.40368 -0.62106
0.24159 -1.6386 -0.69408 1.3359 1.748 0.080172 -0.57991 0.27801 -0.50232 -1.392 1.9477 -0.14076 1.8418 -0.17879 -0.12248 0.17908 0.4725 1.2843 0.096641 -2.0152 0.9405 1.3114 -0.44763 0.038114 0.93145 -0.099567 0.66343 0.33848 -0.085277 -0.92567 -0.97133 0.28341 1.5581 0.18609 0.39726 0.52532 -0.98653 -0.027585 -0.142
0.18336 -1.6754 -0.50449 1.6547 2.3529 0.41179 -0.79714 0.112 -0.57488 -2.1642 2.0907 0.40764 1.7497 0.30293 0.049821 0.41657 0.29055 0.89549 0.31686 -1.0211 0.9114 1.3814 -0.16137 -0.40679 0.64818 -0.096617 0.62432 0.27374 -0.12398 -0.89039 -1.1438 0.23904 1.9693 0.66826 -0.041179 1.1268 -0.83573 -0.29815 0.052973
0.28139 -1.6935 0.10149 1.5224 2.438 0.20757 -0.88775 -0.37243 -0.18475 -2.2494 2.038 0.83387 1.8156 0.42576 0.10374 0.43737 -0.14492 0.18364 0.14163 -0.55803 1.1504 0.80646 0.28223 -0.77192 0.82157 -0.01007 0.44657 0.13746 -0.18588 -0.74953 -1.1537 0.2739 1.6125 0.72967 -0.61383 1.1691 -1.1344 -0.39376 0.080763
0.22566 -1.6097 -0.63473 1.1784 2.3952 0.15606 -0.41293 1.4229 0.75567 -1.1193 1.823 1.1014 1.8006 0.4294 0.11462 0.18779 -0.50977 -0.27424 0.19881 0.15464 1.8506 0.74331 1.2956 -1.1816 0.68093 0.042581 0.096529 0.047615 -0.57744 -0.41976 -0.62439 0.62352 1.0973 0.15802 -0.60397 0.51998 -1.1745 -0.67559 -0.0072458
0.93722 -1.5182 0.2519 1.2414 2.042 0.21902 -0.53941 1.6509 0.48028 -0.59667 1.0272 0.58472 1.8765 0.59803 0.11743 -0.048859 -0.52454 -0.38404 0.6121 0.33892 1.8427 0.50897 1.2655 -1.8534 0.15087 -0.010691 -0.062555 0.016562 -0.58893 0.02578 0.14554 1.0221 0.64497 -1.1945 -0.33445 -0.52291 -1.02 -0.85715 -0.11766
0.6426 -1.5971 -0.25949 0.94329 1.6788 0.26674 -0.79739 1.9675 0.14562 -0.44195 1.1819 0.90992 1.8665 0.39302 0.1487 -0.46971 -0.3027 -0.025621 1.1654 0.52818 0.88788 0.42706 0.44657 -2.2255 -0.30932 -0.10744 -0.17175 0.0015903 -0.46681 0.15996 0.65087 0.73803 0.11914 -2.1974 -0.33019 -1.2241 -0.60768 -0.27775 -0.16481
0.64151 -1.5553 -0.51765 0.92659 1.8414 0.53476 -0.38957 2.1312 0.2889 -0.18404 0.74977 0.97665 1.8179 0.31848 0.13485 -0.38637 -0.20179 0.37917 1.4572 0.42375 -0.52784 0.36323 -0.34971 -2.2991 -0.31671 -0.15897 -0.17458 -0.0069701 -0.15564 0.089853 0.60661 -0.11697 0.056559 -2.3134 -0.51842 -1.0668 -0.0090309 0.4485 -0.093281
1.0889 -1.5732 -0.35877 1.1252 2.2966 1.2728 -0.30179 2.0098 0.31787 -0.92652 -0.23984 0.67125 1.7065 0.23663 0.1263 -0.55047 -0.3746 0.66476 1.0655 0.31696 -0.96451 0.22274 -0.40281 -2.1793 0.36812 -0.19805 -0.073958 -0.083098 0.12213 -0.031228 -0.082924 -1.0331 0.20623 -1.3403 -1.009 -0.30118 0.65408 0.91231 0.03065
0.65148 -1.4559 -0.91377 1.0753 2.5466 1.4837 0.091185 0.88295 1.0055 -1.4926 -0.59657 0.35231 1.7075 0.3383 0.13315 -0.29004 -0.3226 0.50372 0.41716 0.53456 -1.4444 -0.33271 -0.49068 -1.8941 0.62781 -0.14232 -0.12309 -0.10692 0.15858 -0.0056859 -0.91028 -1.5841 0.58326 -0.14522 -1.4073 0.28118 1.6971 0.71175 0.11866
0.9553 -1.4323 -0.72503 0.8309 2.5842 1.636 -0.11828 0.84845 1.0498 -1.1048 -0.86112 0.68324 1.6853 0.23601 0.012912 -0.24109 -0.30179 -0.22052 -0.20325 0.83714 -1.0811 -1.082 -0.080973 -1.1131 0.90407 -0.053864 -0.10378 -0.12838 0.3422 0.1437 -1.4177 -1.2698 0.88253 0.50321 -1.4399 0.46519 2.5298 -0.11655 0.12547
1.2386 -1.4482 -0.57502 0.54388 2.4676 0.93339 -0.49991 0.85269 0.047687 -0.58072 -1.1774 1.6792 1.6838 0.078517 0.010736 -0.19101 -0.25013 -0.94932 -0.78576 1.2191 -0.70348 -1.583 0.095292 0.57852 0.72477 0.00044671 -0.26823 -0.053625 0.24107 0.16998 -1.2489 -0.36314 1.086 0.73029 -0.68099 0.3898 2.6366 -1.1412 0.056856
1.0193 -1.4913 -0.78316 0.67151 2.1292 0.64015 0.33158 0.27074 -0.68534 -1.1752 -0.80578 1.6991 1.7109 0.16287 -0.033085 0.11916 -0.14457 -1.3847 -0.64637 1.5787 -0.37884 -1.8113 0.29054 1.6682 0.075398 -0.024801 -0.32319 0.10991 0.19119 -0.020719 -0.58741 0.56127 1.0094 0.24598 0.6477 0.26008 1.8527 -1.9097 -0.02533
1.0041 -1.5846 -0.92163 0.82033 1.5916 0.76784 1.1472 1.1031 -1.0314 -0.47009 -0.69139 1.6706 1.7268 -0.14065 0.074161 0.045707 -0.086002 -1.356 -0.047855 2.1407 -0.42264 -1.2145 0.15404 2.0136 -1.124 -0.044448 -0.3444 0.23328 0.083298 -0.32251 0.055748 1.1386 0.37214 -0.24761 1.6117 0.55905 0.027926 -1.6343 -0.078893
1.0082 -1.4434 -0.79558 0.85968 1.3372 0.64669 1.4208 0.62611 -1.0977 -1.3414 0.97169 0.91185 1.6849 -0.27416 0.20242 0.056156 -0.42378 -1.1489 0.39984 2.2129 -0.73754 -0.039223 0.45195 1.8926 -1.7792 -0.077399 -0.3498 0.29884 -0.058104 -0.62573 0.4915 1.0074 -0.43953 -0.63661 2.1451 0.7724 -1.5243 -0.59311 -0.10064
1.0501 -1.4502 -0.51554 0.67399 1.1097 1.0175 1.8595 0.17843 -1.0305 -0.69511 1.234 0.34478 1.6488 -0.36294 0.34296 0.039222 -0.71247 -0.92522 0.69903 1.5704 -0.94601 0.55253 1.1949 0.52303 -1.439 -0.12246 -0.076113 0.18758 -0.0018739 -0.81468 0.46292 0.58392 -1.4455 -0.25816 1.836 0.96892 -2.5575 0.59629 -0.11519
0.79252 -1.319 -0.68996 0.50171 1.2468 1.4893 2.4879 0.32115 -0.67834 -0.59941 0.80213 -0.45356 1.6381 -0.39621 0.40404 0.036901 -0.99799 -0.59512 0.75275 1.0446 -1.253 1.3196 1.3915 -0.64887 -0.90525 -0.17692 0.21337 -0.0077131 0.14116 -0.73461 0.23779 0.12701 -2.1297 0.51087 1.1309 0.6023 -2.6879 1.4116 -0.1454
0.79732 -1.2706 -0.67845 -0.1096 1.0963 1.0127 2.5212 -0.37143 -0.09381 0.14524 0.74485 -0.060375 1.621 -0.23081 0.33859 0.082863 -1.3174 -0.68451 0.78838 0.061691 -0.60617 1.5451 1.712 -1.8541 -0.46813 -0.21384 0.4731 -0.2444 0.37686 -0.50707 -0.090491 -0.24506 -2.2992 1.1332 0.72488 -0.12531 -1.5918 1.5868 -0.17607
0.4624 -1.1754 -0.92448 0.051989 0.78677 1.4708 2.3858 -0.56725 -0.35427 0.85094 -0.64426 0.38104 1.5802 0.057579 0.20775 0.34937 -1.4907 -0.76672 0.54804 -0.95 0.062734 1.5911 1.4632 -2.3194 0.35756 -0.30908 0.52671 -0.26936 0.53656 -0.11584 -0.26275 -0.45467 -2.0574 1.5629 0.19588 -0.8998 -0.30448 1.2597 -0.17175
0.61456 -1.1567 -0.7306 -0.27618 0.87629 1.5928 2.4876 -0.46493 0.85432 0.90816 -0.59067 0.31405 1.4929 0.30052 0.0054062 0.67181 -1.4118 -0.98703 0.32668 -1.6602 0.50858 1.7875 0.92465 -1.8398 0.88045 -0.39285 0.30163 -0.1307 0.54776 0.18521 -0.18852 -0.8481 -1.2052 1.2821 -0.10423 -1.5451 1.0704 0.93749 -0.12557
0.92401 -1.1274 -0.41994 -0.85434 0.39265 1.7071 1.1442 0.11956 0.70088 0.93736 -0.73412 -0.30539 1.43 0.33016 0.088632 0.85225 -1.1679 -0.93261 0.1328 -1.8792 1.0907 1.5843 -0.050412 -1.2673 0.75778 -0.41556 -0.11883 0.14684 0.21799 0.49628 -0.11296 -1.2238 -0.16129 0.46727 -0.57643 -1.6391 1.5625 0.72386 -0.067724
1.1544 -1.27 0.074873 -1.19 0.34554 1.678 0.71685 0.47271 0.99286 1.3051 -1.5753 0.83506 1.2841 0.19809 0.17325 0.96376 -1.1353 -0.94331 -0.56071 -1.6964 1.2654 1.3757 -0.70088 -0.22884 1.0646 -0.39975 -0.5092 0.56428 -0.2034 0.74662 -0.029827 -1.5533 0.60638 -0.75648 -0.95414 -1.3894 1.4578 0.54154 -0.11821
1.0502 -1.3198 0.11736 -1.1509 0.060622 1.562 0.54036 0.56485 1.9135 0.68236 -0.99859 0.95187 1.2189 -0.12341 0.41352 0.67285 -0.70609 -0.98067 -1.2391 -1.2411 0.57447 0.74514 -1.0879 0.015267 1.5976 -0.43331 -0.61998 1.039 -0.45454 1.0809 -0.24466 -1.5103 0.53893 -1.9044 -0.91631 -0.84789 1.1378 -0.11302 -0.39371
0.93836 -0.9851 0.24175 -1.219 0.040801 1.1647 0.31022 0.78059 1.5931 0.045253 -0.99246 0.91037 1.1976 -0.44522 0.90665 0.38396 -0.25358 -0.99046 -1.8093 -0.88137 -0.58911 0.45211 -1.4044 0.44884 1.4507 -0.60895 -0.62856 1.469 -0.58126 1.2483 -0.36243 -0.97478 0.46458 -1.8751 -1.1419 -0.3365 0.54411 -0.83273 -0.82446
0.6354 -0.93604 0.38205 -1.3751 -0.28205 0.78 0.39702 1.0285 1.5594 -0.012377 -0.6386 1.7113 1.1415 -0.53079 1.6658 0.25979 0.40291 -1.362 -1.9878 -1.3126 -1.4446 0.36159 -1.4269 0.6806 0.32715 -1.0669 -0.80487 1.2892 -0.50321 1.3227 -0.0945 -0.094181 0.13129 -1.1373 -0.99211 0.57272 0.48816 -1.8694 -1.1419
0.62363 -0.69741 0.15918 -1.2661 -0.37853 0.11925 0.45067 -0.0041465 1.579 -0.42123 -0.74029 2.1715 0.94895 -0.79709 2.2883 0.033204 0.63358 -1.4388 -1.9704 -0.82281 -1.134 -0.53708 -1.2024 0.53235 0.11228 -1.669 -1.0199 0.49895 -0.57822 1.2066 0.74775 0.82901 0.11379 -0.2718 -0.83313 1.0615 0.2838 -2.5466 -0.99504
0.47383 -0.15017 0.26642 -1.224 -0.83488 -0.29646 -0.53384 -0.91398 1.3149 -0.76502 -0.48773 1.4797 0.60425 -1.4807 2.1305 -0.13196 1.3122 -0.91204 -1.3626 -1.0434 -1.2079 -0.58593 0.019729 0.95496 -1.2654 -2.101 -1.1055 -0.57433 -0.57107 0.70872 1.6838 1.9069 0.37716 0.44164 -0.2371 1.0522 0.0083676 -1.8987 -0.33456
0.51859 0.58053 0.55476 -0.38511 -1.4354 -0.36367 -1.4368 -1.2164 2.0948 -0.70933 -0.64137 0.71498 -0.1059 -1.9113 1.6169 -0.55113 1.5375 0.29704 -0.66948 -0.82101 -1.1737 -0.60384 0.09135 0.88247 -2.5553 -2.0066 -0.7226 -1.4756 -0.24786 0.19632 1.9851 2.1146 0.47126 0.59207 0.47553 0.49517 -0.032849 -0.95231 0.57127
-0.30951 1.1167 -0.010285 -0.5826 -1.4321 -0.65771 0.2369 0.23879 0.487 -1.2003 -0.20292 1.3761 -0.67776 -2.077 0.95408 -0.56463 1.2695 1.1364 0.74812 -0.63579 -0.58158 -0.025165 0.12603 0.52291 -1.9262 -1.54 0.055294 -1.8625 -0.0039821 -0.6503 1.5241 1.6117 0.93248 0.60973 0.27966 -0.24522 -0.34369 0.3505 1.3374
-1.5493 0.70512 0.042726 0.41088 -0.51835 -0.20394 -1.2028 -0.74416 0.86086 1.0089 0.55826 -0.95591 -0.9447 -1.8761 0.15803 -0.21739 1.0192 1.4999 0.7333 -0.17648 -0.32791 0.089024 -0.20726 0.68292 -1.3692 -0.84576 1.4262 -2.0001 0.28198 -0.95723 0.2482 0.8628 1.2489 0.27026 0.26525 -0.20677 -0.35884 1.2222 1.8116
-1.7267 0.3529 -0.71888 0.16903 0.58823 -0.1072 -0.53213 -1.2481 1.0016 -0.58612 0.1387 -1.3588 -0.70904 -1.4003 -0.57605 -0.27554 0.35899 1.5365 0.79287 0.32983 -0.4792 -0.3905 -0.31332 0.36469 -1.2266 -0.10122 2.6646 -1.8621 0.14022 -1.0776 -1.0543 -0.15362 1.8746 0.15696 -0.38389 -0.073478 -0.60633 1.5173 1.9546
-1.6457 0.48996 -0.3144 -0.088703 0.51126 1.3041 -1.008 -1.1204 2.0919 -0.80171 -0.49551 0.70631 -0.61307 0.4481 -1.309 -0.097569 0.20877 0.62014 0.8212 0.97173 -0.6963 0.093864 -0.091827 0.24109 -0.63828 0.76812 3.0768 -1.5294 -0.10841 -0.60878 -1.683 -0.23036 2.0245 0.55024 -0.84662 0.69077 -0.89662 1.4954 1.7044
-1.6077 0.42962 0.56134 0.22832 0.016379 -0.25458 -0.96326 -1.1481 1.2759 -1.3363 0.66412 -0.38859 -0.5399 1.8072 -1.7475 -0.3114 -0.33347 -0.48009 0.39353 2.2124 -0.076738 -0.72098 -0.058978 -0.47397 0.52885 1.4226 2.5058 -1.1992 -0.2219 0.17086 -1.2633 -0.29019 1.5862 1.123 -1.4758 0.92014 -0.97276 0.98899 1.1906
-1.5648 0.17677 -0.3587 -0.1014 0.14654 0.31088 -0.021657 -1.1398 0.29039 -0.67866 -0.10318 -1.1594 -0.4878 2.3482 -2.0746 -0.38608 0.23038 -0.79333 0.48464 2.5793 0.5133 -1.3006 1.1182 -0.69884 0.53246 1.6797 0.9634 -0.68121 -0.33165 0.69421 0.1144 0.23395 0.46546 1.4145 -1.6425 0.48916 -0.9236 0.55045 0.47284
0.62575 -0.68672 -0.42084 0.11422 -0.50386 0.54589 1.6421 -0.94567 0.91652 0.002787 0.59559 -0.11608 0.31519 2.3949 -2.3993 -0.54602 0.66504 -0.22706 0.40547 2.4198 1.0096 -2.4195 1.0085 -1.1194 0.017495 1.7402 -0.43917 -0.019919 0.074461 1.096 1.3521 0.59465 -1.1675 1.1025 -0.82104 -0.46595 -0.18492 -0.011024 -0.22222
0.72117 -1.3431 -0.8732 -0.19383 -0.54085 0.40886 1.7141 -1.0942 -0.03838 0.47617 -0.68809 -0.10149 0.83912 1.9744 -2.2288 -0.61561 1.001 0.7518 1.2 1.7076 1.3892 -2.0932 0.41031 -1.2915 0.62428 1.5234 -1.548 0.77863 0.37024 0.64568 1.7339 0.47252 -2.1761 0.66979 0.070133 -1.4594 0.47146 -0.19714 -0.86186
0.97159 -1.4326 -0.9188 0.6929 0.0064181 1.1062 2.2624 -0.28799 -0.22196 0.62906 -0.94362 0.15721 0.99969 1.1544 -1.6899 -0.015663 1.3211 1.4567 1.0678 0.49474 1.5414 -1.8318 -0.64369 -0.54866 0.43665 1.0754 -1.8475 1.3398 0.74752 0.052911 1.222 0.25195 -2.2966 0.12022 0.98679 -1.2213 1.1249 -0.35299 -1.2171
0.99315 -1.6717 -0.41544 0.8662 0.34706 1.1031 1.4003 0.3454 -1.8939 -0.22696 -1.2526 0.014458 0.98674 0.025979 -0.96816 0.12425 1.1035 1.8302 0.96629 -0.46049 1.5093 -1.4425 -1.0482 -0.036335 -0.072512 0.35404 -1.5866 1.299 0.78097 -0.82743 0.076784 -0.23545 -1.6083 -0.56319 1.1624 -0.31177 1.0571 -0.63586 -1.143
0.79444 -1.7209 -0.65055 1.2565 1.1392 1.2195 1.5004 0.46876 -1.3029 -0.90378 -0.4037 -0.0078578 0.93504 -0.14134 -0.52798 0.61792 0.71099 1.6853 0.93937 -0.71943 1.2028 -0.88655 -0.76256 0.51387 -0.32185 -0.017841 -0.90881 0.95947 0.46613 -1.6198 -1.0344 -0.10121 -0.51831 -0.95004 1.3689 1.0804 0.31724 -0.13554 -0.72864
0.70436 -1.776 -0.42549 1.2522 1.4971 1.5781 1.2091 0.57318 -1.4816 -1.2366 -0.20016 -0.39605 0.94567 -0.3935 -0.38377 0.6687 -0.23625 0.82115 0.80674 -0.64693 0.55739 -0.38078 -0.15017 0.302 -0.21479 -0.12978 -0.21509 0.63428 0.3721 -2.0497 -1.81 0.03783 -0.046806 -1.0147 1.2342 1.7834 -0.52754 0.32236 -0.19882
0.75955 -1.8757 -0.56162 1.0213 1.1988 1.4911 1.2271 0.76093 -0.82032 -0.63872 0.10171 -0.022438 0.88928 -0.36621 -0.18563 0.68037 -1.0269 -0.055677 0.93097 -0.37571 0.30629 0.20687 1.1655 -0.079835 0.22794 -0.084068 -0.02276 0.63649 0.080947 -2.0667 -1.7259 -0.18419 -0.155 -0.60552 1.2487 1.3836 -1.0366 0.71608 0.094466
0.66518 -1.8681 0.24864 0.77883 1.4494 1.7073 0.91007 0.57775 -1.6782 -0.0025741 -0.6905 -0.50797 0.89404 -0.27634 0.054145 0.87227 -1.846 -0.85231 1.0034 -0.73178 0.12773 0.32956 1.6994 -0.79894 0.23164 0.0068261 0.074926 0.83515 -0.08534 -1.6219 -1.0087 -0.84641 -0.38396 0.13636 1.2527 0.16709 -0.49439 0.87222 0.19322
0.36998 -1.8698 0.07957 0.36704 0.80762 2.0842 1.277 0.59439 -1.3745 0.08969 -0.83967 0.06424 0.84693 -0.24993 0.45065 0.71014 -2.3344 -0.86435 0.47557 -0.97475 0.33888 1.1041 1.1978 -1.0181 0.7725 0.098738 0.063849 1.0667 -0.25122 -1.0009 -0.31059 -1.886 -0.41045 0.70478 1.1489 -0.8967 0.54269 0.45266 0.094448
0.51555 -1.8379 0.37006 -0.33371 0.50383 2.1816 0.82407 0.88414 -1.4046 1.3178 -0.86887 0.45485 0.91351 -0.3164 0.86401 0.51357 -2.6043 -0.74055 -0.51924 -1.0648 0.82393 1.5238 0.20377 -0.22176 1.1234 0.15402 -0.035464 1.3805 -0.18873 -0.22426 0.18668 -2.8759 -0.48967 0.57166 0.43398 -0.99703 1.2467 -0.27745 -0.24225
0.46837 -1.5864 0.5336 -0.9604 0.36508 2.4496 0.15618 0.57788 -0.53795 0.95364 -1.0658 -0.14537 0.98174 -0.23194 1.4046 0.38605 -2.5131 -0.69504 -1.7267 -0.97515 1.2843 1.7698 0.084163 0.72259 0.60552 0.027182 -0.18881 1.6527 0.11601 0.86433 0.19182 -3.0399 -0.31906 -0.054136 -1.0695 -0.33996 1.0804 -0.93803 -0.88073
0.42294 -1.2364 0.36776 -1.4672 0.77897 1.6479 -0.15073 1.2834 0.48369 -0.048358 -1.1958 0.91975 1.0508 -0.35943 2.1543 0.68625 -2.1757 -0.53564 -3.0905 -1.6428 0.73679 0.82586 0.21957 0.83633 -0.23091 -0.42142 -0.27622 1.3984 0.057387 2.3381 0.19695 -1.9991 -0.013336 -1.1963 -2.0345 0.50025 0.49664 -0.67409 -1.4469
0.22095 -0.97396 0.3297 -1.9583 0.43514 0.46008 0.013392 1.9727 0.57841 -0.41215 0.17688 1.3615 1.0106 -0.59332 2.8874 0.88828 -0.94041 -0.55531 -3.7281 -1.2842 0.31566 -0.51664 0.51164 0.62428 -0.33548 -1.308 -0.38246 0.59258 -0.33585 3.1629 -0.026372 -0.15246 0.26414 -2.2962 -1.7561 1.1385 0.10484 -0.083191 -1.5796
0.30838 -0.36596 0.91813 -2.0409 0.33276 -0.18476 -0.025871 2.1386 0.021569 1.006 0.17826 -0.31141 0.78621 -0.66638 2.733 0.4091 0.9622 -0.38877 -3.1404 -0.94837 -0.85481 -1.0991 1.0488 0.82589 0.30385 -1.9639 -0.21324 -0.54301 -0.91414 3.0087 -0.15807 1.4902 0.90583 -2.3085 -0.36315 0.55983 -0.3549 0.60678 -0.96388
-0.16859 0.46836 1.2923 -2.2748 -0.077475 -1.3169 -1.6359 0.7926 -1.0323 1.2719 -0.30073 -0.406 0.17795 -0.81062 2.2315 -0.11916 1.807 -0.78911 -2.0103 -0.85184 -2.1016 -0.51566 2.0479 0.93903 0.15649 -2.2428 0.14664 -1.4695 -1.212 1.6046 -0.13159 2.0518 0.99734 -1.719 0.8783 -0.7474 -0.30999 0.81867 0.22802
-0.28004 1.2223 1.645 -1.054 -0.064879 -1.502 -0.78535 1.099 -2.0519 1.9214 -0.58414 0.34829 -0.77046 -0.66202 1.4929 -0.61623 2.0525 -0.70019 -1.3106 -0.21227 -2.2588 0.17058 0.63343 -0.033623 0.63566 -1.8087 0.50624 -1.7187 -1.0071 -0.49108 -0.22871 1.7876 1.1981 -0.54751 1.2515 -2.0236 -0.11122 0.1499 1.3744
-0.3475 0.76186 0.24851 0.66274 0.3968 -0.59116 -0.91716 -0.64303 -0.65462 1.4385 0.3173 1.4298 -0.99144 -0.32424 0.80011 -1.004 1.5015 -0.62859 -0.99654 0.16212 -2.1047 0.50482 -0.80117 0.4317 1.0086 -0.94333 0.6864 -1.4442 -0.596 -2.2356 -0.19558 1.0736 0.77657 0.12957 0.50215 -2.5907 -0.13208 -0.59419 2.0765
-0.72424 0.72645 -0.12036 -0.16043 -0.51167 -0.88261 -1.1175 -0.89886 0.86802 2.9892 0.80898 0.9607 -1.0524 0.043639 0.2793 -1.1415 0.1991 -0.89036 -0.47502 0.72698 -1.8255 0.74163 -1.6855 0.85662 0.13333 0.037873 0.58592 -0.70637 0.078078 -3.0502 -0.13812 0.46677 0.00018702 0.40295 -0.38107 -1.5572 -0.21517 -1.3714 1.9413
-0.43608 0.64374 -0.047118 -0.34606 -0.44282 -1.7099 0.025343 -0.11615 0.18863 -0.35231 -0.43313 1.179 -0.56506 0.13141 0.17789 -1.0232 -1.4311 -1.0497 -0.53693 0.088284 -2.0478 0.15487 -2.1239 0.22906 -0.73251 0.8385 0.38998 -0.12254 0.57276 -2.0942 0.35964 0.17486 -0.40182 0.47995 -0.76064 -0.44001 -0.56104 -1.1635 1.2361
-0.049275 0.99533 0.11098 -0.81659 -0.42397 -1.9492 -0.70039 -0.86853 -0.76914 -0.013286 0.69304 0.46112 -0.28923 0.21446 0.51172 -0.41837 -2.1629 -0.73154 -0.73794 -0.18864 -1.5151 -0.34259 -1.9 -0.36411 -1.0917 1.0443 0.10969 0.17034 0.69838 -0.43262 0.85485 0.14473 -0.64736 0.42851 -0.083461 1.0169 -0.40832 -0.11196 0.30776
-0.19167 1.1218 -0.18405 -1.74 -1.1959 -1.514 -0.47974 -1.7827 -0.67878 -0.55003 0.78731 -0.13822 -0.21908 0.32308 0.47413 -0.18296 -1.2189 0.035849 -0.58636 -0.13021 -1.3464 -0.34782 -1.579 -0.084705 -0.58698 0.93851 -0.12518 -0.096186 0.59264 1.0439 0.93411 0.18385 -0.090545 0.78511 0.95112 1.993 -0.29373 0.8824 -0.3582
-0.32031 1.1899 -0.47555 -1.9448 -0.96742 -1.5124 -1.0512 -2.3147 -1.2224 -0.43366 -0.34875 0.06479 -0.061676 0.14898 0.46445 -0.12655 -0.71401 0.29141 -0.22564 -0.36398 -1.3572 0.85885 0.16888 0.19359 -0.17505 0.58379 -0.15987 -0.47368 0.27076 1.5446 0.63251 -0.13112 0.14669 0.89613 1.0113 2.109 -0.12838 1.0634 -0.57817
-0.23238 1.1357 -0.44146 -1.7718 -0.38967 -1.5847 -1.2189 -2.2237 0.25974 -0.39825 0.077756 0.24276 0.073848 -0.080078 0.040623 0.053394 -0.21287 0.32032 -0.49822 -0.0036497 -0.65327 1.346 0.98642 -0.63945 0.43869 0.3813 0.058746 -0.52096 0.18831 1.0737 0.014115 -0.064084 0.23953 1.2163 0.27876 1.7731 0.056567 0.32354 -0.66295
-0.071963 1.1144 -0.1053 -1.1459 -0.27534 -2.1831 -0.47235 -1.7488 0.19243 -0.31232 0.73614 0.51656 0.10026 0.10602 -0.13236 0.038996 0.20922 0.41047 -1.0523 0.0032988 -0.18445 0.71436 1.202 -0.34415 0.3645 0.21155 0.33361 -0.28777 0.19229 0.72412 -0.43055 0.2644 0.35048 1.5558 -1.3278 0.57948 -0.15488 -0.48181 -0.74734
-0.081282 1.3247 -0.13369 -1.4776 -0.24316 -1.9434 -0.68013 -2.1412 0.96862 0.20307 0.2181 0.64948 0.10645 0.44912 -0.17595 0.14408 0.31763 0.035878 -0.32303 0.11155 0.33206 0.26461 1.5948 0.29838 -0.27549 -0.15014 0.18315 0.10534 0.24543 0.54851 -0.38848 1.1192 0.011156 1.4612 -1.8537 -0.62703 -0.35513 -0.85436 -0.85942
-0.3685 0.95836 0.04184 -1.6763 -0.66838 -2.3499 -0.79106 -2.1455 0.40945 1.6651 -0.41107 0.66367 0.11142 0.51022 0.05661 0.24592 0.36793 -0.38743 0.12616 0.20717 1.0381 -1.051 1.0873 -0.58599 -0.74734 -0.58788 -0.35067 0.2176 0.23217 0.92461 0.21255 1.6997 -0.090345 1.2651 -1.0805 -1.464 -0.77249 -0.51415 -0.87526
0.024482 1.0039 -0.57608 -1.6411 -0.65444 -2.7578 -0.84925 -2.2969 -0.57002 0.54959 0.21503 0.054875 0.026888 0.058307 0.15889 0.47456 0.72793 -0.018484 0.88562 -0.09878 1.4499 -1.201 -0.22792 -1.2316 -0.63356 -0.87237 -0.91562 0.024498 -0.050419 1.3469 1.0459 1.4913 -0.16411 0.53422 0.22164 -1.6237 0.049362 0.5988 -0.65384
0.57409 1.0494 -0.14319 -1.2751 -0.56923 -1.2654 -0.977 -1.4572 -0.24531 1.8463 0.58249 -0.42811 -0.29982 -0.37045 0.12112 0.37173 1.7246 0.89021 1.3581 -0.070772 1.611 -0.54302 -0.88867 -1.1308 -0.44649 -1.1112 -1.2851 -0.30988 0.074646 1.3685 1.5504 1.2913 0.13624 -0.2712 1.2738 -0.66406 1.1363 1.1593 -0.24862
0.39887 1.3852 0.25182 -0.95648 -0.75587 -1.6959 -0.4077 -0.25401 -1.1793 0.49191 -0.84027 -0.45466 -0.67075 -0.85381 -0.14534 0.011125 2.1462 1.5 1.7018 -0.063925 1.0586 0.44447 -0.74942 0.67055 0.67168 -1.1457 -1.2771 -0.60545 -0.095775 0.60003 1.3088 0.61841 0.4287 -1.0654 0.82859 0.50965 1.9618 1.3407 0.20568
-0.57371 1.31 0.73378 -0.27482 0.022647 -1.0943 -0.82618 -0.28675 -0.71348 -1.0393 -1.1241 0.32175 -0.78416 -1.4777 -0.3484 0.65898 2.206 1.9554 1.9999 0.42582 0.76853 0.5189 -0.00019355 0.74681 0.749 -0.92752 -0.59046 -0.58576 -0.25972 -0.72195 0.34994 0.0051798 0.34561 -1.2998 0.1829 1.0618 1.7127 0.34455 0.6745
-0.85195 1.1678 -0.067645 0.58796 1.0148 -0.65687 -0.97836 -0.78393 0.73453 0.084901 -1.0001 0.13158 -1.0249 -1.8169 -0.7115 0.16971 1.6034 2.0725 1.6393 0.42505 -0.051644 -0.16819 0.40608 1.772 1.2579 -0.56503 0.54576 -0.23969 -0.4197 -1.8159 -0.96577 -1.0386 0.092835 -0.55603 -0.43531 0.91979 0.63635 -1.422 0.93817
-1.2161 0.53186 -0.59658 0.52575 0.84413 -0.70252 -0.91512 -1.3904 0.56665 1.3055 2.3076 1.713 -1.0476 -1.0155 -0.66445 -0.19833 0.65021 1.3286 1.3636 0.30458 -0.1868 0.12504 0.75341 1.7604 -0.11891 -0.098886 1.7152 -0.11722 -0.63187 -2.5075 -2.2853 -1.6489 -0.35936 0.259 -0.46531 -0.052109 -0.24246 -2.1857 1.2092
-1.5115 0.85954 1.2816 0.7775 1.4856 0.16971 0.18438 -0.60078 -0.72343 1.0772 0.60125 -0.060793 -0.99342 -0.056764 -0.4143 -0.37255 -0.45907 -0.067651 0.12144 0.15321 0.54834 -0.14771 0.79993 1.4429 -1.5874 0.25082 2.3738 -0.0528 -0.50312 -2.4022 -2.8155 -1.6753 -0.64815 0.91298 0.20493 -0.88602 -1.5414 -2.4839 1.4224
-1.8085 0.50458 -0.03695 0.30188 1.5537 0.35103 -0.45904 -0.96203 -1.3811 1.6076 1.8871 1.3841 -0.99441 0.88809 -0.6969 -0.3087 -1.434 -1.4688 -0.23464 -0.11058 0.97646 -0.33631 -0.28023 0.42472 -1.9539 0.99774 2.1344 -0.30399 -0.77292 -1.764 -2.2634 -1.6052 -0.54343 0.66134 1.0244 -1.297 -1.0556 -1.1118 1.4662
-0.71774 0.94708 -0.16197 -0.19822 0.56928 -0.44726 -0.41394 -0.2436 -0.042715 0.10039 0.0061893 -1.3505 -0.7164 1.7263 -0.77573 -0.75511 -1.8295 -2.0731 -0.60249 -0.56902 1.0749 0.46524 -0.88421 -0.65681 -2.5094 1.6307 1.4588 -0.35863 -0.55724 -0.65505 -1.0239 -0.67024 -0.010214 -0.0042061 1.869 -1.2466 -0.0383 -0.051916 1.2606
-0.57878 0.79671 -0.25931 -0.55795 -0.019392 -1.3648 -1.0512 0.3265 0.091425 0.65675 1.1363 -1.8084 -0.56606 2.1338 -1.0299 -1.5294 -1.951 -2.1196 -1.1895 -0.34402 0.79627 1.7469 -1.0613 0.68977 -1.769 2.0395 0.42403 -0.17337 -0.11931 0.38608 0.3799 0.18193 0.51758 -0.57915 1.718 -0.38222 1.2795 1.0063 0.59033
0.36244 -0.16877 -0.53726 -1.0811 -0.82109 -0.43913 -0.94753 -0.060691 0.069131 0.25292 0.85686 -1.0615 0.32067 2.0801 -0.89529 -0.85101 -1.4218 -1.7383 -0.63872 0.23757 0.66329 2.3113 -1.3621 1.234 -1.8028 2.1622 -0.47878 0.19724 0.60124 1.0235 1.1991 0.80097 0.84575 -0.8314 0.81637 0.16065 1.3893 1.6015 -0.19831
0.81778 -0.13946 -1.0391 -1.4098 -0.93844 -0.82549 -1.2002 0.0071509 0.46153 0.24152 1.2329 -1.6522 0.809 1.5085 -0.94113 -0.46927 -0.92015 -0.85222 0.074896 0.42116 0.15191 1.9601 -0.80688 2.0509 -0.4452 1.8725 -1.1002 0.78999 1.1687 1.4052 1.3263 0.65338 0.43431 -0.71773 -0.18441 0.45823 0.2171 1.3544 -1.069
0.94049 -0.013596 -1.3946 -1.4768 -0.32104 -1.2208 0.099146 0.31257 1.5942 -0.38632 2.1297 -1.7289 1.055 1.1241 -0.43698 -0.045339 -0.44014 -0.30045 0.16743 0.58494 -0.096214 1.8996 -0.65468 1.4548 -0.19295 1.3349 -1.323 1.0754 1.2366 1.4211 0.71923 0.21318 -0.19673 -0.6623 -0.8338 0.65625 -1.0823 1.5829 -1.7333
1.0687 0.0024402 -0.90001 -1.2557 -0.76627 -0.47993 -0.26825 0.12365 2.1631 -0.92043 2.8378 -2.0802 1.1791 0.5184 0.22309 0.44824 0.17385 -0.18039 -0.45526 0.26471 -0.10867 1.6306 -0.44302 1.0162 -0.059032 0.39591 -1.4086 1.2244 1.2549 1.3602 -0.090868 0.0018396 -0.63045 -0.47313 -1.585 0.23639 -2.2085 1.4331 -2.0498
1.2194 -0.10461 -0.53587 -1.3508 -0.666 -0.64103 -0.41008 0.077281 2.0953 -0.39388 2.3812 -1.8599 1.1773 0.059345 0.53389 1.2071 0.67627 -0.61821 -0.026164 -0.058438 -0.38938 0.94506 -0.16266 -0.42277 0.9476 -0.43693 -1.8358 0.72596 0.89675 1.1868 -0.044208 0.28719 -0.59124 -0.64967 -2.2279 -0.003262 -2.0557 1.4645 -1.9925
1.1739 0.00013213 -0.44066 -1.2757 -0.71709 -1.0409 -0.49615 0.0011607 2.0749 0.054221 2.3985 -1.5353 1.0931 -0.63732 0.86106 1.4583 1.0535 -0.84169 0.13999 -0.42635 -0.53728 -0.4919 -0.53958 -1.4475 1.647 -1.1891 -1.9214 0.12266 0.42576 0.73233 0.41202 0.94903 0.0055714 -0.92107 -2.2238 -0.082179 -1.1786 0.94255 -1.4477
1.1468 0.13952 -0.24723 -0.90311 -1.1666 -1.3209 -0.70612 -0.19812 2.1678 -0.57103 1.9851 -1.2262 0.78793 -1.7864 0.60751 1.2835 1.329 -0.025745 0.35009 -0.16688 -1.0417 -1.1654 -0.58853 -1.4435 1.6754 -1.7097 -1.6327 -0.30239 -0.14449 0.42452 1.0429 0.71921 0.24384 -0.79013 -1.429 0.12696 -0.059467 0.15418 -0.73244
0.78 0.63759 0.72365 -0.53065 -1.521 -0.62073 -0.73559 -0.40227 2.0219 -0.28939 0.7609 -0.25931 0.24414 -2.2095 0.43116 1.2972 1.21 0.37095 1.0244 0.3155 -1.4404 -1.4328 -0.37537 -0.84103 1.3194 -1.7548 -0.79319 -0.56365 -0.46965 0.0072537 1.175 0.63401 0.4781 -0.43321 -0.49615 0.68366 0.6039 -0.19838 0.03266
-0.19516 0.89403 0.67206 -0.14454 -1.1979 -0.64603 -0.42345 -0.3365 0.58478 -1.9136 1.0059 0.17305 -0.29017 -2.2577 0.20562 1.0285 1.3873 0.87253 0.78706 0.003942 -1.3554 -1.2235 0.042326 -0.84496 1.375 -1.5627 0.37481 -0.54664 -0.76537 -0.59365 0.59988 0.23499 0.2585 0.27894 -0.22872 0.63922 0.53596 -0.36449 0.61241
-1.6621 0.12274 0.75896 0.17523 -0.16803 0.021162 -0.55896 -1.5833 0.70572 -1.067 1.6676 -0.47612 -0.5761 -1.9128 0.034366 0.67302 1.0365 1.0677 1.0241 0.35093 -1.1429 -1.3652 0.58298 -0.53282 1.3995 -1.1968 1.2166 -0.48149 -0.93961 -0.9344 0.027996 -0.22884 0.097784 1.1838 0.22773 0.52202 0.11079 -0.41119 0.88909
-1.151 0.27281 1.2412 -0.31156 -0.3057 0.29454 0.18696 -1.7484 0.4969 -7.5672e-05 1.6941 -0.36922 -0.44673 -1.2308 -0.19019 0.088383 0.30883 0.84549 0.73689 0.27557 -0.64592 -1.6037 0.2784 -0.52015 0.92608 -0.80567 1.6092 -0.11911 -0.7252 -1.0014 -0.38859 -0.22609 0.042264 1.8885 0.51495 -0.0115 -0.15558 -0.7382 0.86281
-1.2915 0.42537 0.83473 0.68775 -0.090151 -0.89644 -1.1655 -1.3268 1.0245 0.05855 0.78216 0.7415 -0.5677 -0.42256 -0.24624 -0.090111 0.0077109 0.47152 0.60389 0.34528 0.41017 -0.79748 0.61041 -0.78027 0.74698 -0.41716 1.2424 0.17416 -0.46083 -0.33776 -0.27582 -0.61405 -0.27945 1.7412 0.77552 -0.65479 -0.24458 -1.2606 0.61584
-1.2286 0.551 0.96945 0.27321 -0.40176 0.41736 0.10198 -1.4343 -0.03617 -0.11524 0.81998 1.1129 -0.7305 0.04222 0.14251 -0.016303 0.035432 0.43267 0.55648 0.070595 1.3666 -0.52752 0.029449 -1.0333 0.29098 -0.28697 0.61 0.36864 -0.27922 0.12552 0.45467 -0.57355 -0.043119 1.0006 0.5616 -1.0886 -0.073816 -1.3679 0.39999
-1.2737 0.46177 0.66663 -0.4166 -0.47633 0.32001 -0.31946 -1.0683 -1.0652 -1.2138 0.2822 0.5743 -0.88708 -0.2 0.20837 -0.16963 0.54282 0.75953 -0.022494 -0.072421 1.0791 -0.43836 -0.62162 -0.76714 -0.67307 -0.26649 -0.01047 0.48925 -0.53839 0.17132 0.92812 -0.73163 0.16448 -0.02571 0.64268 -0.87364 0.17922 -1.2283 0.277
-1.3221 0.18014 0.58954 0.051744 -0.056769 0.21485 0.1581 0.050743 0.22731 -0.39088 0.83428 0.4818 -0.72496 -0.19204 0.28346 -0.40182 0.27369 1.6335 -0.014014 0.39175 0.88871 -0.71653 -1.3315 -0.67449 -0.95542 -0.10733 -0.14963 0.58981 -0.55031 0.016917 0.29812 -1.0361 0.52311 -1.1504 1.1572 0.054136 0.71803 -0.22224 0.29808
-1.4557 0.41185 1.1807 0.34997 0.62581 0.68333 -0.6947 -0.088601 0.42848 -0.28519 0.54544 -0.40882 -0.79123 -0.33213 0.60787 -0.94826 0.20629 1.7408 -0.45861 0.47253 0.6345 0.51467 -0.49064 -0.59901 -0.95934 0.029667 0.19256 0.80938 -0.28622 -0.40263 -0.79017 -1.0724 0.40451 -1.8008 1.1116 0.53591 0.64938 0.44432 0.29332
-1.4292 0.75241 0.72384 0.99122 0.54298 -0.73334 -0.32361 -0.87329 -0.16143 -1.0267 0.48527 -0.76686 -0.77051 -0.18232 1.0538 -0.70186 0.23386 0.56406 -1.1196 0.74329 -0.48992 1.1714 0.10049 0.32597 -0.008365 0.14221 0.40796 0.53432 -0.015544 -0.60975 -1.6878 -0.97073 0.33761 -2.0669 0.86481 0.55744 0.69783 0.41988 0.29452
-1.4989 0.77729 -0.1081 0.45081 1.9845 -0.27714 0.055292 -0.21896 -0.93712 -2.5663 -0.27023 0.37527 -0.76319 0.15347 1.3413 -0.56363 -0.18843 -0.239 -1.4288 0.4796 -1.5041 0.70826 -0.20507 0.03802 -0.33877 0.17684 0.53958 -0.15288 0.4823 -0.86927 -1.4814 -0.19403 0.38708 -1.4717 -0.012248 0.14752 0.08821 0.010309 0.31675
-1.7436 1.149 -0.72215 -0.24782 1.0297 0.29334 0.99703 -0.401 1.0251 -0.058656 0.25865 -0.29326 -0.74649 0.33199 0.92487 -0.59408 -0.66583 -0.68758 -1.3056 0.99339 -1.8029 0.81785 -0.29719 0.40973 -0.50373 0.3895 0.26554 -0.83798 0.69873 -0.77958 -0.43092 0.55964 0.42523 -0.19811 -0.45022 0.22331 -0.52669 -0.43677 0.27341
-1.3594 1.4211 0.36111 0.17178 -0.57731 -1.4567 0.43305 -1.7189 1.243 -0.42009 1.63 0.80188 -0.63214 0.42716 0.40631 -0.0013969 -0.96407 -0.53566 -0.74872 1.0433 -1.3775 0.68989 0.037784 -0.4631 -0.71793 0.51928 -0.032059 -1.1062 0.90038 -0.62224 0.53815 0.69907 0.088385 1.3114 -0.85569 0.18498 -0.97714 0.30435 0.12255
-0.94581 1.5716 0.319 0.21105 0.16081 -1.3097 -0.034562 -2.0774 0.70907 -1.0469 0.33786 -1.1806 -0.52802 0.17757 -0.014986 0.45281 -0.8315 -0.10942 -0.49051 1.2272 -0.88424 0.36369 0.46533 -0.48124 -0.66365 0.50072 -0.27192 -0.93494 0.81028 -0.50441 1.2112 0.83232 -0.71709 2.3432 -1.331 0.41804 -1.6241 1.0628 -0.1952
-1.1077 1.1678 -0.073183 -0.30792 0.47523 -0.9234 1.0819 -2.4512 0.76994 -1.6149 0.85989 -1.3069 -0.31046 0.16304 -0.22231 0.75405 -1.2657 0.56929 -0.6171 0.51106 0.476 -0.63635 -0.17929 -1.4794 0.28646 0.36023 -0.40744 -0.54225 0.58729 0.074388 0.89406 0.7701 -1.1337 2.5416 -1.3282 1.0706 -0.98005 1.6531 -0.55855
-1.036 1.0214 0.31823 -0.48825 0.86299 -1.1358 1.5376 -1.6265 0.18785 -1.2159 -1.0851 -0.81544 -0.23012 -0.05847 -0.47689 0.68821 -1.4557 1.1903 0.086934 -0.068474 1.6034 -0.97552 0.70019 -2.3449 0.96192 0.095682 -0.046175 -0.33151 0.3362 0.61429 -0.3626 0.93801 -1.6003 2.1609 -0.6792 1.2201 -0.28301 1.5167 -0.6347
-1.6674 0.92922 0.3286 -0.81182 1.5644 -0.39855 2.0725 -0.95493 0.4813 -0.33204 0.057679 0.070516 -0.33236 -0.23435 -0.3507 1.0927 -0.51477 0.61669 0.3093 -0.40052 2.0759 -1.0918 2.1583 -1.5 1.5444 -0.35176 0.33499 -0.43676 -0.039275 0.95315 -1.6529 1.2275 -1.5348 1.0547 0.51166 0.93381 1.2303 0.49793 -0.35013
-1.1521 1.3043 0.96233 -1.7591 0.45388 -1.5975 0.44646 -0.091477 0.32636 -0.42709 -0.91905 0.64236 -0.41116 0.28185 -0.54801 0.99057 -0.064321 -0.81962 0.6943 -1.2639 2.3143 -0.65172 1.8436 -1.039 1.5266 -0.3636 0.87061 -0.74624 -0.52378 0.79076 -2.2237 1.0883 -1.2992 0.21398 0.94914 -0.24199 1.6685 -0.52761 0.16369
-1.152 0.90715 1.3129 -1.1045 1.1091 -1.2823 -0.38741 -0.27974 -0.49228 0.3248 -1.5913 1.0661 -0.53488 0.62133 -0.97912 0.55522 -0.18772 -1.6675 1.2467 -1.718 2.0889 0.1755 1.2041 0.34027 0.91247 -0.082053 0.94811 -1.0768 -1.0619 0.17532 -1.5338 1.3503 -0.6285 -0.30284 0.91567 -1.2778 1.2917 -1.3099 0.65219
-1.3697 1.0853 1.6039 0.179 1.0491 -0.35319 0.43091 0.18601 -0.82443 2.2185 -0.82234 -0.12941 -0.93941 1.1579 -1.5289 -0.064589 -0.14794 -2.0398 1.5359 -1.8047 2.0222 0.17898 0.70158 0.088159 0.2626 0.27911 0.53545 -0.74446 -1.022 -0.47058 -0.4418 0.88216 0.15371 -0.65234 0.63757 -1.6388 0.95613 -1.2642 0.74712
-0.44726 0.24472 0.93572 -0.79411 -1.0027 0.11547 -0.079629 0.82301 0.35711 -0.00017303 -0.63846 0.98704 -0.41233 1.1188 -1.8394 -0.48303 -0.14781 -1.7791 2.2763 -1.2958 1.6987 0.21869 0.11231 0.5325 -0.30629 0.58656 -0.02081 -0.11566 -0.59771 -0.83978 0.63172 -0.11661 0.41477 -0.90974 -0.03258 -1.7192 0.077431 -0.83705 0.53824
-0.44254 -0.040818 0.9153 -1.5172 -0.71189 0.381 -0.71016 1.3449 0.96489 0.38501 0.065809 0.66928 -0.14635 1.0417 -1.4808 -0.51334 -0.96199 -1.6072 1.7273 -1.207 1.3447 0.53483 -0.97391 0.78661 -0.26095 0.74472 -0.73577 0.82169 0.11057 -0.57941 1.5423 -1.0498 0.60775 -1.2169 -0.6385 -1.1571 -0.29954 -0.61139 -0.0055235
0.10443 -0.44215 0.30836 -1.3728 -0.73703 0.61858 -1.1316 1.8334 0.090371 0.82369 -0.6712 0.60034 -0.058341 0.63311 -1.2002 -0.39055 -1.346 -0.60118 0.90676 -1.2703 0.79055 -0.041824 -1.4877 0.14718 -0.42146 0.72523 -0.96923 1.5129 0.67085 0.035766 1.4498 -1.7834 0.86878 -1.2767 -1.0934 -0.65891 -0.68205 -0.34668 -0.48458
0.097564 -0.41655 0.7438 -1.3108 -1.0245 1.0441 -1.4642 1.5691 -0.25791 0.13256 -0.74823 0.055115 0.040502 -0.0014265 -0.3075 0.14272 -0.62923 0.45725 0.30207 -0.71714 0.27554 -0.85815 -0.86603 -0.32051 -0.85224 0.20197 -1.0161 1.6944 0.8428 0.59043 1.1561 -1.6375 1.0836 -1.0026 -0.85479 -0.13293 -0.51729 -0.23202 -0.71686
-0.082337 -0.27302 0.90953 -1.7468 -0.57235 0.76997 -1.371 1.1972 0.27797 -0.68868 -0.072024 0.53235 0.0065111 -0.20456 0.39664 0.56869 -0.24892 0.091487 -0.24597 0.038087 -0.077318 -1.099 -1.2792 -0.28387 -0.68655 -0.073074 -0.60157 1.4669 0.59664 0.61832 0.51119 -1.4456 0.98798 -0.63925 -0.085306 0.52565 -0.17067 -0.072014 -0.62644
-0.43349 -0.39661 0.76864 -1.8058 -0.23175 0.64329 -1.1896 1.4707 -0.50605 -0.50797 -0.57238 -0.48653 -0.0026408 -0.47323 0.87989 0.73242 -0.4123 0.36769 -0.66951 0.11129 -0.028941 -0.50659 -1.3283 -0.036729 -0.58923 -0.23478 -0.096991 0.72482 -0.082749 0.3751 0.13977 -1.3259 0.58927 -0.18955 0.40505 1.269 -0.046118 0.013778 -0.25715
-0.38599 -0.069592 1.1217 -1.6792 -0.50079 0.44033 -1.2332 1.5128 -0.56695 -0.79083 -0.93534 0.042225 -0.17442 -0.27868 0.94338 0.54519 -0.30428 0.48758 -1.2361 0.11276 -0.19787 -0.35516 -0.14519 -0.33708 -0.71366 -0.2608 0.17526 0.22429 -0.73715 0.38344 0.3187 -0.99929 0.31186 -0.131 0.50125 2.0882 0.023495 0.11945 -0.032058
-0.36714 0.35847 1.6107 -1.6343 -0.9392 0.18334 -0.67624 1.4354 -0.85802 -1.1322 -0.27048 -0.1803 -0.18438 -0.15515 0.7805 0.019434 0.095654 0.56762 -1.6169 0.31197 0.020496 -0.45481 1.2151 -0.38602 -0.83845 -0.1969 0.31513 -0.0075938 -1.1248 0.45973 0.17957 -0.58648 0.54689 -0.42295 0.2809 2.2468 0.092453 -0.029082 0.07198
-0.48663 0.41652 1.2736 -1.9735 -0.10792 0.079142 -1.489 1.7596 -0.33786 -1.2151 -0.69128 -0.28431 -0.26312 -0.038081 0.87964 -0.52525 0.20984 0.65428 -1.6002 0.49573 -0.3099 -0.17055 1.7908 -0.061463 -0.3635 -0.15096 0.25017 -0.086356 -1.1565 0.50574 0.074336 -0.032804 0.69491 -0.6164 0.28517 1.4679 -0.0031688 0.072739 0.052389
-0.24181 0.41887 1.4135 -1.8074 -0.16476 -0.59937 -1.3397 0.80465 -0.52459 0.40123 -0.98978 -0.95968 -0.18008 -0.0027429 0.91512 -0.96201 0.18545 0.67157 -1.5747 0.90858 -0.71661 -0.054719 2.3731 0.011785 -0.84447 -0.14815 0.28315 -0.033799 -0.74031 0.60386 -0.32886 0.59144 0.6358 -0.51416 0.513 0.37479 -0.20187 0.25328 -0.097985
-0.49968 0.30221 0.4405 -1.4855 0.33492 -1.2335 -0.54385 1.6017 -0.78813 1.5749 -0.52081 -0.75344 -0.19383 0.11271 0.73339 -1.2574 0.59133 0.61443 -1.3511 1.0745 -0.92805 -0.0030899 2.335 -0.5418 -0.59983 -0.18139 0.11979 -0.086141 -0.15755 0.68261 -0.98226 1.0366 0.24876 -0.22769 0.83089 -0.47833 0.10551 0.63561 -0.36364
-0.47268 0.77815 0.07589 -1.5002 0.19757 -0.90181 -0.39422 0.99255 -0.87982 1.4097 -0.64479 -0.44378 -0.2583 0.29959 0.80839 -1.0712 1.0281 -0.03213 -0.71531 1.1743 -0.5815 0.43771 1.7424 -0.55092 -0.27081 -0.36768 -0.025942 -0.19164 0.47684 0.94107 -1.2443 1.5879 -0.4042 -0.42331 0.6791 -1.4338 0.31385 1.3 -0.5285
-0.30905 1.1894 0.22843 -1.6001 -0.12941 -1.274 0.17801 0.40449 -0.57115 1.8828 -0.64081 -1.348 -0.41045 0.031075 0.79073 -0.75603 1.0584 -0.90756 -0.20504 0.80518 -0.76276 1.1513 1.1419 0.43245 0.51631 -0.73915 -0.17129 -0.54769 0.85107 0.98446 -0.41988 1.8795 -0.7358 -0.1412 0.15619 -2.2862 0.25103 1.0302 -0.52755
-0.15988 0.92748 -0.10478 -0.89057 0.12457 -1.2808 0.16553 0.39008 -0.64538 1.68 -1.3576 -0.86958 -0.38092 -0.017964 0.54856 -0.22295 1.7031 -1.0002 0.66627 0.28874 -1.5436 0.65356 0.030125 0.15585 1.0104 -0.88492 -0.37561 -0.86292 0.92933 0.96226 0.59431 2.063 -0.73909 0.043409 -0.67766 -2.477 0.046137 0.69612 -0.3124
0.042821 1.1082 -0.083227 -0.62929 -0.18227 -0.75975 -0.25208 1.2537 0.5271 1.7283 -1.3617 -0.70583 -0.70646 -0.060194 -0.13475 0.06042 2.0859 0.29851 1.2953 0.15501 -0.67359 0.20099 -1.5106 -0.39022 0.66626 -0.93659 -0.39813 -0.63721 0.89034 0.64948 1.2001 1.6383 -0.48728 0.34991 -1.2781 -2.1918 -0.1046 -0.020501 -0.019677
-0.63332 1.1294 0.091615 -0.60724 -1.4654 -1.1642 -0.02703 -0.31254 0.86331 2.7748 0.70067 0.1861 -1.1021 -0.37394 -0.3114 0.41984 2.3051 0.57342 2.2011 0.13105 -0.51385 -0.32743 -2.0275 -0.046328 0.93434 -0.86817 -0.39555 -0.15668 0.81885 -0.17644 0.93754 0.75677 -0.16876 0.54401 -0.936 -1.6517 0.033221 -0.26206 0.21612
-0.54014 0.99743 0.00069283 0.78325 -0.38139 -0.015037 -0.052968 -0.94923 -1.01 0.81507 -0.80497 0.64952 -1.0944 -0.55282 0.056671 0.74351 1.9656 0.714 1.9321 -0.022767 -0.60287 -0.71634 -2.336 0.3239 0.49027 -0.78261 -0.0082457 0.23817 0.67377 -0.79248 0.081679 -0.14294 -0.2895 0.41449 -0.3796 -0.52118 0.069828 -0.21209 0.43432
-0.28122 0.6257 0.26589 0.72437 1.4763 0.58307 0.13104 0.76056 -0.72642 -1.564 -1.875 -0.78787 -1.2148 -0.52863 0.17979 1.1127 1.4333 0.68043 1.6707 0.054662 -0.54794 -0.60898 -2.9471 -0.1339 0.58122 -0.54258 0.3468 0.25861 0.37616 -1.2248 -0.71038 -1.1022 -0.42821 0.56945 0.34366 1.0486 0.29728 -0.17137 0.46877
-0.82396 0.92603 0.86477 1.173 0.12954 1.2513 0.39062 -0.15203 -0.74158 -0.11775 -0.4888 0.028526 -1.2574 -0.0053286 0.078709 1.0996 1.0445 0.43837 1.269 -0.35106 0.13675 -0.34365 -2.1037 -0.20557 0.41938 -0.25955 0.40599 -0.019039 -0.31118 -1.1035 -1.3086 -1.2877 -0.59553 0.32879 0.57521 2.4417 0.54512 0.26158 0.42561
-0.87136 1.3162 0.844 1.1457 0.29217 0.32135 -0.3877 -0.25536 -0.81648 -0.79531 -0.39261 -0.051673 -1.3574 0.0031662 0.17452 1.0292 0.48338 -0.66402 0.51997 -0.50332 0.19404 0.14722 0.048705 0.8163 0.62272 -0.22347 0.57406 -0.12862 -1.0933 -0.97417 -1.0861 -1.1825 -0.50918 0.21184 0.43606 2.4965 0.41354 -0.099286 0.25572
-0.82421 1.3078 1.5959 0.75203 -0.23092 0.87591 -0.066429 -0.16334 0.2343 -2.0892 -0.91017 0.82682 -1.4399 -0.055616 0.041448 0.19108 0.38417 -1.1738 0.16197 -0.84898 -0.33785 -0.0023912 1.2386 0.9447 0.93457 -0.11913 0.37635 -0.25787 -1.0654 -0.68396 -0.50639 -0.70905 -0.015635 -0.30013 0.061195 1.4273 0.015586 0.070114 0.11557
-0.25051 0.82766 1.2746 1.2212 -0.32932 0.64414 -0.61741 -0.21858 -0.70677 -0.18193 -0.029965 0.66165 -1.283 0.57835 -0.022624 -0.59924 -0.052026 -0.63275 0.067489 -0.64332 0.11073 0.053409 0.56756 0.12246 0.11178 -0.11716 0.26325 -0.22193 -0.86497 -0.37602 0.61229 -0.57368 0.12234 -0.15144 -0.38847 0.28282 -0.22628 -0.1234 0.12825
-0.54568 1.0273 1.3655 1.4842 -0.27284 1.0173 -0.49866 0.10305 -1.0966 0.69076 -0.28097 0.66832 -1.3832 0.41397 -0.28341 -0.19636 0.03716 -0.54854 0.18807 -0.32337 -0.33986 -0.16157 0.61221 0.17322 0.78076 -0.087168 -0.052457 0.098355 -0.20662 -0.49198 1.1355 -0.55556 0.31852 0.19346 -0.207 -0.23985 0.17057 -0.41217 0.11007
-0.78432 0.79554 0.18587 1.1969 -0.21493 0.92599 -1.0337 -0.10766 -0.58614 0.47307 -0.2796 0.43108 -1.3668 0.26076 -0.057096 -0.48445 -0.044722 0.26755 -0.55741 -0.55552 -0.05032 -0.47511 0.97119 0.74792 0.44255 0.010526 -0.39251 0.26026 0.23488 -0.48342 1.0362 -0.58853 0.19671 0.16787 -0.097762 0.08155 0.86416 -0.49997 0.16284
0.26781 1.3365 0.0014234 0.77901 -0.6754 0.92313 -0.43019 -0.11297 -0.39513 -0.59861 -0.4641 -0.024739 -1.4776 -0.0031458 0.25849 -0.25035 -0.53705 0.65647 -0.55739 -0.32269 0.13031 -0.10224 0.56552 0.97527 -0.029555 0.031976 -0.31403 0.34603 0.31332 -0.45262 0.88055 -0.35539 0.17531 0.48292 -0.036399 0.27162 0.86208 -1.0247 0.16535
-0.52969 0.85191 1.7964 1.1879 -0.44949 0.53803 -0.7196 -1.0159 -0.82844 -0.6169 -0.20162 2.1644 -1.459 0.035685 0.20643 -0.068828 -0.66655 0.84842 -0.65075 -0.29673 0.21631 -0.137 0.78411 1.4584 -0.44648 0.13992 -0.33689 0.049411 0.34501 -0.1626 0.39016 0.25755 0.21826 0.38015 0.0041702 0.45091 0.46096 -0.94887 0.12754
-0.34454 1.1022 0.58174 0.90732 0.50634 -0.040498 -1.2295 0.33903 -0.96279 0.81771 0.75039 0.94208 -1.2735 -0.075874 0.24386 0.25693 -0.4962 0.9365 -0.43793 -0.14508 0.44573 -0.37713 1.2919 1.5508 -0.72234 0.16962 -0.27987 -0.15653 0.11617 0.17059 0.14413 0.35263 0.05337 0.27916 -0.16839 0.66028 0.18684 -0.66446 0.093781
-0.46811 1.1877 0.66545 0.58021 0.47809 0.46015 -0.94667 0.19298 -0.98302 1.3836 1.1688 -0.16934 -1.2699 -0.34861 0.059273 -0.013301 -0.36931 0.93181 -0.19005 -0.25792 0.52225 -0.30865 1.5648 1.387 -1.0165 0.19033 -0.27094 -0.13855 -0.055163 0.19439 0.024966 0.34536 -0.0021626 0.1698 -0.08522 0.43173 -0.076587 -0.36865 0.030065
