39 296
-0.25251 1.4753 0.086439 1.2663 0.69536 0.90415 0.18857 0.57779 -1.0606 0.79727 -0.054525 0.82765 -1.3845 -0.27513 -0.40816 0.6146 0.02681 -0.34979 -0.23869 -0.40762 -0.016113 0.82707 0.095745 0.7178 -0.60975 -0.026031 -0.15109 -0.067228 -0.23784 0.1137 0.015534 -0.25797 0.029208 0.18404 0.20322 0.24845 -0.50708 0.063421 -0.064123
-0.61399 1.1137 -0.024321 1.0745 0.33412 0.51706 -0.40972 0.59863 -0.19095 0.70295 0.19316 0.099277 -1.3992 -0.31754 -0.60371 0.41619 0.16742 -0.29072 -0.35038 -0.16417 0.33558 1.0109 0.13968 0.16232 -0.40067 -0.08486 -0.090269 0.10622 -0.26194 0.1054 0.10619 -0.32308 -0.047931 -0.060261 0.069336 0.19557 -0.57498 -0.04868 -0.065302
-0.47209 1.1647 0.76716 1.7969 0.18463 0.39087 -0.011988 -0.2363 0.21855 0.66781 0.42048 0.042939 -1.4318 -0.48868 -0.40702 0.32368 0.16522 -0.35007 -0.71877 -0.48461 0.16639 1.1168 0.56494 -0.017264 -0.5596 -0.11072 0.12389 0.28106 -0.39487 0.069181 0.16159 -0.083184 -0.028031 -0.32918 -0.69676 -0.16081 -0.56919 0.12552 -0.040698
-0.43276 1.1035 0.59325 1.0192 0.44177 0.82461 -0.26887 1.101 -0.46785 1.1195 1.0005 0.32289 -1.3985 -0.30537 -0.20508 0.32948 0.1506 -0.15458 -0.66696 -0.45977 -0.22213 0.79119 0.25215 -0.059422 -0.69479 -0.099847 0.22212 0.33802 -0.73425 -0.37528 0.28552 0.40404 -0.157 -0.41722 -1.3322 -0.59849 -0.39565 0.24867 0.03235
-0.57472 0.79458 0.15175 1.5525 0.43722 0.32067 0.23966 1.1553 0.24396 0.92613 -0.60876 0.59783 -1.5138 -0.074055 -0.10112 0.0042895 0.15957 -0.12146 -0.26094 -0.31554 -0.37283 -0.51419 -0.24448 -0.30482 -0.18908 -0.091796 0.18676 0.19035 -0.55697 -0.40137 0.3316 0.74658 -0.0016017 -0.38242 -1.3918 -0.81961 -0.41748 0.39612 0.043482
-0.88983 1.2351 0.33023 1.3883 0.11652 -0.46412 -0.8316 0.35914 0.51326 1.8026 -0.017444 -0.25816 -1.4987 -0.15982 -0.1517 -0.64732 -0.54768 0.11802 0.23081 -0.53075 -0.20087 -0.91866 -0.56859 -0.49019 -0.076518 -0.040207 0.11169 0.20673 -0.0031916 -0.26016 0.25055 1.0467 0.11033 -0.21481 -1.1373 -0.53234 0.00070295 0.54449 0.083151
-0.53033 1.164 0.55698 1.4064 0.42852 0.046058 -0.50527 -0.13002 0.12061 0.52445 0.27863 -0.5698 -1.4718 -0.25324 -0.084399 -0.11362 -0.25301 0.12095 0.33892 -0.45845 -0.5829 -0.89478 -0.55648 -0.64058 -0.076982 -0.067017 -0.069829 0.045813 0.41628 -0.0475 0.30286 1.0798 0.43575 0.059737 -0.33333 -0.38242 0.23084 0.45036 0.11915
-0.54549 0.89352 0.22402 1.496 0.017854 0.57458 -0.50613 0.085435 -1.5685 0.03163 -0.029913 0.32166 -1.5059 -0.028212 0.16423 0.39207 -0.14287 0.1833 1.1499 -0.20119 -0.53116 -1.3666 -0.57954 0.08233 0.32502 0.030463 -0.24923 0.010388 0.5214 0.21266 0.46848 0.8533 0.5875 0.16123 0.29653 -0.21977 0.22054 0.24664 0.1774
-0.6728 0.9187 -0.065491 0.52597 0.68257 1.178 -0.6337 0.50595 -0.98218 0.27931 -0.22803 0.29157 -1.4497 -0.24402 -0.16001 0.19218 -0.1396 0.40066 1.4636 0.2779 -0.090054 -1.0012 -0.94274 -0.17003 0.50575 0.078344 -0.49764 0.032093 0.2706 -0.14685 0.65295 0.23381 0.42167 0.30192 0.85229 0.039558 0.3385 -0.19493 0.30399
-0.89397 0.98627 0.61954 1.2016 0.52932 0.68434 -0.68378 0.5368 -0.88134 0.91988 -0.5993 0.19141 -1.5617 -0.55691 -0.07615 0.083778 -0.20814 0.83585 1.392 0.12562 -0.13311 -0.29383 -0.77113 -0.32443 0.13765 0.19415 -0.81053 0.00084902 0.33895 -0.35328 0.52826 -0.71607 0.29624 -0.083795 1.1093 0.48171 0.24472 -0.45551 0.3748
-0.57318 1.3169 0.76078 1.7047 0.41911 1.8201 -0.20824 -0.16526 -1.3866 0.32473 0.090347 0.71997 -1.4297 -0.7806 0.11111 0.50364 -0.50542 0.98974 0.68183 0.11165 -0.19527 0.27218 -0.36518 0.19304 -0.3233 0.37892 -0.58967 0.11041 0.12762 -0.76244 0.21728 -1.1665 0.64022 -0.23338 0.82011 0.86841 0.47476 -0.41551 0.48887
-1.142 0.8252 0.36113 1.0277 0.72476 1.6805 -0.43795 0.079279 -0.86203 -0.42582 -0.080817 0.017133 -1.3741 -1.0545 0.0499 0.81416 -0.6362 0.85577 0.073399 0.39531 -0.63889 0.2235 0.06464 0.34881 -0.099418 0.53144 -0.25297 -0.13504 -0.53113 -1.2535 0.098163 -1.4508 0.92822 -0.0813 0.83528 1.3645 0.010943 0.099173 0.4755
-1.0676 0.94244 0.32834 0.94119 1.6798 2.2939 -0.45399 -0.1368 -0.86286 -0.87609 -0.491 -0.19743 -1.2277 -0.93484 -0.012128 0.050158 -1.3772 0.78894 -0.26036 1.2601 -0.2872 0.37796 0.30477 0.38836 -0.1381 0.75985 0.40367 -0.12648 -0.91593 -1.1479 0.022472 -1.1752 0.75427 -0.062671 0.6356 1.1723 -0.65997 0.90149 0.41187
-1.4623 1.1157 0.80712 0.35212 1.2275 1.0646 -0.49628 0.31382 -1.0985 0.44745 0.34346 0.041699 -1.0513 -0.87828 -0.22856 -0.57182 -2.1545 1.1166 -1.0982 1.1739 -0.24266 1.322 1.499 -0.42832 0.2682 0.83054 0.85253 -0.16409 -0.85966 -0.67898 -0.26029 -0.77916 0.26697 0.077766 0.42525 0.47195 -0.45622 0.96543 0.25494
-1.8337 1.0374 1.1726 0.18402 1.4711 0.93344 0.08226 -0.54952 -0.55956 1.131 0.029725 0.50727 -0.92273 -0.21188 0.051136 -0.33147 -1.9284 0.90125 -1.1332 1.0396 -0.51282 0.98503 1.1587 -0.72829 1.2523 0.94526 0.93727 -0.33287 -0.41241 0.16118 -0.48061 -0.080383 -0.36062 -0.19793 0.36942 -0.3545 -0.0641 0.63785 0.045124
-1.4585 1.0504 0.28473 -0.069561 1.2022 0.88012 1.5701 0.1877 -0.5731 0.75264 0.073805 0.053193 -0.66905 -0.037773 -0.24606 -0.42869 -1.6541 0.32439 -1.0858 0.96759 -0.37353 0.75371 0.55217 -0.0068401 1.0872 0.88099 0.88874 -0.43061 0.16512 0.72407 -0.92621 0.41647 -0.70748 0.13868 -0.099908 -1.1085 0.5895 -0.24017 -0.075821
-1.5272 0.74144 -0.30172 -1.235 2.3615 0.27981 0.53596 -0.54253 1.1073 2.1418 -1.0982 1.0497 -0.53824 0.15927 -0.55992 -0.70451 -1.3287 0.30688 -0.44141 0.72386 -0.60314 1.3822 0.12732 0.025571 0.707 0.81102 0.36558 -0.38538 0.70498 0.83501 -1.0467 0.058849 -1.296 0.26921 -0.11868 -1.0813 0.51996 -0.96856 -0.31778
-1.182 1.0632 0.47897 -0.89325 2.0431 0.47706 0.21575 -0.56354 -0.27935 -0.011595 -1.1173 1.8548 -0.29526 0.37252 -0.64879 -0.099201 -1.0889 -0.27935 -0.60875 0.083606 0.073016 0.88775 -0.064334 0.31273 0.11423 0.76316 0.053445 0.12284 1.3029 1.2361 -1.0513 -0.11289 -1.2959 0.1804 -0.76965 -0.95762 0.26475 -1.0109 -0.63401
-1.4208 0.6526 0.41836 -0.76916 1.4606 0.40469 0.78359 -0.24519 -0.38508 0.29519 0.81707 0.73625 -0.30758 0.17857 -0.39495 0.69586 -0.63528 -0.71039 -1.2635 -0.79949 -0.21279 0.64411 -0.56061 0.094783 -0.082527 0.44777 -0.20035 0.42305 1.0319 1.1501 -0.95793 -0.15902 -1.0636 0.38095 -1.2821 -0.29876 0.12866 -0.88683 -0.89729
-1.5759 0.41037 0.21685 -1.1599 1.5408 0.53457 0.88073 -0.76542 1.6027 1.533 0.24075 0.80645 -0.15737 0.046531 -0.096104 1.0666 0.33493 -1.0889 -0.91574 -0.55152 -0.2174 -0.47679 -0.89707 0.4455 -0.42049 -0.045209 0.037777 0.67191 0.29753 0.85164 -0.66974 0.26612 -1.1252 0.22436 -1.1297 -0.14725 -0.28252 0.0096385 -0.86852
-1.193 0.3849 0.84525 -1.2304 0.97066 -0.27956 0.61675 0.1434 0.35181 1.081 -0.10203 0.37213 0.003348 0.0083429 -0.084082 0.45336 0.13212 -1.0395 -0.62266 -0.83178 0.28177 -0.57868 -0.0015935 0.18169 -0.69051 -0.35172 0.83928 0.54071 -0.36632 0.47563 -0.40899 0.58009 -1.0084 0.2522 -1.1779 -0.33622 -0.16302 0.64212 -0.49836
-1.265 0.82885 0.65142 -1.1449 0.86783 -1.6735 -0.25229 -0.58815 0.6497 -0.28518 -0.87499 0.70018 -0.28929 0.52641 0.37882 0.53035 0.13455 -1.3389 -0.39948 -1.8815 0.26219 -0.83353 -0.60216 -0.30718 0.46993 -0.35385 1.3431 0.04421 -0.65196 0.0089656 -0.27003 0.7366 -1.1601 -0.1359 -0.4678 -0.46265 -0.014819 0.92902 0.093077
-1.4759 0.81859 1.0336 -0.31052 1.1293 -0.16611 -0.16469 -1.0503 -0.794 0.096614 -0.061332 1.0709 -0.73018 1.2955 0.32348 0.35823 0.35953 -1.3326 -0.35357 -1.9108 0.037783 -1.6084 -1.3243 0.12686 0.73505 -0.26921 1.5322 -0.40974 -0.14922 -0.15743 -0.15477 0.89026 -0.37562 -0.2823 -0.26246 -0.37684 0.22112 0.71411 0.64518
-1.2386 0.66518 0.60906 -0.96981 0.40724 0.15988 -0.38356 0.46692 -0.94193 0.71856 0.18762 0.22537 -0.59549 1.5695 -0.20359 0.029058 0.23147 -1.4354 0.43599 -2.0545 -0.35664 -0.94679 -1.0914 0.41663 0.67888 0.073546 0.93447 -0.78497 0.011206 -0.58244 0.067244 0.21507 0.63727 -0.26461 0.25136 0.13411 0.026218 -0.17973 0.99126
-0.70516 0.97799 0.89313 -0.96386 -0.5108 -0.30384 -1.7481 -0.15319 -0.10134 -0.15479 0.17708 1.9066 -0.40069 1.9573 -0.48251 0.4626 -0.22144 -1.2735 0.75831 -1.411 0.046413 -1.0887 -0.45013 0.22195 0.60565 0.55731 -0.1469 -0.59244 0.22692 -0.82261 0.35135 -0.56381 1.3362 -0.42086 0.55717 0.37124 -0.23484 -0.61016 1.0639
0.17728 0.6152 0.74337 -0.74822 0.020188 -0.87529 -1.1906 -0.82964 -1.0065 -0.8773 -0.065285 1.5191 -0.26609 1.7054 -0.55744 0.50597 -0.68549 -1.2446 -0.52955 -1.0195 -0.25264 -0.61373 -0.76464 -0.33128 0.22373 0.95909 -0.96461 0.014316 0.1961 -0.689 0.83452 -0.88845 1.9952 -0.34917 0.38622 0.63263 -0.13417 -0.82354 0.59404
0.11794 0.12298 0.88798 -0.86218 -0.78306 0.23496 -2.1988 -0.65355 -0.81032 -0.83098 0.11116 1.006 0.0035655 0.99955 -0.50552 0.50958 -0.74766 -0.78454 -1.0286 -0.089866 -0.82733 -0.67254 -0.76396 0.016996 -0.17247 1.1409 -1.4811 0.30089 -0.71981 -0.25764 1.0139 -0.59813 1.6159 -0.17483 0.8504 0.93566 0.37425 -0.83829 -0.011559
0.3555 0.48341 1.4025 -1.2596 -0.27294 0.14614 -1.3542 -0.31432 -1.655 -0.12354 -0.47512 1.6155 0.092077 0.50622 -0.14754 0.34365 -0.81789 -0.15271 -0.48841 0.77995 -0.59405 -0.40062 0.2843 0.23089 -0.47574 0.81531 -0.98014 -0.091631 -1.606 0.20233 1.0605 0.080153 1.1057 0.40755 0.99167 1.2898 0.7489 -0.50628 -0.32288
-0.064435 0.27143 1.2693 -1.4036 -0.814 -1.5562 -1.3388 -0.82415 -1.4096 -0.79277 -0.3091 0.93879 0.36697 0.18464 -0.14677 -0.65521 -0.65023 0.035737 -0.48981 0.51867 -0.11953 0.50423 0.81818 0.64059 -0.61653 0.60675 -0.2542 -0.88287 -2.0001 0.45837 0.59942 0.51643 0.091064 1.0508 1.3763 1.0888 0.60216 0.045403 -0.15865
-0.11549 0.31517 0.90685 -1.8716 -0.86882 -1.7129 -0.77919 -0.80985 -1.3059 -0.78206 0.6558 0.49383 0.78484 0.54571 -0.87569 -1.5978 -0.35752 0.28571 -0.64737 0.61023 0.18468 0.78508 0.90773 0.78463 -0.49043 0.66083 0.090147 -1.4029 -1.3697 0.46945 0.22447 0.82712 -0.39183 1.2619 1.252 0.46099 -0.0306 0.50195 0.30333
0.36446 0.8727 1.1798 -1.5276 -0.23181 -0.27341 -0.80769 -1.219 -0.57628 0.38564 0.28548 1.6256 0.21379 0.57935 -1.6502 -1.8673 -0.11594 0.093405 0.089525 0.14829 0.8202 1.5052 1.0072 0.8827 -0.044932 0.93916 -0.22358 -1.2798 0.11824 0.26304 -0.078518 0.93159 0.037096 0.96175 0.7446 -0.13511 -1.0653 0.10925 0.59191
0.46467 -0.083056 -0.24136 -1.2889 -0.099294 -1.0449 -1.3126 -0.49631 -0.22971 0.31476 0.73637 0.19486 0.43053 0.4618 -1.805 -1.3399 -0.20214 0.22986 0.89224 0.27095 1.3819 1.6162 1.0835 0.022882 0.23287 1.1757 -1.1157 -0.58313 1.4303 -0.090604 -0.55582 0.43127 0.74667 0.23672 0.16808 -0.95427 -1.7352 -1.2725 0.69085
0.77955 -1.1947 -0.33656 -1.4574 -0.5482 -0.88913 -1.2298 -0.032028 -0.39212 0.46339 0.69753 0.70616 0.99226 -0.12467 -1.8781 -0.57673 -0.23617 -0.079096 0.62311 0.74689 1.1464 1.5727 0.49497 -1.0761 -0.73573 1.3791 -1.5698 0.52058 2.2712 -0.29633 -0.72295 -0.24078 1.6584 -0.88358 -0.59124 -1.6271 -1.9052 -2.3525 0.35219
0.5311 -1.2192 0.10673 -1.6348 -0.543 -0.31719 -0.9668 0.6279 0.48483 0.87025 0.62161 1.7957 1.4484 -0.88726 -1.7515 0.16618 -0.47585 -0.64377 -0.048693 1.6148 0.48198 1.0613 -0.62299 -1.6351 -2.5484 1.6432 -1.3619 1.4444 1.9234 -0.11041 -0.53939 -0.5772 1.759 -1.5803 -0.76732 -1.5735 -1.103 -2.5194 -0.18193
0.10812 -1.0927 0.33955 -1.9584 -0.49173 -0.23145 -0.55403 0.46263 0.74821 0.44335 -0.40407 0.89116 1.7382 -1.2609 -0.75588 1.2002 -0.54739 -0.79118 0.05902 2.3803 -0.43908 0.54637 -1.2008 -2.0178 -3.1257 1.3173 -0.57321 1.8692 0.85638 0.026625 0.059571 -0.66692 1.0528 -1.5476 -0.61827 -0.84739 0.056461 -1.2568 -0.7017
-0.17109 -1.1966 0.51171 -1.9046 -0.72578 -0.55241 0.374 -0.11181 0.89346 0.071458 -1.0956 -1.0876 1.8618 -1.1507 0.15425 1.0085 -0.26251 -0.39977 -0.01071 2.5348 -0.88384 0.53461 -1.0284 -1.6771 -3.3631 0.88715 0.18343 1.7977 -0.33849 0.1174 0.69838 -0.65743 -0.18859 -1.1569 -0.18646 0.21687 1.2932 1.217 -1.0082
-0.42275 -1.4042 0.71249 -1.8214 -1.13 -0.93482 0.95526 -0.70741 0.52831 -0.81204 -1.5293 -2.9573 1.9101 -0.90609 0.42485 0.44829 -0.29914 -0.091298 -0.7633 2.128 -1.1659 0.54481 -0.88675 -0.97292 -2.7017 0.53131 0.51158 1.2862 -1.2073 0.13588 1.0693 -0.85654 -1.4825 -0.69153 -0.086379 0.66398 2.1019 3.319 -1.0156
-0.53757 -1.242 0.71452 -1.9577 -1.2396 -0.80221 1.3737 -0.61487 0.15922 -1.1983 -1.4002 -3.0006 2.004 -0.76183 0.79023 -0.016931 -0.38425 0.28444 -0.98566 1.4035 -1.3931 0.6502 -0.34869 0.32779 -0.39677 0.27587 0.62462 1.3537 -0.85371 0.5537 1.1322 -0.58486 -2.209 -0.37839 -0.47834 0.87456 2.0152 4.3991 -1.4669
-0.19099 -0.81801 0.6405 -1.7712 -0.68457 -0.35782 1.5948 -0.47307 1.012 0.0082392 -1.0695 -1.9152 2.1277 -0.62515 1.1727 -0.30427 -0.23577 0.82328 -1.2065 0.33761 -1.5217 0.28045 -0.26247 1.0364 1.7797 -0.15031 0.66706 1.5961 -0.21155 1.4662 1.0869 0.63481 -2.1976 0.26164 -1.2105 0.95737 1.3325 3.6516 -2.2937
-0.61258 -0.66906 0.51609 -2.2919 -0.44549 -1.9068 1.3704 -0.77563 1.6891 -0.35954 -0.86946 -1.3967 2.0757 -0.27928 2.1437 -0.038934 0.74837 1.2145 -0.9897 -0.45343 -1.4368 -0.33952 0.33652 1.2065 2.853 -1.3322 0.56898 1.2531 0.2358 2.1597 0.51313 1.645 -1.8963 1.3526 -1.5791 0.6262 0.16857 1.4004 -2.8629
-0.90727 -0.29985 0.34977 -2.4216 -0.28489 -1.7893 1.2733 -1.7992 1.416 -0.30972 -0.058996 -0.069836 2.0061 -0.067267 2.5312 0.11328 1.9063 1.4324 0.51802 -0.80686 -0.63546 -1.4575 0.60452 1.1495 2.699 -2.6664 0.51502 0.39808 0.32524 2.2616 -0.17305 2.5177 -1.2073 2.2735 -1.0872 0.6809 -0.4727 -0.40007 -2.5761
-0.83498 -0.13303 0.3836 -1.8277 0.055958 -2.3908 0.81075 -2.2007 0.36516 -1.1215 -0.14072 0.24248 1.5039 -0.1183 2.3002 0.179 2.6308 0.91922 1.4854 -1.3587 0.78518 -1.7287 0.42446 0.5713 1.8585 -3.4604 0.078928 -1.1564 0.013956 0.88681 -0.53681 1.8989 -0.49286 2.3592 0.48747 0.24709 -0.62473 -1.3441 -0.80448
-0.43953 1.3268 0.9866 -0.33654 0.25809 -1.6764 0.55877 -1.9173 -0.48809 -0.026453 -0.24263 0.32815 -0.074451 0.13012 1.8034 0.14158 3.1021 0.65526 2.6637 -1.335 1.7721 -1.2711 1.0038 0.40797 1.5442 -3.5805 -0.3377 -2.259 -0.34174 -1.1461 -0.57094 0.22074 0.047753 1.2589 2.0017 -0.45241 -0.21335 -1.456 1.6285
-0.40946 1.4519 0.70978 0.39132 0.78158 1.4276 0.68987 -0.36515 -1.5205 0.39541 0.15113 0.69399 -1.0534 -0.24306 0.5252 -0.020664 1.8243 0.62211 1.787 -1.0608 1.9303 0.52774 0.62546 0.33583 0.88996 -2.2803 -0.57115 -2.9489 -0.58566 -2.7392 -0.5462 -1.5368 0.30154 -0.75505 2.5833 -1.3877 0.30672 -1.2514 3.6465
-0.67638 1.1351 0.57819 0.5225 0.11633 0.79562 -0.33948 0.801 0.088874 0.33355 -0.53692 0.51487 -1.2118 -0.53954 -0.47255 -0.35139 0.13096 0.53758 0.80466 -0.87852 1.2319 1.4582 -0.33227 0.82517 0.42844 -0.41909 -0.31279 -2.6099 -0.2167 -3.1642 -0.99865 -2.5895 0.045744 -2.3525 1.8021 -2.078 0.2469 -1.0913 4.235
-0.70158 0.90993 0.47879 0.64006 0.32209 1.2207 -0.094548 0.26075 0.47756 0.89535 0.16648 1.3539 -1.2578 -0.6933 -1.6475 -0.54836 -1.0813 -0.020068 -0.72119 -1.0643 -0.40501 2.135 -1.5153 0.9312 0.053279 1.315 0.76905 -1.347 0.74396 -1.9506 -1.6447 -1.6103 -0.26805 -2.5634 -0.27605 -1.4213 0.010307 -0.62565 3.032
-1.3126 -0.042342 0.40607 -1.0421 0.79618 -0.91355 0.12504 -0.66444 2.2479 -0.41193 0.49997 1.0324 0.19249 -0.13939 -1.6091 0.050755 -1.4483 -0.8493 -1.3586 -1.2595 -1.6142 1.5628 -1.8412 0.56254 -0.093978 2.0043 1.7857 -0.16102 1.4685 -0.22622 -2.2074 -0.19984 -0.4787 -1.375 -1.6872 -0.010709 -0.70099 -0.29118 1.023
-1.0293 0.15149 0.34182 -1.2081 0.89414 -0.98184 -0.33798 -0.88832 0.95229 -1.7623 1.035 0.48102 0.64906 0.80087 -1.2188 1.0358 -1.0893 -1.6917 -0.41695 -1.3473 -1.609 -0.11894 -1.2916 0.45968 -0.013586 1.7927 2.264 0.80191 1.4608 1.1959 -2.0694 1.4106 -0.38409 0.33952 -2.2946 1.6678 -0.95374 0.035954 -0.95105
-0.93609 -0.22196 0.49201 -0.72087 -0.10476 -1.1607 -0.96873 -1.8308 1.6595 -1.6564 0.7173 0.43111 0.64178 1.5912 -0.94589 1.33 -0.30053 -2.663 0.2348 -1.5837 -0.82698 -0.88296 -0.44382 -0.32867 -0.062432 1.1235 1.5894 0.75564 0.58652 1.4771 -1.279 1.7589 0.024275 1.2786 -1.3854 2.3076 -0.69324 0.21112 -1.7616
-0.35518 -0.13344 0.90221 -0.80321 -0.96594 0.33978 -1.2442 -1.2735 0.57365 -1.4214 0.15919 0.86241 0.61249 2.0879 -0.57096 1.2725 0.6043 -2.8973 1.3387 -1.5828 -0.13917 -1.3471 0.96563 -0.50393 0.1396 0.094765 0.23298 0.78201 -0.3331 0.83212 0.23926 0.92672 0.6856 1.3184 -0.1852 1.7231 -0.18335 0.28709 -1.6071
0.25627 -0.18819 1.8142 -0.60897 -2.098 0.50461 -1.8125 -0.82336 -0.054583 -0.53511 0.31685 1.0348 0.55484 1.7796 -0.60502 0.92566 0.49739 -2.5849 1.3285 -1.1057 0.12901 -0.67665 1.4216 -0.3302 0.26693 -0.2208 -1.2528 1.0079 -0.66219 0.068698 2.0431 0.052988 1.3945 0.52876 0.54922 0.49602 0.41998 0.083858 -1.159
0.5922 -0.51221 1.3356 -0.33614 -2.4263 0.37282 -1.561 -1.0566 0.23908 -0.11108 -0.12567 1.1136 0.49373 1.0892 -0.015591 0.68792 0.081984 -1.2923 0.90905 -0.38955 0.46814 -0.63147 1.0599 0.076684 0.40472 -0.33973 -2.6455 1.522 -0.76709 -0.14538 3.2763 -0.53894 1.5303 0.24516 0.40457 -0.91526 0.41871 -0.22706 -0.95665
0.57471 -0.58749 1.2001 -0.56799 -2.0879 0.70492 -1.837 -1.1342 0.40838 0.21944 0.33923 0.72572 0.48803 0.085322 0.5412 0.52002 0.084069 0.27219 0.54597 0.26053 -0.10468 -0.15458 0.46912 0.1696 -0.0011642 -0.68254 -2.8445 1.9316 -0.89945 0.55233 3.5014 -0.60576 1.4759 0.72772 -0.26906 -1.1026 0.077151 -0.20728 -1.2123
0.51598 -0.51287 1.1093 -0.5674 -2.4402 0.8165 -1.7913 -1.1621 0.43676 -0.34706 0.67267 0.78685 0.39654 -1.3086 1.5107 0.19702 0.5287 1.6673 0.62278 0.41328 0.4544 -0.8165 -0.27111 0.032277 -0.12788 -1.3448 -2.1262 1.5493 -1.1754 1.1731 2.626 -0.57342 1.612 1.3199 -0.49902 -0.69039 -0.56482 -0.31752 -1.3008
0.13135 0.13278 1.5909 -0.74869 -1.7072 0.54333 -1.3515 -0.89481 0.23135 -0.31219 0.49818 1.4623 0.20325 -1.5849 1.9958 -0.32933 1.314 2.3401 0.22854 1.0766 1.5471 -1.1643 0.019351 -0.18558 0.16958 -1.8345 -0.83389 0.68344 -1.2629 1.3363 1.097 -0.48017 1.5345 1.8567 -0.63252 -0.008646 -0.92748 -0.34636 -0.89528
-0.112 0.56896 1.9103 -0.48614 -0.70392 1.4197 -0.97584 -1.3713 -0.034168 -0.47067 0.094684 0.70453 -0.33123 -1.4847 1.9592 -0.851 1.6835 2.4776 -0.10955 2.025 2.2003 -1.175 -0.0022751 -0.87073 -0.25539 -2.0342 0.63264 -0.6073 -1.1555 0.9521 -0.19606 -0.4769 0.91946 1.0415 0.10032 0.47244 -0.82215 -0.40827 -0.064392
-1.2412 1.4168 1.6066 0.50655 -0.091004 1.2908 -1.5707 0.1872 -1.5718 -0.71556 0.15595 0.81183 -1.181 -1.1587 1.52 -1.0663 2.0323 1.8743 -0.075589 2.1413 2.62 -1.2956 0.33892 -1.2086 -0.56737 -1.9012 1.2347 -1.4563 -0.86835 0.10393 -1.1712 -0.39966 -0.29496 -0.29338 0.55318 0.37152 -0.33997 -0.51356 0.76638
-0.54842 1.1823 0.32445 1.3036 0.27899 0.30484 0.063453 1.0869 -0.78154 0.59097 -0.22159 1.4634 -1.397 -0.49691 0.71695 -1.3646 1.9671 1.5424 -0.20622 1.4881 1.9369 -0.57879 0.48452 -1.0812 -0.50792 -1.426 1.2518 -1.8109 -0.41115 -1.4652 -1.5581 -0.46037 -0.86018 -1.9165 1.3303 0.33649 0.35296 -0.3705 1.7385
-0.65709 1.1834 0.47297 0.82122 0.44824 0.54309 0.90385 1.2002 -0.69894 -0.28122 -0.77578 -0.028716 -1.4539 -0.086454 0.11536 -1.5208 1.3624 0.66643 -0.54714 0.82087 1.1126 -0.36815 0.50021 -0.76841 -0.65427 -0.80453 0.78555 -1.4371 -0.13988 -3.1815 -1.3066 -0.81195 -0.83093 -3.3667 1.7003 -0.20114 0.88437 -0.6468 2.6244
-0.68582 1.164 0.8195 1.4787 -0.5124 1.0126 0.4873 1.6127 -1.4708 0.014448 -0.89539 0.34696 -1.5074 -0.0010517 -0.45391 -1.3047 -0.76505 0.2327 -0.82124 1.1691 -0.75555 1.0379 0.57498 -0.43247 -0.88813 0.44662 0.51362 -0.70772 0.035258 -3.4356 -0.74589 -0.85627 -0.30492 -3.2191 1.3052 -0.12337 0.76696 -0.55726 2.7532
-0.48581 1.0291 0.69078 1.4072 1.02 0.58792 -0.2838 0.4726 -0.35495 0.27391 -0.79107 0.92582 -1.4459 -0.13613 -0.36282 -1.3219 -2.6375 0.14022 -1.4304 0.83595 -2.5518 1.3262 -0.066697 0.15795 -1.5825 1.7364 0.55177 -0.93514 -0.12826 -2.7523 -0.42574 -0.67425 0.050585 -1.7091 0.97697 0.24705 0.60673 -0.65333 2.4247
-0.71249 1.0251 0.11951 1.3262 0.11823 0.39237 -0.39474 0.39298 -1.421 0.15044 -0.66341 -0.3643 -1.5439 0.36143 -0.24948 -1.3958 -2.5505 0.44216 -1.517 0.93887 -2.4631 1.1997 0.55489 -0.081624 -1.0776 2.1021 0.90724 -1.4929 -0.14754 -0.94021 -0.99801 -0.19287 -0.14764 0.7125 -0.27632 0.21909 0.64293 -0.84945 1.564
-1.1938 0.7959 -0.24594 -1.101 0.26521 -0.67285 1.383 -0.52375 0.92354 0.64512 -0.4649 -0.14813 -0.30096 0.62712 -1.5861 -1.6815 -2.9675 -0.21611 -1.5816 1.0182 -1.3415 1.5083 0.99876 0.20762 -1.7773 2.5935 1.5077 -2.0047 0.3349 0.89164 -1.2359 0.65165 -0.20234 2.4602 -0.9105 -0.20778 0.62186 -0.26301 0.57372
-0.40455 0.86474 -0.90501 -2.1659 0.4472 -1.969 1.6475 -2.1828 0.91675 -0.2225 -0.20774 -1.5507 0.91039 1.0834 -2.4072 -1.3635 -2.3886 -1.4136 -1.1492 0.81231 0.021052 0.352 0.4778 0.76449 -2.384 2.743 1.6104 -1.7021 0.92481 2.2851 -1.2025 1.4109 -0.63283 2.9819 -1.5246 -1.4359 0.79587 0.43763 -0.40938
-0.028574 1.0313 -0.11655 -0.55643 0.9148 -0.53931 1.3829 -0.59449 -0.18925 0.96113 -1.5391 -0.66709 0.2626 1.934 -2.7348 -0.76707 -1.0355 -1.1914 -0.30073 0.53761 0.97241 -0.13632 -0.40112 0.91575 -1.3997 2.414 1.1605 -0.51671 1.1991 3.1463 -0.46425 1.7841 -0.43914 2.457 -1.2104 -2.0212 0.47124 1.852 -1.3427
-0.084559 -1.4878 -0.7749 -1.4499 -1.0015 -1.0877 0.65667 0.65452 0.82304 1.859 -0.14761 -1.9389 1.1138 2.3041 -2.6022 -0.29205 0.80724 -1.2687 0.69988 0.062039 2.1566 -1.115 -1.4442 1.0833 -0.39518 1.4756 0.29425 0.48754 0.62844 2.3932 0.53417 1.1971 0.20069 0.96229 0.12294 -1.965 -0.25148 2.5537 -1.5116
0.45216 -1.4751 -0.75971 -1.2727 -1.2724 -1.1145 0.57911 0.37981 -0.75445 0.069175 0.77377 -2.8797 1.437 1.8898 -2.3634 -0.19589 1.3903 -1.1368 1.1099 0.61615 2.351 -0.25522 -1.8479 0.9364 0.80786 0.88349 -0.6129 1.5194 0.21729 1.3319 1.1492 0.56982 0.71459 -0.44263 0.91866 -1.2322 -1.2953 2.3466 -1.3986
1.201 -1.3352 -0.70229 -0.68677 -0.75593 -0.3004 1.5051 0.70856 -0.58356 -1.041 0.35369 -1.3574 1.4909 1.5864 -1.7291 -0.58551 0.927 -0.4631 0.56799 1.1187 1.1973 0.62957 -2.4999 0.23802 1.4353 0.87024 -1.2154 1.643 0.034857 0.29046 1.4822 0.0068003 0.67153 -1.1336 1.5698 0.19767 -2.1018 1.4251 -0.93857
1.2903 -1.3348 -0.58469 -0.38653 -0.73889 0.014082 1.8617 1.3353 -0.28082 -1.6735 0.59865 -0.35572 1.5236 1.3159 -0.52113 -0.24669 1.4219 0.50838 0.91238 1.2569 0.59678 0.82991 -2.1866 -1.206 2.2116 0.27567 -1.4215 1.2187 0.09178 -0.21193 1.1455 -0.37719 -0.35245 -0.84853 0.81346 1.3306 -2.0996 -0.15865 -0.64197
1.3339 -1.6351 -0.89281 -0.011583 -0.80611 -0.049867 2.2307 0.99293 0.88141 -1.5436 0.10553 -0.22062 1.5007 0.6459 -0.65907 -0.19916 1.3352 0.62039 0.80105 0.91371 0.84036 1.507 -0.87992 -1.957 1.665 0.14064 -1.2737 0.65947 0.18727 -0.41161 0.20218 -0.52864 -1.1537 -0.10213 -0.19039 1.8996 -1.2794 -1.298 -0.50721
1.3031 -1.8643 -0.94854 -0.13117 -0.33231 -0.30307 2.0612 1.152 0.92959 -1.6588 -1.1857 0.40635 1.5091 0.083618 -0.7687 -0.22605 0.77785 0.4174 0.21502 0.093585 0.88809 0.93039 -0.11721 -2.0734 0.42245 0.12658 -0.75335 0.28214 0.081605 -0.91895 -0.7835 -0.97885 -1.6615 0.31333 -1.1066 1.4679 0.18628 -1.8293 -0.2282
1.424 -2.0199 -0.93637 0.14336 -0.62561 0.38415 1.8485 1.1957 0.95353 -1.6058 -1.276 0.19577 1.5452 0.16373 -0.4438 -0.27256 0.46222 -0.046988 -0.1696 -0.33083 0.85583 0.1594 0.084014 -1.8418 -0.12231 0.058057 0.011525 0.70123 0.023943 -0.87794 -1.1806 -1.1037 -1.6075 -0.11219 -1.6799 0.87446 1.3967 -1.2665 -0.29337
1.3383 -1.9684 -0.76288 0.51047 -0.28694 0.37512 2.0432 1.7293 0.99812 -1.4874 -1.6129 -0.62235 1.6498 0.3543 -0.12054 -0.064044 0.1101 -0.59007 -0.60394 -1.0433 1.1978 -0.78193 0.1324 -0.92912 -0.36422 -0.083249 0.56166 0.98821 -0.048247 -0.48193 -1.0843 -1.1002 -1.1032 -0.88636 -1.3692 0.79135 2.032 -0.37686 -0.43748
1.2707 -2.0974 -0.88928 0.071907 -0.31178 -0.19316 1.6882 2.082 0.49486 -1.4053 -2.0196 -0.40317 1.6112 0.53714 0.25065 -0.23098 -0.0014743 -1.0344 -1.045 -1.3456 0.47017 -1.0901 0.67211 0.15729 -0.33341 -0.26829 0.53732 0.92808 0.2684 0.0045742 -0.88731 -0.91085 -0.63632 -1.8941 -0.82087 1.2367 2.0066 0.20399 -0.5501
1.5817 -1.7519 -1.0381 0.17836 -1.1981 -0.50833 1.587 2.0593 0.27018 -1.644 -1.6723 -0.12951 1.5012 0.80763 0.61472 -0.31881 0.089661 -1.0713 -1.5957 -1.3417 -0.6337 -1.2653 1.1082 0.84791 -0.16036 -0.4754 0.078121 1.003 1.148 0.68709 -0.57215 -0.26674 0.29863 -2.5615 -0.25846 1.5157 1.3869 0.3373 -0.74434
1.7678 -1.8941 -0.92939 5.8852e-05 -1.5241 -1.1113 0.58299 2.3842 -0.211 -1.3357 -1.268 -0.41443 1.3324 0.80866 0.8151 0.31425 0.47437 -1.4284 -1.5371 -1.3049 -1.8946 -1.3028 1.9591 1.1413 0.19961 -0.70739 -0.98881 1.4914 2.1655 0.95358 0.232 0.92688 0.73877 -1.9319 0.060815 1.148 0.58746 0.50658 -1.1591
1.8563 -1.5986 -1.1891 0.066364 -1.5005 -1.4165 0.4561 1.1601 -0.39144 -0.32236 -0.87415 -0.036594 1.2219 0.35215 1.3535 1.5988 1.1675 -1.4387 -0.91163 -0.54606 -2.5785 -1.2342 2.3803 1.2463 0.048386 -1.1639 -2.3901 1.8077 2.2066 0.90895 1.447 2.1975 0.93498 -0.54573 0.3055 0.024379 0.097772 0.71554 -1.5158
2.2129 -1.293 -1.0965 0.62039 -1.5566 -1.7868 0.68174 0.2896 -0.59722 0.011842 -0.29611 -0.50995 1.0788 -0.81618 2.4831 2.4533 1.26 -0.42551 0.48616 -0.45341 -2.2968 -1.0141 2.231 1.0721 0.56548 -1.9474 -3.0118 1.6087 1.255 0.42498 2.525 2.6425 0.65851 1.3194 0.73789 -1.1879 -0.27648 0.31806 -1.5439
1.9203 -1.1736 -0.095198 1.0387 -2.2079 -1.7963 0.56893 -0.35406 -0.84538 1.4048 -0.69931 -0.13876 0.84335 -2.2131 2.9301 2.3237 1.4127 1.0746 1.8492 -0.13305 -1.4875 -0.81975 1.039 1.045 1.0601 -2.5009 -2.681 0.70358 -0.35358 -0.26813 2.9147 2.096 -0.13935 2.3145 1.017 -1.9621 -0.78666 -0.29532 -1.0171
1.4617 -0.38488 0.91803 1.4085 -2.4997 -1.2076 1.2763 -0.48701 -1.2789 1.3111 -0.44691 -0.24205 0.073163 -2.741 2.8317 2.0669 1.1504 1.9339 2.4439 -0.36222 0.11714 -0.039568 0.40042 0.67725 0.33605 -2.7333 -1.3371 -0.68769 -1.7672 -0.57538 2.2587 0.72489 -0.50576 2.2302 1.1378 -2.1003 -0.92077 -1.0367 -0.033519
0.44428 1.3208 1.0103 1.2002 -1.1764 0.7986 0.20824 0.13659 -1.0449 0.88757 -0.092288 1.0078 -0.97868 -2.9861 2.4171 1.2077 0.70743 2.7133 2.3597 -0.84273 0.69882 0.31748 -0.40015 -0.11235 -0.36912 -2.5468 0.44483 -1.6523 -2.0715 -0.71133 0.76856 -0.83166 -0.71816 1.437 0.88322 -1.3799 -0.78203 -0.95371 1.0169
-0.61468 0.83819 0.38579 1.544 0.68201 1.4696 0.2894 0.52006 -1.3134 -0.30913 0.39074 1.0657 -1.2889 -2.5705 1.5687 0.054579 0.51544 2.887 1.6934 -0.9927 0.93097 0.70211 -1.007 -0.16587 -0.67168 -1.9852 1.7624 -2.5805 -1.61 -0.25214 -0.97082 -1.8716 -0.080127 0.27038 0.204 -0.49561 -0.57611 -0.46183 1.8623
-0.19265 0.96292 0.52707 1.4825 0.4738 1.1657 0.13496 1.0833 0.045714 0.93449 -0.16387 -0.73689 -1.4266 -1.5754 0.72075 -0.13742 0.37538 2.0046 0.5221 -1.0847 0.89055 0.57578 -0.85036 -0.080523 -0.22898 -1.104 2.56 -2.9431 -0.47579 0.032411 -2.6544 -2.3591 0.45987 -0.15143 0.095528 0.69919 -0.096226 0.017338 2.3587
-0.50781 0.98324 0.46745 1.5596 0.94973 0.77074 -0.33027 0.34009 -0.52761 -0.013999 -1.1919 -1.3082 -1.4585 -0.60589 -0.76805 0.046458 0.83188 0.51355 -0.45409 -0.38837 0.54684 0.21447 -0.2926 -0.48562 -0.58509 -0.2097 2.0754 -2.2856 -0.0012115 -0.028139 -2.9132 -2.0839 0.89984 -0.52585 -0.14428 0.7898 0.33495 0.62459 2.1239
-0.7054 0.69831 0.46124 1.775 0.64126 0.65464 -0.25534 0.56404 -0.23999 0.066629 -0.54888 -0.24827 -1.4985 0.15395 -1.4901 0.42226 0.60388 -0.95392 -1.3745 -0.34433 0.59956 0.7236 0.58754 -0.16695 -0.34597 0.67616 0.80949 -0.87222 -0.037807 -0.51209 -1.6369 -0.83146 1.4892 -0.76964 -0.18255 0.4891 0.78649 0.34983 1.2819
-0.35271 1.2034 1.0677 1.6966 0.14973 0.32012 -0.30539 0.99636 -0.87621 -0.10352 0.19114 0.92235 -1.4789 -0.09166 -1.263 -0.21829 0.34111 -0.96104 -1.6068 0.20981 0.060034 0.30216 -0.20946 0.5007 0.61604 0.82598 -0.5389 0.79749 -0.23873 -1.24 0.2566 0.63165 1.5013 -1.2772 -0.2238 -0.1096 0.91167 -0.26715 0.40427
-0.54029 -0.14625 0.6606 2.5076 0.11876 0.68919 -0.018555 1.0481 -0.80792 0.39542 -0.86109 -0.27795 -1.203 -0.52349 -0.52207 -0.059489 -0.35644 -0.25118 -0.60352 1.2233 -0.35461 0.12797 0.055023 0.92706 -0.12642 0.61112 -1.443 1.5718 -0.29306 -1.485 1.389 1.4174 1.4138 -1.654 -0.10539 -0.3474 0.7372 -0.77659 -0.2173
-0.18938 -1.0362 0.73577 1.907 -0.72615 -1.2252 -0.28496 1.4808 0.88737 1.3596 0.02223 -0.69584 -0.24081 -1.1252 0.14836 -0.10429 -1.0446 0.63234 0.43329 1.4561 -1.4476 0.024319 -0.21333 0.71137 -1.1732 0.52545 -1.2229 1.7236 0.10473 -1.3354 1.3857 1.4849 0.47832 -1.4958 0.17349 -0.072308 0.48553 -0.63381 -0.36029
-0.61105 0.43678 -0.027101 1.6209 -0.1604 -1.212 0.42687 0.29346 -0.088687 -0.55345 0.13684 0.19006 -0.88188 -1.6402 0.54525 -0.11755 -1.5242 0.79066 0.47601 1.5073 -1.8478 0.61567 -0.04792 1.1327 -0.90514 0.44521 -0.54824 1.1031 -0.10865 -0.73819 1.0328 1.0234 -0.59627 -1.1613 0.0037721 -0.17261 -0.14227 0.056092 -0.32596
-1.473 1.011 0.82982 0.93804 1.257 1.1406 1.565 -0.29606 -0.967 0.027174 0.29353 -1.3081 -1.2069 -1.4905 1.2071 -0.0045104 -1.6124 1.0533 0.86127 0.90074 -2.0882 0.37937 -0.27435 1.3138 -0.17498 0.27838 0.46581 -0.13388 -0.14415 -0.054916 0.10774 0.16596 -1.1096 0.076908 0.077707 0.41693 -0.31619 0.57968 -0.079013
-1.7537 0.87993 0.70893 0.67095 1.2276 1.736 1.1555 -1.0525 -0.39022 -0.17531 0.49119 -1.3812 -0.86285 -1.2139 0.87818 -0.28271 -1.4782 1.4281 1.2519 0.44797 -2.2815 -0.074096 -0.22082 0.32189 -0.48485 0.16397 1.3478 -0.96821 -0.53702 0.52241 -0.55554 -0.62802 -1.045 1.0567 0.05883 0.35232 -0.78906 0.63414 0.13049
-1.7657 0.75993 0.84439 0.46651 0.29462 -0.073533 1.2003 -0.5002 0.74951 0.61157 1.51 -0.034342 -0.60139 -0.58169 -0.23013 -0.25462 -1.1784 0.51151 0.3714 0.031878 -1.0799 0.49522 0.68338 0.47488 -0.24007 0.52601 1.4255 -1.145 -0.63146 0.82851 -0.86396 -1.0906 -0.51995 1.7629 0.42382 0.31539 -0.95878 0.23463 0.11315
-1.5168 0.55787 0.35037 0.84673 1.0411 0.91747 0.4829 -1.128 0.16824 0.16356 0.71371 -0.54514 -0.48148 0.079529 -0.39263 -0.88471 -0.75798 0.046333 -0.56738 0.10126 -0.30365 0.64532 0.16111 -0.0085599 0.37491 0.54665 1.1409 -0.3421 -0.29256 0.82922 -0.77481 -0.76049 -0.151 1.76 0.43772 -0.11167 -0.95944 -0.023309 -0.10034
-1.4498 0.4563 0.075097 -0.11352 1.6019 0.63677 0.65996 -1.8159 -0.036302 0.1993 -0.13095 -1.6365 -0.42429 0.16173 -0.12005 -0.75422 -0.40917 0.16489 -0.45799 0.15506 0.339 0.8505 0.15262 -0.41146 -0.12234 0.28206 0.52608 0.58692 0.33522 0.47337 -0.53617 0.01047 0.16003 1.0119 0.48887 -0.32518 -0.99839 -0.14447 -0.45489
-1.6473 0.51754 0.23297 0.11473 0.66392 0.24893 1.3121 -0.69988 0.13471 0.70782 1.2984 -0.35748 -0.60573 0.25611 0.25062 -0.51489 -0.29812 0.18519 0.1089 0.11487 0.41943 0.60741 -0.14637 -1.1267 -0.5551 0.10869 -0.039535 0.73099 1.1449 0.61814 -0.53273 0.59044 0.0063748 0.64521 0.31867 0.084685 -0.53884 0.0022676 -0.55505
-1.5241 0.68087 0.10854 0.11798 1.2674 0.58853 1.8323 -0.65091 0.29408 -0.076781 0.25706 -0.6419 -0.47586 0.18355 0.48413 0.13203 -0.518 -0.5377 0.043141 0.2994 0.52008 1.4775 0.2418 -0.93352 -0.018455 -0.050507 -0.098045 0.49798 1.3887 0.71083 -0.46797 0.62544 -0.34734 -0.090595 -0.32889 0.28752 -0.21328 0.49274 -0.49364
-1.6135 0.73702 0.1367 0.39731 1.0101 0.46237 0.75314 -0.43328 1.7098 0.43098 0.25448 -1.2771 -0.41115 0.013147 0.59059 0.60249 0.46112 -0.57587 0.37114 0.033753 0.85727 0.94854 0.2975 -0.82205 0.36056 -0.25721 0.13878 -0.42722 1.11 0.17303 -0.67935 -0.0015234 -0.53182 -0.32481 -0.82072 0.50884 0.51744 0.65239 0.037139
-1.2664 0.98733 0.22794 0.14087 0.77232 0.49451 0.84711 -0.53756 0.88017 0.20058 -0.66702 -1.0328 -0.44346 0.13371 0.59188 1.0266 0.55154 -0.30963 0.67114 -0.42048 -0.053424 -0.022048 0.49585 -1.0057 0.39659 -0.39805 0.63117 -1.2378 0.35638 -0.75495 -0.73499 -0.90258 -0.48622 -0.64544 -1.4498 0.13837 1.0572 0.40079 0.89662
-1.3574 0.94973 0.49015 -0.36494 0.39197 1.0385 1.1184 -1.0639 2.1503 0.77874 -0.53583 -0.65946 -0.62725 0.51213 -0.52314 0.9096 -0.51174 -1.1705 -0.21961 -0.46505 0.079102 -0.34636 0.71096 -0.11268 0.51985 0.34493 1.1268 -1.6515 -0.47836 -1.6365 -0.95379 -1.805 -0.6417 -0.85656 -1.1332 -0.43604 1.4902 0.021774 1.6943
-1.711 1.0662 0.76963 1.0311 0.78581 0.99334 1.1788 0.034216 0.41832 0.70507 -0.32489 -0.52059 -0.87969 0.95647 -1.0822 0.58555 -1.469 -1.5838 -1.5081 -0.31103 -0.33887 -0.85977 0.31773 0.73864 0.7026 1.2096 1.4277 -1.4525 -1.1594 -1.3378 -0.75947 -2.0757 -0.92796 -0.56075 -0.82624 -1.1566 1.5516 -0.49798 1.967
-1.3955 1.1921 1.2079 0.75693 0.55613 1.3285 0.81067 -1.0298 -0.1645 1.1497 -0.15418 0.2163 -0.97229 1.4207 -1.4118 0.02926 -1.6367 -1.6824 -2.2207 -1.1537 -0.6569 -0.9725 -0.41874 1.174 0.2825 1.891 1.4659 -0.60471 -1.3147 -0.42927 0.082765 -1.2059 -1.2055 -0.62118 -0.46958 -1.5559 0.9837 -0.93311 1.3101
-0.69805 -0.54381 0.57412 -1.355 -0.77508 -0.66205 0.78199 -0.27566 0.93859 0.82516 0.15517 -0.68667 0.64871 1.9819 -1.4587 -0.46986 -1.428 -1.4419 -2.5602 -1.7113 -0.76944 -1.4238 -1.1093 1.3383 -0.40503 2.2566 0.94985 0.1219 -1.1394 0.78172 0.81052 -0.060468 -1.0329 -0.10134 -0.30662 -1.5965 0.43646 -1.1318 0.13485
-0.4395 -0.16926 0.54739 -1.6565 -1.1726 -2.3331 0.29498 -1.2444 0.59209 0.58066 1.0764 -0.29121 1.1087 2.3634 -1.3621 -0.75998 -1.3525 -1.0892 -2.1568 -1.8872 -0.90666 -1.0529 -1.5019 1.4714 -0.67981 2.1036 0.12659 1.0358 -0.48752 1.9801 1.4755 1.1497 -0.29821 0.3104 -0.40031 -1.0016 0.12784 -0.4957 -1.3241
0.073255 -0.13718 0.31245 -1.1848 -1.0193 -1.8146 -0.70207 -1.5428 -0.3445 -0.62749 0.49413 -0.60403 1.2269 2.0197 -0.87622 -0.92291 -0.13644 -0.39711 -1.6743 -1.7636 -0.40831 -1.4762 -2.144 1.4105 -0.95023 1.3362 -0.69687 1.3061 -0.040703 2.3946 1.5016 1.9373 0.26666 0.87543 0.042203 -0.34261 -0.26701 0.098943 -2.1328
0.3293 -0.28111 0.33397 -0.68566 -0.70681 -1.7583 -0.76234 -1.3835 -0.64269 -0.57286 1.2433 -1.2718 1.2577 1.6133 0.10995 -0.55337 1.4632 0.49473 -0.33751 -1.6574 -0.23439 -1.7937 -1.7778 1.3588 -0.36081 0.040061 -1.3221 1.3147 0.19773 1.812 1.0562 1.6568 0.5924 1.0777 0.55623 0.17671 -0.75097 0.44558 -2.1267
0.69238 -0.4097 0.32901 -0.52924 -0.47049 -1.5263 -0.9239 -1.0105 -1.096 -0.95012 1.6406 -0.97513 1.1536 1.2451 0.086338 -0.63247 1.6954 0.51326 0.45772 -1.3647 0.59174 -0.99963 -1.5997 0.84832 -0.34182 -0.43292 -1.4108 1.0007 0.32131 0.52496 0.29136 1.1083 0.51924 0.92705 1.2106 0.53896 -1.1215 0.52374 -1.4943
0.67706 -0.35579 0.090856 -0.37129 -0.61045 -2.1391 -1.1071 -1.2505 -1.5573 -1.9735 1.6843 -1.2563 0.99808 0.634 0.45251 -0.56437 1.1586 0.38823 0.13435 -1.0535 0.68238 -0.19067 -1.4188 0.26578 -0.097555 -0.72253 -1.2896 0.69906 0.31464 -0.51419 -0.21156 0.41998 0.35431 0.78492 1.2966 0.6105 -1.3501 0.10559 -0.77475
0.95122 -0.1463 0.068253 0.22409 -0.37391 -1.6655 -1.4119 -0.8759 -1.2137 -1.2554 2.1454 -0.66308 0.81323 0.25016 0.70472 -0.36919 1.0039 0.18986 0.33182 -1.1608 0.93059 0.15536 -1.2821 -0.24978 -0.045739 -0.89041 -0.94679 0.89681 0.79289 -0.61148 -0.0025113 0.25506 0.3529 0.38277 0.43451 1.2844 -1.1381 0.46317 -0.63399
0.86513 0.0038481 -0.13054 0.3762 -0.63937 -1.2549 -1.7545 -0.59215 -0.67129 -2.0355 1.5523 -0.96027 0.70157 0.046283 1.0308 -0.148 0.82774 0.27033 0.56795 -1.1441 1.1182 0.23688 -0.75973 -0.74309 -0.27341 -1.0844 -0.70569 0.79925 1.1716 -0.37261 0.15744 0.48986 0.75907 0.121 -0.70039 1.5782 -1.0572 0.7216 -0.67233
0.64959 0.35028 -0.11194 -0.043163 -0.34858 -1.7968 -1.915 -0.80195 -0.71427 -2.6567 0.64091 -1.1017 0.42989 0.025409 1.3696 0.49895 0.69531 0.56846 0.74811 -0.70658 1.117 -0.3608 0.524 -0.88621 0.66625 -1.3598 -0.92754 0.57004 1.1708 -0.097207 0.348 0.51168 1.595 -0.12998 -0.89248 2.1425 -0.6284 1.4015 -0.75095
0.69561 0.28675 0.1696 0.56052 -0.42367 -1.1116 -2.1299 0.042364 -0.88499 -2.2218 1.4104 -1.3623 0.26115 -0.37968 1.5236 0.97666 0.60005 0.48773 0.9108 0.045074 0.82543 -1.3911 0.68791 -1.4978 0.96143 -1.6625 -1.0313 0.077787 0.55021 0.22796 0.20815 0.7682 2.2253 -0.24317 -0.32563 1.8839 -0.31679 1.5075 -0.56629
0.85206 0.74569 0.13177 0.43767 -0.089228 -0.86335 -2.2861 0.24341 -1.2299 -1.9829 0.76286 -1.3166 -0.14805 -1.0195 1.465 1.0422 0.92681 0.7185 1.1893 1.0373 0.8272 -0.88032 2.0727 -1.121 2.0536 -1.9131 -1.0496 -0.45038 -0.47737 0.19052 -0.032718 0.7122 2.2379 -0.31805 0.72687 1.2326 -0.2577 0.50225 -0.12539
0.83749 1.281 0.70103 0.68312 0.2328 -1.0031 -1.7667 -0.069983 -2.265 -0.28575 0.79598 0.74506 -0.62145 -1.0807 1.1375 0.51272 1.1372 0.57686 1.8978 1.8829 0.79414 -0.19871 2.0546 -1.2688 1.9527 -1.7975 -0.62094 -0.96081 -1.151 -0.046533 -0.24059 0.55904 1.5341 -0.22118 1.5072 0.65865 0.11033 -0.54502 0.49972
0.28632 1.4582 0.89213 0.94422 -0.096844 -0.051814 -1.197 0.012283 -2.9592 -1.1475 -0.51086 0.32843 -1.0543 -1.3029 0.80263 -0.061201 0.78102 0.4649 1.6912 2.2955 0.51869 0.49097 2.1959 -1.5289 1.1656 -1.5132 0.034097 -1.276 -1.3436 -0.58254 -0.52021 0.24787 0.24502 -0.26227 1.2062 -0.52775 0.62065 -1.7619 1.0501
-0.58816 1.4219 0.57947 1.3562 0.3762 0.27884 -0.35627 0.49058 -0.60875 0.83896 0.18304 1.7537 -1.3998 -1.2278 0.21107 -0.39416 0.57801 0.17534 1.7851 2.1018 0.55329 0.96039 1.8944 -1.1069 0.3951 -0.9934 0.44063 -1.3055 -0.97084 -1.0572 -0.45033 -0.46943 -1.2 -0.043277 0.65661 -0.71638 1.613 -1.4706 1.2866
-0.052896 1.2869 0.1343 1.3193 0.24228 1.3682 0.16959 0.50164 -0.76711 -0.48932 -0.76329 0.42867 -1.3415 -0.88302 -0.26112 -0.75011 0.095718 -0.031337 1.7383 1.3513 0.44164 0.96424 1.1738 -0.02342 -0.50807 -0.48634 0.81653 -1.122 -0.35537 -1.2608 -0.35634 -1.2251 -2.2594 0.30363 -0.16297 -0.97329 2.0863 -1.0343 1.2754
-0.33143 1.24 0.13207 1.1625 0.20726 0.86076 0.18903 0.68589 -0.7246 1.2027 -0.55202 -0.37295 -1.3621 -0.57439 -0.57102 -0.76307 -0.53032 0.0021915 0.90846 0.24253 0.7508 0.86954 1.2294 1.0853 0.0068383 -0.069824 0.68363 -0.5699 0.025844 -1.184 0.062823 -2.0969 -2.5195 0.48223 -0.49261 -0.84906 1.9768 -0.28768 0.95251
-0.23994 1.1845 0.1946 1.038 0.14075 1.5239 0.0070419 0.64457 -0.96862 0.94148 -0.56715 0.2527 -1.3183 -0.30931 -0.72909 -0.46412 -1.0609 -0.099408 -0.37284 -0.74659 1.0099 0.17228 0.70552 1.4014 -0.58755 0.24669 0.4926 -0.085391 0.33554 -0.86714 0.36297 -2.1097 -1.7404 0.41798 -0.48892 -0.96409 0.82814 -0.25324 0.678
-0.32526 1.075 0.21934 0.85319 0.047202 1.748 -0.14702 0.29967 -1.5263 0.76138 1.0025 0.44909 -1.3218 -0.40793 -0.52184 -0.48479 -1.0941 0.32512 -1.4342 -1.2775 1.205 0.32099 0.541 1.9944 -0.082761 0.29871 0.28615 0.2394 0.34549 -0.50992 0.49398 -1.4698 -0.46584 -0.0029417 -0.35853 -0.82328 -0.31005 -0.83725 0.46735
-0.75661 0.74716 -0.002908 0.40306 0.13925 1.0041 -0.81812 1.535 -0.45453 1.1098 1.0904 1.292 -1.2418 -0.16654 -0.41379 -0.31716 -1.2724 0.47189 -1.3913 -0.94964 1.0259 0.21066 -0.2874 1.1037 -0.91492 0.50934 0.31663 0.37577 0.33079 -0.16468 0.43247 -0.2674 0.51663 -0.28698 -0.22775 -0.24844 -1.2576 -0.79975 0.27112
-0.62336 0.5913 -0.030772 0.13516 0.27985 -0.6334 -1.0305 1.8653 -0.20636 1.4574 1.2946 -0.3195 -1.0482 -0.17784 -0.29445 -0.24776 -1.3976 0.62085 -1.5822 -0.48002 0.73901 0.088019 0.18713 0.6042 -1.3994 0.61149 0.6148 0.41035 0.4905 0.15813 0.21481 0.94607 0.90597 -0.61525 -0.64878 -0.16253 -1.7271 -0.76965 0.0646
-0.34747 0.97235 -0.39452 0.22041 0.81716 -0.76235 -1.2117 1.7238 -0.62431 0.46255 1.5429 -0.10801 -1.0529 0.092574 -0.17247 -0.01851 -1.228 0.54454 -0.85394 -0.24518 0.68906 -0.20724 0.43249 -0.37472 -1.4274 0.56078 0.33658 0.38369 0.41675 0.43369 -0.13973 1.5578 0.72003 -0.57282 -0.69718 0.13888 -1.0824 0.52885 -0.28619
-0.43228 0.8338 0.15304 -0.37274 0.59236 -0.022553 -0.54058 1.4099 -0.96903 0.65696 0.19485 -1.7933 -0.73472 0.45863 0.087695 0.19804 -0.82344 0.68252 0.20932 -0.046301 0.18388 -0.82347 -0.1062 -0.64982 -1.267 0.38334 0.034335 0.28109 0.40163 0.6157 -0.53563 1.5778 0.57498 -0.5891 -0.38839 -0.074833 -0.24216 1.1741 -0.5101
-0.59512 0.76446 0.016896 -0.63111 0.76007 -0.34718 -0.52966 1.2622 -1.1192 1.6311 1.0402 -0.72875 -0.69661 0.06422 0.079176 0.16832 -0.7444 0.18634 0.86898 0.090636 0.19612 -0.78557 0.14289 -0.4001 0.064802 0.12208 -0.041067 0.18436 0.010694 0.90043 -0.60523 0.98216 0.29 -0.44521 0.26856 -0.49299 0.54477 1.2756 -0.62319
-0.35042 0.68438 0.13167 -0.52683 0.58669 0.47962 -0.9797 1.9592 -1.2923 1.6212 0.60133 -0.71472 -0.80326 -0.10042 0.086143 0.34183 -0.47937 -0.17886 0.75305 0.35465 -0.15344 -0.44596 0.21078 0.11885 0.13592 -0.060924 -0.01465 0.13328 -0.17833 1.2135 -0.65137 0.15466 0.18883 -0.22184 0.87782 -0.87659 0.55812 0.86235 -0.59887
-0.11916 0.89885 0.058923 -0.37502 1.2847 0.6032 -1.1726 1.9933 -1.3388 0.37412 0.35096 -0.90032 -0.85091 0.31416 0.16724 -0.06346 0.29966 -0.13087 0.85975 0.056788 -0.0025441 0.11868 -0.63915 0.272 0.34688 -0.30606 0.23161 0.16579 -0.044262 1.6166 -0.30354 -0.57368 0.5599 -0.53162 0.89027 -1.0267 -0.011908 0.13761 -0.46628
-0.70241 0.82006 -0.06265 -0.77605 0.31787 0.28531 -0.7392 1.8928 -1.3149 1.5025 1.1001 0.0070831 -0.94872 0.31818 0.29417 0.023666 0.94739 -0.34936 0.51698 0.29549 -0.14447 0.47977 -1.3549 0.071135 0.27643 -0.44915 0.080291 0.046511 0.12016 1.5678 -0.3496 -0.74034 0.89043 -0.36831 0.58275 -0.48051 -0.50588 0.06192 -0.35032
-0.49126 1.0785 0.25532 -0.47372 0.44948 0.44548 -0.18442 0.88497 -1.2912 0.7738 1.3869 -0.94255 -0.97087 0.2352 0.28196 0.26212 1.5991 -0.28273 -0.19082 1.0963 -0.83598 0.53227 -0.99839 -0.42687 0.2913 -0.49916 -0.12467 -0.078718 0.37136 1.1737 -0.18187 -0.45589 0.88492 -0.59967 0.26236 0.24131 -0.98086 0.13113 -0.17277
0.11956 0.85901 -0.020847 0.14425 0.6083 1.489 -0.74519 1.6967 -0.61719 -0.13383 0.33133 -1.1361 -1.0487 0.076158 0.12907 0.38969 1.8354 -0.74149 -0.23837 1.3911 -0.44806 0.50172 -0.49912 -0.5422 0.31553 -0.57754 -0.30074 -0.96662 0.010517 0.47085 -0.1923 -0.15063 0.24937 -0.27777 0.15521 0.874 -0.92226 0.57535 0.33486
-0.27418 1.0839 0.10233 0.67099 0.31041 0.21945 -0.44899 1.5505 -0.58791 -0.29851 0.99406 0.17229 -1.2911 0.24287 0.13327 0.38573 2.0731 -0.26659 0.29909 1.0555 -1.0101 0.60976 -0.5894 -1.3548 0.61167 -0.54543 -0.33133 -1.6488 -0.25272 -0.53905 -0.21803 -0.49402 -0.2617 -0.2037 0.11197 0.85082 -0.46989 0.76506 1.0739
-0.14472 1.023 0.4909 1.3707 0.55775 -0.10645 0.65181 0.75106 -0.91669 0.42794 -0.48009 -0.41119 -1.3629 -0.16092 -1.2852 -0.011489 1.5959 -0.70829 -0.045643 0.74702 -0.59338 0.72487 0.11659 -1.2845 1.2512 0.15559 -0.47985 -1.5224 -0.018172 -1.3001 0.37431 -0.72298 -0.4048 -0.44689 -0.087146 0.58824 0.018084 0.44458 1.426
-0.44361 0.97659 0.33176 1.1434 -0.31951 0.38971 0.66902 1.7002 -0.79492 0.35213 0.38835 -0.30422 -1.493 -0.17068 -1.8457 0.047608 0.69053 -0.69725 -1.303 0.95253 -1.1559 0.61648 0.32583 -0.99628 1.3217 1.0045 -0.85335 -0.77305 0.22942 -1.6143 0.47047 -0.65937 -0.27574 -0.065927 -0.487 0.0031959 1.0449 0.60198 1.1277
-0.25737 1.0553 0.30082 1.5006 0.29775 1.5402 0.25936 -0.23476 -0.27246 0.30321 -0.7883 0.65594 -1.4641 -0.48018 -1.4974 0.53725 0.056108 0.15929 -0.9187 0.72563 -1.2387 0.28867 0.178 -0.7138 0.84507 1.1317 -0.46544 0.63149 0.28416 -1.1519 0.72133 -0.25628 -0.23547 -0.1309 -0.60376 -0.48033 1.2385 0.30539 0.25525
-0.44633 -1.2084 -0.038403 1.3604 -0.55834 0.24775 0.21101 1.0145 0.066151 0.51562 -0.3442 0.69201 -0.35614 -0.96087 -1.0792 0.50536 -0.22294 0.16093 -0.61644 0.57579 -0.81321 -0.19609 -0.59346 0.36273 2.0007 0.93067 0.23442 1.3116 -0.29107 -0.52171 -0.02628 0.047263 -0.70452 0.16335 -0.55063 -0.39483 1.2787 -0.02086 -0.52662
-0.0067018 -0.76904 0.22099 0.89091 -0.12881 -2.0771 0.78006 0.20675 0.019819 0.072428 -0.75823 0.98144 0.13233 -0.50578 -0.5554 0.2455 -0.13709 0.18275 -0.92144 0.51563 -1.0163 -0.13056 -0.31293 0.41508 1.5297 0.63531 1.4317 1.7487 -1.0627 -0.018366 -0.68045 -0.07019 -1.3623 -0.064821 -0.32587 -0.043708 0.76524 -0.55998 -0.96843
-1.1433 0.45412 1.2149 1.0145 1.1419 -0.53396 1.0147 -0.19124 -0.90834 0.26828 -0.077616 0.72213 -0.67156 0.22693 -0.026208 -0.28599 -0.20829 -0.7562 -1.217 -0.18542 -0.9488 -0.32744 -0.15594 0.89639 0.97267 0.33217 2.2189 1.3598 -1.4151 0.16309 -0.89397 0.16478 -1.8336 -0.1626 0.0029765 0.54317 -0.12597 -1.1971 -0.86928
-1.3155 0.13818 0.69079 1.2484 0.023098 0.29568 1.3551 0.33933 -1.3781 -0.74125 0.54173 3.0537 -0.80262 1.2349 1.0232 -0.84154 0.007231 -0.6258 -0.77255 -1.2911 -1.2945 -0.34149 -0.10297 0.47883 0.32006 -0.25998 2.2592 0.30787 -1.2112 0.023759 -1.0986 0.25767 -1.8556 0.060478 0.13678 0.51149 -0.67874 -0.91073 -0.23134
-0.32519 0.08398 0.031516 1.1715 -0.36248 -0.64083 0.66185 -0.19159 -0.033265 0.44206 0.24207 1.3475 -0.71065 1.7429 0.50537 -1.3169 0.0072242 -1.069 -0.36726 -1.7454 -0.98705 -0.1168 0.35093 0.058587 0.34656 -0.13975 1.4995 -0.50564 0.015366 -0.17269 -0.60123 0.52827 -1.0361 0.14852 0.27284 0.40633 -0.91231 -0.66817 0.3984
0.46112 -0.15803 -0.31141 1.1226 -1.4032 -1.4588 -0.59463 -1.2578 -0.45899 0.27783 0.21047 1.6087 -0.33361 2.3751 -0.26842 -1.2627 -0.20657 -1.6693 -0.83381 -1.9676 -0.87809 0.010435 0.423 -0.51239 0.13214 0.46559 -0.22142 -0.88113 1.6145 -0.50277 -0.45454 0.95624 0.38744 0.23426 0.31749 -0.32415 -0.34266 -0.49671 0.80151
0.95847 0.24407 -0.52015 1.1607 -0.46866 -1.9073 -1.2505 -0.4481 -0.65496 0.090895 -0.13566 0.76381 -0.49632 2.0747 -0.23603 -0.040637 -0.43539 -1.3332 -0.12367 -1.6721 -0.86745 0.019973 0.37126 -0.40822 -0.17955 0.6618 -1.8946 -0.22718 2.7058 -0.77887 0.055134 1.4277 1.3551 0.08775 0.69151 -1.3117 0.30172 -0.86864 0.65463
0.80911 0.3249 -0.2229 0.84249 -0.71913 -1.4232 -0.43225 -0.94511 -0.72645 0.61329 -0.51581 2.1899 -0.39222 0.72117 -0.11179 1.2386 -0.731 -1.3241 1.0385 -0.65435 -0.8987 0.20444 -0.70651 0.018905 -0.33474 0.73456 -2.9019 0.097623 2.6522 -0.95667 0.33974 1.6032 1.4944 -0.098026 1.0645 -2.0699 0.76719 -1.0622 0.45901
0.84167 -0.18526 0.15357 0.9071 -1.6568 -0.88521 -0.95739 -0.8981 -1.136 0.40213 -0.33215 1.7931 -0.19833 -0.46688 0.053501 1.9821 -1.2133 -1.1399 1.5881 -0.030358 -0.80487 1.1622 -1.5482 0.35172 -1.05 0.86496 -2.5021 0.042708 1.2301 -0.81092 0.76567 0.68623 0.52623 0.087777 1.1676 -2.164 0.80098 -1.4001 0.40733
1.1352 -0.24973 0.53398 0.72038 -2.0052 0.1605 -0.85034 -0.92235 -0.53398 -0.019709 0.29622 2.2034 0.040347 -1.0097 -0.22442 2.1857 -1.6373 -1.1438 1.5586 -0.17229 -1.0973 1.5748 -2.5172 0.5709 -1.4332 1.1621 -1.3807 0.15641 -0.29728 -0.47368 1.6447 -0.54184 -0.45975 0.373 0.52573 -1.2175 0.49227 -1.3164 0.21852
0.42487 0.093214 1.0905 0.18899 -2.2102 0.32526 -0.53211 -1.953 0.58897 -1.0124 0.26178 -0.080258 0.23426 -1.0729 -0.086024 1.5592 -1.5257 -0.022213 1.0001 -0.99607 -0.59623 1.6804 -2.8014 0.84468 -2.278 1.156 -0.37281 0.2729 -1.1791 0.030927 2.025 -1.188 -0.78932 0.81029 -0.79404 0.11926 0.017151 -0.54507 -0.17214
-0.048376 0.22035 1.3099 -0.4011 -2.0934 0.1751 -0.99669 -1.7718 1.0954 -2.1646 0.3733 -0.03614 0.55912 -1.1867 0.24853 0.96022 -1.4792 1.1259 0.21937 -0.98487 -0.27872 0.98371 -2.3654 0.70147 -2.2082 0.96778 0.51928 0.3072 -1.3945 0.41343 1.7721 -1.1867 -0.31428 1.182 -1.9454 1.6608 -0.27197 0.64905 -0.61757
0.036613 -0.16571 1.3944 -0.75393 -1.6557 0.206 -1.3524 -1.6101 0.88046 -3.0927 0.22459 -0.14231 0.7743 -0.96948 0.30926 0.62521 -1.2405 1.4298 -0.16928 -1.0158 0.35703 -0.1915 -1.3777 0.29226 -1.673 0.65967 1.0909 0.3439 -1.0199 0.40567 0.75343 -0.63787 0.49216 0.90282 -2.6139 2.8615 -0.44295 1.7654 -0.99703
0.0059619 0.0040116 1.0128 -0.45655 -0.7559 0.14255 -2.0464 -1.301 0.93546 -2.4702 0.80352 -0.57697 0.82467 -0.2188 0.12956 0.32148 -1.0032 1.3722 -0.28105 -0.72048 0.71711 -1.483 -0.062975 0.29114 -0.45963 0.3311 1.0526 0.66952 -0.9227 0.58296 -0.091849 -0.3538 0.81774 0.48096 -2.1424 2.9059 -0.43304 2.1053 -1.3208
-0.19411 0.15001 1.1683 -0.68958 -0.465 -0.33088 -1.7912 -1.271 -0.14438 -2.446 0.76258 -0.98866 0.80442 0.20438 0.58861 0.17591 -1.0017 1.2335 -0.058006 -0.27103 0.65622 -2.4414 1.4878 0.16165 0.26144 -0.26651 0.10654 0.65117 -1.0394 0.76478 -0.085976 0.067191 1.3687 -0.15251 -0.57944 2.03 -0.49726 1.7345 -1.381
-0.03782 0.30599 1.5206 -0.93705 -0.8029 0.21764 -1.6254 -0.83825 -0.42156 -1.9783 0.39467 -0.53313 0.73293 -0.073878 1.2877 -0.35458 -0.5006 1.0569 -0.56704 0.071343 0.50506 -2.2864 1.7263 -0.10216 0.88911 -0.8746 -1.0922 0.43013 -1.283 1.007 0.15633 0.66303 1.5461 -0.31768 1.4381 0.89999 -0.65199 0.77636 -1.2294
0.1385 0.14656 1.5154 -1.3052 -0.77 -0.17229 -1.361 -1.3092 -1.2334 -1.4946 0.64161 -0.41958 0.68897 -0.86266 0.87729 -0.77201 -0.049249 1.431 0.098924 0.98377 0.16964 -1.002 1.5932 -0.50482 1.0071 -1.1479 -1.8194 -0.20507 -1.4381 1.2499 0.48742 1.0647 1.5037 -0.25481 2.8174 -0.14644 -0.52328 0.028977 -0.74129
0.22489 0.90833 1.3345 -1.7008 -0.2456 0.26702 -1.6582 -0.86301 -2.2557 -0.14665 0.53766 0.70841 0.17121 -1.4325 0.74965 -1.3486 0.42219 1.5602 0.97718 1.359 0.3471 0.69361 1.6095 -0.67001 0.68735 -1.3741 -1.6567 -0.66194 -0.84414 1.1237 0.33881 1.2862 1.3447 -0.13033 3.0425 -0.71208 -0.1778 -0.59771 -0.08716
-0.3426 1.4191 0.55366 -0.63545 0.1786 -1.2357 -1.6208 -0.91263 -1.5122 -1.1902 0.2036 0.71469 -0.30147 -2.0322 0.52238 -1.7315 0.89888 1.8742 1.3233 1.7176 0.24366 1.7737 1.2894 -0.5987 0.45106 -1.3116 -0.84644 -0.74925 0.13238 0.81577 -0.31172 0.73961 0.79602 -0.064951 2.2044 -0.99009 0.037653 -0.98954 0.52451
-1.3778 0.44525 0.35633 -0.33362 1.4433 0.95492 -0.25435 -1.1916 0.30603 -0.44011 0.058652 0.027175 -0.28372 -2.1435 0.33895 -1.2825 1.1481 1.4559 1.4245 2.0578 0.2176 2.4892 0.5501 -0.42821 0.055903 -0.94703 0.33982 -0.82528 1.3434 0.2816 -1.0427 -0.20197 0.023318 -0.14336 0.68815 -0.88921 0.42473 -0.50356 0.98344
-1.4551 0.90386 0.28351 -0.5535 0.79129 1.7773 0.00026022 -0.49076 0.91526 -0.059609 -0.27829 -0.26399 -0.62027 -1.8594 -0.19476 -0.57391 1.127 0.91391 1.3676 2.0249 0.11054 2.557 0.26826 -0.58005 -0.53868 -0.44919 1.4474 -0.40016 1.7379 -0.14437 -1.5811 -1.3432 -0.83603 -0.17145 -0.92561 -0.7341 0.62494 -0.096354 0.95723
-1.7236 0.83961 0.11981 -0.26556 1.2854 1.7297 0.31013 -0.79384 1.04 -0.023502 -0.096068 0.56611 -0.56474 -0.96471 -0.30083 0.33603 0.83503 0.13404 0.53291 1.2398 0.13796 1.6711 0.45645 0.11847 0.25124 -0.092808 1.8849 -0.040737 1.1748 -0.19762 -1.3088 -1.9667 -1.3393 -0.25165 -1.8435 -0.31188 0.88265 0.11436 0.56448
-1.6536 0.9361 0.5316 -0.20791 0.86839 1.1222 0.75387 -1.0649 1.0292 -0.75597 0.31303 0.14055 -0.39201 -0.28747 0.16923 0.38477 0.77505 -0.35588 -0.97351 0.65288 -0.04661 0.26567 -0.033609 0.31479 0.20214 -0.071893 1.7068 0.35387 0.12045 -0.45617 -0.59204 -1.7058 -1.4145 -0.09972 -1.7597 -0.2815 0.60931 0.11202 0.11155
-1.7894 0.76266 0.59296 0.034635 1.1366 1.58 0.4746 -0.66625 1.2183 0.0065847 -0.7089 -0.20864 -0.47294 0.10783 0.10618 0.21869 0.9428 -0.30212 -1.4152 0.38675 -0.18923 -0.15134 0.13089 0.81198 -0.062273 -0.15368 0.95306 0.35842 -0.69218 -0.65189 0.18103 -0.58211 -1.0551 -0.057773 -1.1906 -0.31311 -0.31695 -0.084401 -0.18715
-1.5618 0.68003 0.82469 0.51613 0.60155 -0.21041 0.030921 -0.79163 1.3713 -0.26293 0.73512 1.2898 -0.41985 0.35534 0.23414 -0.30411 0.20189 0.05002 -1.138 -0.037503 0.082958 -0.14739 -0.081545 0.22966 -0.13417 -0.22655 0.42702 0.30707 -0.43818 -0.8824 0.31683 0.69228 -0.65584 0.40614 -0.85434 -0.097986 -0.61698 -0.1816 -0.24176
-1.7517 0.90331 0.42143 0.25645 0.89283 0.089407 0.92651 -1.104 0.48464 -0.39284 0.20956 -0.30169 -0.57942 0.25362 0.30701 -0.47212 -0.12052 0.26303 -0.57983 -0.27327 -0.036772 -0.57913 -0.092049 -0.48233 0.29104 -0.34411 0.057406 0.15603 0.050865 -1.0226 0.30645 1.4444 -0.62358 0.74729 -0.52218 0.26868 -0.58166 -0.32679 -0.067016
-1.2961 1.1227 0.32256 0.56537 0.52189 0.058795 0.57284 -0.71621 0.82703 0.3036 1.0259 -0.17977 -0.8772 0.33397 0.6202 0.0038282 -0.37226 -0.058132 0.0049666 -0.17464 0.66565 -1.2924 -0.087143 -0.26441 -0.289 -0.40053 0.098064 -0.22514 0.74997 -0.78306 0.11057 1.2418 -1.3373 0.33973 -0.16384 0.42133 0.27699 -0.17815 0.44089
-1.4043 1.062 -0.1195 -0.49395 1.6753 0.31671 0.20392 -0.7049 1.0833 -0.77977 -0.431 0.54717 -0.61055 0.21884 0.20304 0.15908 -0.71487 0.31328 0.93879 -0.64559 0.96859 -0.67442 0.66317 -0.09871 -0.57734 -0.18584 0.52207 -0.45975 1.1174 -0.65039 -0.28667 0.57609 -1.8031 -0.20517 0.26964 0.22266 0.88879 -0.3519 0.91638
-1.5928 1.1066 0.48948 -0.097087 1.0355 0.53945 0.22241 -1.1161 0.046824 -0.62657 -0.9926 0.76353 -0.76032 0.5384 -0.083893 0.64787 -0.99165 0.22796 0.61612 -2.2048 0.24014 -0.46562 0.35945 0.54858 -0.007851 0.46081 1.1595 -0.59876 0.65868 -0.12717 -1.1222 -0.2705 -1.5294 -1.0282 0.69103 -0.088804 0.97459 0.039694 0.93108
-1.3488 1.4759 1.0166 0.010685 0.44982 1.0139 0.24687 0.69845 -0.86842 0.18271 0.082916 -0.73216 -0.94777 0.9985 -0.11715 1.09 -1.0501 -0.40348 0.27453 -2.4292 -0.21941 -0.47567 0.12697 0.81071 -0.49011 0.82084 1.7832 -0.35726 -0.59149 0.64122 -1.6664 -1.2871 -0.11284 -1.3347 0.54485 -0.6538 0.75626 0.41879 0.50555
-1.3816 0.64435 0.62188 -0.40505 1.325 1.17 -0.649 -0.0035233 1.077 1.1082 1.261 0.060282 -0.54606 1.8157 -0.23657 0.65273 -0.45239 -1.7513 -0.2243 -1.9735 -0.72958 -0.016823 0.033338 1.1471 -0.22336 0.71738 1.7617 -0.26697 -2.156 1.3849 -1.3411 -1.5998 1.3575 -1.0452 0.34889 -0.69389 -0.077982 0.83059 -0.21892
-0.84761 0.93667 0.81613 -1.0739 1.1962 0.53115 -2.5322 -1.5731 -0.04395 -0.46918 0.98646 -0.031261 0.12205 2.4541 -0.31939 -0.82698 0.22393 -1.744 -1.2694 -0.96575 -1.1294 0.17849 -0.39152 1.044 0.36556 0.56512 1.1955 -0.15832 -2.9161 1.5821 -0.48928 -1.4635 1.7048 -0.10929 -0.03073 -0.44291 -0.80976 1.1109 -0.82609
-0.12963 1.1562 1.282 -0.86074 -0.07606 0.33508 -2.0047 -0.90668 0.20125 -0.20897 0.97583 -0.57705 0.0089875 2.65 -0.42521 -2.0027 0.98904 -1.5537 -1.8761 -0.56066 -1.3271 -0.11445 -0.67498 0.25289 1.188 0.20464 0.073756 -0.12007 -2.446 1.1774 0.72101 -0.57223 1.6012 0.97649 -0.45517 0.31882 -0.8577 0.4557 -1.0903
0.37976 0.8014 0.39915 -0.4519 -1.3239 0.096228 -1.1977 -1.4541 0.64703 -0.77279 0.29613 0.75487 -0.21684 2.5107 -0.27717 -2.467 1.2206 -1.3963 -1.8866 -0.15025 -0.13038 -0.52166 -0.33718 -0.34314 0.96465 -0.36556 -1.0859 0.063299 -1.2557 0.16312 1.4352 0.83215 0.63527 1.2634 -0.65176 1.109 -0.3934 -0.21265 -0.95095
0.79418 0.83746 -0.5285 0.76434 -0.79201 -1.4913 -0.23037 -1.5057 -0.31483 -0.41111 1.088 0.77945 -0.43848 1.914 -0.44579 -2.6231 1.2739 -0.60561 -1.0906 0.42227 0.66392 -0.62589 0.63061 0.14661 0.38293 -0.72067 -1.8133 0.25377 0.20505 -1.1137 1.8798 1.7835 -0.15897 1.1046 -0.42196 1.4355 0.62159 -0.77943 -0.40525
1.0643 0.66395 -1.0269 0.81607 -0.39877 -1.383 -1.563 -0.84062 -0.43686 -0.18341 0.92274 1.0629 -0.54937 1.085 -0.17975 -2.615 0.38389 0.40767 0.018421 -0.34883 0.32367 -0.92525 1.0767 0.30526 0.39416 -0.63272 -1.9287 0.2389 1.2381 -1.9605 1.4116 1.7635 -0.33285 0.39074 -0.25127 0.85548 0.93552 -0.49944 0.29838
1.084 0.45596 -1.1825 0.0066558 -0.16111 -1.2854 -2.1804 -0.52162 0.37932 0.24326 0.52997 0.94225 -0.59968 0.45677 -0.014811 -1.5756 -0.70996 0.98324 0.78619 -0.74687 0.58696 -0.80416 1.3576 1.109 0.014027 -0.37073 -1.4319 0.23952 1.5682 -1.8999 0.42121 0.72112 0.46179 -0.029623 0.12447 -0.16526 0.48513 0.051251 0.79516
1.2003 0.68593 -0.9331 0.23536 -0.27684 -0.40516 -1.4822 -0.75611 -1.1546 0.40651 1.3498 -0.3152 -0.63922 0.14779 -0.059294 -0.904 -1.5095 0.39179 0.74924 -0.15635 0.66676 -0.97643 0.9402 0.96599 0.22602 -0.022528 -0.66017 -0.16205 1.0695 -0.84231 -0.35 -0.49717 1.7105 0.01094 0.4762 -0.7534 -0.049585 0.32648 0.99896
0.97437 1.0497 -1.4675 -0.37435 -0.19804 0.64122 -1.8421 -1.0676 -0.81866 1.1355 1.0619 0.93745 -0.77816 0.089472 -0.071585 -0.83786 -1.3867 0.17356 -0.0011822 1.13 0.43695 -0.37906 0.40646 0.73142 0.59838 0.35847 0.074701 -0.71743 0.087181 0.29315 -0.56734 -1.2497 1.8857 -0.14586 0.82818 -0.99237 -0.96818 0.066844 1.0225
0.94815 0.62261 -1.3236 -0.79611 0.16629 0.15467 -1.5954 -0.64216 -0.51002 0.96229 2.4331 1.1593 -0.61996 0.21577 -0.41216 -1.1801 -0.8807 0.17323 -0.61017 1.7082 0.4218 -0.2003 0.14593 0.37022 0.76038 0.7423 0.54796 -1.1856 -0.099926 1.1505 -0.30054 -0.88394 1.1835 -0.1051 1.0063 -0.64596 -1.3674 -1.1955 0.93878
1.1434 0.56144 -1.5593 -0.78454 -0.40153 -1.4376 -0.62713 -0.17243 -1.9651 0.57804 1.8705 1.2161 -0.37618 0.55089 -1.0607 -1.2822 -0.47555 0.055729 -1.0864 1.6238 0.42891 0.46204 -0.10424 -0.50188 -0.091903 1.0276 0.55704 -1.4279 0.21664 1.2752 -0.15338 0.31866 0.0064745 0.020971 0.83829 0.0092504 -1.6553 -2.0387 0.75135
1.2499 0.48815 -1.8713 -0.84015 -0.063733 -1.4728 -0.3839 -0.26402 0.082742 0.29182 1.1504 1.6767 -0.0758 0.80578 -1.5976 -0.84051 0.2085 -0.098112 -0.51684 1.6673 0.46918 0.61994 -0.0073306 -1.1018 -1.6847 1.2776 0.24804 -1.3437 0.82575 1.0172 0.11184 1.5766 -0.92901 0.19872 1.1093 0.50131 -1.1705 -2.0754 0.45705
1.3395 0.044425 -2.2586 -0.74699 0.086465 -1.2858 -0.024828 -0.32945 -0.51191 0.81974 1.1301 1.1524 0.19793 0.69775 -1.9312 -0.63511 0.47849 0.02955 0.58866 1.1552 0.45581 0.88568 0.52119 -1.7765 -2.0497 1.3987 0.035607 -0.83101 1.1754 0.74435 0.32389 1.9844 -1.2398 0.33152 0.77502 0.427 -0.28698 -1.2544 0.11797
1.742 -0.40879 -2.1064 -0.37223 -0.30083 -1.0781 0.032422 -0.54216 -0.59717 0.60786 0.6682 -0.80496 0.33997 0.54904 -2.2834 -0.10891 0.5632 0.39171 1.7465 0.30553 0.79514 1.8146 0.8033 -1.2945 -2.2016 1.3514 -0.13153 -0.082514 1.1138 0.34659 0.46163 1.4855 -1.2003 0.3878 0.8827 -0.24112 0.27644 0.27752 -0.29529
1.6768 -0.81371 -1.9421 -0.29637 -0.2651 0.22208 0.085761 -0.17341 0.05018 1.2704 0.18303 -1.279 0.64366 0.74455 -2.1367 0.33355 0.75095 0.40403 1.8053 0.12223 0.90991 1.4107 0.31978 -0.99068 -2.2022 1.1941 -0.29001 0.74142 0.7438 0.045604 0.45471 0.52198 -0.8053 0.26651 0.52292 -1.1148 0.30545 1.4808 -0.58159
1.5512 -1.4526 -1.9156 -0.41353 0.1915 0.26853 0.016188 0.33439 0.23314 1.5298 0.023635 -0.67022 1.0286 0.57906 -1.6179 0.55325 0.72232 0.55979 1.8839 0.070776 0.99509 2.1227 -0.34273 -0.98502 -1.0438 0.86271 -0.41596 1.3978 0.19448 -0.25195 0.41592 -0.49093 -0.37167 -0.086305 -0.31454 -1.6601 -0.43903 2.2682 -0.74558
1.7129 -1.7491 -1.7822 -0.20112 0.30023 0.91332 -0.34494 0.90387 1.5819 1.3536 0.23724 -1.0506 1.1225 0.22472 -0.96056 0.29105 0.4786 0.77801 1.5699 -0.14719 0.8739 1.7643 -0.99664 -1.3651 0.24023 0.62661 -0.60455 1.5367 -0.18231 -0.49412 0.41592 -0.96247 -0.084147 -0.50262 -0.83125 -1.4853 -1.0418 2.507 -0.76893
2.2628 -1.609 -1.7446 0.16912 0.40878 0.76189 0.06693 0.36668 1.3863 0.3228 -0.11242 -1.5427 1.1838 0.14853 -0.4318 0.24771 0.21516 0.96628 0.8546 -0.21856 0.64794 0.96505 -1.6623 -1.9878 0.95362 0.33278 -0.68363 1.1696 -0.34271 -0.603 0.21458 -1.3299 0.15274 -0.77836 -1.7478 -0.92735 -1.0598 2.0951 -0.54702
1.9115 -1.6015 -1.7202 0.16772 0.51269 1.5875 0.22844 0.61234 2.1449 0.22811 -0.42877 -0.6217 0.99577 -0.0036937 -0.049597 0.18937 0.061378 0.96234 0.35159 0.1127 0.11205 0.26458 -1.8132 -2.5411 1.6328 0.11594 -0.6503 0.49217 -0.058873 -0.53177 -0.015967 -1.16 0.23129 -0.50544 -1.7583 -0.15878 -0.18692 1.4503 -0.27248
1.7078 -1.4707 -1.8665 -0.011635 0.62833 1.4554 -0.36757 0.6 1.3497 -0.47824 -1.7246 -0.42291 1.1563 -0.39734 -0.028747 0.037959 -0.21855 0.86092 -0.22239 0.20237 -0.12944 -0.71893 -1.6703 -2.4839 2.305 0.1619 -0.43075 -0.13608 0.34657 -0.25037 -0.18418 -0.85166 0.32477 -0.12436 -1.5436 0.43529 1.145 0.46596 0.07592
1.7427 -1.5903 -1.6148 -0.30204 1.266 1.1695 -0.27523 0.99456 1.1469 -0.65395 -2.561 0.45339 1.1844 -0.53939 -0.29023 0.30612 -0.31904 0.80233 -0.26164 0.041741 0.28569 -1.0066 -1.2728 -1.5078 2.3748 0.23462 -0.19612 -0.47338 0.89269 0.12429 -0.33075 -0.57141 0.40978 0.16081 -1.1668 0.53371 2.3299 -0.43253 0.24336
1.7072 -1.6937 -1.6922 -0.18042 1.3598 0.67324 0.32816 0.42686 1.0751 -0.83296 -2.8473 1.4325 1.197 -0.26782 -0.52731 0.77993 -0.075842 0.71028 -0.58182 0.38036 0.32222 -1.5751 -1.0874 -0.30712 1.5081 0.40353 -0.21331 -0.28848 1.2006 0.50508 -0.60501 -0.19914 0.68923 0.019088 -0.57912 0.12476 2.7969 -1.3804 0.2524
1.4952 -1.7501 -1.7819 -0.21491 1.0995 0.59846 0.035473 0.50869 0.57107 -1.2378 -2.3844 1.5098 1.3325 -0.37558 -0.60012 1.3255 0.21881 0.43357 -0.64193 0.73635 0.19958 -1.7157 -1.0732 0.8703 1.2363 0.4172 -0.47103 0.17418 1.1428 0.51122 -1.0242 -0.07118 1.1234 -0.38773 0.018438 -0.23546 2.4845 -1.9868 0.22835
1.667 -1.9343 -1.2943 -0.10565 1.3421 1.0784 0.040343 1.0538 0.3646 -1.3686 -1.5749 1.4678 1.3559 -0.814 -0.35348 1.552 0.46294 -0.060394 -0.44856 1.0582 -0.047475 -1.5759 -1.5132 1.7342 0.26423 0.50844 -0.6915 0.62396 0.77847 0.24082 -1.5491 0.23131 1.2123 -0.74046 0.76802 -0.27674 1.5771 -2.1795 0.015947
1.5858 -2.1413 -0.87749 0.05743 1.4783 0.68933 0.58312 1.1014 -0.37734 -1.3654 -1.2491 0.98025 1.522 -1.0152 -0.055827 1.8469 0.37363 -0.68465 -0.48441 1.6678 -0.27841 -1.0008 -1.4852 2.2717 -0.77435 0.57806 -0.38188 1.5173 0.46516 0.14115 -1.7491 0.41798 0.64596 -0.94345 1.0885 0.56799 0.41612 -2.1784 -0.72328
1.2166 -2.0492 -0.51495 0.11562 1.3304 0.16241 0.57336 0.71665 -1.0672 -2.176 -1.2542 1.853 1.611 -1.0513 0.30057 1.8346 0.29637 -1.5629 -0.20168 2.0356 -0.87084 -0.40073 -1.385 2.0292 -1.6266 0.34862 -0.55907 1.9584 0.17159 -0.12459 -1.1168 0.95764 -0.49131 -0.82381 1.2014 1.7579 -0.36563 -1.4156 -1.6396
0.72296 -1.8292 -0.39019 0.24554 1.0183 0.4464 1.417 0.53171 -0.48152 -3.0285 -0.4489 0.92978 1.7392 -0.86261 1.7196 1.9738 0.56283 -2.0133 0.073074 1.3747 -1.2139 -0.11894 -0.040951 1.5039 -1.9562 -0.76638 -1.0989 1.6541 -0.22036 -0.50496 0.1396 1.269 -1.7297 -0.31318 1.2999 2.5682 -0.83849 -0.90666 -1.9594
0.73083 -1.7024 -0.13249 0.11219 0.039868 -0.035863 2.4444 0.013465 0.10382 -2.6213 0.41762 0.071465 1.8578 -1.7807 2.1692 1.7855 0.12548 -1.4378 1.2084 0.33592 -1.1732 0.39743 1.1148 1.3801 -1.8223 -1.6807 -1.3452 0.68189 -0.50344 -1.1441 1.3576 0.8422 -3.001 0.043451 1.0071 2.6992 -0.62424 -0.12132 -1.3782
0.70745 -1.502 0.010256 0.11002 -0.99723 0.95664 2.0796 -0.24277 -0.09493 -2.8804 0.18211 -0.96669 1.5371 -2.4085 1.8933 1.5107 -0.50462 -0.49104 1.3794 -0.5245 -0.73181 1.215 2.1497 0.9394 -2.3794 -1.8263 -1.2465 -0.7691 -0.98787 -1.4731 2.0851 -0.12839 -3.1482 0.1276 0.3851 1.5556 -0.15825 0.76002 -0.036328
1.0194 0.44523 0.92142 0.87778 -0.58806 1.1325 1.0683 -0.10178 -0.48957 -0.30448 -0.0092215 -0.76263 -0.095095 -2.4321 1.414 1.2303 -1.3449 0.15972 0.84614 -2.288 -1.0258 0.95096 2.6526 1.071 -1.6141 -1.5269 -0.37262 -1.5251 -1.0393 -0.97658 1.8131 -1.4554 -2.0441 0.12831 -0.16581 0.17203 -0.010598 1.533 1.1918
-1.1541 -0.22691 0.68795 -0.18336 0.55883 2.6495 0.67673 -0.30363 -0.069168 -0.23048 0.53217 -0.4824 -0.24748 -2.5321 0.78539 0.60256 -1.5003 1.0022 -0.018261 -2.8449 -1.0385 0.35627 2.1571 1.3235 -0.57174 -0.90892 0.6492 -1.9549 -1.163 -0.25433 0.52223 -1.9234 0.0402 0.00097047 -0.57642 -1.3779 -0.029036 1.9065 1.9538
-1.5178 -0.6163 0.66471 -0.77719 0.85164 1.4745 0.50946 -0.059054 1.4157 -0.11939 0.14575 -1.9459 0.35496 -2.3097 0.10259 0.50446 -1.2341 1.1325 -1.0634 -2.0978 -0.76939 0.45689 1.4575 1.14 0.24263 -0.063482 1.967 -1.4491 -0.84754 0.91617 -0.88246 -1.9918 2.2172 0.052979 -0.90704 -1.8049 -0.71469 1.036 1.7119
-1.085 -0.57695 0.68735 -1.5151 0.25347 0.81916 -1.245 -1.3287 0.63411 0.21375 1.799 -1.2844 0.63344 -1.4183 -0.81576 -0.069104 -1.0487 -0.021472 -1.588 -0.55558 -0.8562 0.25595 0.15809 0.82097 0.37616 0.84673 2.44 -0.65039 -0.4007 1.8174 -1.5398 -1.2216 2.9645 0.61095 -1.0227 -1.1987 -0.89911 0.5482 0.625
-1.3174 -0.63363 0.40758 -0.98674 0.69055 -0.10205 -0.64727 -1.23 -0.28265 -0.035445 1.9927 -0.51251 0.69966 0.18019 -0.27452 0.15284 0.15879 -0.94158 -2.4302 0.45208 -1.0124 -0.8782 0.25415 -0.09399 -0.070971 0.57803 1.9587 0.2665 -0.13798 2.2644 -1.0067 -0.20076 2.5362 1.3603 -0.9637 -0.99207 -1.2589 0.56715 -0.71279
-1.4879 -0.49632 1.1137 -0.45302 0.47476 -0.057529 -0.18859 -0.59125 0.48124 -0.026644 0.75114 -0.33163 0.59696 0.15239 -0.13232 0.11493 1.2406 -0.77604 -1.8301 1.0763 0.26809 -1.0909 0.50903 0.1659 0.66801 -0.14213 0.96633 1.0157 0.23662 2.1313 0.21303 0.79815 1.0678 1.9363 -0.33495 -0.69278 -1.1607 0.83176 -1.6557
-1.1166 -0.7623 0.63521 -0.78548 -0.54228 -0.19106 0.95466 -1.1268 0.23101 -0.12759 0.89641 -0.52364 0.71879 0.060883 0.24201 0.18989 1.9057 -0.33051 -1.362 1.5307 1.3048 -0.86436 -0.57637 -1.0062 1.2159 -0.81426 0.11404 1.0679 -0.26776 1.2216 0.9542 1.3599 -0.08713 1.9887 0.48972 -0.66085 -0.66144 0.73462 -1.6468
-0.99972 -0.62836 0.80587 -0.24918 -0.47273 -1.5383 0.89639 -1.7413 -1.118 0.40587 0.15934 -1.8778 0.53908 0.20241 0.70413 0.31847 2.1101 0.063459 -0.51073 0.7726 1.7369 -0.46529 -0.71822 -1.0058 1.3586 -1.3465 0.25091 1.2752 -0.38479 0.51053 1.0449 1.3187 -1.0745 1.2399 0.9461 -0.35091 -0.87993 0.074445 -1.2412
-1.3989 -0.76908 0.6941 0.56144 0.18765 -1.1346 0.6212 0.70847 0.070732 0.89111 1.9191 -0.1112 0.1559 0.34651 1.1759 -0.38928 2.0323 0.3847 -0.33637 0.4445 2.1065 -0.22599 -0.36331 -0.82087 1.0236 -1.6937 0.66554 1.1162 -0.8049 -0.28101 0.71072 1.4946 -1.2795 0.20043 0.76579 0.41075 -0.54666 -0.56346 -0.64594
-1.0983 -0.035592 0.89416 0.84385 0.22826 -1.1329 0.49801 0.257 -0.92855 -1.8128 -0.059644 1.5592 -0.42802 0.42087 1.6282 -0.23223 2.1381 0.77828 0.32689 -0.27291 2.2705 0.48427 -0.24155 -1.6641 0.93997 -1.869 0.87627 0.73302 -1.0109 -1.134 -0.031217 1.2181 -0.64759 -1.0884 0.072857 0.58935 -0.40168 -1.4268 0.02758
-1.1596 0.25487 1.0198 1.5304 0.71589 -0.247 0.49333 0.90752 -0.30118 -0.75896 0.08805 0.9874 -0.81306 1.0293 1.7323 -0.87653 1.3524 0.6128 1.2466 -0.1986 1.4281 0.18808 -0.016135 -1.7668 0.37961 -1.6816 1.1341 -0.12821 -1.1203 -2.1874 -0.59656 1.151 -0.33671 -1.5753 -0.36325 1.0296 0.76868 -1.3808 0.83811
-0.8704 0.62419 0.26603 1.3279 0.14315 -0.93076 1.1057 1.4028 0.2698 0.33488 -0.35928 -0.29619 -1.0567 1.2773 1.7148 -1.1253 0.29414 -0.10684 1.163 -0.048886 -0.029707 -0.55619 0.24503 -1.3409 -1.0181 -1.3067 1.2507 -0.90384 -1.6012 -3.0444 -1.0145 0.47853 -0.21026 -1.7942 -0.7347 0.71204 2.1308 -0.88789 1.4722
-0.60667 0.82719 0.55705 1.7217 0.39173 -0.14208 0.32714 1.0384 0.43655 -0.063027 -1.6106 0.067067 -1.2014 1.7489 0.93042 -1.8139 -1.1979 -0.26298 1.5745 -0.26495 0.20775 -0.4777 1.364 0.48368 -0.60804 -0.51573 0.80713 -1.2769 -1.4339 -2.7069 -0.95182 -0.37653 -0.40238 -1.1605 -0.25165 -0.1264 2.6604 0.22159 1.6202
0.053858 1.0304 -0.17632 1.269 0.61237 0.5976 0.50269 0.38558 -1.3842 0.28602 -1.0628 -0.55359 -1.3224 2.0792 0.48407 -2.4418 -2.363 -0.63846 1.1245 -0.61526 -0.59203 -0.71121 0.43758 1.3236 -0.2331 0.11281 0.27254 -1.2972 -1.246 -1.5692 -0.59333 -0.76465 -0.29459 -0.38032 0.34556 -0.46364 2.3004 1.09 1.3615
-0.2934 1.2426 -0.08911 0.74302 -0.19348 0.34938 0.57525 0.54076 -1.0765 -0.20926 0.35823 -0.53131 -1.4318 1.9336 0.15673 -2.6157 -2.4555 -0.86138 0.48888 -0.62812 -0.5363 -0.2791 -0.33123 2.043 0.44468 0.43145 -0.54136 -0.95972 -0.58362 0.084332 -0.3477 -1.133 -0.10353 -0.13328 0.79198 -0.4294 0.77733 0.98046 0.77717
0.83492 0.74895 -0.88911 -0.7957 0.1356 1.579 0.12919 1.2529 -0.89855 0.8138 0.96565 1.3904 -0.84271 1.631 -0.12437 -2.8064 -2.0576 -0.89197 0.13968 -0.39083 -0.39228 0.015981 0.23509 2.3219 0.57588 0.59156 -0.93421 -0.79467 0.029213 1.35 0.20083 -0.91829 0.17564 0.4458 0.67391 0.48674 -0.51914 0.41561 0.29588
0.95081 0.85215 -1.5939 -1.0302 -0.37048 0.50006 -0.12963 0.067615 -0.55253 -0.077814 1.2535 -0.41058 -0.68405 1.111 -0.40714 -2.602 -1.1975 -0.77132 -0.24813 -0.56538 -0.1483 0.73926 0.67255 1.4675 0.89812 0.59777 -1.07 -0.48561 0.85765 1.7895 0.69939 -0.66132 0.32071 0.54724 0.14581 0.49176 -1.5538 -0.32286 -0.032562
0.9478 0.96329 -1.919 -0.62002 -0.91795 -0.56361 0.31865 0.76096 0.15131 -0.56001 1.2452 0.33663 -0.8036 0.99714 -0.59004 -2.3906 -0.44047 -0.31533 -0.38551 -0.3449 0.079249 0.11972 0.87818 0.57513 0.36924 0.54328 -0.79727 -0.53999 1.8603 1.4658 1.05 -0.053807 0.31027 0.66138 -0.19348 -0.071817 -1.7018 -0.77463 0.042866
1.0113 0.78569 -1.9184 -0.17517 -0.31782 0.90118 -0.073358 0.21932 -0.75049 0.96625 1.3182 0.6736 -0.75568 0.53896 -0.43142 -1.3753 0.12044 0.1303 -0.60455 -0.094747 0.28968 -0.066274 0.29922 -0.13038 -0.036956 0.39652 -0.38786 -0.77653 2.3355 0.64856 1.1888 0.29532 0.54186 0.21943 -0.46178 -0.46099 -1.1113 -1.3681 0.42703
0.93594 0.56602 -2.4498 -0.3608 -0.50327 0.37149 -0.22308 0.50042 -0.40266 1.4256 1.206 0.91709 -0.73437 0.64382 -1.0274 -0.28884 0.054391 0.57854 0.19707 -0.08815 0.67152 -0.0074741 0.30631 -0.21349 -0.4066 0.76464 -0.13753 -0.89748 2.3091 0.18729 1.0044 -0.012136 0.90358 -0.32283 0.16406 -0.69545 -0.82553 -1.2186 0.8328
1.2249 0.37791 -2.464 -0.63885 -0.43134 0.1323 0.12181 1.1603 -1.1093 0.94966 1.3361 0.22549 -0.52462 0.67238 -1.5131 0.27546 -0.22261 0.95689 0.04963 0.25069 -0.017546 -0.16974 0.10593 -0.32502 -1.3004 1.2294 0.10512 -0.73734 1.6213 0.16601 0.75817 -0.24587 0.88652 -0.99222 0.3886 -0.4463 -0.89373 -1.0452 0.94798
1.5226 0.45863 -2.1531 -0.93006 0.27471 0.12038 -0.044602 1.1792 -0.50632 0.11622 0.62681 0.71528 -0.27585 0.71747 -1.5832 0.66808 0.07923 1.1093 -0.74869 1.0616 -0.39039 0.47333 -0.3218 -0.95914 -1.2991 1.5767 -0.18919 -0.12454 0.61058 0.44839 0.22042 -0.60718 0.49154 -1.4448 0.72325 -0.17375 -1.1681 -0.52315 0.46811
1.5321 -0.42845 -1.6692 -0.57611 -0.0028494 0.7517 -0.12653 0.76776 -0.033112 0.14165 1.1914 -1.3541 0.2338 0.67914 -1.4103 0.87604 0.41588 1.2525 -0.64299 0.87968 -1.099 0.45244 -0.21145 -1.5217 -1.5589 1.6412 -0.55319 0.2527 -0.28489 0.40339 -0.41984 -0.19273 -0.26216 -0.91049 0.84372 0.35562 -1.2616 0.14696 -0.21322
1.4868 -0.77106 -1.7622 -0.57376 0.4873 -0.26798 0.77454 0.1538 -0.67594 0.65295 0.82416 -0.97769 0.55189 0.34446 -1.2746 0.44453 0.57814 0.83473 -0.70257 0.45349 -1.5838 1.122 0.15649 -1.9124 -1.2458 1.3727 -0.8037 0.52732 -0.8888 -0.075478 -0.68998 0.63712 -1.0423 0.077898 0.72642 0.51384 -1.2194 0.83425 -0.86539
1.6962 -0.75301 -1.6389 0.083922 1.0554 -0.60254 1.3893 -0.14172 0.056452 1.0425 -0.38681 -0.26729 0.91567 -0.022087 -1.2102 -0.081861 0.28564 0.32712 -0.37672 0.088155 -1.1822 1.1918 0.56093 -2.3272 -1.0124 0.95734 -0.91862 0.688 -0.65776 -0.33011 -0.72033 1.2121 -1.0798 1.2902 1.0531 -0.032669 -0.87231 1.6443 -1.1695
1.7264 -0.6747 -1.8196 -0.21127 0.89489 -0.48966 0.35268 -0.35767 -0.18419 0.71782 -0.88027 -1.4709 0.92514 -0.21549 -0.75058 -0.33554 -0.0054385 0.31081 0.40218 -0.37835 -0.19599 1.5507 0.28583 -2.9533 0.058319 0.40736 -0.79347 0.93474 0.26816 -0.1959 -0.60663 1.1075 -0.60902 2.0371 0.42567 -0.52857 0.012635 1.7947 -1.3141
1.587 -0.93211 -2.0244 -0.29286 0.43496 -0.62709 0.22298 -0.50009 1.0086 0.58559 -1.109 -1.2971 0.86859 -0.50915 -0.46142 0.17124 0.075324 0.19781 1.2578 -0.60602 0.70773 2.3505 -0.31741 -2.7237 0.97088 0.082335 -0.6289 1.3087 1.4331 0.68578 -0.63038 0.26989 0.059427 1.99 -0.57389 -0.55464 1.4649 1.9614 -1.4287
1.3673 -1.3018 -2.0041 -0.72636 0.47369 0.2453 0.02926 -0.030939 1.1461 1.02 -2.1036 -1.2817 0.86374 -0.67914 -0.010955 0.77699 0.30531 -0.20927 0.72066 -0.27477 1.4183 1.3773 -0.38489 -1.7171 1.2324 -0.48358 -0.92833 1.7637 2.3431 1.5827 -0.75229 -0.63825 0.5148 0.9815 -2.2436 -0.1435 2.9879 1.1137 -1.5997
1.2972 -1.297 -1.8617 -0.36468 0.80747 1.3407 0.02504 0.65638 1.7085 0.66925 -2.7407 -0.66397 0.75696 -0.79291 0.70552 1.7758 1.4231 -0.56493 0.0013743 0.13414 1.8666 0.077606 -0.13363 -0.12633 2.1896 -1.0908 -0.80691 1.2048 1.8503 1.5453 -0.75868 -1.421 0.65106 0.10936 -3.0453 0.21479 3.2767 0.12644 -1.1902
1.0477 -0.98935 -1.2845 0.02795 1.1635 1.0821 0.61842 0.87417 2.7531 0.10245 -2.8496 1.3005 0.81921 -1.5575 1.7392 2.8033 2.3133 -0.68288 -0.27876 0.14853 1.1273 -1.914 -0.057279 1.5265 1.6147 -1.7978 -0.24405 -0.14806 0.55102 0.51552 -0.63985 -1.6702 0.42076 -0.56616 -2.2635 0.22661 2.3474 -0.92936 -0.068305
1.1462 -0.44504 -0.88582 0.49749 0.31612 -0.65091 0.744 1.3616 0.77009 0.57872 -2.1027 0.3046 0.16455 -1.3587 0.76905 2.2722 1.993 -0.95213 -1.1431 0.31842 1.0669 -2.2376 -0.053807 1.994 1.0551 -1.3382 0.62826 -1.7477 -1.2119 -1.0646 -0.37121 -1.3789 0.32623 -0.66031 -0.43239 0.24799 0.69278 -1.9087 1.2231
0.84419 0.092218 -0.17636 1.592 -0.39659 -0.7514 0.063945 1.6605 -0.41858 0.73134 -0.25763 1.2584 -0.52257 -0.78039 -0.2793 1.4625 0.99056 -1.1851 -2.1145 0.365 0.72362 -2.1067 0.024996 1.7564 0.05334 -0.48126 1.6832 -2.5713 -2.5834 -2.0628 0.097428 -0.70597 0.22676 -0.27921 1.8498 0.087858 -1.1165 -1.4925 2.1704
-0.5302 0.8093 0.59449 2.0743 -0.19554 0.058354 0.24296 0.29499 -1.727 0.67818 0.57137 0.12683 -1.191 -0.16371 -1.2913 0.42147 0.060176 -0.99191 -1.8958 0.59191 0.79162 -0.7388 0.31552 1.0774 -0.65115 0.38145 1.9757 -1.9722 -2.7344 -2.0888 0.60444 0.18212 0.0014792 0.1389 2.8114 0.081468 -2.0926 -1.0633 2.096
0.45786 -1.7626 -0.63423 0.74413 -0.24557 -0.91923 0.67944 1.991 -0.28564 0.68197 -1.0867 0.46016 0.24052 0.55814 -1.6626 -0.59768 -0.63616 -0.48395 -1.3492 0.40322 0.72619 1.0713 -0.054953 -0.21224 -0.3568 1.1246 1.9024 -0.79074 -2.1774 -1.2401 0.65829 0.8597 -0.40995 0.62133 2.5467 0.071293 -1.9881 -0.33756 1.2898
0.98683 -1.6796 -0.61019 0.42733 -0.45215 -2.4259 0.85192 1.6588 0.065587 0.2996 -1.2088 0.089111 0.73977 1.1552 -1.9339 -1.2775 -1.1589 -0.19636 -1.1669 0.29538 1.3366 1.8663 0.16106 -1.1153 -0.74256 1.5113 0.74232 0.79502 -0.89544 -0.12124 0.38926 1.2129 -1.0021 -0.020251 0.77046 -0.078326 -0.89632 -0.21128 -0.040934
1.0154 -1.7501 -0.67771 0.46074 -0.36145 -2.0402 1.4798 2.0864 1.5852 0.98988 -0.97261 0.35188 0.85096 1.6256 -1.3072 -1.333 -0.75677 -0.37804 -0.74243 -0.21272 1.6564 1.7446 0.25785 -1.0378 -0.51408 1.2005 -0.68341 1.3073 0.095252 0.58477 0.14881 1.6512 -0.99857 -0.83839 -0.77862 -0.14359 0.062361 -0.61204 -0.92762
1.4238 -1.2211 -1.0203 0.63794 -0.6021 -2.0681 0.37144 2.0194 1.0913 0.40765 -1.4984 0.18656 0.58811 0.50362 -0.072835 -0.70456 -0.11602 -0.33208 0.2555 -0.86534 0.28926 0.4613 0.031353 -0.27904 -0.94382 0.26983 -1.5651 1.0908 0.54967 0.62606 0.18179 1.7768 -0.57703 -1.9637 -1.1794 -0.62224 0.20028 -0.59759 -1.057
1.2165 -1.854 -0.96168 0.53086 -0.49741 -1.6453 0.2777 3.034 1.0236 1.1563 -1.2459 -0.29723 0.754 -0.20633 -0.31012 -0.71532 -0.05616 -0.14308 1.2854 -0.77542 -0.37186 0.15601 -0.24149 -0.53668 -1.3949 0.12559 -1.6407 0.27017 0.55523 0.15071 0.65813 1.7398 0.48686 -2.4389 -0.31966 -0.85511 -0.17091 -0.27608 -0.49701
1.4383 -1.5118 -1.009 0.76426 -0.74814 -1.286 0.25653 2.6414 0.74415 0.88476 -1.3961 -0.4688 0.63416 -0.43614 -0.52422 -0.65495 -0.32952 0.019491 1.4204 -0.44248 -1.4504 0.22675 -0.74725 -1.0042 -1.4132 0.20333 -0.47253 -0.18608 0.17123 -0.30938 0.8958 1.167 1.0587 -2.0674 0.71695 -0.89181 -0.41269 0.37586 0.13943
0.89931 -1.9686 -1.3022 0.27916 -0.68233 -1.2251 -0.19688 1.5872 0.4071 0.30013 -1.4745 -0.92971 0.8156 -0.53332 -0.594 -0.41706 -0.37116 0.65071 2.2011 0.42377 -2.1951 1.1787 -0.95189 -1.0348 -0.77478 0.36485 0.33778 0.29341 0.12292 -0.41931 1.145 0.39685 1.0146 -1.2702 0.74773 -0.35079 0.39403 0.45717 0.28241
0.72327 -1.9696 -1.242 0.39814 -0.49447 -0.27604 0.50759 1.0965 1.2757 0.067752 -2.044 -1.7714 0.96547 -0.084233 -0.2333 -0.55733 -0.55158 0.91024 2.1589 0.38649 -2.801 1.3777 -1.282 -0.85939 -0.50091 0.39104 0.86719 0.73298 -0.072075 -0.36485 1.0221 -0.23772 0.64989 0.052942 -0.061896 0.74996 1.412 0.14655 0.15229
0.88118 -2.1097 -1.3714 0.099329 -0.35437 -0.11055 0.68936 0.44909 2.1271 -0.13629 -2.6335 -1.1042 0.9337 0.16863 0.07216 -0.54884 -0.74651 1.5065 1.7116 0.58417 -2.1545 1.071 -0.61795 0.12909 -0.94236 0.52189 0.85739 0.90315 -0.42173 -0.50303 0.43362 -1.2065 0.026089 0.81702 -1.3894 1.6943 1.8475 -0.12797 -0.046798
1.0219 -1.9136 -1.2724 0.36677 0.48588 1.6319 0.82728 0.10922 2.6614 -0.54377 -2.5215 -0.46143 0.99814 0.61462 0.43145 -0.70101 -0.84001 1.4619 1.1704 0.61136 -1.3662 0.12233 0.52683 1.1301 -1.0155 0.38807 0.1899 0.79815 -0.41648 -0.55878 -0.12313 -1.598 -0.1517 1.0521 -2.0961 2.2306 1.5322 -0.12796 -0.15498
1.361 -1.9408 -1.5735 -0.15314 0.35273 1.0008 0.3438 -0.19689 2.0781 -0.55288 -1.9112 -1.2842 1.1585 0.50325 0.65698 -1.044 -1.187 1.1688 0.23095 0.35061 -1.3283 -1.0553 1.3734 1.5329 -0.72925 0.28244 -0.31049 0.59307 -0.26054 -0.48328 -0.71563 -1.6826 -0.24137 0.66361 -1.9589 1.7902 0.47497 0.38433 -0.29009
1.2998 -1.4309 -1.6159 -0.30046 1.1986 0.5282 0.91304 0.088544 1.4221 0.30173 -0.70691 -2.6443 1.3124 0.061706 0.87587 -0.9997 -1.397 0.85475 -0.36122 0.23051 -1.1747 -1.8598 1.9678 1.3884 -0.81923 0.23823 -0.62715 0.30112 0.21187 -0.14824 -0.74228 -1.1782 -0.11396 0.33769 -0.84634 0.73781 -0.66118 1.1748 -0.30477
1.3436 -1.6546 -2.0087 -0.70433 0.82843 0.55789 0.824 -0.10062 0.56313 1.4298 -0.30119 -2.4179 1.1907 -0.04584 0.89649 -0.82773 -1.3906 0.50206 -0.95516 0.34447 -0.96313 -1.9594 2.0728 0.89537 -0.27135 0.088672 -0.3401 0.060353 0.714 0.35048 -0.60668 -0.3541 -0.09536 0.33018 0.56875 -0.65481 -1.2152 1.698 -0.26762
1.1312 -1.3207 -2.2334 -1.0079 0.77386 0.17546 1.062 -1.0332 0.46541 1.7391 -1.0667 -1.6918 1.184 -0.11068 0.85279 -0.44457 -1.0259 0.43851 -0.64361 0.4079 -0.89285 -1.1813 1.5951 0.13661 1.0382 -0.048775 0.094236 -0.033239 0.93709 0.72653 -0.27988 0.20269 -0.17165 0.36393 1.4758 -1.8503 -0.97438 1.6135 -0.13101
0.9105 -1.1147 -2.0509 -1.3467 0.96726 0.17548 0.8138 -1.033 0.11991 1.9774 -1.3013 -1.6204 1.2156 0.050922 0.79277 -0.11431 -0.71511 0.26818 -0.35923 0.088038 -0.82782 -0.26854 0.34003 -0.23001 1.6265 -0.043001 0.2759 -0.2124 0.80857 0.84833 -0.094205 0.49968 -0.28781 0.40202 1.421 -2.2178 -0.27009 0.62428 0.053801
1.3013 -0.98031 -1.9591 -1.1362 1.1911 0.10127 1.1252 -0.76953 0.097928 1.8164 -0.98731 -1.1088 1.1551 0.17283 0.88994 0.22519 -0.36469 0.46064 -0.25848 0.050957 -0.53561 0.26786 -0.64979 0.030244 1.3547 0.073323 0.22392 -0.39763 0.28101 0.72374 -0.30793 0.30792 -0.41576 0.261 0.6447 -1.758 0.092292 -0.60382 0.13743
1.3226 -0.97484 -1.9744 -1.2532 1.1589 -0.06906 0.9891 -0.99072 0.57472 1.7367 -1.1365 -0.35423 1.1644 0.26386 0.52994 0.20332 -0.12029 0.31955 -0.14318 0.011323 -0.36124 0.17759 -0.98469 0.39625 0.79908 0.11914 -0.2501 -0.65784 -0.099183 0.39142 -0.33121 0.1105 -0.40983 0.065635 0.13509 -0.66171 -0.14509 -1.3203 0.13073
1.3361 -0.65336 -1.8852 -1.1981 1.3492 0.14295 0.94793 -0.95919 0.94334 0.8098 -0.679 -0.74904 1.2591 0.15077 0.31555 -0.1228 0.041508 -0.14951 -0.13697 -0.28991 -0.61873 -0.12378 -1.0516 -0.024676 0.32901 0.10751 -0.70447 -0.86561 -0.1334 0.24509 -0.26311 0.014973 -0.3091 0.16115 0.20153 0.2288 -0.64719 -1.4637 0.08904
1.3453 -0.63658 -1.9189 -1.2779 1.2723 0.064824 0.93608 -1.1627 0.63961 0.70438 -0.57981 -0.57884 1.2828 -0.33193 -0.039186 -0.097757 -0.18318 -0.031661 -0.20673 -0.4673 -0.6572 0.17014 -0.6918 -0.51198 -0.3555 0.16557 -1.1145 -0.94184 0.19039 0.41808 0.039055 -0.26549 -0.021084 0.70906 0.60105 0.4354 -1.1401 -1.0922 0.064131
1.2524 -0.8515 -2.0309 -1.2579 1.1295 -0.095785 1.0575 -1.5512 0.19194 0.76607 -0.86008 -0.79312 1.3107 -0.65337 -0.30436 0.16085 0.12447 0.15587 -0.20767 -0.25873 -0.073593 0.64975 -0.3423 -0.8007 -0.83755 0.20308 -1.1363 -0.94087 0.92522 0.77973 0.38647 -0.55485 0.63099 1.8712 0.98707 0.023209 -0.70875 -0.4992 0.056465
1.1757 -0.78119 -2.189 -1.1879 0.65285 -0.054609 0.31318 -1.6109 -0.25023 0.71834 -1.6503 -1.0385 1.2579 -1.1171 -0.77093 0.39 0.62378 0.23913 -0.65904 -0.047791 0.74131 0.98257 -0.49407 -1.4586 -0.67566 0.18089 -0.80487 -0.6546 1.4836 0.94341 0.24265 -0.77874 1.1451 2.6495 0.40734 -0.83658 0.38882 -0.0080396 -0.0048676
0.8884 -1.1148 -1.8978 -1.4989 1.5176 -0.30605 0.63354 -1.3881 1.2373 0.99292 -1.6691 -1.3701 1.3637 -1.2747 -0.92772 1.195 1.1089 0.42278 -1.0504 0.6012 2.3077 1.4478 -1.0859 -0.95606 -0.43353 0.19601 -0.3607 -0.18594 1.7484 0.4335 -0.28867 -0.65401 1.2859 2.2856 -0.6849 -1.1138 1.8615 0.52989 -0.097373
0.62016 -1.1417 -1.6237 -0.86232 1.5405 -0.20934 0.90311 -0.67701 2.0339 0.857 -1.8004 -1.5401 1.4574 -1.3067 -0.84105 1.884 1.1057 0.27952 -1.3802 1.106 3.2852 0.56837 -1.8839 0.29373 -0.53965 0.15832 0.16885 0.5841 1.6508 -0.33451 -1.2539 0.029065 0.6745 0.81556 -1.5774 -0.39186 2.8501 0.7622 -0.27669
0.13517 -1.5455 -1.535 -0.26659 1.4934 -1.1216 1.0151 0.087761 1.7314 -0.45232 -2.6345 -1.3262 1.4402 -1.1302 -0.57146 2.3571 0.69829 -0.39144 -1.1883 1.4147 3.0829 -0.57011 -1.7363 1.9127 0.14235 0.042279 0.44752 1.1769 1.0642 -1.171 -1.982 0.76073 -0.65673 -1.3394 -1.584 0.85445 2.5789 0.99239 -0.50043
0.21525 -1.6372 -0.65532 -0.036934 1.5501 -1.617 1.9241 1.8316 1.907 -0.90798 -1.3483 -0.95378 1.4719 -0.90991 0.081932 2.5882 0.18843 -1.6462 -0.5424 0.7227 1.9351 -1.2528 -0.89049 2.6177 0.52913 -0.227 0.4319 1.5615 0.3774 -1.4835 -1.6356 1.4691 -1.9393 -2.9179 -0.40168 2.031 1.6136 1.1914 -0.64678
0.032016 -1.5732 -0.37219 -0.4316 1.0718 -1.958 1.9869 1.9154 -0.2254 -1.7908 -0.16084 -1.9865 1.4179 -0.74582 0.66811 2.6377 -0.65826 -2.2385 0.066093 -0.36625 0.39071 -0.89952 0.056324 2.8656 0.96558 -0.48624 0.15666 1.5487 -0.49439 -1.2685 -0.29083 1.6151 -2.549 -3.3661 0.80405 2.0913 0.22837 0.96591 -0.66149
0.054718 -1.2876 -0.026637 -0.91087 0.14978 -1.2185 1.797 1.22 -0.46743 -0.63757 1.1147 -0.50091 1.2873 -0.79673 1.2624 2.386 -1.0342 -1.7875 0.96826 -1.4135 -1.0176 -0.11713 1.0872 2.9253 1.3634 -0.70751 -0.1257 1.0942 -1.338 -0.63596 1.3686 1.2612 -1.9357 -2.3642 1.4944 1.4416 -0.76269 0.9583 -0.50254
-0.17166 -0.87365 0.49426 -1.0749 -0.69796 -0.6036 1.1046 0.42891 0.87117 0.48419 0.93958 -0.70156 1.079 -0.92695 1.5394 1.6375 -1.1011 -0.85185 1.3289 -1.9972 -1.9578 0.46717 1.2565 2.1752 1.608 -0.87322 -0.16192 0.48503 -1.9302 0.15478 2.2895 0.5111 -0.882 -0.73812 0.75414 0.17426 -1.5201 0.38591 -0.28133
-0.3284 -0.574 0.73151 -1.235 -0.98856 -0.53736 0.17513 0.059018 1.4639 0.26085 0.88424 -0.041854 0.89606 -1.0133 1.5604 0.85201 -0.80209 0.16437 1.3791 -1.8655 -1.4673 1.0747 1.2604 1.4534 2.0761 -0.91209 0.12982 -0.13579 -2.0837 0.48185 2.1287 -0.29572 0.28909 0.8077 -0.70094 -0.81197 -1.6916 -0.023707 -0.094706
-0.72328 -0.34418 0.79666 -1.1398 0.21259 -0.068055 -0.25665 -0.14849 1.3896 0.3819 1.5219 0.54552 0.68241 -0.8897 1.3786 0.17441 -0.48772 0.97378 0.88846 -1.6947 -0.81199 0.0080499 0.32037 0.62033 1.3814 -0.8768 0.53285 -0.30585 -1.639 0.47085 1.2762 -0.62556 0.80704 1.301 -1.7394 -1.0134 -1.6252 -0.78836 -0.044425
-0.6524 -0.079775 0.75019 -1.4649 0.79312 -0.049886 0.10208 -0.10347 1.157 0.085835 2.0697 0.63132 0.54512 -0.59866 1.1274 -0.37029 -0.43445 1.1938 0.57582 -1.0639 -0.024341 -1.3472 0.037973 0.38823 1.4645 -0.87316 0.73557 -0.27453 -0.78686 0.36926 -0.054188 -0.67204 0.58209 0.82448 -1.7392 -0.7748 -1.5523 -1.3098 -0.14001
-0.95092 0.095563 0.28417 -1.5051 0.64369 0.25388 -0.033501 0.22329 0.78078 0.51138 1.9813 1.2605 0.42871 -0.26985 1.2461 -0.49282 -0.39937 0.96847 0.44723 -0.98814 -0.15766 -1.8962 -0.031081 -0.47765 0.43752 -0.97245 0.6008 -0.19551 0.28698 0.84046 -1.2203 -0.68292 -0.095044 0.21702 -0.53706 -0.33799 -1.1918 -1.2034 -0.31207
-0.75657 0.24253 0.3795 -1.4403 0.56949 0.088585 -0.69452 -0.11191 -0.31045 0.098138 1.2781 0.91286 0.28403 -0.13302 1.1711 -0.12587 -0.15324 0.068764 0.22188 -1.2037 -0.19577 -1.5472 -0.010766 -1.0414 0.07329 -1.1107 0.31975 -0.27478 1.0749 1.1465 -1.5939 -0.58688 -0.43833 -0.23199 0.85213 -0.27999 -0.54813 -1.1617 -0.20662
-0.7795 0.3491 0.36599 -1.6123 0.46353 0.1941 -0.44723 0.39075 -0.62949 0.62772 1.2977 1.5459 0.024247 -0.14891 1.038 0.54281 0.95766 -0.69473 -0.33452 -1.7981 -0.30405 -1.0179 -0.27485 -1.0082 -0.19398 -1.3045 0.074629 -0.78198 1.023 1.1025 -1.122 -0.51325 -0.011226 -0.2306 1.6223 -0.40625 0.39868 -0.56882 0.32816
-0.6948 0.97201 0.42709 -1.6604 0.81621 0.26831 -1.3432 -0.5789 -0.75445 0.020147 0.28382 0.14462 -0.30093 -0.13719 0.77551 0.92481 1.0531 -0.88904 -0.23799 -1.4347 -0.39848 -0.083302 -0.34987 -0.43908 -0.41099 -1.0697 0.033856 -1.4222 0.35845 0.63528 -0.24658 -0.40261 0.61499 -0.32907 1.8653 -0.55096 1.0632 -0.28716 1.1214
-0.96997 0.85817 0.81272 -1.2584 0.37208 0.24811 -1.4822 -0.24093 -0.17769 0.35859 0.76266 0.95071 -0.58582 -0.13976 0.10983 0.70755 1.08 -0.60393 -0.3778 -0.89886 -0.50096 0.64332 -0.61041 -0.031634 -0.37628 -0.42301 0.06624 -2.0152 -0.54826 -0.23009 0.44629 -0.16076 1.1927 -0.15624 1.7187 -0.54595 1.181 -0.088167 1.8084
-0.90376 0.93015 1.1994 0.17926 -0.506 -0.87708 -2.1901 -0.19742 -0.24249 -0.39188 1.1045 0.70373 -0.89305 -0.07512 -0.80731 0.4023 0.98276 -0.42677 -0.5865 -0.58056 -0.73267 1.3885 -0.86594 0.50879 -0.35216 0.40161 0.25723 -1.9091 -1.0377 -0.63832 0.87609 0.15716 1.0515 0.013073 1.1587 -0.69757 0.63024 -0.2652 1.9564
-1.0139 0.78232 0.97141 -0.79402 -0.39181 0.33051 -1.4643 -0.24746 0.38508 0.1582 1.3412 0.74852 -0.4779 -0.065428 -1.6397 -0.10702 0.55003 -0.10878 -0.49853 -0.13861 -0.4376 1.714 -1.0303 0.78513 -0.35896 1.1108 0.47611 -1.0733 -0.77206 -0.88325 0.86975 0.78733 0.90643 0.31284 0.55104 -0.62739 -0.050772 -0.3955 1.5006
-0.75938 0.14979 0.77971 -0.64139 0.36241 -0.49121 -1.4728 -0.74644 0.18737 -0.79056 0.88258 0.48182 0.06425 0.24711 -1.6352 -0.40043 0.10163 0.46655 0.13051 0.024012 -0.4029 1.7086 -1.4406 0.34967 -0.8942 1.5725 0.56326 0.12012 0.0097364 -0.39983 0.33397 1.058 0.62243 0.55758 -0.055706 -0.43893 -0.58665 -0.30187 0.55428
-0.84622 -0.45601 0.68756 -0.6655 0.15368 -0.67761 -1.4911 -0.86801 1.4839 -0.66263 1.7285 0.66331 0.45004 0.47236 -1.3146 -0.17775 -0.16003 0.541 0.85311 0.38312 -0.058055 1.5732 -1.4908 -0.078225 -0.82932 1.606 0.42351 1.2317 1.0498 0.13248 -0.78106 0.88646 0.48344 0.57597 -0.41607 0.052012 -0.82217 -0.11482 -0.45821
-0.93418 -0.68665 0.50627 -0.78802 0.43539 -0.39145 -1.8477 -0.7904 1.6154 -1.423 1.3072 -0.32937 0.64784 0.56927 -0.74212 0.463 0.57334 -0.14 0.87745 0.24442 0.15932 1.3132 -1.4464 -0.22697 -0.66175 1.1183 0.14063 1.6384 1.6015 0.35098 -1.8389 0.2846 0.63335 0.48997 -0.8968 0.57307 -0.68269 0.38204 -1.1574
-0.61003 -0.43856 0.79107 -0.47759 0.46567 0.55867 -1.659 -0.38547 1.8268 -1.8341 1.1927 -0.20525 0.85186 0.46218 0.065907 1.2319 0.55849 -1.2332 0.91896 0.5931 0.39867 1.0322 -0.90826 -0.55162 -0.6618 0.53667 -0.11152 1.4047 1.342 0.19451 -2.2138 -0.37921 0.7503 0.017308 -1.0366 1.0692 -0.44253 0.62815 -1.3167
-0.35571 -0.2189 1.162 -0.27983 -0.051463 0.89751 -1.1998 -0.18292 1.6418 -2.1164 0.87285 -0.12571 0.85926 0.48627 0.53083 1.5913 0.40075 -2.0087 0.66484 1.024 0.31957 0.12063 -0.62587 -0.76769 -0.21317 0.086637 -0.1689 0.63185 0.44698 -0.29106 -1.7258 -0.62063 0.70703 -0.48262 -0.95414 1.5197 -0.21447 0.45288 -1.0341
-0.44633 -0.2453 1.3814 -0.061241 -0.51872 1.0085 -1.1225 -0.46357 2.07 -1.7339 1.03 0.062233 0.82971 0.34269 0.50055 1.5192 0.28813 -2.5727 0.17697 1.3036 -0.10272 0.026237 0.14465 -0.69524 0.18244 -0.17645 0.0085583 -0.31815 -0.78738 -0.37568 -0.62274 -0.68856 0.1565 -0.85645 -0.75072 1.737 0.070074 0.14826 -0.6017
-0.47622 -0.03923 1.9358 -0.20417 -1.4919 0.066437 -0.79379 -0.44383 1.9593 -1.8353 0.3265 -0.56627 0.68454 0.36563 0.15424 1.0785 0.15018 -2.6259 -0.024852 1.1235 -0.52271 -0.15905 0.92614 -0.59938 -0.18344 -0.33059 0.24729 -0.85942 -1.8329 -0.26733 0.40736 -0.47074 -0.45401 -0.79298 -0.58697 1.8299 0.015455 -0.37178 -0.19507
-0.42464 -0.05354 1.9068 -0.47086 -2.2348 0.39419 -0.40012 -0.44845 1.4073 -1.794 0.82392 0.30127 0.5816 0.54431 -0.27685 0.176 -0.03492 -2.0627 -0.14762 0.8115 -0.83687 -0.38896 1.6263 -0.5271 -0.35952 -0.30621 0.63225 -1.1037 -2.2398 -0.042198 1.3765 -0.15197 -0.81677 -0.27023 -0.7632 1.7181 -0.11434 -0.41344 0.078993
-0.46783 -0.15624 1.7669 -0.29986 -2.4031 0.40033 -0.31041 -0.8384 1.8223 -1.232 0.27217 -0.11319 0.57001 0.79094 -0.54862 -0.80392 0.048914 -1.5178 -0.14141 0.46676 -0.84713 -0.8993 2.1199 -0.84922 -0.62083 -0.19092 0.75851 -0.94518 -2.0192 0.28043 1.7236 -0.23236 -0.73785 0.2669 -0.7894 1.2364 -0.16241 -0.36788 0.17779
0.044295 -0.28658 1.8228 -0.060646 -2.619 1.0359 -0.32828 -0.92764 1.5666 -0.38405 0.39679 -0.66111 0.53879 1.1542 -1.0391 -1.2894 0.25204 -0.6084 -0.085146 0.19199 -0.46191 -1.19 2.8226 -0.81999 -0.35727 -0.11084 0.48884 -0.5633 -1.3438 0.52468 1.4479 -0.52342 -0.21627 0.62247 -0.48403 0.35048 0.38927 -0.1189 0.11377
0.18954 -0.62826 1.1987 -0.31784 -2.456 0.42666 -0.32811 -1.3124 1.1736 0.33269 0.19728 -0.53524 0.54585 1.2878 -1.0813 -1.5684 0.53139 -0.19976 -0.53994 0.13183 -0.19136 -1.3983 2.6903 -0.79601 -0.85573 -0.12056 -0.11121 -0.028443 -0.57578 0.64562 0.91411 -0.86117 0.33928 0.64433 -0.029629 -0.88978 0.91762 0.22216 -0.023849
0.2266 -0.71328 0.7254 -0.039278 -2.7767 0.22743 -0.55996 -1.3147 0.60637 0.97964 -0.52229 -0.9318 0.59463 1.0896 -0.96601 -1.6879 0.71141 -0.072765 -1.024 0.59289 0.042683 -1.1574 2.0255 0.17521 -0.43649 -0.1453 -0.53925 0.78863 0.093804 0.7866 0.34507 -0.81287 0.67152 0.60394 0.18449 -1.7396 1.0435 0.53868 -0.30452
0.72973 -1.215 1.0189 -0.03363 -2.3399 -0.028826 -0.31469 -0.56706 0.15704 1.959 -0.47159 -0.33952 0.48361 0.65258 -0.61465 -1.562 1.036 -0.11291 -1.4344 0.85523 0.15034 -1.0082 0.85372 0.40873 -0.12257 -0.21757 -0.65753 1.4369 0.68319 0.75075 0.16388 -0.3063 0.73807 0.65014 0.24211 -2.1131 0.8616 0.87504 -0.64014
0.79096 -1.0502 0.46457 0.30473 -2.6416 -0.29373 -0.069515 -0.84552 -0.15752 1.4999 -0.044904 -1.2492 0.40311 0.61322 0.11271 -1.1262 1.4837 -0.019861 -1.3021 1.0023 0.53879 -1.0416 0.46658 0.57773 0.34087 -0.59563 -0.78255 1.6973 0.76537 0.40918 0.27102 0.22274 0.18273 0.67267 -0.1814 -2.0571 0.13484 0.76244 -0.8138
0.6093 -1.1002 0.24875 0.64933 -2.5923 -0.91807 0.65296 -1.0426 0.82755 1.3925 1.1237 -0.6901 0.42001 0.47728 0.8868 -0.69367 1.5612 0.074368 -1.0351 1.2159 0.8216 -0.99535 -0.51206 0.64943 0.46439 -1.0139 -0.96816 1.5156 0.77514 -0.25675 0.66092 0.71405 -0.26472 1.012 -0.42707 -1.3981 -0.43104 1.2451 -0.83915
0.62615 -0.91035 0.24578 1.0576 -2.8183 -1.1942 0.50084 -0.96055 -0.114 0.59728 0.43625 -0.69099 0.29762 -0.072339 1.2416 -0.82859 1.2175 0.33012 -0.78216 0.72672 1.0117 -1.5654 -1.1673 0.28937 0.76322 -1.1685 -1.333 1.0923 0.81303 -0.78162 1.2586 0.92195 -0.83541 1.0235 -0.42082 -1.0886 -0.79739 1.0484 -0.65346
0.94962 -0.34813 0.12272 1.415 -2.4049 -1.3253 0.57262 -0.34932 -0.80664 1.7915 0.19157 0.16361 -0.29188 -0.55253 1.4647 -0.40097 0.67579 0.92175 -0.25391 0.52192 1.8756 -1.6482 -0.95686 -0.31216 2.0836 -1.3967 -1.3594 0.23444 0.54906 -0.88871 1.8096 1.1428 -0.98363 0.78837 0.29136 -0.26991 -0.55515 0.37054 -0.23697
0.90189 0.16644 0.38345 1.5768 -2.5485 -0.99023 1.0011 0.15601 -0.90428 0.2681 0.18832 -0.44916 -0.64928 -1.0062 1.7347 0.10084 0.43842 1.8592 0.17045 -0.12336 1.9958 -1.6044 -1.3522 -0.51839 1.5721 -1.546 -0.92605 -0.43334 0.39748 -0.61461 1.6388 1.2221 -0.46273 -0.060266 1.265 0.049423 -0.022366 -0.62233 0.23299
0.42242 -0.16886 -0.096996 1.0708 -1.8317 -1.2293 0.39695 0.47249 -2.1509 0.090908 0.25338 0.47952 -0.64665 -1.2324 1.0659 -0.22797 0.25985 2.6204 0.80086 -0.091826 1.8583 -0.41479 -0.91023 -0.0529 0.80272 -1.2407 -0.15952 -1.0286 -0.39189 -0.31568 0.96447 1.123 -0.19623 -1.0569 1.8129 0.41382 0.363 -1.2913 0.66608
-0.071105 0.45761 0.070014 1.0734 -1.4336 -0.74001 0.93776 1.3504 -1.4349 0.38103 -0.054182 2.3237 -1.0426 -1.2126 0.71047 -0.23904 0.25394 2.479 1.1639 0.21499 0.90561 0.36162 -1.0764 0.088789 0.24524 -0.8425 0.75988 -1.0806 -0.72833 -0.10964 -0.16645 0.88045 -0.023137 -1.4364 1.7922 0.69295 0.12613 -0.98226 0.86103
-0.37687 0.87511 0.6026 1.5446 -0.044047 -0.8628 0.17826 0.94903 -1.277 -0.85703 0.33214 0.54486 -1.3045 -0.69761 0.21582 -0.87968 0.16305 2.3767 1.5213 0.0018292 0.37579 1.0284 -0.29038 0.062111 0.3077 -0.58927 1.2132 -0.7537 -0.5824 -0.11123 -1.0411 0.38598 -0.43669 -1.2883 1.0218 0.57491 -0.2968 -0.67472 0.80037
-0.15703 -0.013949 -0.29282 1.6054 0.40682 0.25381 0.60377 1.321 -0.528 0.33094 0.28651 -0.14879 -1.0929 -0.044308 0.3087 -0.78656 0.27229 1.6775 1.589 -0.21732 -0.042792 1.2914 -0.32911 -0.3583 -0.027999 -0.37257 1.0715 -0.57025 -0.232 -0.19198 -1.4055 -0.11924 -0.80598 -0.66395 0.30358 0.9334 -0.59672 -0.15211 0.62599
-0.037795 0.62832 0.00083028 1.6937 -0.080541 0.39779 1.3215 0.45213 -0.60274 -0.29207 0.25552 0.48161 -1.27 0.1413 -0.018362 -0.92258 0.033143 1.1179 1.3617 -0.64859 -0.16049 1.1689 -0.17439 -0.43357 -0.31938 -0.082291 0.44031 -0.17928 0.69066 -0.14099 -1.2732 -0.60094 -0.93794 -0.35513 -0.37104 0.79241 -0.69964 0.12899 0.41502
0.1085 0.15464 -0.84842 1.2747 0.35826 1.0904 0.49579 0.91068 -0.07517 -0.099414 0.17391 1.0459 -1.2626 0.097978 -0.13994 -0.59793 -0.051663 0.53859 0.98984 -0.88083 -0.11013 0.87738 0.65406 -0.85036 0.30077 -0.0067206 -0.25386 -0.090816 1.1282 -0.10821 -0.63991 -0.52227 -0.53553 0.048212 -0.8507 0.83614 -0.51401 0.18562 0.19606
0.11498 0.6359 -0.43391 1.376 0.28826 0.78243 -0.11275 0.86805 -0.55955 -0.5013 -0.6405 1.3138 -1.1742 -0.05307 0.14952 0.19404 0.051085 0.61828 0.58762 -1.319 -0.27636 0.44763 0.73947 -1.0788 0.42357 -0.050801 -0.54629 0.34089 1.384 0.011802 -0.46166 -0.3895 0.64676 0.2836 -0.92564 0.32921 -0.25134 -0.27298 -0.014414
-0.26271 0.52487 -0.40485 1.3503 0.55466 1.0138 -0.087842 1.2545 0.39795 -0.098648 -0.29098 0.75707 -1.2227 -0.34704 0.087291 0.55749 0.051496 0.7578 0.9027 -0.82847 0.11045 -0.11254 0.81823 -1.0619 -0.010792 -0.048739 -0.612 0.35012 0.80141 -0.094306 -0.40559 -0.035781 1.4354 0.2148 -0.75199 -0.72727 0.58764 -0.69345 -0.13104
-0.20243 0.27046 -0.048442 1.7206 0.7802 0.77673 -0.58642 0.66368 -0.066336 0.92401 -0.7674 0.32118 -1.2662 -0.50609 0.47795 0.83136 -0.0028188 0.16482 0.6019 0.45377 0.28039 -0.25334 0.38766 -0.84366 -0.65306 -0.088708 -0.34909 0.19402 0.061192 -0.15202 -0.98813 -0.15794 1.5337 0.0017599 -0.74051 -1.1523 1.383 -0.62849 -0.16895
-0.012356 0.35086 -0.10647 1.6491 0.97118 1.3761 -0.47928 0.5588 -0.11446 1.1316 -1.1315 0.97212 -1.203 -0.65101 0.32176 0.43731 -0.21018 0.024364 0.89854 0.74535 0.029424 -0.3357 -0.52692 0.14641 -0.45549 -0.21856 -0.007357 0.3799 -0.10734 -0.29694 -1.2381 -0.68498 0.71186 -0.070299 -0.62738 -0.99454 1.3256 0.15152 -0.18959
-0.41458 0.76308 0.21691 1.4168 0.82695 2.2832 0.52663 0.98251 -1.0029 0.19592 -1.0519 0.85945 -1.3697 -0.45405 0.38795 0.36582 -0.11292 -0.82141 0.25716 0.57918 -0.2305 -0.981 -0.74986 0.97692 -0.52426 -0.26279 0.25524 0.34645 0.10384 -0.30797 -0.89292 -1.0743 -0.48994 0.048926 -0.57969 -0.069207 0.58757 0.8172 -0.14072
-0.4417 0.93638 -0.13727 1.1367 0.16544 1.3514 1.0719 1.6165 -0.17005 -0.13172 -1.041 -0.085291 -1.3001 -0.37682 0.80976 0.61912 -0.46292 -1.0127 -0.32907 0.35163 0.23169 -1.0585 -0.47614 0.5761 0.24819 -0.29458 0.54684 0.35983 0.48807 -0.1798 -0.38522 -1.353 -1.0979 0.18679 -0.30686 1.1086 -0.60114 1.1005 0.00073125
-0.74861 0.7401 -0.039395 1.2315 0.55901 2.1197 0.17768 0.59432 -0.60504 -1.3931 0.22897 0.75196 -1.4788 -0.22493 0.85351 0.92371 -0.46683 -0.94894 -0.98011 -0.21574 0.27595 -1.1046 0.25177 0.055727 0.59315 -0.29836 0.56427 0.15791 0.56416 -0.092222 0.44458 -0.76886 -1.0696 0.18541 0.0023025 1.5281 -1.3694 1.253 0.083165
-0.49131 0.67198 0.15494 1.6358 -0.67826 0.71628 -0.00040301 0.52872 -1.3325 0.22333 1.0038 -0.26729 -1.5174 0.12133 0.73172 0.98644 -0.3807 -0.61557 -1.2453 -0.79059 0.13989 -0.931 1.0926 -0.58858 1.1263 -0.2018 0.4971 -0.10172 0.3676 0.10541 0.6437 -0.22554 -0.76207 -0.05524 0.017 1.2675 -1.1683 0.84907 0.11261
-0.383 1.4372 0.79312 0.94344 -0.058765 0.51254 -0.11461 1.2709 -1.6599 1.0136 -1.4562 1.7295 -1.5452 0.21178 0.72011 1.1379 -0.33554 -0.20598 -0.8594 -0.73346 0.17642 -1.0723 1.3807 -1.1291 1.4692 -0.16646 0.29486 -0.091815 0.16741 0.084754 0.51773 0.15987 -0.27501 -0.042965 -0.0030022 0.66124 -0.73467 0.52971 0.087088
