39 250
0.70229 1.367 0.3632 1.2915 -0.41989 0.09509 -0.053127 -0.16337 -0.28057 -0.331 -1.0561 1.0286 -1.5148 -0.12779 0.13971 0.031661 -0.15649 0.1336 0.41854 -0.27602 0.43848 -0.46167 -0.19173 0.72672 -0.62006 0.048032 -0.19105 -0.016034 -0.04009 -0.01478 0.065633 0.075225 -0.17472 -0.18093 0.37116 0.18411 -0.34716 0.041248 0.0352
1.0695 1.4224 0.73413 1.3124 -0.52309 0.27637 -0.15717 0.81105 -0.70365 -0.77012 -0.42146 -0.076836 -1.4817 -0.15991 0.16179 0.06243 -0.16901 0.33194 0.67472 -0.55997 0.31282 -0.094077 -0.045913 0.51197 -0.94925 0.086025 -0.13838 -0.053096 -0.099284 0.047358 -0.033251 -0.079456 -0.023343 -0.10743 0.38338 0.26377 -0.75487 0.39244 0.0090849
0.43867 1.6046 0.65513 1.0413 -0.46785 0.27625 -0.26646 0.84552 -0.88353 -0.30581 0.32098 0.67434 -1.479 -0.48478 0.10109 -0.043536 -0.17776 0.14117 0.45398 -0.42742 0.12234 0.13614 0.13485 0.071514 -0.35094 0.086889 -0.043059 -0.084857 0.032742 0.10717 -0.35918 -0.37478 0.35175 0.19929 0.10435 0.11416 -0.92961 0.77275 -0.057093
0.47095 1.4291 0.097038 1.126 -0.08516 0.79209 -0.40032 -0.22151 -0.64011 -0.64681 -0.73167 0.31764 -1.4695 -0.218 0.071193 -0.087666 -0.058316 0.054774 0.22982 -0.22505 0.36234 0.046588 0.21114 -0.58996 0.084877 0.042881 0.16546 -0.15853 0.11202 0.15731 -0.59954 -0.5548 0.66772 0.31152 -0.31528 -0.28129 -0.71771 0.66237 -0.095443
0.58889 1.5225 0.55128 1.1346 0.046912 0.97328 -0.80107 0.20753 -0.044685 -0.23321 -0.69722 -0.39197 -1.4136 -0.17859 0.045552 0.16638 -0.013533 -0.40203 -0.1687 0.19744 0.78353 -0.30859 -0.067119 -0.7445 0.49828 -0.026542 0.44048 -0.11275 0.23786 0.11464 -0.27657 -0.6906 0.50399 0.53325 -0.49023 -0.60066 0.088147 0.14296 -0.10025
-0.094303 1.4349 0.3658 1.0899 -0.59322 0.28855 -0.27822 0.19144 -0.22682 -0.11889 -1.0188 1.0984 -1.4416 0.020269 -0.06966 0.1472 0.040032 -0.51253 -0.21296 0.32925 0.57306 -0.5262 -0.51913 -0.64397 0.030541 -0.017396 0.33412 -0.12388 -0.089406 0.055639 0.23492 -0.57919 -0.098708 0.17433 -0.23537 -0.59904 0.55442 -0.0048425 -0.086617
0.94451 1.5095 0.4789 1.2817 -0.43756 0.34604 -0.22383 1.2375 -0.81587 -0.29254 -1.4384 0.77756 -1.4918 0.27422 -0.013293 0.23521 -0.014807 -0.097516 -0.81732 0.20653 1.0445 -0.59796 -0.74239 0.2773 -0.0063826 -0.051134 0.30209 -0.046493 -0.33779 0.09232 0.78345 -0.053117 -0.76125 -0.22452 0.18519 -0.34903 0.8364 -0.16364 -0.041088
0.524 1.5641 1.0587 1.1276 -1.2009 0.072295 0.12736 2.095 -1.4985 -1.1089 -0.57485 0.64644 -1.5264 0.223 -0.10228 -0.2628 0.045199 0.32046 -0.69761 -0.38807 0.55253 -0.29604 -0.69021 0.086277 0.34528 -0.090234 -0.036897 0.032102 -0.44029 0.089402 0.60478 0.32814 -0.85661 -0.73305 0.59816 0.15088 0.9109 -0.028649 -0.0011115
0.3265 1.4051 0.29999 1.0628 -0.61549 0.54908 -0.21264 0.18716 -1.0792 -1.1891 -0.76198 0.12726 -1.4437 0.324 -0.015235 -0.17684 0.15469 0.60781 -0.040419 -0.77814 0.32899 -0.031127 -0.69751 0.68731 0.016658 -0.059564 -0.42793 -0.14174 -0.18966 -0.011846 0.057151 0.55636 -0.3189 -1.4266 0.6036 0.71627 0.13356 -0.19444 0.13718
1.0414 1.4454 0.45515 1.1222 0.35474 -0.50782 -0.5573 1.4029 -0.68775 -1.4128 -0.26097 0.10591 -1.5059 -0.072265 -0.01803 -0.36314 0.12068 0.23269 0.10908 -0.68187 -0.53547 0.4469 -0.2116 1.1091 -0.022735 -0.015917 -0.79074 -0.67724 0.29869 -0.48636 -0.37373 -0.029858 0.82971 -1.4098 0.7152 1.4139 0.04834 -0.68126 0.8118
0.52645 1.3816 0.069011 1.2682 0.12475 0.027079 -1.3506 0.93508 -0.23775 -0.68297 -1.2258 1.2148 -1.5366 -0.42051 -0.28734 -0.019814 -0.074644 0.037523 -0.016614 -0.19581 -1.2436 0.29845 0.53116 0.042884 -0.21111 0.13972 -0.79991 -1.3507 -0.03745 -0.96768 -0.76137 -0.60902 1.5699 -1.1068 0.73397 1.7501 -0.086619 -0.99261 1.4704
0.7233 1.5376 0.51391 1.404 -0.2485 0.63208 -0.75382 1.3271 -0.96778 -1.3856 0.11189 1.0196 -1.5174 -0.96591 -1.0686 0.15468 -0.74095 -0.095352 -0.77325 0.80989 -1.4602 1.0405 1.6678 0.50119 -0.94838 1.1638 -0.30409 -1.887 -0.47599 -1.3198 -0.344 -1.0054 1.8031 0.12283 0.432 1.1977 0.10887 -1.2066 2.0213
0.58272 1.5081 0.25459 1.2636 -0.84825 0.39077 -0.53358 0.34032 -0.62812 -0.76865 0.45992 0.11542 -1.4931 -0.8085 -1.6871 -0.49123 -1.2066 -0.64174 -0.91552 1.2787 -1.411 1.2127 2.0386 0.79209 -1.5796 1.8032 0.22625 -1.9208 -1.2742 -1.2074 0.26102 -1.0361 1.2123 1.3657 0.42606 0.16272 0.22769 -0.74821 1.9898
-0.47081 0.98419 1.028 0.73994 -0.77279 -0.21581 0.031442 -0.66798 -1.1656 -0.15299 -1.3965 -0.09992 -1.257 -0.47526 -2.3869 -0.90238 -1.7575 -0.073984 -1.615 1.7974 -0.23257 0.89866 1.5548 0.95809 -1.8455 2.5242 0.658 -1.2311 -1.5969 -0.55856 0.80222 -0.6497 0.10169 2.2366 0.059111 -1.2581 -0.35472 0.27019 1.1222
-0.81656 -0.12616 0.1316 -0.1865 0.26069 -1.3313 0.61163 -1.3869 1.3183 1.9032 0.4463 -1.3798 0.31198 -0.21212 -2.752 -1.5757 -1.8024 0.49278 -1.8355 1.4785 0.80946 1.2658 0.94237 0.295 -1.3102 2.7787 0.89536 -0.072593 -1.2878 0.45151 1.2183 -0.10268 -0.7021 2.3595 -0.067009 -2.0843 -0.86676 1.2059 0.023328
0.54936 -0.2033 -0.65488 -0.13296 -0.87835 -1.1757 0.23097 0.56918 0.61645 1.2231 0.70894 -1.1385 0.17447 0.044988 -2.5388 -1.917 -1.4776 0.79823 -1.7175 0.90712 1.8115 1.1427 -0.40185 -0.029202 -0.49946 2.5476 0.7308 1.2486 -0.72802 1.4077 0.95456 0.73541 -1.3119 1.4222 -0.38029 -2.0073 -1.3789 1.3884 -1.3812
0.058106 -0.93033 -0.75396 -0.78267 0.018858 -1.4835 0.93095 1.5091 -0.26317 0.32673 0.28704 -0.75835 0.93281 0.71072 -1.7307 -2.0908 -0.51061 1.1478 -1.0855 0.49452 2.191 0.95557 -1.3294 -0.60054 0.2892 1.8295 0.34341 1.9291 -0.11661 1.6344 0.75094 1.1601 -1.1946 -0.39017 -0.29067 -0.86417 -0.88432 0.53539 -2.0164
0.2624 -1.0732 -1.118 -0.59047 0.21151 -1.5402 0.93205 1.8744 0.5714 -0.36752 0.13543 -0.82848 1.0104 0.51664 -0.86955 -1.8333 0.20325 1.3394 -0.39876 -0.022114 1.8547 0.26329 -1.4946 -1.588 0.27851 0.69325 0.27132 2.0582 0.15809 1.4544 0.18216 1.4349 -1.0945 -2.0947 0.12848 0.79635 -0.014488 -0.52386 -2.1024
-0.1014 -1.1253 -1.5043 -0.6443 0.20371 -2.1753 0.42892 1.5786 0.88388 -1.037 -0.53196 -0.66626 1.0262 0.23788 -0.45249 -1.8029 0.38368 1.5888 0.014925 -0.16005 -0.0031847 1.1026 -0.30495 -0.84986 -0.56051 0.34048 -0.041891 1.578 0.3847 0.67621 -0.37264 1.2758 -0.78725 -2.8786 0.23688 1.7103 1.0205 -1.0537 -1.5173
0.71201 -0.97151 -1.5271 0.15716 1.2444 -1.7361 0.82398 1.6363 0.92661 -0.76893 -1.6937 -0.069341 1.0316 0.8244 0.16615 -1.7956 0.76837 0.89873 0.83638 -0.69116 -1.2391 1.3431 0.7663 0.052289 -1.1527 -0.21679 -0.123 0.9376 0.7434 0.030685 -0.66081 0.852 -0.20972 -2.3612 0.17696 1.5545 1.5405 -0.65449 -0.71495
0.26423 -1.0103 -2.3695 -0.024689 1.5181 -1.524 0.33026 1.8701 1.2028 0.19334 -0.74985 -1.5363 0.86282 0.47931 0.31507 -1.4725 0.45891 0.66923 1.0569 -0.55133 -1.9537 0.91632 1.1326 0.77431 -1.1822 -0.24804 -0.57378 0.38546 1.5058 -0.39119 -0.98964 0.017447 0.13865 -0.79266 -0.55865 0.67769 0.92644 0.40813 -0.3126
0.78357 -0.94262 -2.7191 -0.12171 1.0221 -1.0324 0.35835 0.39518 1.5874 0.73559 0.38195 -2.0624 0.78066 0.1577 0.26921 -0.77292 0.2223 0.57046 0.92368 -0.18196 -1.8427 0.73174 1.0533 0.91964 -0.76213 -0.20634 -1.0393 0.055318 2.5963 -0.61508 -0.82337 -0.91513 0.46924 0.45677 -1.2292 -0.017801 -0.27462 1.7224 -0.029359
1.4033 -0.77235 -2.6625 0.24103 0.87342 -0.30451 0.052564 -0.27848 1.4765 0.97644 0.33095 -2.0891 0.78008 -0.56008 0.12101 0.16204 -0.067864 -0.080295 0.0098426 -0.15191 -1.2851 0.24462 0.9837 0.70813 0.11651 -0.18723 -0.90703 0.16374 3.0961 -0.48959 -0.70313 -1.3179 0.26754 1.3013 -1.6935 -0.30358 -1.2351 2.2789 -0.14597
0.28914 -0.7839 -2.6264 -0.17001 1.2029 -0.83538 0.30366 -0.69043 1.6692 0.4406 0.41537 -1.7214 0.8458 -0.70954 0.35158 1.6525 -0.10744 -0.25406 -0.61836 -0.04145 -0.69657 -0.88761 0.81781 -0.52036 1.8207 -0.29707 -0.57342 0.21225 2.5771 -0.35283 -0.55349 -1.2719 -0.087218 1.5409 -1.9479 -0.53065 -1.3874 1.9421 -0.21898
0.14554 -0.87268 -2.0819 -0.074934 1.6081 -1.2688 0.51866 -0.13135 1.6603 0.36204 -0.46708 -0.99697 0.83465 -0.87861 0.53852 2.4001 -0.28301 -0.22503 -1.0213 -0.1301 0.013238 -1.812 0.6295 -1.1886 2.3138 -0.44713 0.045163 0.041767 1.2963 -0.10534 -0.096321 -0.64157 0.27381 1.3302 -1.3787 -0.7004 -0.7408 0.57254 -0.0080549
-0.28178 -0.90875 -1.461 0.060508 0.95515 -1.9313 0.4226 0.55707 1.0324 1.5206 -0.47566 -0.29856 0.71745 -0.81363 0.40394 2.342 -0.32367 -0.3886 -1.3105 -0.33094 0.51996 -2.3102 0.13446 -1.1443 2.2218 -0.44266 0.11036 -0.35809 -0.49512 -0.23268 -0.096996 0.093767 0.8234 0.30914 -0.04669 -0.77216 0.63217 -1.1277 0.46014
-0.1735 -0.40362 -0.40789 -0.26703 0.79346 -1.8502 0.042838 0.20609 -0.19957 1.7905 -0.89594 0.77604 0.39287 -0.4131 0.1612 1.95 -0.15498 -0.20401 -1.0307 0.49545 0.70355 -1.9233 -0.12567 -0.59377 1.1324 -0.12875 0.013601 -0.64332 -1.7069 -0.41165 -0.17082 0.96574 1.2169 -0.85051 1.4443 -0.76137 1.3134 -1.8262 0.93023
0.085125 -0.23613 -0.25995 -0.44064 0.69292 -1.7095 0.071614 -0.32094 -0.54859 1.3082 -0.79325 0.44963 0.33807 -0.71818 -0.043354 1.0712 -0.60251 -0.45679 -0.41003 1.1237 -0.45558 -0.9245 -0.40578 0.53753 0.069595 0.31065 -0.31421 -0.72254 -2.0853 -0.54097 -0.25142 1.5249 1.037 -1.5036 2.4135 -0.5064 1.2197 -1.8022 1.1373
-0.15102 -0.60991 -0.55285 -0.17744 0.6854 -2.1936 -0.26005 0.4776 -0.83627 0.23941 -0.92392 0.57414 0.52975 -0.89393 -0.28507 0.24119 -0.90605 -0.51887 0.61784 1.3188 -1.1966 0.52199 -0.67897 0.79892 -0.4138 0.72751 -0.58983 -0.54048 -1.6156 -0.56724 -0.36446 1.5466 -0.0097737 -1.5076 2.2745 -0.1699 0.58714 -0.90969 0.86829
-0.54914 -0.9082 -0.51231 -0.25683 1.4834 -2.385 1.8459 0.70685 0.18358 0.30227 -0.30156 -0.62335 0.9616 -1.1903 -0.54894 -0.21875 -0.95008 -0.70728 1.1639 1.1143 -1.5138 1.5216 -0.63405 0.78523 -0.75843 1.0261 -0.20919 -0.096715 -0.47673 -0.20423 -0.12032 1.267 -0.96985 -0.91746 1.3275 0.1035 -0.25857 -0.17853 0.30719
-1.27 -0.87377 -0.72713 -1.1193 0.35294 -1.6719 1.7416 -1.3094 0.65738 0.74527 0.51041 -0.5685 1.1432 -1.3402 -0.46608 -0.049532 -1.0318 -0.76267 1.5279 0.49951 -1.759 1.6172 -0.35269 0.54026 -0.33922 0.96148 0.24774 0.2968 0.39727 0.10885 0.069364 0.43916 -1.8382 -0.36164 -0.075375 0.032902 -0.70214 0.26328 -0.30707
-1.3131 -0.84797 -0.73162 -1.2717 -0.080593 -0.53838 1.1313 -1.3599 1.1816 0.96778 0.01809 0.076592 1.2197 -0.90405 -0.11159 0.44044 -0.918 -0.56998 1.8758 -0.17106 -2.0038 1.3102 -0.33808 0.095846 -0.32313 0.70536 0.77243 0.44566 0.82871 0.5059 0.63314 -0.48267 -1.6655 0.39982 -0.95626 -0.28979 -0.76207 0.13632 -0.63794
-1.4954 -0.82893 -0.43773 -1.3271 -0.031289 -0.39891 0.72261 -1.774 1.0111 0.36889 -0.34648 -0.20294 1.3076 -0.54075 -0.022827 0.5693 -0.72067 -0.47391 1.2125 -1.2839 -1.6864 0.4751 -0.74382 -0.38667 -0.062259 0.37461 0.84203 0.2662 0.45771 0.77663 0.82327 -1.3009 -0.84302 0.98145 -1.1712 -0.28076 -0.31817 -0.19292 -0.60132
-1.7215 -0.89177 -0.35886 -1.429 0.12751 -0.3696 0.56841 -1.9277 0.93068 0.17816 -0.19519 0.013425 1.333 -0.054171 -0.047667 0.83736 -0.16895 0.29836 0.27864 -0.93302 -0.78534 0.097225 -1.0305 -0.41117 -0.59342 0.25416 0.58023 -0.012633 -0.27913 0.78551 0.54771 -1.6333 0.095045 1.1856 -0.93125 0.16782 0.21996 -0.19966 -0.4261
-1.2903 -0.82024 0.042405 -1.19 0.5469 -0.096561 0.6018 -1.9357 1.0086 -0.34005 -0.48843 -0.65909 1.4009 -0.091429 -0.066848 0.50887 0.031739 0.3027 -0.48616 -0.59885 -0.45804 -0.2214 -0.57959 0.093858 -0.58961 0.18284 0.33856 -0.08857 -0.86594 0.68958 0.14647 -1.1711 0.96793 0.99411 -0.37977 0.90522 0.69897 0.060544 -0.26731
-1.5945 -0.9642 -0.12169 -1.622 0.31068 -0.98602 0.40087 -2.3267 0.90869 -0.44758 -0.28707 -0.67642 1.3754 0.026306 -0.11163 0.018678 0.16028 0.034675 -0.80634 -0.3282 -0.30576 -0.28466 -0.054778 0.31943 -0.4591 0.089382 0.14145 -0.11636 -1.3564 0.50467 -0.29699 -0.49504 1.039 0.57641 -0.22126 1.2752 0.63909 0.61729 -0.27476
-1.2731 -0.87594 0.22062 -1.2819 0.50467 -0.88283 0.5267 -2.3093 0.99852 -0.48189 -0.0092275 -1.1736 1.4313 0.095226 -0.13634 -0.43605 0.39156 -0.086708 -0.77679 0.14812 0.0088898 -0.12337 0.67648 0.74777 0.015483 0.010078 0.27653 -0.10632 -1.2138 0.61323 -0.029599 0.25441 1.1729 0.58726 -0.30038 1.0219 0.014816 0.63486 -0.3009
-1.7081 -0.90156 -0.33136 -1.1826 0.11523 -0.98633 0.19511 -1.863 0.75088 0.39104 0.04077 -0.29746 1.4274 0.1382 -0.20358 -0.90955 0.58556 -0.066818 -0.64583 0.55401 0.093674 -0.40958 1.0236 0.63211 0.41408 -0.1188 0.38188 -0.10215 -0.86378 0.53857 0.37202 0.5939 1.308 0.64747 -0.61032 0.56354 -0.73979 0.23321 -0.33357
-1.455 -0.98836 -0.48694 -1.1462 0.057038 -1.3579 0.37567 -2.3574 0.56777 0.14915 -0.0056584 -0.79894 1.3834 0.40595 -0.19521 -1.0123 0.95455 0.28513 -0.015373 1.0583 0.47611 -0.78226 1.0335 -0.042279 0.32061 -0.21604 0.73324 -0.036484 -0.16514 0.24569 0.51192 0.94911 1.1234 0.86887 -0.88336 0.23281 -1.2327 -0.37061 -0.4024
-1.3669 -1.0267 -0.73285 -0.82304 0.33707 -1.1003 1.05 -1.7878 1.0167 1.1576 0.86891 0.010418 1.3443 0.63298 -0.24976 -1.1043 0.87597 0.51875 0.098187 1.5546 0.71306 -1.227 0.96004 -0.89723 -0.10541 -0.35503 1.1617 0.28334 0.65017 -0.050921 0.085757 1.2152 0.074761 1.1739 -0.77174 0.12684 -1.0256 -0.42338 -0.60371
-1.0797 -1.0805 -0.97047 -0.59442 0.53703 -1.1653 1.2341 -2.0828 0.27644 0.77648 0.0088531 -0.36783 1.2402 1.306 -0.17408 -0.60363 0.70118 0.54768 0.90463 1.6582 1.3876 -1.5577 1.2097 -1.1652 -0.48218 -0.54412 1.0448 0.98027 1.596 -0.1275 -0.68486 1.0209 -1.4515 0.81839 -0.52629 -0.093423 -0.09409 -0.04975 -1.159
-0.94518 -1.1114 -1.0365 -0.28143 0.7934 -0.77085 1.5939 -1.4825 -0.2096 0.87809 -0.62441 -0.6401 1.1714 1.9952 0.24489 -0.041287 0.61779 -0.054356 1.523 0.40343 1.9271 -1.6313 1.2152 -1.0362 -0.052363 -0.963 0.29304 1.8159 2.2169 0.15732 -1.0836 0.83456 -2.449 0.14782 0.29051 -0.50832 0.73285 0.12815 -1.5797
-0.51429 -1.1225 -1.1578 -0.30654 0.94857 -0.86908 2.1777 -1.1235 -0.61921 1.2326 -1.2912 -1.3148 1.0594 1.8002 1.1494 1.0804 0.84738 -0.70125 1.4808 -0.92526 1.4581 -1.676 0.72475 -0.18808 0.20817 -1.8469 -1.0109 2.1504 2.1688 0.41628 -0.73109 -0.094498 -2.6381 -0.87453 1.4416 -1.1843 0.90953 0.17671 -1.5226
0.4004 -1.0736 -0.88386 -0.51588 0.48394 0.45243 1.8742 0.19758 -1.0319 2.594 -0.84887 -0.76035 0.7962 0.9719 2.0387 1.6966 1.094 -0.86276 1.6158 -1.483 0.94628 -0.55489 0.15331 0.18723 -0.16418 -2.3404 -2.2871 1.6599 1.577 0.35294 0.18075 -0.79078 -1.5972 -1.5085 1.9474 -1.8694 0.6814 0.22487 -0.78714
1.5739 -0.52703 -0.40414 -0.20832 -0.29406 0.65009 0.2472 0.14692 -0.89064 1.8846 -0.41948 -0.083013 0.20747 -0.17981 2.423 2.0914 1.2338 -0.40603 0.65471 -2.0635 0.13318 0.92517 -0.72283 0.17816 -0.038255 -2.3968 -2.5806 0.49801 0.16899 -0.081901 1.5362 -1.1229 -0.36116 -1.494 1.9105 -2.0153 -0.29061 0.34646 0.45627
0.38128 0.53139 0.7943 0.70003 -0.44462 0.33706 -0.11326 -0.69745 -1.1386 1.5449 0.895 0.2987 -0.91387 -1.5406 2.3048 2.0464 1.078 0.1164 0.22673 -1.8452 -0.40373 1.1474 -1.9578 0.24238 0.55965 -2.0023 -2.1123 -0.84172 -0.92892 -0.68161 2.1492 -1.0638 0.77403 -1.1199 0.76579 -1.2079 -0.57163 0.61524 1.4582
-0.52041 1.0636 0.63175 0.91908 0.0073762 0.92178 0.25397 -0.99591 -0.093215 0.47617 -0.89523 -1.7546 -0.97837 -2.0507 1.8243 1.1888 0.70356 1.6194 -0.25228 -1.3684 -0.83179 1.4748 -2.4218 -0.85597 0.58951 -1.2555 -0.67393 -1.7754 -1.4859 -1.1581 1.4746 -0.37748 1.4693 -0.24037 -0.54398 -0.052486 -0.61435 0.46536 1.9729
-1.3341 0.98128 1.0015 0.97892 0.89521 -0.56407 -0.29903 -0.98789 1.2052 0.044584 -1.088 -0.7836 -0.88662 -2.2721 0.96828 0.62994 0.096766 2.0616 -0.23055 -0.44024 -0.79935 0.77747 -1.5101 -0.54373 0.8277 -0.4788 0.64849 -1.9277 -1.3739 -1.155 0.3535 -0.00098703 1.2241 0.31178 -1.0696 1.2735 -0.088404 0.25987 1.7219
-2.0592 0.86333 0.94881 0.48931 0.8071 0.20308 0.19097 -0.82813 -0.22475 -1.1741 -0.46597 0.44018 -0.75376 -1.1438 0.20376 0.3679 -0.42041 1.3182 0.067813 -0.14184 -0.16502 -0.022839 -1.0422 -0.7692 0.81983 0.13255 1.2575 -1.4209 -1.039 -0.70075 -1.0279 0.2496 1.123 0.38789 -1.1986 1.6585 0.62093 -0.47819 1.004
-1.1298 0.92619 0.2973 0.33791 2.6101 0.55412 -0.57558 -0.85408 0.51613 -0.52769 -1.7968 0.49711 -0.66013 -0.7038 -0.019929 0.20871 -0.49905 0.90292 0.065379 -0.26952 -0.14577 -0.33638 0.030983 -0.0040281 1.0065 0.17604 1.7581 -0.43996 -0.67683 0.083105 -1.8751 0.020491 0.74644 0.39122 -0.65694 1.3147 0.71539 -1.3081 0.051565
-1.9179 0.91115 0.95946 0.36261 1.6141 0.29278 -0.25212 -1.5332 -0.50045 0.28764 0.20244 0.80294 -0.83274 -0.33806 0.0071954 -0.29915 -0.29637 0.29521 0.14039 0.55595 -0.41735 -0.47063 0.29189 0.20514 -0.48246 0.091527 1.5598 0.27279 -0.40504 0.67752 -2.3413 -0.12868 0.49701 0.4685 -0.44162 0.6721 0.96805 -1.2744 -0.65317
-1.2797 0.99815 1.4729 0.42637 0.60361 0.54302 0.04098 -0.74532 -0.70704 -0.57304 -1.0708 -0.10009 -0.86574 0.81367 0.34989 -0.14097 0.18849 -0.88794 -0.2217 0.55221 0.074609 -0.36792 0.58777 0.50436 -1.2406 -0.37313 1.7745 0.56097 -0.4625 0.87057 -2.1124 -0.040361 0.11359 1.059 -0.29849 -0.35571 0.45147 -0.6214 -0.82429
-2.1583 1.0064 0.68736 0.31254 1.7744 0.30819 -0.33705 -1.2426 0.60879 0.47615 -1.104 -0.20272 -0.67291 1.1932 0.46075 -0.1158 0.49033 -2.1044 -0.066114 0.34599 0.62476 -0.92587 0.099872 1.0583 -0.70544 -0.68363 1.5075 0.56458 -0.39317 0.69585 -1.1925 -0.049018 -0.48634 1.4843 -0.39385 -0.85187 0.5885 0.87232 -0.73049
-1.9663 0.8776 0.23564 0.45951 1.518 -0.32232 0.86577 -1.6531 0.13768 -0.35477 -0.47023 -1.1802 -0.71951 2.0516 0.66363 -0.63577 0.7196 -1.7945 0.08218 0.053744 1.396 -0.72812 -0.60291 0.53392 -0.16423 -0.81267 0.79082 0.22875 -0.19928 0.30008 0.023527 0.056354 -0.61084 1.0825 -0.36037 -0.95441 0.20141 1.4924 -0.32377
0.3695 1.4569 0.8194 0.79646 -0.33899 0.34822 0.26977 -0.23726 -1.0668 0.025473 0.10449 -0.73589 -1.3879 2.035 0.76652 -0.69082 0.72652 -1.4576 -0.11672 -0.041185 1.8223 -1.1094 -0.88072 1.4512 0.82313 -0.90848 0.011467 -0.77913 0.21046 -0.46497 1.1116 0.13502 -0.82045 0.4591 0.54405 0.027981 -0.23601 0.86095 0.72368
0.20187 1.3822 0.58757 1.0188 -0.70104 0.69047 -0.56937 -0.074657 -1.1716 -0.18907 0.17049 0.38667 -1.4757 1.965 0.56731 -0.17444 0.62595 -1.182 -0.073687 -0.32151 1.5849 -1.025 -0.9044 0.73162 1.1367 -0.80182 -1.2418 -2.0297 0.57006 -1.6522 1.4888 -0.14956 -0.74676 -0.62793 1.4248 0.95765 -0.21562 -0.19709 1.9767
0.77185 1.6264 0.34642 1.2506 -0.48643 0.36994 0.039761 0.68763 -1.0406 -1.2252 0.049274 0.30572 -1.5393 1.2647 -0.75909 0.0047672 -0.32405 -0.38105 0.30465 -0.90566 1.4118 0.36587 0.32346 0.43717 0.46408 0.51759 -1.8407 -2.4989 0.71992 -2.5989 1.5441 -0.31757 -0.53795 -0.89275 1.8374 1.3734 -0.50321 -1.1172 2.6752
0.52758 1.7114 0.32373 1.0728 -0.13509 -0.054604 0.17942 1.3635 -1.3031 -1.5508 0.81715 0.7788 -1.547 -0.017949 -1.8743 -0.042387 -1.815 0.39023 -0.45111 -0.82254 0.34204 1.5201 0.81286 0.5628 -0.37897 1.7717 -2.2019 -1.9527 0.69772 -2.9104 1.21 -0.54126 -0.27996 -0.71465 1.3639 1.1609 -0.17541 -1.1065 2.3941
0.37417 1.3532 0.46433 1.0074 0.50357 -0.0081886 -0.41124 -0.1518 -0.41122 -0.42176 -0.48015 0.54813 -1.4043 -0.61487 -2.0762 0.43019 -2.866 0.58092 -0.61397 -0.72862 0.66299 1.4672 1.1483 0.43553 -0.73899 2.2676 -2.0494 -0.38308 0.6715 -2.0333 0.39923 -0.4676 0.15762 -0.47271 0.30388 0.32759 -0.10043 -0.36934 0.9866
0.70733 -0.43817 0.56359 -0.36278 -0.016445 0.8084 -0.62122 0.84748 0.41272 1.1568 0.592 -1.187 0.17637 -1.4521 -1.9497 0.76346 -3.4929 0.54753 -0.78411 -0.89014 0.52929 1.2829 1.1263 0.34126 -0.55918 2.3171 -1.317 1.2928 0.59771 -0.26422 -0.33782 0.055803 0.56339 0.013954 -0.53614 -0.56719 0.013893 0.55317 -0.61801
0.12257 -0.39228 0.71379 -1.8764 -0.33221 -0.50858 -1.0826 0.1592 0.52636 0.76453 1.1336 -0.57271 0.41301 -2.073 -1.3456 0.70944 -3.2507 0.26031 -0.53927 -0.57544 0.36458 1.1253 0.86643 0.31892 -0.20056 1.8903 -0.10668 2.6537 -0.093844 2.0418 -0.20275 0.27585 0.65666 -0.21097 -1.4434 -1.1418 -0.31672 1.2071 -2.304
-0.78369 -0.049356 1.0381 -2.2158 0.33974 -0.24953 -0.91742 1.8728 -0.029367 0.27049 0.40748 0.060153 0.42048 -1.8927 -0.13975 0.80452 -2.1121 -0.084404 -0.36695 0.11738 0.49607 0.57447 -0.21857 0.63932 0.52767 0.92831 1.6004 3.0552 -0.75302 3.9521 -0.17512 0.83035 0.8386 -0.27206 -1.9865 -0.88473 -0.77293 0.88016 -3.2193
-1.4743 0.10118 1.1673 -2.6598 0.59048 -0.92003 -0.66785 1.3794 0.20669 -0.19775 0.485 -0.028243 0.39773 -0.60045 1.3309 0.26166 0.22461 0.51024 -0.22515 -0.05037 0.2415 -1.1933 -0.55375 -0.41027 1.262 -0.88324 2.1964 2.2153 -0.72323 4.354 -0.15775 0.97328 0.67607 -0.70957 -1.4676 -0.57641 -1.4146 0.43991 -2.9231
-2.3163 0.15329 0.97915 -2.4395 0.21573 -0.17897 -0.62997 0.78093 0.54211 0.62465 0.89208 0.31999 0.31476 0.98778 1.6767 -0.24207 2.0879 0.086723 0.85542 0.35221 0.03242 -1.7087 -0.00036306 -0.9775 0.56975 -1.6687 1.3465 0.64816 -0.37881 3.0008 -0.4232 0.53918 0.38105 -0.98679 -0.29764 -0.29572 -1.5918 0.25365 -1.4321
-1.2534 0.56256 1.4909 -1.622 -0.13623 0.055487 -0.33843 0.54923 0.67328 -0.25439 0.8192 0.47656 0.052938 0.84374 1.3455 0.052179 2.7121 -0.12917 0.95525 0.52362 -0.8236 -0.79834 -0.43431 -1.9438 0.71724 -1.6896 -0.063444 -0.64459 0.44572 0.6705 -0.57132 -0.043142 0.23753 -0.72424 0.83538 -0.18185 -0.74914 -0.15398 0.29246
0.80876 1.1032 0.53468 -0.013285 0.93284 -0.032261 -1.3189 1.4661 -2.167 0.42596 -0.12857 0.69621 -1.0173 0.058272 0.90501 0.29375 2.201 -0.5566 0.20975 0.5233 -0.93733 -0.24058 -0.88268 -2.0482 1.3491 -1.059 -1.4293 -1.0025 0.70016 -1.1845 0.025774 -0.73 -0.1213 -0.47841 1.3334 -0.1414 0.40382 -0.37513 1.0691
1.162 1.5135 0.49682 0.51721 -0.31288 0.79501 -0.28416 0.77116 -1.4738 0.68193 -0.49795 0.038644 -1.289 -0.25594 0.66746 0.73094 1.4095 -0.23229 0.0052125 0.3023 -0.72254 -0.17457 -0.47875 -1.5068 0.56825 -0.701 -1.3123 -0.80036 0.34417 -1.7499 0.14346 -0.75834 -0.10159 0.15443 1.3567 0.041932 1.4583 -0.93525 1.151
-1.7258 0.96255 1.7226 0.32607 0.43394 0.53642 0.014803 0.26907 0.45237 -1.2625 -2.3635 1.4061 -0.82117 -1.2887 0.38468 0.57317 0.54542 0.17175 -0.24746 0.26431 -0.9829 0.77406 -0.25967 -0.33452 -0.12262 -0.37993 0.11102 -0.43939 -0.48144 -1.1237 0.26491 -0.19847 -0.2735 0.85979 0.54097 0.15005 1.8165 -1.2675 0.50602
-2.5476 0.77273 1.5308 -0.7802 -0.63922 -1.1932 -0.15801 -0.37926 0.49931 -1.3131 -0.87615 2.2474 -0.15887 -1.0772 0.30319 0.48306 0.29926 -0.24352 -0.45534 0.48953 -0.51934 1.5378 -0.64379 0.34119 -0.48599 -0.10948 1.7889 0.0066372 -1.4784 -0.18678 -0.19256 0.29233 -0.44859 1.0762 -0.42334 0.27172 1.3106 -1.0544 -0.24597
-1.1758 1.188 1.8779 -0.27608 0.23748 0.49498 -0.64676 0.2359 -0.5726 0.77662 -0.14501 0.10331 -0.7752 0.6943 0.37139 -0.3662 0.67516 -0.077892 0.011638 -0.038976 0.63163 0.040089 -0.47194 0.94418 -0.75816 -0.51127 2.723 0.25794 -1.4896 0.61111 -0.34422 0.87543 -0.48632 1.2868 -1.1032 0.30238 -0.056315 -0.42936 -0.73599
-1.5378 1.4045 1.2857 0.078065 0.78252 -0.12009 -0.35097 -0.37133 0.39574 -0.42743 0.3357 -0.12674 -1.1169 2.3021 0.68337 -1.2188 0.99861 -0.47538 0.5087 -0.32544 0.56685 -0.68814 0.21016 0.67632 -1.3024 -1.0466 1.83 0.007136 -1.21 0.53576 -0.37694 0.64199 -0.40929 0.6643 -0.84701 0.14171 -1.0811 0.78196 -0.48924
0.047612 1.615 0.82838 1.0755 -0.23479 -0.32126 -0.15869 1.1138 -0.17885 -1.0168 -0.72342 0.20901 -1.3292 2.422 0.61234 -1.0138 1.3273 -0.35903 1.1646 -0.17455 0.98541 -0.41593 -0.039715 -0.63571 -0.59479 -1.1403 0.19931 -0.37368 -0.13864 -0.083755 -0.36124 0.072022 -0.039636 -0.09373 0.033368 0.27471 -1.5137 1.2524 0.27928
1.1709 1.4971 0.50467 1.086 -0.50511 1.0533 -0.18882 1.5609 -0.96856 -0.87782 -0.11609 0.02008 -1.4812 1.69 0.19279 -1.1722 0.9652 -0.80981 0.35741 -0.15231 0.58934 -0.0010988 -0.54913 -1.2186 1.087 -0.61218 -1.4528 -0.89659 0.82917 -0.84415 0.57304 -0.18947 -0.21029 -0.68118 0.54364 0.47089 -0.90757 1.0584 1.0495
0.45975 1.492 0.5391 0.63919 -0.47505 0.37382 -0.74307 -0.10108 -0.032717 -0.46032 -1.3218 0.095482 -1.4957 1.4007 0.0077436 -0.611 0.53661 -0.58867 0.24388 -0.17918 0.41314 -0.22852 0.49673 -1.3938 0.68634 -0.26338 -2.4871 -1.3758 0.99293 -1.6693 1.4953 -0.86529 -0.21862 -1.5016 0.69238 0.67868 0.39703 0.40115 1.8269
0.79571 1.5742 0.83827 0.94523 -0.47406 0.90373 -0.48383 1.3194 -0.22157 -0.42825 -1.1503 0.94156 -1.4536 -0.06017 -0.47325 -0.053941 -0.16945 0.67898 0.56014 -0.6796 -0.51113 0.36061 0.94143 -0.91917 0.29025 0.2652 -2.6894 -1.4628 1.0619 -1.7496 2.2332 -1.0802 0.17012 -1.664 0.35749 0.41982 1.3806 -0.33946 2.1
0.85399 1.4441 0.13975 1.2315 -0.50565 0.33365 -0.65815 0.77815 -0.23808 -0.68959 -1.3036 1.7278 -1.5133 -1.625 -1.2925 0.061989 -1.1969 1.6316 -0.80725 -0.28218 -1.4441 0.85684 0.64922 0.061366 0.66131 1.4685 -2.6732 -1.2309 0.66984 -1.4062 2.0109 -1.4858 0.56354 -1.632 0.076855 -0.29761 1.6179 -0.47302 1.8507
1.1348 1.5093 0.51932 1.0956 -0.25595 0.01337 -0.26422 0.8176 -0.27375 0.36932 -1.6241 0.0041032 -1.4412 -2.1199 -1.5363 0.23933 -1.4082 2.1716 -1.4522 0.21778 -1.7817 0.20924 0.26725 1.0276 0.40728 2.0251 -1.6573 -0.37219 0.51537 -0.69433 0.8405 -1.0762 1.1399 -0.5686 -0.31711 -0.53704 0.83351 -0.56313 0.89939
-0.1953 0.82915 0.84847 0.52021 0.99298 1.5538 -1.409 0.20884 0.084667 0.43297 -1.4876 0.28742 -0.90862 -2.8601 -1.4631 0.34724 -1.4483 2.3478 -1.9624 0.38889 -2.1881 0.013058 0.22548 1.1198 -0.34392 1.9438 -0.45847 0.71741 0.34681 0.17001 -0.25273 0.036231 0.70208 0.49042 -0.18322 -0.3838 -0.21746 -0.43788 -0.5358
-2.0909 -0.2131 0.51189 -1.3114 1.7754 -1.0707 -0.35355 -1.5966 0.57075 -0.21782 0.30573 1.6021 0.56621 -2.7206 -0.9945 0.65489 -1.3297 1.8521 -1.1888 1.0244 -1.2815 0.12417 0.044014 0.34232 -0.36745 1.5274 0.5976 1.6406 0.047414 0.82345 -1.2728 0.84758 0.085853 1.5534 -0.0042828 -0.4313 -1.0887 -0.13103 -1.7284
-1.9427 0.30411 0.94946 -0.47262 1.9619 -1.6727 -0.18825 -1.8131 -0.29758 -0.34674 -0.18898 0.99488 0.32494 -2.2275 -0.3988 0.42914 -0.92146 1.3129 -0.85976 0.57714 -0.75104 0.52116 -0.027829 -0.078118 0.15048 0.82245 2.0991 1.8405 -0.10476 1.3502 -1.8765 1.8861 -0.65812 2.2532 -0.071988 -0.26558 -1.2021 -0.18067 -2.3063
-2.5729 0.4474 0.92581 -0.050694 2.0003 -1.3991 -0.058725 -0.87014 -0.46485 0.069276 -0.31425 0.16659 -0.11468 -1.2468 0.59685 0.28212 -0.14684 0.33533 -0.16969 0.29272 0.53624 -0.04867 -0.49413 -0.73975 -0.095934 -0.29904 2.9715 0.64831 -0.47431 0.78732 -2.2966 1.9045 -1.453 1.7637 0.071064 0.21296 -0.23866 -0.0089227 -1.5096
-2.0927 0.65539 1.0183 -0.36818 1.45 -0.065417 0.6847 -0.19049 0.2262 -0.12369 -1.9071 0.6029 -0.26802 0.5671 0.73151 0.36771 0.46048 -0.35736 1.6077 -0.39648 1.3176 -0.046022 -0.046771 -0.95061 -0.83959 -0.99209 3.0735 -0.92934 -0.49496 -0.3304 -2.403 1.3029 -1.3478 0.86508 0.39361 0.65359 0.93653 0.22541 0.15649
-2.3534 0.73676 1.0416 -0.60269 2.0444 -0.53943 -0.70073 -0.7828 0.9401 0.58267 -1.2571 0.5882 -0.27307 1.7746 -0.50734 -0.086577 -0.56283 -1.5486 1.6971 -1.0506 1.1349 0.56154 0.51334 0.25062 0.12711 -0.085103 2.1986 -2.0972 -0.52113 -1.1951 -1.9945 0.014431 -0.93022 -0.43726 0.89015 1.0064 1.953 0.23986 1.7732
-2.7219 1.0878 0.97904 -0.29284 1.6652 0.33648 -0.93827 0.27538 -0.45476 -1.3277 -1.2858 0.88819 -0.64862 2.3564 -1.3589 -0.19258 -1.3255 -2.1767 1.0253 -1.1264 0.63062 1.0446 0.85015 1.4402 0.52889 0.97572 0.62125 -1.978 -0.43244 -1.2194 -1.7684 -1.046 0.20703 -1.0088 0.81809 0.60481 1.7406 -0.31227 2.2702
-0.39728 0.4038 1.1156 -0.32638 1.2228 0.61884 -0.38696 -0.18413 0.093648 0.15864 -0.47371 -0.24768 -0.38194 2.22 -1.7685 -0.28674 -1.4671 -2.4355 0.15358 -0.97643 -0.0040404 1.2734 1.1773 2.2766 -0.26 1.6749 -0.77779 -0.86745 -0.12732 -0.28646 -1.0347 -1.144 1.2227 -1.0443 0.82037 0.26811 0.8952 -1.2258 1.454
0.72596 -0.66205 0.67354 -1.4599 -0.76326 0.34674 -1.3885 0.014425 0.59674 1.1986 0.23357 1.4424 0.48865 1.5807 -1.8546 -0.2357 -1.3458 -3.1787 0.11826 -0.049447 -0.12223 1.3147 0.90092 1.7887 -1.2813 1.9151 -1.9641 0.3429 -0.08327 0.6717 -0.21321 -0.74449 1.574 -0.75357 0.38977 -0.5703 -0.10894 -1.3184 0.25207
0.088047 -0.84882 0.77613 -2.1013 -0.70661 0.061823 -0.88176 0.14707 1.5269 1.3204 0.8463 1.0027 1.0404 0.62696 -1.671 -0.26793 -1.0833 -2.9637 -0.32267 0.59755 -0.56788 2.1479 1.0632 2.0004 -1.5149 1.8705 -2.1122 1.2866 0.10143 1.5259 0.90935 -0.2742 1.7212 -0.41116 -0.22929 -1.2243 -0.70166 -0.84251 -0.84305
0.021604 -0.67987 0.77138 -1.9525 -0.89193 -0.13454 -0.86716 -0.7379 1.8753 1.2987 0.66818 -0.41136 1.2635 -0.73282 -0.85174 -0.33263 -0.27365 -2.3185 -0.34582 0.89659 -0.59414 1.4279 -0.27167 1.3308 -1.5847 1.2976 -1.2732 1.4983 0.16381 1.9556 1.6854 -0.080368 1.2226 -0.069856 -0.98851 -1.2717 -0.70711 0.048266 -1.4028
-0.86228 -0.78791 0.86005 -1.6319 -2.1131 0.223 -0.68726 -0.48689 1.3782 0.55453 0.53041 -1.6779 1.1639 -0.80245 -0.18019 -0.065917 0.82237 -1.2078 -0.20656 1.6218 -0.60045 0.74217 -0.78365 0.97634 -1.8533 0.57607 -0.053789 1.0608 0.18199 1.7019 1.5671 0.11905 0.73842 0.39335 -1.5873 -1.1019 -0.7126 0.87399 -1.3879
-0.79787 -0.92316 0.62513 -1.4555 -2.1336 0.11983 0.18359 -0.50172 2.3135 0.86461 1.844 -0.7507 1.1741 -0.22164 -0.16611 -0.062016 1.3228 -0.9723 -0.11277 1.6247 -0.26617 -0.045405 -0.82194 0.75973 -0.99293 0.22074 0.98353 0.27125 -0.05009 0.77967 1.1123 -0.084339 0.036503 0.56906 -1.2707 -0.13373 -0.45574 1.6462 -0.88532
-0.68316 -0.87368 0.51081 -1.0476 -2.1409 0.027969 0.15 -0.91501 1.6829 0.0042429 1.193 -1.25 1.2786 0.27027 -0.29099 -0.098714 1.2701 -0.76986 -0.1809 1.5606 0.020116 -0.43109 -0.95278 0.7331 0.036485 0.092185 1.0004 -0.17537 -0.31744 -0.1944 0.47702 -0.33772 -0.96063 0.68893 -1.1249 0.27252 -0.83146 1.8495 -0.40292
-0.25881 -0.86437 0.77417 -0.67616 -1.8679 -0.11848 0.56773 -0.65616 1.7292 0.39101 1.5525 -0.8695 1.3181 0.68485 -0.35695 -0.39245 0.94618 -0.50663 -0.54021 1.0087 0.1936 -0.63885 -0.45258 0.45504 0.93387 0.061472 0.64185 -0.18561 -0.29817 -0.64595 0.32807 -0.41419 -1.235 0.8237 -0.66062 0.63707 -0.96079 1.5754 -0.2577
-0.2763 -0.97352 0.77276 -0.48442 -2.0399 -0.094638 0.88232 -0.34415 1.4103 0.18968 1.5545 -0.9396 1.3332 0.73175 -0.37135 -0.41553 0.65051 -0.57759 -0.72238 0.24177 0.50375 -1.3093 -0.38388 -0.68125 1.0721 -0.017484 0.30051 -0.052858 -0.11615 -0.65477 0.29555 -0.25807 -1.1288 0.62111 -0.14172 0.77279 -0.83956 0.909 -0.2335
0.044156 -1.0624 0.59536 -0.42122 -2.6085 -0.19375 0.83923 -0.744 1.2042 -0.52547 1.5492 -0.78944 1.2562 0.82471 -0.42917 -0.38682 0.43619 -0.47923 -0.73695 0.10915 1.0915 -0.98327 0.24076 -0.62272 1.8045 -0.1553 0.11564 0.12658 0.16705 -0.51431 0.52835 -0.048166 -0.67066 0.18411 0.36211 0.90194 -0.32822 0.16328 -0.21717
-0.052353 -1.2596 0.074924 -0.60728 -2.8711 -0.61391 0.48914 -0.10417 0.96971 0.36397 1.5294 0.21902 1.1935 0.80116 -0.34233 -0.28613 0.31236 -0.25414 -0.63982 0.023854 0.7717 -0.55026 0.33165 -0.55546 1.5217 -0.18993 0.00067858 0.31216 0.46454 -0.28918 0.82637 0.33554 -0.21922 -0.53207 1.0833 1.0485 0.52702 -0.57335 -0.13093
0.2909 -1.2219 0.21578 -0.52937 -2.586 -0.88736 0.30283 0.066948 0.45243 0.035506 0.32247 0.51052 1.2227 0.88471 -0.16723 -0.17714 0.16269 0.28902 -0.68483 -0.055853 0.39955 -0.25572 1.091 -0.32948 1.069 -0.21555 -0.21764 0.50666 0.7235 -0.14885 0.58543 0.83264 -0.3561 -1.4139 1.3557 0.56486 0.73507 -1.4767 -0.046682
0.69095 -1.2594 0.40825 -0.23272 -2.37 -0.77642 0.64764 0.86962 0.78833 0.74925 0.83748 1.2619 1.1307 0.70855 0.0035714 0.24769 0.25158 0.54352 -0.021956 -0.048056 -0.22075 0.59846 1.3989 0.30001 0.25817 -0.2067 -0.68009 0.52421 0.82279 -0.28107 0.070565 1.2805 -0.66522 -1.5947 1.4068 0.057782 0.83092 -1.5787 -0.0018423
0.77743 -1.1937 0.61902 -0.1862 -2.1799 -0.72373 0.93483 -0.078199 1.3238 0.60964 1.387 0.44877 1.1486 0.44528 0.21994 0.53919 0.19078 0.18426 0.75566 -0.47013 -1.2194 1.2837 0.90323 0.52736 -0.63591 -0.22569 -1.1254 0.48911 0.72056 -0.58682 -0.3886 1.2739 -1.0946 -1.3713 0.94763 -0.77324 0.36782 -0.94345 0.054828
0.9346 -1.1642 0.31902 -0.44654 -1.9064 -1.0704 0.64983 -0.25725 0.87942 1.859 1.2826 0.14798 1.0676 -0.32105 0.31466 0.71151 -0.22234 -0.08595 1.4101 -0.93282 -1.582 1.6283 0.5607 0.8012 -0.91163 -0.18881 -1.3227 0.4392 0.4841 -1.0712 -0.24679 0.73719 -1.2493 -0.5028 0.027695 -1.2425 -0.25947 0.27563 0.086778
0.78316 -1.1258 0.7424 -0.1438 -2.2803 0.031391 0.41997 -1.0751 2.0836 1.5611 1.9788 -0.17757 1.0213 -0.82465 0.47075 0.77904 -0.68721 -0.12453 1.3551 -1.5393 -1.6431 1.217 -0.093418 0.20352 -0.30236 -0.13389 -1.2707 0.31632 0.29015 -1.3074 0.40415 -0.052615 -0.75482 0.48324 -0.65835 -1.3993 -0.34639 1.319 0.1382
0.51699 -0.98135 0.72684 -0.4169 -2.8574 0.44073 -0.47364 -1.601 2.2624 1.0925 1.3412 -0.30009 0.97361 -1.2715 0.59055 0.92793 -1.2934 0.23032 1.2735 -1.7138 -1.0217 0.69488 -0.68806 -0.11104 0.68643 -0.10868 -0.78874 0.21784 -0.04323 -1.1262 1.1027 -0.99109 0.05271 1.0314 -1.1841 -1.3944 -0.3033 1.5443 0.15281
-0.30579 -0.89631 1.2483 -0.87898 -2.4082 0.96 -0.51978 -1.3691 2.281 0.80391 1.389 -0.17232 1.056 -1.5916 0.59464 0.91294 -1.695 0.75519 0.71104 -1.4024 -0.5705 0.37822 -1.3857 0.22256 1.3437 -0.03603 -0.43321 0.087897 -0.3192 -0.54739 1.554 -1.5057 0.97087 1.2197 -0.99427 -0.81303 0.24101 0.96803 0.076525
-0.2687 -0.72208 1.2614 -1.1779 -2.1603 0.39508 -0.87426 -1.3689 1.973 0.65978 1.2478 1.1824 1.0013 -1.4947 0.60529 0.57959 -1.8041 1.4873 -0.41041 -0.89101 -0.10976 -0.4245 -1.6962 0.12393 1.5154 0.016361 0.062176 0.11234 -0.23394 0.34861 1.3698 -1.5002 1.2234 1.2008 -0.93488 -0.11755 -0.28148 -0.38009 -0.20796
-0.86349 -0.56663 1.501 -2.075 -1.5018 0.62018 -0.92557 -1.447 1.8217 0.055316 1.4231 1.2081 1.0006 -1.5658 0.60474 0.43549 -1.4456 2.0898 -1.0584 -0.21109 0.28039 -0.29833 -1.276 0.5954 1.3272 -0.069602 0.62413 0.19653 -0.30533 1.3181 0.87005 -0.81294 1.1025 1.2967 -1.3032 1.1097 -0.85745 -1.5976 -0.67173
-1.2177 -0.61816 1.2867 -2.3381 -1.1183 0.029989 -0.93199 -1.3221 1.8422 -0.23077 2.1527 1.5723 1.0124 -1.1557 0.76659 0.78882 -0.77264 2.0673 -1.0854 -0.12173 0.89501 -0.9176 -0.97455 -0.91801 -0.082596 -0.43977 1.0736 0.21433 -0.43751 1.9701 0.21708 -0.054055 0.86966 1.2022 -1.6044 2.0605 -0.94358 -2.2909 -0.92424
-1.1728 -0.45466 1.3315 -2.1174 -0.70509 -0.40231 -0.80345 -1.4774 1.6849 -1.2712 1.7022 1.32 1.0413 -0.51915 0.83192 0.31336 0.22996 2.0508 -0.70875 0.18608 1.4581 -2.0966 0.58937 -1.1226 -1.1825 -0.92969 1.2328 -0.010783 -0.93885 2.0327 -0.39215 0.43622 0.61329 0.91542 -1.7579 2.2618 -0.80408 -2.0585 -0.77614
-2.0437 -0.28819 1.448 -2.1336 -0.071275 -0.67833 -0.66901 -0.94582 2.1109 -0.20856 2.0282 1.3825 0.86415 0.11434 0.83856 -0.071153 1.0062 1.892 -0.70132 0.47041 1.6463 -2.8768 1.6962 -1.0695 -2.0058 -1.0967 1.0455 -0.58264 -1.627 1.4484 -0.90238 0.66716 0.81751 0.37262 -0.77576 1.7347 0.23342 -0.84186 -0.10275
-1.5703 0.071991 2.6067 -1.7975 0.15623 -0.18781 -0.93537 0.28221 0.4667 -0.45123 -0.98544 -0.52061 0.40259 0.24701 0.5497 -0.66882 1.429 1.4426 -0.30625 0.5979 1.6849 -2.9914 2.135 -1.0796 -2.0009 -1.0371 0.83114 -1.0116 -2.043 0.76339 -1.2799 0.26016 1.082 -0.26427 0.82209 -0.22076 0.52145 0.60008 0.73692
-0.66963 0.14711 1.0339 -0.97586 0.57434 -0.26243 -0.62279 0.48974 -1.2191 2.3715 0.73381 -0.10837 -0.096791 0.5379 -0.040891 -1.3834 1.3099 0.69853 0.15702 1.1398 1.4928 -2.0881 1.8961 -0.44658 -1.417 -0.55839 0.4898 -1.2513 -2.3325 0.20969 -1.391 -0.094426 0.91926 -0.96766 2.6089 -1.8633 0.58237 1.5808 1.2794
-0.84723 0.16376 1.11 -1.0667 0.94705 -0.67341 -0.228 0.30101 -1.2181 2.0172 1.2076 -1.3076 0.12908 0.92117 -0.37418 -2.3763 1.4917 0.28069 -0.57446 1.7882 0.99176 -0.76598 0.041857 -0.31822 -0.20287 0.029914 0.34198 -0.97672 -1.5271 -0.13857 -0.96439 0.0095353 0.43286 -1.4627 3.4617 -2.6165 -0.062539 1.1317 1.2576
-1.3511 -0.24601 0.35319 -0.54737 0.51047 -0.53523 -0.23495 0.63934 -0.81686 1.7132 0.83677 -0.41825 0.21603 0.75311 -0.73503 -3.0382 1.363 -0.098089 -0.7706 1.5233 0.064558 1.4736 -1.1413 -0.20255 0.42159 0.50375 0.30227 -0.37808 -0.74059 -0.31409 -0.38019 0.61727 -0.35356 -1.5655 2.6744 -1.7291 -0.3929 0.26399 0.54862
-0.69262 -0.57871 0.044095 -0.78205 0.067125 0.0063583 0.77218 0.67111 0.20865 1.0623 0.92583 -0.22024 0.63599 0.82239 -0.69241 -2.3408 1.1457 0.054141 0.17901 1.191 -0.50426 2.475 -1.8062 -1.3487 -0.5337 0.52942 0.45578 0.25748 0.21682 -0.65618 0.084897 1.3441 -0.94902 -1.2818 0.82433 0.0027112 0.28026 -0.70012 -0.21531
-0.37374 -0.35012 -0.93507 0.050276 0.57859 -1.8739 1.3662 0.8768 0.66868 -0.89728 0.13099 0.85331 0.65428 1.1916 -0.49786 -2.6102 0.90104 0.098972 1.1161 0.8277 -0.86484 1.8917 -0.78305 -0.79286 -0.68096 0.1064 0.72519 0.69661 0.8163 -0.79976 0.21942 1.2257 -1.3108 -0.7688 -1.4632 1.0427 1.1312 -0.81972 -0.68776
-0.16171 -0.58368 -1.245 0.16739 0.24127 -0.89913 0.21691 0.034178 1.5034 -0.62007 -0.8522 -0.63423 0.57108 1.6104 -0.075747 -2.2286 0.50736 0.32432 1.3899 0.46858 -1.0905 0.75464 -0.11731 0.57118 -1.0986 -0.13156 0.56079 0.62116 0.97022 -1.0952 -0.13652 0.53971 -1.3871 -0.38999 -2.557 1.2804 1.9654 -0.1126 -0.51607
0.35768 -0.48274 -1.2206 0.30697 1.128 0.72153 0.7426 -0.50412 1.143 0.77857 -0.26088 -2.1138 0.34332 1.8013 0.087449 -1.7491 0.20101 0.15629 1.2756 -0.42488 -1.179 -0.72226 0.21006 1.2719 -0.99325 -0.31424 0.010084 0.42597 1.3953 -1.1713 -0.27502 -0.35003 -0.85044 0.20402 -2.2514 0.4626 1.5971 0.78559 0.06363
0.46069 -0.5119 -2.154 -0.14206 0.67485 1.0984 0.82751 -0.59412 0.60825 1.3727 1.0155 -1.4837 0.24308 1.634 0.023098 -1.1736 -0.53262 -0.23939 1.2673 -0.62752 -1.1378 -1.5623 0.39042 1.8575 -0.59499 -0.12226 -0.64373 0.029025 1.1773 -0.95838 -0.39787 -1.1288 -0.32333 0.31663 -0.93073 -0.25949 0.19944 1.3588 0.52196
1.1835 -0.37041 -2.1366 -0.044025 0.58056 0.74066 0.79237 -0.41287 0.16481 0.67635 2.0576 -0.91569 0.36302 1.2052 0.14359 -0.84265 -0.7481 -0.13866 0.42119 -0.11676 -0.46201 -1.6548 -0.054788 2.0059 0.72951 0.20704 -1.1343 -0.2339 1.068 -0.45646 0.13492 -1.4139 0.24657 0.20558 0.6633 -0.45184 -1.1337 0.41795 0.75733
2.03 -0.43826 -2.0318 -0.21922 0.23605 0.23221 0.15114 -0.80656 -0.55421 -0.15671 1.5387 -0.86349 0.41703 0.63854 -0.058163 -0.74438 -0.79302 -0.27354 -0.62325 -0.24256 -0.84806 -0.72117 -0.51349 0.62366 0.90188 0.47785 -1.5126 -0.41497 0.83392 0.28059 0.74489 -1.1214 0.26422 0.42979 1.6719 -0.2626 -2.0729 -1.239 0.59734
1.4893 -0.44206 -2.2407 -0.65992 0.27014 -0.016673 0.21772 -1.0513 -0.62516 -0.25599 1.4288 -0.65574 0.54727 0.057173 -0.25365 -0.20556 -0.51424 0.40749 -0.83623 -0.16309 -0.94169 0.24997 -0.269 -0.57481 -0.84879 0.6485 -1.6564 -0.55022 0.78674 0.8026 1.0481 -0.3394 0.064129 0.93787 1.8924 -0.1688 -2.2163 -2.5454 0.27335
1.2149 -0.38991 -2.1404 -0.68244 0.67105 0.76534 0.56344 -0.53177 -0.097531 0.45433 1.8017 -0.27113 0.72175 -0.78323 -0.45434 -0.11811 -0.1301 0.84299 -0.5284 -0.11877 -0.074259 0.98828 -0.037568 -1.3467 -2.3806 0.65285 -1.2506 -0.46043 0.91149 1.257 0.94572 0.11724 0.056269 1.8544 1.4424 -0.67753 -1.4409 -2.1063 -0.054842
1.1578 -0.63462 -2.5513 -0.73836 0.66979 -0.06103 0.64812 -2.1665 0.48175 0.50371 0.67718 -1.102 0.75788 -1.3601 -0.55422 0.14088 0.40657 1.216 -0.3594 -0.048155 0.9754 1.4547 -0.6316 -1.8136 -2.9381 0.57477 -0.73239 -0.3117 0.84068 1.1063 -0.041272 -0.045372 -0.012306 2.3678 0.91702 -1.4196 -0.24085 -0.12328 -0.33342
0.87268 -0.77562 -2.2197 -0.57258 1.2988 -0.2384 0.47151 -1.552 0.69298 0.65804 0.75784 -3.3568 0.9572 -1.1251 -0.65782 0.58373 1.0741 1.0468 -0.60729 -0.18348 1.8227 1.6993 -1.7354 -1.8847 -2.4434 0.42233 -0.040464 0.044256 1.1356 0.53545 -1.0542 -0.21768 0.10421 2.1085 0.23226 -1.5896 1.0757 2.0563 -0.43541
0.33592 -0.84313 -2.1275 -0.05425 1.4579 0.006568 0.20276 0.29002 0.81404 -0.2049 0.22955 -4.148 1.0189 -1.2174 -0.66009 0.82867 0.93214 0.21578 -0.89407 -0.13587 2.7502 1.818 -2.3758 -0.83847 -1.0572 0.20654 0.37734 0.38761 1.0566 -0.31143 -1.8686 -0.35888 0.30624 0.98622 -0.50555 -0.71375 1.9722 3.53 -0.45889
-0.088518 -0.97237 -1.8305 0.15237 1.7169 -0.16495 0.090106 0.73582 0.95772 -1.7328 -0.82583 -3.7304 0.98043 -0.92928 -0.33099 1.407 0.59853 -0.60872 -0.731 0.12673 3.168 1.2976 -2.477 0.48015 1.0006 0.10956 0.39792 0.62068 0.62294 -1.1288 -1.8082 -0.63839 0.57692 -0.51883 -1.1014 0.85563 2.3939 3.4373 -0.3683
0.14871 -1.0888 -1.5345 0.71578 1.4462 -0.64332 0.32921 1.2074 1.7599 -2.6173 -0.32138 -2.5104 0.99054 -0.705 -0.089096 1.4686 0.067486 -1.4052 -1.0728 0.3569 2.2222 0.60295 -1.7398 1.2571 2.7456 -0.035439 0.55603 0.68516 0.1052 -1.1547 -0.92792 -0.87172 0.57984 -1.6447 -1.4666 2.2862 1.7859 2.0468 -0.18493
-0.47895 -1.1299 -1.4494 -0.019997 0.45052 -0.68303 0.63891 2.3781 2.3868 -2.2214 1.3896 -1.4489 0.90268 -0.58753 0.064069 1.2917 -0.58413 -1.4807 -1.8977 0.61064 1.0423 0.0076354 -0.24896 2.2326 2.867 -0.072117 0.58924 0.57131 -0.64701 -0.83612 0.17942 -1.0353 0.24182 -2.0661 -1.4046 3.123 0.17626 0.22544 -0.12274
0.06958 -0.87053 -0.71428 -0.16371 -0.010461 -1.0258 0.71694 1.7299 1.474 -2.5626 1.4117 -0.80392 0.98614 -0.28125 0.25457 1.0649 -0.61502 -1.068 -2.1951 0.66787 0.55159 -0.60009 1.3076 2.1356 2.3114 -0.012086 0.99055 0.65131 -0.9734 -0.082678 1.2132 -0.33362 -0.57261 -2.1412 -0.98669 2.9921 -1.9501 -1.0864 -0.26953
-0.37683 -0.85138 -0.62874 -0.31501 -0.17875 -1.5559 0.59508 1.7244 0.89488 -1.6732 1.7222 -0.53604 0.94623 0.031688 0.42431 0.55334 -0.60874 -0.46141 -2.408 0.41709 -0.088122 -1.0343 2.5474 0.41021 1.7077 -0.10781 1.2596 0.83658 -1.4167 0.62613 1.5383 0.90745 -1.2281 -2.0595 -0.42601 1.9518 -2.7793 -1.3015 -0.69838
-0.74373 -0.8851 -0.86295 -0.63847 0.17438 -2.8076 0.85657 1.6974 0.93949 -0.84211 2.3511 -0.7786 0.92343 0.95331 0.78796 0.24681 -0.07347 0.30158 -1.5384 -0.54579 -1.4518 -0.93524 3.1364 -2.0608 1.0699 -0.46822 1.2355 1.0498 -1.5954 0.82874 1.1974 2.1332 -1.6227 -1.7925 -0.052098 0.41751 -1.9127 -0.78782 -1.2112
-0.15061 -0.76867 -0.62436 -0.097828 0.58557 -2.9098 0.97893 1.8101 0.83668 -0.03783 1.4901 -0.29794 0.99079 1.2962 1.1557 -0.6175 0.30443 0.64863 -0.26273 -0.94529 -2.0346 -0.71093 2.9345 -1.6914 0.78214 -1.0103 0.95082 1.1237 -1.3637 0.77587 0.56115 2.9248 -1.5084 -1.0197 -0.17496 -1.2233 -0.17103 -0.19021 -1.3311
0.26782 -0.60651 -1.036 -0.31277 0.34612 -3.4798 0.81685 1.4012 0.98206 1.3142 0.13386 0.327 0.77362 1.5397 1.5939 -0.96123 0.46293 0.56421 1.3464 -1.5139 -2.0278 -0.86566 2.0018 -0.96171 1.1436 -1.5828 0.2404 0.71578 -0.89456 0.35148 0.0046504 2.3227 -0.83807 -0.21554 -0.51129 -2.1945 1.5838 -0.004868 -0.97112
1.4122 -0.0026295 -0.79378 -0.15059 0.56993 -1.7284 -0.57988 -0.56622 0.93275 1.9872 -1.6763 -0.019597 0.25092 1.6277 1.8464 -1.0739 0.55969 0.42495 2.4758 -1.759 -1.8309 -1.43 0.56957 -0.52103 1.291 -1.7725 -0.40278 -0.21499 0.22537 0.17394 -0.11541 1.0394 -0.14179 0.45137 -0.24253 -2.1601 1.6536 -0.33968 -0.076461
1.3944 0.42113 -1.6727 0.22381 0.75479 -1.2049 -0.25138 -1.0351 0.058923 1.1445 1.1433 0.1366 -0.18058 1.2693 1.6046 -0.98663 0.44963 0.40806 2.1164 -1.6095 -2.0008 -1.6403 -0.25803 0.76727 0.82349 -1.7084 -1.0721 -1.5756 1.1631 -0.085399 -0.32387 -0.8256 0.93577 1.2817 0.32949 -1.2168 0.78384 -0.45051 1.172
1.0683 0.71093 -1.7824 0.053549 0.5885 -0.23841 -0.96575 -0.038133 -0.21947 1.0122 1.7362 1.1798 -0.70369 0.63891 0.79935 -0.2291 0.63303 0.50063 1.601 -1.1324 -1.1818 -0.82591 -0.44047 1.0084 0.24953 -1.0759 -1.4491 -2.5049 2.0871 -0.52861 -0.72488 -2.2422 1.3716 1.4916 1.0658 0.070055 -0.63791 -0.43354 2.1264
1.6536 0.89984 -1.8331 0.20302 0.90038 -0.2521 -0.76438 -0.21015 -0.78928 -0.15043 0.86536 1.0305 -0.57687 -0.084399 -0.44521 0.53043 0.26796 -0.082938 -0.00088468 -0.14989 0.1491 -0.47328 -0.024697 -0.043127 0.73972 0.023569 -1.5124 -2.4278 2.4381 -0.79994 -1.0293 -2.4242 1.5489 1.1211 1.4973 0.92456 -1.3291 -0.57325 2.5173
1.8355 0.69575 -1.5595 0.38923 1.0395 -1.2002 -0.83451 -1.6098 -0.73803 0.66319 1.3982 0.57419 -0.63218 -0.56097 -1.202 1.5977 -0.32852 -0.67605 -1.3138 -0.038007 0.0089697 0.22126 0.61377 -1.5072 0.44377 0.90883 -1.4124 -1.4904 1.9646 -1.1521 -1.2778 -1.5694 1.117 0.32668 1.4308 1.0471 -0.71153 -0.59335 1.9245
1.3048 0.11841 -0.8932 0.60367 1.0035 -0.84777 -0.95421 -0.73108 0.78473 1.6014 0.18146 0.15881 -0.29496 -1.1217 -1.3426 2.1058 -0.55112 -0.90973 -1.6681 0.60879 -0.41115 0.97381 1.1635 -0.861 -0.45512 1.4987 -1.2076 0.043148 1.1557 -1.0878 -1.0486 0.1751 0.38508 -0.22824 1.0237 0.033852 0.34358 -0.86182 0.73035
1.0272 -0.54218 -0.43039 0.016309 0.079331 -1.6273 -0.44534 0.070538 -0.30283 1.7442 -0.97338 1.731 0.34277 -1.6352 -1.1761 2.2123 -1.0911 -1.4489 -0.95854 0.48725 -0.28103 1.4489 1.1705 -0.13326 -0.3766 1.3969 -0.80718 1.2093 0.19904 -0.69468 -0.63605 1.4594 -0.16462 -0.27419 0.1782 -1.1647 1.4871 -0.59399 -0.43538
0.29843 -0.50424 0.0070459 -0.55762 -0.32751 -2.7527 -0.61789 -0.92038 -0.016415 1.511 0.26463 0.99659 0.53977 -1.9344 -0.38952 2.1251 -1.3654 -1.638 0.20102 0.28754 -0.17802 1.0596 -0.21792 0.0010791 -0.63549 0.99733 -0.14997 1.7633 -0.35009 0.0407 -0.0043984 2.0364 -1.0536 -0.3365 -0.41325 -1.7194 1.5301 -0.28639 -1.433
-0.23461 -0.19857 0.43103 -0.43736 -0.13811 -1.8275 -0.07687 -1.0167 0.94243 2.2683 1.2774 -0.14958 0.71998 -1.7483 0.28568 1.9205 -1.208 -1.4951 0.90866 -0.15283 -0.67022 0.55629 -1.1179 1.2659 -0.69093 0.43215 0.68744 1.4662 -0.4912 0.9756 0.50047 1.8619 -1.1436 -0.12533 -0.94985 -1.526 0.88635 -0.069212 -1.6895
-0.23878 -0.27409 0.54968 -1.0718 -0.83881 -1.1431 -0.49064 -1.1539 1.0815 1.5501 0.69106 0.43365 0.56722 -1.3568 0.79116 1.6833 -0.41748 -0.90865 1.8032 -0.92424 -0.90188 0.56067 -1.2752 1.7366 -0.8791 -0.41103 1.4094 0.60235 -0.86427 1.6256 0.61558 1.018 -1.1428 0.28005 -1.1926 -0.7064 0.22151 0.29659 -1.5457
-0.98238 0.19025 1.0431 -1.1095 -1.0144 -0.5042 -0.74567 -1.3549 0.63405 0.016087 0.34374 -0.33044 0.32648 -0.55661 0.61523 1.6333 0.24143 -0.90751 2.2679 -0.91958 -0.18856 -0.2837 -1.4793 0.90393 -0.38144 -0.71887 1.842 -0.024368 -1.3993 2.0243 0.72404 -0.0067106 -0.72435 0.95475 -1.2197 0.060788 -0.39231 0.59647 -1.0794
-1.0338 0.03817 1.4239 -0.92344 -1.1592 -0.25031 -1.0921 -1.1532 0.82386 0.12908 1.6693 0.25511 0.42582 0.26752 0.4233 0.85676 0.92015 -0.81408 1.7239 -1.3404 0.11001 -1.0103 -1.5008 0.64924 -0.15133 -1.0071 1.9729 -0.3277 -1.9267 1.7415 0.7952 -1.112 -0.12001 1.2749 -0.93511 0.6327 -0.4824 1.0458 -0.53363
-0.82955 0.30287 1.4707 -0.36816 -0.93712 -0.020617 -1.6321 -1.6111 0.27779 0.43675 1.8298 0.42154 -0.13356 1.0943 0.42847 0.044027 1.8717 -0.22526 0.93461 -1.2135 0.6814 -1.2048 -0.86359 0.94932 0.21168 -1.0717 1.4489 -0.093215 -2.3493 1.1834 1.2525 -1.5069 0.19404 0.99441 -0.14543 0.86484 -0.90552 0.88179 -0.33006
-0.27001 0.097294 1.9815 -0.17476 -1.5487 0.41357 -1.0978 -0.93651 -0.052164 -0.25091 1.3708 -0.13498 -0.039587 1.732 0.35033 -0.67705 1.9922 0.19817 0.06581 -0.97354 1.1511 -0.93002 -0.24507 0.65887 1.0312 -1.1259 0.79685 0.031855 -1.9637 0.28654 1.6113 -1.2881 0.58467 0.64905 0.62509 0.69291 -1.3735 0.57629 0.049887
0.32209 0.2329 0.88356 0.56682 -1.3603 0.52705 -1.874 -0.84488 -0.12699 -0.17831 1.6315 -0.34427 -0.39716 1.5871 0.49867 -1.448 1.8968 0.87502 -0.16128 -0.74196 1.2266 -0.62299 -0.28345 -1.071 0.89088 -1.2111 -0.15531 0.12642 -1.463 -0.5965 1.6739 -0.66159 0.42688 -0.090979 1.1253 0.35035 -1.6288 0.030783 0.21784
1.0465 0.40308 0.54471 1.3324 -0.94394 -0.11602 -1.9987 -0.10336 -0.43221 -0.21039 1.8213 1.0184 -0.57763 1.6053 0.43846 -1.6129 1.4381 1.5839 -0.51297 -0.52189 1.093 0.011627 -0.32693 -1.3228 0.73332 -0.85508 -0.86196 0.072874 -0.54629 -0.98717 1.2762 0.24329 0.54367 -0.65255 1.2711 0.18707 -1.3771 -0.77716 0.46133
1.0623 0.56399 0.59077 1.0895 -0.61652 -0.62103 -1.8779 0.16504 -0.18517 -0.12271 1.6299 1.5967 -0.78926 0.85537 0.58838 -1.8823 1.044 2.1452 -0.20594 -0.66508 0.50866 0.68373 -0.075376 -1.5941 0.44325 -0.84451 -1.033 -0.19327 0.26765 -0.95758 0.17129 1.043 0.77602 -0.69075 0.95181 0.23842 -0.43118 -1.3364 0.6072
0.76218 0.60572 -0.14403 1.4243 0.21 0.016324 -2.0158 0.022798 0.050428 -0.17136 -0.40789 0.9708 -0.97199 0.39556 0.42241 -1.3502 0.59034 1.8952 0.61513 -0.030474 0.20236 1.081 0.056566 -2.0695 -0.3532 -0.54031 -0.90726 -0.47742 0.65679 -0.6261 -1.1009 1.3533 0.84191 -0.65867 0.29353 0.15598 -0.023789 -1.357 0.61636
1.7717 0.59569 0.052606 1.2869 0.87682 -0.4041 -1.9987 -0.23736 0.22463 -0.39641 0.46357 0.58735 -0.80334 0.15089 0.191 -1.1344 0.54723 1.0204 1.5311 0.40617 0.2889 0.83868 0.037919 -1.6419 -1.3444 -0.3562 -0.43402 -0.92512 1.1515 -0.46821 -2.1177 0.80954 0.97613 -0.21223 -0.30849 0.059637 0.57018 -0.6329 0.91286
0.7412 0.78257 -0.65663 1.414 0.95734 0.5885 -2.2543 -0.29303 0.82413 -0.2918 -0.19033 0.1956 -1.0419 0.16552 -0.14043 -0.90341 0.52687 0.10858 1.5461 0.45325 -0.11693 0.55335 -0.042943 -1.3621 -1.1946 -0.071658 -0.28615 -1.3336 1.1702 -0.59952 -2.4452 -0.24942 0.82593 0.052722 -0.59171 0.19559 0.86119 0.70005 1.1337
1.1583 0.68444 -0.59208 1.6298 0.74527 1.2662 -1.7322 -0.15393 0.92461 0.1025 -0.65091 -0.20983 -0.98149 0.11597 -0.6355 -0.21068 0.20853 -0.86846 1.0802 0.84201 0.22771 0.3073 0.11345 -0.72654 -0.44237 0.44348 -0.061699 -1.6078 1.3926 -1.0172 -2.1534 -1.547 0.95502 0.057962 -0.56689 0.48264 0.96122 1.8839 1.4367
1.3192 0.58912 -0.56006 2.0718 -0.019079 1.5935 -1.2757 0.83146 0.13575 -0.22869 0.092925 -0.36817 -1.0184 -0.14845 -1.3337 0.11376 -0.35068 -1.6695 0.302 1.234 0.31413 0.11393 0.4423 -0.67667 0.67902 0.95067 -0.18491 -1.5012 1.2628 -1.3358 -1.4285 -2.0361 1.168 0.19883 -0.30423 0.73566 1.2423 2.0675 1.4415
1.2574 0.31246 -0.56203 1.5986 -0.20275 0.9599 -1.6323 -0.65967 0.54874 -0.34821 -0.9619 0.223 -0.81786 0.19109 -1.8274 0.64762 -0.89779 -2.0631 -1.1917 1.7273 0.16487 -0.12249 0.81936 0.082212 1.6795 1.5291 -0.30231 -0.95511 0.81708 -1.2647 -0.45674 -1.5901 1.148 -0.062405 0.19416 0.36469 1.4034 1.0184 1.1206
1.1651 -0.20795 -0.1542 1.4093 -0.52567 1.0062 -1.0377 0.41451 0.62088 0.043824 -0.9389 0.46227 -0.2322 -0.23293 -1.9862 0.74514 -1.3939 -1.934 -1.7206 2.1001 0.28339 0.13688 1.1575 0.90818 2.0894 1.7899 -0.35894 -0.046125 0.43854 -0.63228 0.31951 -0.16851 0.78688 0.12703 0.2381 -0.52265 1.3966 -0.72042 0.52735
1.1258 -0.8631 -0.091253 0.58298 -1.2375 0.058848 -0.56766 0.1308 0.67545 0.56752 -0.22313 1.7003 0.1839 -0.43526 -1.8633 0.82007 -1.612 -1.5898 -1.3464 2.4629 0.097531 0.70713 0.53312 1.5042 1.0019 1.8928 -0.51734 0.812 -0.12887 0.012364 1.0064 1.2877 0.009968 0.087292 0.071595 -1.4914 0.6143 -1.9739 -0.24105
1.2325 -0.99482 0.044254 0.51016 -1.7759 -0.8329 0.079842 0.0056961 0.5698 1.2267 0.062546 2.1987 0.46283 -0.54095 -1.3923 0.75295 -1.1646 -1.3327 0.015793 2.2793 0.57531 0.20236 -0.49375 1.6207 -0.47168 1.6479 -0.39454 1.3644 -0.51523 0.54447 1.5601 2.0222 -0.73846 0.087313 -0.34166 -2.0133 -0.50266 -2.3659 -0.76434
0.74341 -1.2101 0.19518 0.18487 -1.6985 -0.32197 0.89025 0.73811 0.82659 1.5372 0.93189 2.0077 0.67465 -0.6744 -0.80601 0.43825 -0.98968 -0.52754 0.7259 1.672 0.16817 -0.00034212 -1.461 1.0426 -1.1528 1.197 -0.39179 1.4344 -0.88332 0.63718 2.0156 1.6831 -1.19 0.20546 -0.70016 -1.6425 -1.4636 -1.4248 -1.007
0.6768 -1.2688 0.35204 0.048998 -1.8611 0.32185 1.2237 0.24031 1.2836 -0.63007 1.4706 -0.018085 0.90351 -0.88956 -0.29865 0.096738 -0.69692 0.38898 1.6175 1.2017 0.39737 -0.21906 -2.0433 0.040137 -1.7664 0.86155 -0.25589 1.1215 -1.1035 0.39008 2.1271 0.33788 -1.1822 -0.069589 -0.80551 -0.74992 -2.0898 -0.29716 -0.94966
0.51483 -1.2064 0.36623 0.27668 -1.8891 1.5958 0.58751 0.48819 0.41445 -1.3739 0.24844 -0.56064 1.0027 -1.0317 -0.080072 -0.29501 -0.66602 1.2409 1.4934 0.90663 0.56846 -0.54186 -2.1142 -0.8824 -1.3144 0.60479 0.097196 0.70941 -1.0092 0.30291 1.7575 -0.87296 -0.66661 0.077859 -0.85743 0.60251 -1.7672 0.7127 -0.75766
0.26792 -1.2419 0.22827 -0.24089 -1.1466 1.1048 0.89836 0.45471 0.53009 -1.4568 0.34891 0.26503 1.0664 -0.8638 0.066229 -0.68476 -0.60426 1.6795 0.36358 0.58086 0.21547 -1.207 -1.7218 -1.948 -0.99457 0.35851 0.51244 0.35597 -0.71716 0.13938 1.0509 -1.8338 -0.039304 -0.1782 -0.40564 1.5831 -0.49605 1.1377 -0.58325
-0.11904 -1.1991 -0.10073 -0.36372 -0.80292 1.4633 1.203 0.76544 0.39727 -1.449 -0.074347 0.10279 1.1055 -0.48926 0.16317 -0.82074 -0.47523 2.0441 -0.53422 0.81616 0.3898 -1.2951 -0.34687 -1.797 -0.028955 0.18344 0.77017 0.20695 -0.25082 0.22217 0.079163 -1.7534 -0.007366 -0.52256 -0.16018 1.6488 0.47819 0.45772 -0.37452
-0.3337 -1.1424 -0.25801 -0.38185 -0.078361 0.79719 1.6482 1.1354 0.052415 -1.4485 -0.58432 0.58866 1.1275 -0.14009 0.15684 -0.811 -0.53437 1.9054 -1.3337 1.1939 0.11312 -0.68597 0.39941 -0.58718 -0.0099811 0.098129 0.66572 0.074573 0.29231 0.25897 -0.61937 -1.0176 -0.15925 -0.71228 0.20564 1.1223 1.2648 -0.21928 -0.16719
-0.27895 -1.1817 -0.49065 -0.54407 0.18077 0.17088 1.4666 0.50757 -0.66417 -1.916 -1.3652 -0.72647 1.0876 0.13774 0.20949 -0.63742 -0.2897 1.2596 -1.4491 0.60375 -0.43211 -1.1324 0.28901 -0.54052 -0.83054 0.10918 0.20616 -0.08758 0.56431 0.22858 -0.98323 0.042438 -0.27872 -0.76513 0.46478 0.44865 1.2056 -0.82611 -0.073369
0.32492 -1.0401 -0.40961 -0.32587 0.57834 0.29981 1.8884 0.83485 -0.32266 -1.0797 -0.62197 -0.079418 1.1319 0.14707 0.16276 -0.2909 -0.21761 0.91928 -1.3789 0.42116 -0.79893 -0.85303 0.32258 0.14722 -1.0345 0.11577 -0.25731 -0.1385 0.62175 0.24275 -0.96483 1.0101 -0.23555 -0.35503 0.6249 0.32886 0.78577 -0.5285 -0.046258
0.21832 -1.0791 -0.55585 -0.69502 0.5248 -0.14981 2.0406 0.55876 0.00846 -0.53251 0.21152 -0.078425 1.1285 -0.21895 0.016321 -0.14905 -0.21047 0.71576 -0.41902 0.7246 -0.68361 -0.23411 0.64449 0.43118 -1.2274 0.051309 -0.63586 -0.24733 0.51269 -0.030843 -0.72718 1.3372 -0.042084 0.070895 0.84449 0.362 0.42598 -0.14959 -0.1071
0.1242 -0.99964 -0.58005 -0.633 0.32038 -0.60371 1.3668 -0.2444 -1.2613 -1.5117 -0.85237 -1.1527 1.2315 -0.46607 0.026768 -0.029199 -0.1246 0.3897 0.3366 0.73213 -0.48294 0.17734 0.92401 0.61443 -0.8994 0.048997 -0.61461 -0.23076 0.38827 -0.18872 -0.64071 1.3101 -0.19272 0.4301 0.77926 0.35985 0.00068383 0.020115 -0.16044
-0.26877 -1.0508 -0.39765 -0.59467 0.69168 -0.3016 1.9677 -0.059428 -0.59651 -1.1105 -0.10003 -1.1454 1.2154 -0.81 -0.12606 0.078798 -0.39348 0.17365 0.58585 0.39028 -0.47314 0.1243 0.75994 0.13526 -1.1929 -0.037021 -0.23132 -0.079009 0.43163 -0.34808 -0.66851 0.74552 -0.74342 0.4801 0.77019 0.35041 0.029061 0.27866 -0.16789
-0.75922 -1.2121 -0.53908 -0.68002 1.1259 0.57491 2.8189 0.39403 -0.15039 -0.33115 -0.47466 -1.3758 1.0947 -0.7696 -0.14266 0.23812 -0.47573 -0.0014178 0.95283 0.26301 -0.07982 0.60316 1.032 0.28482 -0.9914 -0.10865 0.17951 0.11127 0.46547 -0.4517 -0.93133 0.083492 -1.7075 0.29734 0.58193 0.12287 -0.31409 0.40752 -0.16024
-0.42429 -1.0278 -0.51542 -0.60226 0.55219 0.74833 2.2154 -0.039133 -0.26696 -0.058286 -0.12504 -1.4136 1.1651 -0.52002 -0.028915 0.43137 -0.67965 -0.33155 0.886 -0.34343 0.03765 1.1694 1.3379 0.64699 -0.57999 -0.15088 0.46606 0.39139 0.58397 -0.32124 -1.0949 -0.33803 -2.3668 0.35963 0.59844 -0.12523 -0.30229 1.0391 -0.14315
-0.7409 -1.2123 -0.31256 -1.176 0.64184 0.52928 1.999 -0.0048817 -0.29964 -0.0090355 -0.22568 -1.6435 1.0917 -0.24995 0.15753 0.56412 -0.81815 -1.0837 0.36792 -1.9144 -0.17543 0.87736 0.9064 -0.33252 -0.33481 -0.16232 0.40582 0.49373 0.71269 -0.26856 -0.83858 -0.48269 -2.3759 0.471 0.46613 -0.53589 -0.37733 1.7073 -0.23761
-0.85276 -1.1818 -0.2681 -1.3006 0.34925 0.71815 2.0118 0.21451 0.37615 0.5316 0.39227 -1.7636 1.0579 -0.141 0.35851 0.8798 -0.81733 -1.312 0.14809 -2.7044 0.26025 1.2443 0.57505 -0.22164 0.67164 -0.24992 0.36841 0.55824 0.77325 -0.035387 -0.50262 -0.27436 -1.8982 0.63369 0.085963 -0.90819 -0.16641 2.1202 -0.36258
-0.64198 -0.9574 0.035642 -1.379 0.02715 0.56795 0.96169 -0.21868 0.33345 0.41817 0.034656 -1.882 1.0867 -0.14964 0.46465 1.1891 -0.90439 -1.0667 0.27874 -2.7561 0.71378 1.546 0.30656 -0.10871 1.974 -0.45649 0.25529 0.6526 1.1028 0.30074 0.010291 0.077548 -0.8271 0.61198 -0.28621 -1.1326 0.42979 1.9975 -0.61683
-0.75811 -0.90033 0.15526 -1.5576 -0.72922 0.48754 -0.28783 -0.11937 0.50569 0.31618 -1.2286 -1.4028 0.98669 0.16518 0.72342 1.3934 -0.70222 -1.2779 0.33807 -3.2745 0.81834 1.02 -0.24797 0.16338 2.7209 -0.60968 0.092616 0.95153 0.94331 0.99505 0.30129 0.20508 0.081158 0.12141 -1.0712 -1.2666 0.40456 0.98365 -1.0993
-0.88344 -0.77457 0.48919 -1.6354 -0.50273 1.0598 -0.19256 1.0739 1.4591 0.62473 -0.22558 0.11592 0.79987 0.10819 1.0343 2.1225 -0.31894 -1.0957 0.44147 -3.0805 0.72805 0.39581 -1.0373 0.39257 2.8391 -1.0126 0.32222 1.3531 0.12053 1.9556 0.64817 0.034158 0.98194 -0.31083 -1.5337 -1.1192 0.17477 -0.66586 -1.5101
-0.69366 -0.62714 0.96175 -2.0461 -0.51161 1.0632 -0.67896 0.88559 1.4257 0.311 0.23609 1.47 0.62434 -0.080964 1.6188 1.9666 0.73247 -0.7575 0.51108 -2.3815 0.46955 -0.41663 -1.3886 0.39076 2.3158 -1.8071 0.46404 1.3797 -1.3699 2.5868 1.1846 -0.48374 1.8612 -0.63025 -1.6341 -0.43697 -0.27425 -2.0495 -1.5581
-0.40527 -0.42084 1.24 -2.0209 -1.2259 0.84857 -1.9054 0.87484 0.53538 -0.50776 0.31799 1.2931 0.46247 0.61727 2.2149 1.1062 1.9997 -0.14931 0.26694 -1.4433 0.25341 -0.93911 -1.4504 0.1437 0.80119 -2.3784 0.63936 0.9534 -2.6193 2.5254 1.3124 -1.0273 2.5333 -0.35829 -1.4368 0.35194 -0.64799 -2.4875 -0.97961
-0.79649 0.11535 2.5071 -1.3631 -1.1335 1.2644 -1.6698 0.71389 0.65995 -1.2724 0.51598 1.1706 -0.089162 0.83545 2.3744 -0.33981 2.9287 0.41268 -0.61998 -0.77339 -0.20816 -1.7262 -0.94131 -0.31711 -0.53122 -2.5275 0.65243 0.051491 -2.648 1.4434 0.99568 -1.1047 2.8209 0.10417 -0.81985 0.91914 -0.6112 -1.9192 0.029768
-0.95723 0.97811 1.7815 0.090111 -1.0162 1.1883 -1.9735 0.29841 -0.27854 -1.39 -0.51231 0.91073 -1.0893 0.92213 2.2048 -1.0154 3.2595 0.71798 -1.2138 0.62787 0.33868 -1.9503 -0.51035 -0.66666 -0.92508 -2.2878 0.28969 -1.0578 -2.1035 -0.21615 0.50082 -0.73509 2.2455 0.19581 -0.1865 0.96221 -0.44754 -0.65044 1.0836
0.68326 1.4184 0.78093 1.0941 -0.48978 0.90225 -1.4584 0.99526 0.11057 -1.2021 -0.81646 -0.13919 -1.472 1.0646 1.7061 -1.3108 2.7753 0.62534 -1.1368 1.6056 0.60942 -1.6211 0.078589 -0.53766 -0.81937 -1.8036 0.0031739 -1.835 -0.64759 -1.6974 0.12046 0.16704 1.2931 0.13816 0.57257 0.6608 0.15959 0.39053 1.8601
0.22152 1.3986 -0.19288 1.4735 0.25192 -0.19651 -1.0964 0.73854 -0.69564 -0.27095 0.16637 0.18871 -1.4893 1.0821 0.82815 -1.8533 1.6759 0.65112 -1.0636 1.3688 0.20758 -1.3767 0.067008 -0.72571 -0.39776 -0.93316 -0.55811 -2.2495 0.23717 -2.3991 0.030992 0.51558 -0.34369 -0.77237 1.3246 0.36341 0.4742 0.98504 2.2469
0.42525 1.4431 0.64407 1.3794 -0.24796 -0.58684 -0.13711 1.6068 -1.2986 -1.0609 -0.48853 0.68145 -1.4188 0.76723 0.078349 -0.97735 0.57704 0.65365 -0.33302 1.1675 0.10682 -0.81001 0.16681 0.045696 0.040611 -0.10197 -0.58952 -2.3051 0.5412 -2.2622 0.013762 0.56334 -1.4034 -1.0974 1.8675 0.55298 0.33507 0.83348 2.2402
0.73153 1.4313 0.75562 1.2859 -0.96499 0.23482 -0.2553 1.4405 -1.1232 -0.83496 -0.25622 0.12225 -1.5176 -0.029419 -0.63942 -0.7871 -0.084166 0.74689 -0.49986 0.25367 -0.95371 0.4205 0.22015 0.055317 0.72461 0.60961 -0.17 -1.9456 0.21783 -1.5153 0.1326 0.20595 -1.5928 -1.1591 1.9755 1.1872 0.29014 0.21332 1.8082
0.54628 1.2036 -0.13238 1.1203 0.078432 0.23689 -0.73049 0.19024 -0.9466 -1.5297 -1.1494 0.57781 -1.3733 0.45789 -1.3086 -0.95009 -0.53393 0.58885 -0.19948 -0.31069 -0.99377 1.3923 1.1732 -0.2154 0.38194 1.1622 0.43933 -1.3111 -0.63912 -0.71183 -0.0036928 -0.54064 -1.4055 -0.89497 1.288 1.5303 -0.12908 -0.27084 1.1815
0.6526 1.246 0.29497 1.2915 0.34248 0.82594 -0.58703 0.82556 -0.99497 -0.59041 -0.026781 0.53816 -1.315 0.90539 -1.6425 -1.5036 -0.57479 0.91337 -0.68411 -0.70199 -1.5474 1.6603 2.0618 0.020439 -0.10379 1.451 0.93352 -0.53516 -0.52428 -0.11878 -0.58835 -0.29418 -0.58744 -0.12854 0.22129 1.3649 -0.14891 -0.44428 0.5027
0.28772 0.52644 -0.71943 1.1227 0.86361 -1.0581 -1.1423 -0.65184 0.96473 -0.31492 -0.32587 1.1939 -0.58913 1.1757 -1.5528 -1.6617 -0.496 0.54971 -1.4093 -0.83224 -1.3815 1.2699 2.4619 -0.22785 -0.093799 1.4478 0.49665 -0.029383 -0.22116 0.04988 -0.87527 0.46402 0.18572 0.25095 -0.57989 0.2569 -0.83825 -0.068899 -0.044341
1.346 -0.12926 -0.86009 0.5553 0.27441 -0.46787 -0.90405 0.30168 0.36916 1.8972 -0.40622 0.51441 -0.17663 1.4666 -1.3887 -1.2855 -0.32326 -0.32905 -0.53034 -0.51134 -1.0356 0.94975 2.4457 -0.27232 0.050899 1.3047 0.0049765 0.30972 0.5045 0.058351 -0.79915 1.9758 0.91006 0.88846 -1.114 -0.95658 -1.6191 0.12535 -0.48941
2.0949 -0.054064 -0.81743 0.69562 0.52706 -1.0685 -0.88115 -0.69406 0.1945 1.5379 -0.58965 -0.0078335 -0.16036 1.1667 -1.4848 -1.416 -0.56748 -0.41291 0.72797 -0.059739 -0.7781 0.53942 1.5331 -1.8936 0.1786 1.1604 -0.81927 0.35605 0.73537 0.064496 0.11433 2.4525 1.151 0.71833 -0.91455 -2.0664 -1.9655 0.26254 -0.6208
2.057 0.11583 -1.4239 0.80343 -0.12206 -1.3317 -1.6045 -0.77854 0.04552 2.0516 -0.91489 0.31929 -0.29719 0.92521 -1.1746 -0.79277 -0.43115 -0.088356 2.5211 0.54348 -0.12207 -0.29999 0.53922 -2.6599 0.040534 0.77719 -1.4982 0.17437 0.7752 -0.046772 0.95727 1.5106 0.80439 0.77914 -0.77869 -2.3073 -1.3977 0.42733 -0.50778
2.238 -0.18529 -1.2922 0.92594 -0.17744 0.6122 -1.0996 -0.96414 0.39302 1.8142 -0.9683 1.2294 -0.024326 -0.17128 -1.0827 -0.69564 -0.32278 0.62563 2.3696 0.69965 -0.44629 -0.013465 -0.89373 -3.2964 0.47903 0.67483 -1.4937 0.10168 1.1969 0.036517 1.2645 -0.079772 0.57152 1.0051 -0.50152 -1.8575 0.67339 0.32858 -0.33256
1.6846 -0.85883 -1.7106 0.18455 0.31942 1.5128 -0.50515 -0.28896 0.49172 1.5273 -3.0974 0.95503 0.27913 -0.82724 -1.3078 -0.36792 -0.53238 0.89757 1.9166 0.55315 0.31019 -0.3978 -1.1538 -2.6053 0.81321 0.69933 -1.1402 0.20355 1.1677 0.080428 1.0108 -1.7503 -0.031857 1.251 -0.60463 -1.2986 2.3089 0.064146 -0.28789
2.0511 -0.91855 -1.4384 0.41305 0.8829 2.2489 -0.34023 -0.43691 0.2212 1.1037 -3.572 0.5709 0.35469 -0.911 -1.2544 0.34109 -0.4494 1.4047 0.85853 0.96636 0.96247 -0.45579 -1.4922 -0.4765 0.49811 0.64357 -0.39756 0.77074 1.3092 0.38918 0.30552 -2.0426 -0.47341 1.6781 -1.1513 -0.74203 3.5783 -0.53897 -0.50852
1.1188 -1.0483 -1.6185 0.28886 1.1646 1.2495 -0.34639 -1.0006 0.15085 0.27421 -4.1012 0.92824 0.41064 -0.9584 -0.7594 0.61053 -0.21906 1.3663 -0.50777 0.37029 1.6146 -1.3387 -1.8641 0.91147 0.18344 0.31158 0.080266 1.3181 1.1393 0.45348 -0.77718 -1.4273 -0.54246 1.6067 -1.1473 -0.19339 3.6008 -0.77535 -0.68402
0.95593 -1.2331 -1.3121 0.12517 1.1465 0.61383 -0.95987 -0.058992 -0.59975 0.26411 -2.6573 1.5248 0.40491 -0.88789 -0.10556 0.96891 0.24111 0.93897 -0.83485 -0.032348 2.1835 -1.9465 -2.0768 2.6716 -0.31584 0.019312 0.58434 1.4508 0.74763 0.18614 -2.003 0.01196 -0.30327 1.033 -0.85351 0.59734 2.5064 -0.98278 -0.771
1.089 -1.2319 -0.82766 0.38566 1.5814 0.53495 0.028619 0.92385 -0.070389 0.015758 -0.35236 1.1832 0.44356 -0.67431 0.25878 1.1933 -0.038021 -0.31219 -0.32267 0.10654 2.8411 -2.0476 -1.2519 3.5958 -0.38425 -0.13076 0.82678 1.244 0.60352 -0.17618 -2.5024 1.2142 0.29137 -0.44664 0.19694 1.442 0.73839 -1.293 -0.67568
0.88429 -1.1074 -0.8202 0.43621 1.6827 0.78875 -0.57478 1.5754 -1.5258 -1.2548 -1.288 1.145 0.36782 0.1101 0.59324 1.2822 -0.19538 -1.452 0.79268 0.57674 2.3609 -1.8818 -0.53426 3.5898 -1.2566 -0.42263 0.46538 0.92128 0.54245 -0.62067 -2.4762 1.4816 0.15755 -2.2615 1.2744 1.8614 -1.1362 -0.98305 -0.56707
0.51199 -0.84601 -0.63316 0.61465 1.5627 1.0336 -0.54613 2.4283 -1.9908 -1.6683 -0.61351 -0.18411 0.29176 0.18607 0.91178 1.45 -0.32723 -2.0524 1.3053 0.59952 0.62368 -0.95388 0.39592 2.0374 -2.034 -0.59577 -0.1657 0.77269 0.72617 -0.64467 -1.5766 1.0667 -0.39871 -3.0876 2.3737 1.4158 -2.1285 -0.29102 -0.45472
0.98997 -0.65586 -0.098779 0.0062127 -0.20448 1.6935 -0.15029 2.8499 -1.9552 -0.019784 0.70926 0.62279 0.22903 -0.39061 1.064 1.7365 -0.76383 -2.757 1.5563 0.017452 -1.184 0.1779 1.0079 0.98178 -1.5301 -0.69528 -0.86597 0.72088 0.87968 -0.35733 -0.34084 0.22005 -1.2294 -2.6655 2.6769 0.35286 -1.9878 1.1423 -0.35136
1.5282 -0.55891 -0.17044 -0.11195 -0.90276 2.0085 0.36233 1.6412 -1.9036 -0.22168 0.79257 -0.67797 -0.12427 -0.74679 1.2779 2.1635 -0.94778 -2.572 1.6032 -0.30468 -1.4896 1.8935 0.95346 0.28484 -0.83836 -0.75408 -0.94495 0.75704 0.30592 0.32969 1.1158 -0.50452 -1.6139 -1.1661 1.8742 -1.4007 -1.2976 2.0868 -0.46225
1.0351 -0.29289 0.63555 -0.069872 -0.77033 2.0255 -0.22475 0.37637 -1.0713 0.93972 -0.070118 -1.3696 -0.16103 -1.1337 1.5804 2.3746 -0.54699 -1.8327 1.1204 -1.1361 -1.8543 2.2999 -0.060488 0.15546 0.55437 -0.93064 -0.5892 0.76415 -0.55575 1.1015 2.324 -1.3948 -0.8582 0.22536 0.43883 -1.8232 -0.64287 1.7744 -0.45685
-0.21446 -0.074839 1.1939 -0.58668 -1.6043 2.5955 -0.48758 -0.57197 -0.091006 0.4308 0.31973 -0.21817 -0.22148 -1.3091 1.8826 1.6388 0.17472 -0.4772 0.43291 -1.6711 -1.3603 1.9112 -1.986 -0.36753 1.3091 -1.2503 0.12049 0.38559 -1.8376 1.597 2.42 -2.0623 0.43472 1.0468 -1.2444 -1.3951 -0.073196 1.2707 -0.41089
-0.29581 0.41372 1.6383 -0.661 -1.282 2.9431 -1.1662 1.1838 0.48101 -0.74109 -1.0601 0.054027 -0.41408 -1.2713 2.0022 1.093 0.71452 0.454 -0.87424 -0.80563 -0.82748 1.0922 -1.3225 -0.094123 1.1278 -1.2104 1.1405 -0.23932 -2.6484 1.6779 1.8098 -2.2223 1.8043 1.5257 -2.0596 -0.14665 0.071093 0.25176 -0.16019
-0.55217 0.94542 2.0585 0.10374 -1.238 2.3217 -1.7042 0.27442 0.12016 -1.5433 1.061 1.2129 -0.79487 -0.43377 1.6923 -0.20447 1.3788 0.71959 -1.8586 0.31824 0.035813 -0.1009 -1.32 0.2395 1.5523 -1.3007 1.6408 -0.90274 -2.4538 1.1154 0.71 -1.5894 2.3957 0.83761 -1.9798 1.2749 0.16147 -0.49257 0.22791
-0.068435 1.2805 1.05 0.40317 -0.79117 2.0865 -1.5692 0.55434 -0.22029 -3.2203 0.17523 1.6568 -1.319 0.69361 1.2851 -1.0428 1.958 0.88206 -2.5391 1.0879 0.42963 -0.99785 -0.68603 -0.0061478 0.97785 -1.1736 1.5021 -1.4035 -1.8101 0.20757 -0.062011 -0.30425 1.4423 0.43584 -1.1366 1.2571 -0.55852 -0.9214 0.5391
-0.42927 1.4284 1.2435 0.77654 -0.087379 0.28769 0.1582 -0.54877 -0.49432 0.11982 0.23132 -0.78732 -1.1742 0.96472 0.77223 -1.313 1.6183 0.6001 -2.1712 1.6504 -0.36199 -1.1805 0.37731 -0.074155 0.37146 -0.88924 0.69189 -1.3151 -0.44512 -0.67723 -0.46154 0.76309 0.1058 0.12394 -0.018092 1.1195 -0.68246 -1.254 0.8683
0.1433 1.2702 0.42209 1.4422 -0.4785 0.06055 0.056668 0.64213 -0.7864 -1.1107 0.07864 1.7596 -1.3876 1.0108 0.1793 -1.3163 0.97896 0.38584 -1.3751 1.1046 0.20707 -0.74078 0.47316 -1.157 -0.19183 -0.51744 -0.15576 -0.95371 0.41252 -1.1431 -0.68 1.5398 -1.1337 0.33422 0.68937 0.059053 -0.36355 -0.5072 0.78017
0.97803 1.3614 0.37837 1.7325 -0.72452 0.011519 0.080835 0.98374 -0.96153 -1.4787 -0.14148 1.3792 -1.3979 0.78385 0.10596 -0.79201 0.614 0.10532 -0.7895 0.51434 0.36852 -0.26218 0.45694 -0.6728 -0.46902 -0.18083 -0.54452 -0.36899 1.0466 -1.0739 -0.46173 1.4794 -1.5011 0.39874 0.8739 -0.53132 0.19903 -0.52441 0.51839
0.73737 1.4442 0.57919 1.1663 -0.50615 0.72886 0.14908 -0.1043 -0.87618 -0.60196 -0.33781 0.69266 -1.4681 0.4809 0.066411 -0.62055 0.34318 -0.13455 0.10088 -0.33934 0.69991 -0.0096962 -0.588 -0.50488 0.35483 -0.2269 -0.75773 0.10298 1.1733 -0.77115 -0.2947 1.0446 -0.90366 -0.1108 0.59529 -0.43028 0.93335 -0.24814 0.21014
0.66707 1.1642 0.26641 1.2444 -0.43142 0.52076 -0.78846 0.6432 -0.71917 -1.6464 -0.70106 0.7246 -1.4814 0.15634 0.22736 0.062045 -0.052653 -0.0024432 0.29105 -0.27491 0.15419 0.28732 -0.18942 0.018367 -0.98114 -0.17041 -0.7241 -0.0071286 0.68206 -0.32911 0.050963 0.52109 -0.49647 -0.22605 0.15406 0.0036529 0.64504 0.054764 0.14805
0.72781 1.5807 0.20616 1.4141 -0.34207 0.11057 -0.027722 0.797 -0.56435 -1.1406 -0.34621 0.0087458 -1.3879 -0.17116 0.28448 0.1875 -0.11591 -0.11595 0.34445 -0.087748 0.073384 0.23499 -0.089573 0.50405 -0.43687 -0.17289 -0.61631 -0.323 0.30423 0.01693 0.66522 0.016924 -0.074915 -0.50095 -0.19934 0.7559 0.46834 -0.098214 0.42258
0.34198 1.4026 0.29317 1.6419 -0.55603 0.31172 -0.13726 0.96424 -0.76777 -1.1764 -0.25249 1.3467 -1.5233 -0.31923 -0.01618 -0.071119 0.23393 0.1758 0.21648 -0.47581 0.21397 -0.05712 0.22967 0.20583 0.059647 0.038326 -0.70958 -0.69733 -0.13436 0.027987 0.87634 -0.13945 -0.20062 -0.57513 -0.42117 0.81317 -0.14537 0.26747 0.56441
0.91224 1.5838 0.71048 1.3044 -0.65537 0.68341 -0.26104 0.68125 -0.50036 -1.5726 0.22476 -0.070848 -1.6139 -0.49689 -0.33837 -0.048901 0.23108 0.98533 0.1756 -0.35514 -0.33915 -0.24942 0.79823 0.40238 -0.3529 0.37297 -0.60293 -0.63936 -0.067536 -0.26266 0.65454 -0.24051 0.28674 -0.73624 -0.40793 0.72608 -0.35001 -0.4582 0.61143
0.58951 1.6716 0.61686 1.2646 -0.82546 0.83783 -0.037872 0.50542 -0.77606 -1.1947 0.35272 0.75315 -1.5741 -1.0812 -0.59624 -0.034234 -0.17448 1.044 0.074724 -0.48054 -0.7948 -0.3465 1.0823 -0.25702 -0.44517 0.49755 -0.23186 -0.30011 0.0092681 -0.41958 -0.077793 -0.34173 0.9396 -0.53276 -0.39905 0.6197 -0.15255 -0.67122 0.32536
0.020862 1.0812 0.043001 1.6527 0.21564 0.79059 -1.168 0.48151 -0.99423 -0.21896 -0.79486 0.82375 -1.267 -0.97926 -0.46629 0.064215 -0.39827 0.63931 -0.10398 0.44017 -0.89476 -0.46865 1.0175 -0.033279 -1.1252 0.61684 0.43608 0.058906 -0.10396 -0.23568 -0.84759 -0.22136 1.1492 -0.2123 -0.40211 0.085547 0.081846 -0.31324 -0.13643
-0.04254 0.84108 0.17317 1.6687 1.2967 0.27231 -0.73216 0.26973 -0.92948 -0.38491 0.21632 -0.37078 -0.92446 -0.53195 -0.44157 -0.10651 -0.22855 0.19188 -0.38195 0.81068 -0.58006 -0.77726 1.4308 0.081931 -0.94073 0.4584 1.2493 -0.1964 -0.20141 -0.365 -1.2209 0.14878 1.4106 0.41054 -0.21957 -0.55401 0.67722 0.084887 -0.008556
-1.1052 1.1217 0.44116 0.91859 0.2626 0.27464 -0.23205 -0.39221 -0.97585 0.41465 -0.78791 -0.089716 -1.075 0.097933 -0.32148 -0.17736 -0.17847 -0.16068 -0.073961 1.0553 -0.88726 -0.87018 0.81721 0.39806 -0.74246 0.16402 1.327 -1.0125 -0.54145 -0.79632 -0.94504 0.34735 0.9107 0.75654 0.09366 -0.62678 0.22948 0.83869 0.57128
-0.26423 1.2055 0.7318 0.95084 -0.57286 0.58001 0.8785 -0.17579 -1.3154 -0.38845 0.43644 -0.65111 -1.0729 0.86079 -0.98941 -0.23792 -0.96046 -0.8144 0.38232 1.7319 -0.012723 -0.59998 0.037633 0.98002 -0.44068 0.70881 0.96509 -1.7334 -0.88536 -1.1762 -0.053977 0.14054 0.62906 0.8471 0.48181 -0.57676 -0.35383 0.90967 1.3346
0.68106 1.1407 0.30245 1.2875 -0.45186 0.26481 0.30661 0.17068 -1.6485 1.0282 0.3602 -0.82472 -1.2493 0.95887 -1.8398 -0.75242 -1.5071 -0.60877 0.26593 1.6124 0.2888 -0.35624 0.41711 0.002113 0.3982 1.444 -0.080999 -1.8553 -1.1378 -1.1576 0.79899 -0.10804 0.3357 1.0052 0.85039 -0.033898 -0.99593 0.72161 1.6099
0.43623 0.97242 -0.069583 1.3777 -0.090696 0.95456 0.38619 -1.0569 -1.8892 -0.11067 0.32088 0.37083 -1.2633 0.95507 -2.5015 -1.2655 -1.7426 0.30279 -0.24713 1.6652 0.47748 -0.021131 0.43853 -0.49711 0.41087 2.0445 -0.99703 -0.99236 -0.74617 -0.56501 1.2224 -0.10247 0.12733 0.60955 0.72474 -0.0047694 -1.2124 0.28533 0.99554
1.001 -0.67589 -0.18611 -0.22532 -0.29154 1.143 1.1052 1.1451 -1.2953 -0.51525 0.70198 -0.36142 0.19629 -0.10422 -2.5827 -1.5242 -1.9312 0.73564 0.0079445 1.7011 0.82464 0.62459 0.56015 -1.029 0.36013 2.1815 -1.2053 0.33038 0.11144 0.23533 0.85876 0.091341 0.051482 0.45044 0.26798 -0.1563 -0.75135 -0.18448 -0.018902
0.43081 -0.97843 -0.51252 -0.76423 0.25567 0.13397 1.5173 0.15521 -1.2277 1.121 -0.70088 0.31014 0.69367 -0.57751 -2.2325 -1.0702 -1.7949 0.74668 0.29054 1.9302 0.89711 0.43093 -0.029563 -1.1381 0.1937 2.0003 -1.1696 1.6375 0.72931 1.147 0.23947 0.27825 -0.37917 -0.15803 -0.252 -0.18726 -0.13235 0.15102 -1.1762
0.4274 -1.0271 -0.86869 -0.9625 0.27117 -0.20687 2.1505 0.085628 -1.2184 0.95148 -1.082 -0.017728 0.66647 -0.65734 -1.4388 -0.66129 -1.0453 0.73407 0.19546 1.588 0.94339 -0.016524 0.33844 -1.3141 0.13891 1.4337 -0.4159 2.0406 1.0953 1.7092 -0.083127 0.18478 -0.98362 -0.6864 -0.61573 -0.60502 0.67389 0.17786 -1.6266
-0.32604 -1.0461 -1.1116 -0.7449 0.32922 1.2046 2.4135 1.2484 -0.66331 0.56518 -0.23967 -0.40907 0.62651 -1.0801 -0.41335 -0.49453 -0.06161 0.72989 0.26169 1.0655 0.084244 -0.22267 0.17192 -0.65263 0.85574 0.45498 -0.046911 1.7166 1.1597 1.4395 -0.068878 -0.27148 -1.6522 -1.1997 -0.46892 -0.75617 1.1901 0.094217 -1.3333
0.10429 -1.1537 -0.72314 -0.68611 0.60275 1.1639 2.1727 0.91469 -1.6996 0.022551 -0.86295 -0.011932 0.66163 -0.67144 -0.17693 -0.0092274 0.36717 0.57731 0.42282 0.40456 -0.14331 -0.33167 -0.79208 0.17375 0.41953 0.23915 0.10525 0.94639 1.0512 0.48631 -0.1564 -1.0688 -1.8546 -1.6306 -0.20955 -0.94003 1.3353 -0.17158 -0.64844
-0.1658 -1.1066 -0.71746 -0.44206 0.78492 1.0047 2.3074 0.7598 -1.8654 0.51062 -1.3251 0.66898 0.83379 -0.65794 -0.0746 0.51229 0.1644 0.68453 -0.40943 -0.39346 -0.94472 -0.38741 -1.032 0.67982 0.26876 0.37192 0.26417 0.2905 0.76841 -0.31119 -0.28233 -1.5517 -1.6707 -1.3493 0.17837 -0.58173 1.1685 -0.69579 -0.049053
-0.87779 -1.241 -1.0009 -0.66584 0.73288 0.66227 2.5341 0.64149 -1.1586 0.60638 -0.19735 1.2066 0.86153 -0.65445 -0.071336 0.56588 -0.25792 0.45532 -1.7796 -0.95714 -1.776 -0.36746 -1.012 0.89546 0.091512 0.39232 0.18803 0.1344 0.34067 -0.48632 -0.40847 -1.3589 -1.3017 -0.94141 0.35629 -0.098461 0.67933 -0.81854 -0.069026
-0.23571 -1.1102 -0.57784 -0.33052 0.97172 0.50815 2.0346 -0.36714 -1.5226 -0.48025 -0.55579 0.020154 0.89257 -0.55981 0.0045334 0.48451 -0.3255 0.25796 -1.9921 -1.2018 -1.7793 0.1735 -0.9209 1.5016 -0.4182 0.29566 0.21785 0.080989 -0.12949 -0.19229 -0.64962 -0.37272 -0.8152 -0.029649 0.23129 0.281 0.0088362 -0.65013 -0.23835
-0.75893 -1.0774 -0.20749 -0.92262 1.1945 -0.39411 1.5408 -0.78817 -1.5874 -0.95682 0.26925 -0.1437 1.0414 -0.34252 0.00043991 0.56952 -0.28862 0.025771 -1.7238 -1.4847 -1.6026 0.13837 -1.0393 1.2201 -0.93181 0.16122 0.19322 0.074287 -0.41783 0.21954 -0.6039 0.84842 -0.077762 0.84584 0.070226 0.59682 -0.68207 -0.33721 -0.30087
-1.173 -1.2124 -0.48019 -1.1545 0.79875 -1.2183 1.1388 -1.0742 -1.5761 -0.81537 0.53304 0.086106 1.0066 -0.37684 0.019635 0.30399 -0.1765 -0.30884 -1.2426 -1.5597 -1.1124 -0.15134 -0.41615 0.52475 -0.56196 0.088885 0.10597 0.020041 -0.63642 0.62064 -0.3366 1.6545 0.74522 1.212 -0.072259 0.68155 -1.382 -0.15503 -0.30805
-0.50098 -1.1265 -0.27179 -0.79216 0.96235 -1.0645 1.0425 -1.2267 -1.4465 -0.72314 0.71159 -0.061424 0.97852 -0.35766 0.040344 -0.023383 0.073978 -0.38537 -0.31873 -0.8995 -0.46631 -0.053018 -0.001406 -0.10301 -0.52413 -0.0071999 0.2386 0.15613 -0.52755 0.76008 0.094206 1.9402 1.4672 1.2329 0.12056 0.62646 -1.347 -0.21787 -0.24397
-0.86265 -1.1445 -0.2078 -0.67531 0.73745 -0.78136 0.83552 -1.2189 -1.4192 -0.91908 0.12471 -0.48332 0.9862 -0.33683 0.015635 -0.25717 0.64236 -0.16918 0.88427 -0.15519 0.016694 0.12312 0.00033692 -0.83741 -0.9283 -0.13503 0.44508 0.097058 -0.27779 0.44487 0.27448 1.6421 1.5719 1.0652 0.5697 0.65328 -0.63106 -0.23146 -0.23005
-1.3796 -1.1651 -0.67981 -0.84512 0.33001 -0.78093 0.59575 -1.0478 -1.5881 -0.14922 0.26078 0.32227 0.96813 0.11564 0.25471 -0.0094187 0.70934 0.11521 1.4096 0.4335 0.23818 0.25847 0.077363 -1.0236 -1.1864 -0.1348 0.77063 0.13756 -0.091411 0.090606 0.093978 1.0047 1.1673 0.7151 0.73455 0.84696 0.15282 -0.06141 -0.3001
-0.71689 -1.0028 -0.40156 -0.40168 0.77554 -0.012505 1.0858 -1.1566 -1.7013 -0.98436 -0.582 -1.2131 0.93643 0.27375 0.068696 -0.15276 0.3295 -0.068446 1.4454 0.58002 0.61037 0.88988 0.92552 -0.3915 -0.69703 -0.23206 1.0626 0.64324 0.3769 0.19774 -0.44443 0.38255 -0.024928 0.47885 0.55003 0.79888 0.5626 0.34469 -0.85631
-1.5157 -1.1744 -0.59603 -0.11862 1.0699 0.54025 1.425 -0.76265 -1.2492 -1.0317 -0.44076 -1.3737 0.86722 0.86927 0.23589 -0.2196 0.39804 -0.27688 1.5743 0.82103 0.62246 1.1054 1.3223 -0.0073241 -0.75008 -0.46032 0.71918 0.80235 0.43413 0.3334 -1.0038 0.038786 -1.2567 0.53051 0.1505 0.4642 0.69663 0.73979 -1.173
-0.29312 -0.79511 -0.2219 -0.27123 0.94511 0.36505 1.5917 -0.89676 -1.1491 -0.40398 -0.43084 -1.3105 0.87339 1.397 1.0691 0.4722 1.164 -0.80406 1.6301 -0.37649 0.74491 0.85546 1.0636 -0.14073 -0.40689 -1.402 0.53057 1.2829 0.68636 0.60168 -1.1225 -0.27814 -1.8251 0.42731 -0.66181 -0.25923 0.44059 0.51797 -1.3239
-0.23472 -1.2371 -0.57295 -0.64737 0.43245 0.71364 1.3249 -0.22678 -0.076591 1.3952 0.58386 -0.42321 0.7016 0.98432 1.0572 0.39629 0.90933 -1.3761 1.402 -1.3016 1.193 0.59565 0.99383 0.34566 0.23497 -1.508 -0.25514 1.4415 0.70767 0.52137 -0.5988 -0.94293 -1.8779 0.28053 -0.89237 -0.99548 0.16802 0.81773 -1.2264
0.14635 -0.76487 -0.74285 -0.055862 0.041558 1.3434 1.6905 -0.51713 -0.5389 0.95334 -0.12197 -1.5448 0.41946 1.2728 1.7419 0.67127 1.1879 -1.5963 0.93087 -1.5809 1.144 -0.23469 0.5617 0.37297 -0.087343 -1.9182 -0.64228 1.3081 0.46258 0.097202 0.38555 -1.4585 -1.0446 0.12873 -0.97167 -1.3953 -0.15927 0.8045 -0.65527
0.6948 0.50163 0.39169 1.4425 -0.61735 1.6187 -0.48442 -0.05305 -1.1563 0.24046 -0.62915 -0.6377 -0.9638 0.43132 2.2411 0.8478 1.3514 -0.99548 -0.1145 -1.8927 0.95274 -0.2113 -0.49519 0.087344 0.81967 -2.2495 -0.88543 0.86382 0.43268 0.031381 1.3441 -1.7506 -0.39455 -0.43361 -0.50257 -0.96205 -0.44373 1.0602 -0.063754
-0.16993 -0.34586 -0.1725 0.31324 -0.61751 1.8362 -0.099744 0.8093 -0.86228 0.042471 0.14978 -1.1309 -0.19963 0.40644 2.6019 1.0113 1.1228 -0.29952 -0.76506 -1.9181 1.0959 -0.76879 -1.0968 -0.36784 1.0026 -2.1255 -1.239 -0.37423 -0.32001 -0.42672 1.7701 -1.383 0.24368 -1.0871 0.36937 -0.18708 -0.32619 1.1662 0.99198
0.89552 0.88438 0.26247 1.1853 -0.80771 1.186 0.21254 0.50183 -1.5522 0.37231 0.33902 -1.6095 -1.0527 -0.33123 2.0298 0.94208 0.99983 0.43251 -1.5351 -1.8165 0.34047 -0.18363 -0.17539 -0.25537 1.9269 -1.5115 -0.61574 -1.0699 -0.79747 -0.46307 1.3573 -0.54365 0.60701 -1.3329 0.76247 0.5422 -0.13765 0.44478 1.3785
0.006757 1.4297 0.56442 1.1044 -0.049045 -0.32847 -0.5912 0.22299 -0.48484 -0.57353 -0.15404 1.0753 -1.4922 -0.79519 1.2377 0.10508 0.57335 0.92978 -1.349 -1.1698 -0.71347 0.52934 0.024699 -0.17293 1.8178 -0.63278 -0.38756 -1.7168 -1.0621 -0.61099 0.5781 0.32056 0.82954 -1.0986 0.96938 0.45259 0.25565 -0.16421 1.4402
0.68453 1.5588 0.42874 0.92354 -0.061067 0.42476 -0.9546 1.4511 -1.4662 -0.19296 -0.40317 0.27423 -1.5296 -0.18231 1.1825 -0.0014409 0.76849 0.87111 -0.99742 -1.1729 -0.79008 0.73989 0.092729 -0.31963 1.3611 -0.69662 0.40085 -1.5879 -0.91534 -0.69771 -0.35372 1.1223 1.1524 -0.093935 0.18702 -0.23951 0.6326 -1.3678 1.0736
-0.63889 1.3614 0.6913 2.0366 0.36086 -0.26505 -1.2123 -0.5964 -0.83294 1.0405 -0.63716 1.1891 -1.2865 -0.43039 0.23336 -0.25351 0.10687 0.53001 -0.33982 -0.75108 -0.52497 0.80259 -0.26967 0.20531 0.96006 -0.13078 0.79581 -1.1265 -0.38538 -0.68237 -0.76315 0.99191 1.2257 0.6861 -0.4241 -0.55395 0.69668 -1.3826 0.52043
-0.67829 1.2272 -0.054236 1.5297 0.3781 0.52873 -1.5348 -0.97583 -0.22605 -0.17566 -0.16177 1.0339 -1.1325 0.28599 -0.05064 -0.37435 -0.059141 -0.031774 0.38835 0.035843 0.038579 0.0761 -0.51499 0.91172 -0.48845 0.027947 0.76768 -0.69722 -0.20611 -0.8237 -1.0054 0.63436 1.2991 1.0563 -0.77396 -0.67604 0.27529 -1.0352 0.21605
0.68962 1.4439 -0.011635 1.3159 0.23191 0.22939 -0.91462 0.35893 -0.25218 0.089675 0.053249 -0.051873 -1.3734 0.55276 0.021703 -0.33475 -0.27663 -0.035631 0.10406 0.41762 0.20069 -0.020923 -0.81608 0.70619 -0.13278 -0.12754 0.6818 0.036604 0.31611 -0.35522 -0.90242 0.17937 0.97912 0.69355 -0.89148 -0.10774 -0.37376 -0.36559 -0.20674
-0.057264 1.382 0.34201 1.0489 -0.062363 0.10335 -0.78326 0.08295 -0.62351 -0.70327 0.55513 0.91873 -1.4815 0.85249 0.15352 -0.29301 -0.56528 -0.70831 0.15338 0.56492 0.90455 -0.46244 -1.0341 0.013436 -0.24072 -0.33861 -0.023432 0.13862 0.55161 -0.07502 -0.58187 0.069044 0.35135 -0.18192 -0.52052 0.4169 -0.70654 0.46913 -0.11756
0.68601 1.4382 0.17175 1.1324 -0.075023 0.53731 -0.75057 0.894 -1.122 -1.1178 0.79268 0.02235 -1.4486 0.64259 0.18925 0.23037 -0.29802 -0.80459 0.16641 0.73865 0.38523 -0.7881 -0.22119 -0.16566 0.089286 -0.29336 -0.25953 0.032492 0.50121 0.18454 -0.30064 0.30804 0.031889 -0.71132 -0.17871 0.89804 -0.44377 0.24741 0.15096
0.80995 1.496 0.030089 1.1187 0.29863 0.26531 -0.75106 0.53132 -1.2069 -0.48385 -0.18142 0.80662 -1.5172 0.20011 0.089384 0.25401 -0.18753 -0.73089 0.50732 0.51554 -0.43461 -0.62419 0.074087 -0.19215 0.40051 -0.086182 -0.461 -0.083302 0.39403 0.25645 0.17621 0.25451 -0.10954 -1.0723 0.29058 0.9329 0.071865 0.22872 0.29961
0.24665 1.4462 0.036788 1.2209 -0.93721 0.14267 -0.75451 0.16427 -0.7931 -0.76719 -0.81086 0.80351 -1.5681 0.37024 0.10506 0.21997 -0.12391 -0.59094 0.5941 0.5156 -0.55319 -0.30882 0.52294 -0.16255 0.082583 -0.0027518 -0.31643 -0.088833 0.11188 0.067798 0.23188 0.14578 -0.14932 -0.65307 0.45959 0.48258 0.23433 0.038938 0.21578
0.74168 1.51 0.43021 0.95865 -0.61308 0.894 -0.29525 -0.171 -1.1931 -0.19186 0.36937 0.68733 -1.4786 0.08079 0.058683 0.36458 -0.17759 -0.50511 0.49079 0.49876 -0.76055 -0.089052 0.55986 0.15545 0.25949 0.015143 -0.13603 -0.032216 0.10784 -0.0090427 0.15372 -0.031917 -0.02361 -0.20665 0.30588 0.23418 0.23974 -0.033818 0.066615
