39 149
-0.22085 0.68101 0.49623 2.0292 1.4117 1.1592 0.070738 -0.17715 0.25822 -0.52747 -0.82618 0.48064 -0.94153 -0.062508 0.020064 0.046298 -0.59459 -0.51125 -0.25828 0.018593 0.71054 -1.1156 0.78954 -0.66885 -0.1836 -0.13954 0.048599 -0.041105 -0.046471 0.16586 -0.27012 -0.68656 0.26486 -0.13928 0.54032 -0.12404 0.49433 -0.28573 0.01365
-0.62884 0.69341 -0.065237 1.2371 1.7719 2.0439 -0.51472 0.34367 -0.74445 -0.66908 -1.7617 -0.52575 -1.1049 -0.091362 -0.11861 -0.066907 -0.52525 -0.74741 -0.92713 0.4613 0.65728 -0.86287 0.65092 -0.31758 -0.84485 -0.14877 0.064679 0.009238 0.10363 0.36971 -0.15097 -0.82584 0.094014 -0.26996 0.91005 -0.29909 0.99372 -0.18328 0.089184
-0.28261 0.42065 1.0245 1.588 1.1346 1.1125 -0.45083 -0.14122 -1.2727 0.73292 -1.6627 1.5089 -1.0694 0.056105 0.016094 0.031405 -0.28849 -0.91755 -1.2219 0.29058 0.45645 -0.026062 0.53966 0.19199 -0.46467 -0.1051 0.093676 0.073244 0.032494 0.41922 0.29209 -0.44658 -0.033364 -0.48825 1.1832 -0.45446 1.2734 0.34118 0.19712
-0.19441 0.90988 0.44329 1.4045 0.37752 0.41639 0.62327 1.36 -0.8868 0.44305 -1.2878 -0.23528 -1.0898 0.012608 0.039435 0.23183 -0.014489 -0.59648 -1.3434 0.050944 0.28278 0.34351 0.21635 0.93997 -0.43791 0.012163 -0.083357 0.1492 -0.30689 0.095026 1.0065 0.59778 -0.62512 -0.48822 0.96041 -0.49182 0.9717 0.83742 0.19251
-0.42952 0.35817 0.23616 1.5421 0.60831 -0.040244 0.67474 0.39556 -0.40351 -0.1363 -0.82977 -1.1064 -1.107 0.074456 0.073735 -0.04327 -0.021524 0.0025141 -0.88478 0.14981 -0.11486 0.86729 -0.027623 1.3033 0.32816 0.14768 -0.33904 0.038902 -0.31583 -0.17185 1.249 1.2857 -0.84053 -0.41466 0.121 -0.078219 0.29807 1.0106 0.11715
-0.12694 0.87445 0.58173 1.699 0.47649 0.24856 -0.21697 0.23944 0.68065 0.054325 -0.49702 0.4997 -1.0534 -0.24449 0.1221 -0.53408 -0.45431 0.79687 0.086178 -0.66792 -0.069651 0.80162 -0.18076 1.1218 0.5243 0.084051 -0.46594 0.10262 -0.094761 -0.24745 0.84063 1.6895 -0.34647 -0.11954 -0.66506 0.34954 -0.43178 0.55648 -0.023019
-0.49868 0.68478 0.81892 1.66 1.1764 0.26385 -0.43564 0.44219 -0.22223 -0.21872 0.11565 -0.21849 -0.93946 -0.44009 0.045586 -0.10501 -0.37784 0.87037 0.57339 -0.95937 -0.22563 0.067087 0.51822 0.74344 1.1864 0.079392 -0.5188 0.057645 0.20185 -0.14503 -0.18129 1.0148 0.33702 -0.035065 -0.96958 0.44638 -0.56593 -0.56628 -0.1672
-0.36896 0.71105 -0.045319 1.001 1.6703 1.0334 -0.0012862 0.12192 -0.037909 0.058909 -0.38192 1.0641 -0.90125 -0.59349 0.23912 0.11092 -0.29112 0.64537 1.2173 -0.064028 0.098862 -0.60944 0.64942 0.3967 0.30392 0.0086101 -0.23733 -0.087626 0.43815 0.050647 -1.2114 0.042044 1.1584 -0.14835 -0.5082 0.3994 -0.21918 -1.0965 -0.15348
-0.67801 0.73664 0.081966 0.90234 1.6786 0.75482 -0.87792 0.56861 -0.11642 0.64323 -0.13562 1.432 -1.0793 -0.71381 0.11982 -0.024373 -0.36076 -0.27015 0.53682 0.47845 -0.26125 -0.42922 0.4729 0.57326 -0.76715 -0.11781 0.24975 -0.79946 -0.0065647 -0.55877 -1.6301 -1.0292 1.7102 0.075571 0.095356 0.014792 -0.10041 -1.0068 0.4178
-0.89573 0.82972 0.55796 1.2942 1.0126 0.67659 -0.14642 0.81699 -0.69678 1.0879 -0.14091 0.32705 -0.99696 -0.54111 -0.07213 0.1599 -0.34384 -1.0217 0.21327 0.80625 -0.35157 0.031032 0.65581 0.8106 -0.82673 -0.095292 0.99295 -1.4986 -0.54369 -1.4573 -1.4727 -1.945 1.7156 0.090921 0.29902 -0.31655 -0.58469 -0.16664 1.2643
-1.1286 0.93007 0.74178 1.4605 1.3667 1.7478 0.63759 0.26466 -0.88978 0.34232 -0.066831 -0.90788 -1.0815 0.016157 -1.2383 -0.13465 -1.4055 -1.5144 -0.88426 1.8482 0.1695 0.014413 0.49637 0.37869 -0.38611 0.90543 1.8674 -1.6462 -1.1912 -1.6671 -0.79763 -2.0194 1.0378 0.39083 0.34775 -0.61816 -1.3367 1.1905 1.7869
-1.0567 0.95846 0.39971 0.99743 -0.033442 0.36272 -0.05502 -0.42448 0.37857 0.40356 0.83334 -0.35729 -1.1702 0.9215 -1.7808 -0.73219 -2.5524 -1.6389 -1.8001 2.5041 0.085593 -0.12965 -0.098228 -0.63625 -0.24622 1.8299 2.0838 -1.2964 -1.7531 -1.2562 -0.057348 -1.9588 0.024096 0.65821 0.38827 -1.0485 -1.9294 1.6404 1.718
-1.0508 0.30441 0.64653 0.77171 0.26616 0.76891 0.50814 0.1448 -0.18074 1.1209 1.0723 -0.17531 -0.95647 2.0791 -1.9908 -1.5531 -2.4439 -1.5308 -2.328 1.5932 0.3513 0.45659 -0.53889 -1.3436 1.4556 2.2149 1.7239 -0.31558 -1.6285 0.20895 0.74631 -0.49325 -1.1092 0.54301 0.90877 -0.89712 -1.7879 1.0857 0.7806
-0.051472 -1.856 -0.62665 -1.5425 -0.20418 -0.50269 2.3138 1.2807 -0.32925 1.0865 -0.63332 1.5827 0.93459 2.3586 -2.0306 -2.0401 -2.221 -1.1164 -2.8193 0.96905 0.94947 0.70176 -1.1469 -2.1587 1.7175 2.4184 0.94557 0.60305 -1.0002 1.6229 1.0816 0.90613 -2.0021 0.025127 1.3158 -0.24279 -0.76369 -0.32906 -0.37052
0.65927 -1.3146 -0.5754 -1.8939 -0.56453 -1.4497 1.9635 0.5645 -0.89534 0.19313 -1.4495 -0.14355 1.3515 2.552 -1.6811 -2.1828 -1.1474 -0.2867 -1.2994 0.49534 0.88788 1.5998 -0.97197 -2.4064 0.92301 2.0534 -0.22077 1.4577 0.071857 2.3319 1.3341 2.1181 -2.2487 -1.1326 1.1881 0.46677 0.79665 -2.0517 -1.4379
1.9465 -1.2653 -1.3784 -0.33293 -0.84162 -1.192 0.99543 0.93861 0.55482 -0.20222 -1.485 2.1654 1.231 2.4759 -0.84844 -2.0747 -0.055215 -0.10778 -0.53713 -0.76593 -0.11858 2.1674 -0.45792 -1.5945 -0.68336 1.233 -1.0322 1.7227 0.78283 2.1608 1.1068 2.6398 -2.0634 -1.7456 0.60768 1.3337 2.2204 -1.8315 -2.0303
1.2583 -1.6683 -1.8172 -1.049 -0.16275 -1.6694 1.1554 1.5126 0.79051 -1.4455 -2.1547 0.93134 1.5183 1.6181 0.044945 -1.4106 0.98328 0.61811 0.64826 -1.8274 -1.4787 2.3202 0.07636 0.017804 -1.6935 0.16441 -1.9363 1.7527 1.4186 0.89491 0.31423 1.6743 -1.6652 -1.6093 -0.67725 1.7619 2.52 -0.92823 -2.1449
2.1052 -1.7462 -2.1505 -0.42929 -0.17141 -0.17735 0.81211 0.92941 3.002 0.42841 -1.7281 0.61351 1.3008 0.89732 0.21057 -1.1188 0.8943 0.63422 1.3315 -1.8051 -1.517 1.701 1.1653 1.1317 -0.85774 -0.37138 -2.518 1.6502 2.1507 0.32365 -0.15702 1.2849 -0.65918 -0.67989 -1.851 1.4083 1.6714 0.38533 -2.0569
2.5185 -1.5735 -2.1461 -0.4062 -0.15751 -0.36705 0.39046 -0.15213 1.8699 1.1222 -1.2468 -1.2779 1.2771 -0.28689 0.94766 -0.29614 0.12187 -0.024598 1.0269 -2.1631 -1.7769 0.45401 1.9798 1.3346 -0.96142 -1.0897 -2.6562 1.513 2.7002 0.082312 -0.56706 0.5237 0.31329 0.62492 -2.564 0.36142 0.19888 1.0341 -1.6953
2.0524 -1.4069 -2.1874 -0.67561 0.52815 -0.37303 0.14415 -1.6521 2.1864 0.4499 -0.57011 -0.60519 1.2978 -1.2937 1.6739 0.94999 1.02 -0.086758 1.7821 -1.8625 -1.3841 -0.77997 1.5881 1.147 -0.24076 -1.9231 -2.2932 1.1726 2.8456 0.62549 -0.15486 0.079798 1.0425 1.3687 -2.2974 -0.95049 -0.83279 1.1695 -1.2495
2.0436 -0.75763 -2.1953 -0.22282 -0.2192 0.017476 -0.45392 -0.65702 1.4487 1.4935 0.10508 0.69198 0.62292 -2.2684 2.0397 2.0506 1.1004 -0.13395 1.4618 -1.2132 -0.22306 -1.8393 0.59662 0.45334 0.1799 -2.177 -1.247 0.39352 2.2984 1.0684 0.34931 -0.30289 1.7062 1.8811 -1.3614 -1.7493 -0.95451 0.69681 -0.42688
0.81622 0.19085 -1.7018 -0.618 -1.1338 -0.3648 -1.5868 -0.86933 1.3941 2.216 -0.48248 0.7707 -0.41216 -2.4114 1.7778 2.4452 1.6305 0.39284 1.2957 -0.30756 0.58811 -1.9844 -0.25134 -0.056099 1.0401 -2.1241 -0.24476 -0.54684 1.114 0.55911 0.60501 -0.95958 1.8555 1.5462 -0.27055 -1.7791 -0.73837 -0.45722 0.57109
-0.4733 0.60208 -0.14111 0.91225 0.27477 1.604 -0.30599 -0.31096 0.25266 0.76126 -0.93635 -0.31318 -1.0759 -2.0602 1.6054 2.7837 1.8947 0.43819 0.71283 0.2945 1.1939 -1.7809 -0.93797 0.063292 -0.13386 -1.7707 0.83149 -1.1414 -0.41783 0.11615 0.77828 -0.9974 1.5427 0.89705 0.49918 -1.0892 -0.10619 -1.0392 1.2683
-0.29465 0.93934 0.55901 0.7225 -0.22744 1.1929 -0.33188 0.31361 0.22773 1.4191 -0.92815 -0.10897 -1.0367 -1.8453 0.90666 2.4416 1.7205 0.83623 0.33136 0.90269 1.1618 -1.3214 -1.5464 -0.096783 -1.0585 -1.0699 1.324 -1.3379 -1.5544 -0.87773 0.48978 -1.3342 0.63854 -0.10239 1.1919 -0.18505 0.15484 -0.74703 1.6521
-0.18594 0.48 0.35273 1.3444 0.94468 0.44157 0.087017 -0.13116 -0.86615 0.19151 -0.69955 0.86905 -0.96764 -0.97511 0.4198 1.3634 1.3005 1.1966 0.045749 1.1058 1.3829 -1.0426 -1.1642 0.30429 -0.97736 -0.36387 1.1847 -1.5049 -2.5445 -1.8446 0.49346 -0.86649 0.25029 -1.0572 1.4878 0.40733 0.17271 0.44997 1.7065
-0.45786 1.1959 1.0666 1.3976 0.30665 0.1335 -0.13347 0.47435 0.13232 -0.45725 0.32812 -0.69395 -1.0745 -0.45146 -0.038864 0.57658 0.25967 0.99444 -0.9193 0.49096 0.29023 0.25093 -0.58946 0.17817 -0.12629 0.21952 0.83823 -1.0794 -2.3669 -2.5271 0.10176 -0.096551 0.051404 -1.5613 1.4856 0.93799 0.084831 1.2767 1.4143
-1.1161 0.6958 0.80169 1.5221 0.2735 0.6791 0.031194 1.1832 -0.29687 0.084798 -0.63867 -0.88532 -1.172 -0.51656 -0.63227 -0.50893 -0.90394 1.3472 -0.30728 0.96599 -0.57622 0.66796 -0.58539 0.31645 0.3455 0.73195 0.28655 -0.77485 -1.6088 -2.4884 -0.35747 0.16625 0.14099 -1.6947 1.0351 0.89529 -0.26934 1.8126 1.0217
-0.77769 1.0145 0.30422 1.1819 1.1076 0.68559 0.069132 1.3969 -0.54466 0.75332 -0.37802 -0.64609 -1.0845 -0.48549 -0.51117 -0.55196 -2.02 0.97317 0.34908 1.0599 -1.1219 1.0538 0.14393 0.11131 0.97531 0.99137 0.077828 -0.34415 -0.65315 -1.7121 -0.6384 -0.10835 0.34081 -0.95281 0.44932 0.64062 -0.44519 1.3059 0.59492
-0.81288 0.40497 1.0749 0.9932 1.6106 0.16735 0.29661 -0.72499 1.1304 -0.032621 -0.8678 0.3813 -0.52574 -0.40645 -0.73921 -0.74168 -2.3279 0.50987 -0.23981 1.079 -1.4541 0.82622 0.35643 -0.15928 2.3016 1.1364 0.14683 0.01214 0.2538 -0.18439 -0.79873 -0.78452 -0.068204 -0.34183 -0.22267 0.53103 -0.83158 0.38132 0.075693
-0.87912 -0.37948 -0.6909 -0.74434 1.7903 0.62252 1.1586 -0.88926 0.60645 -0.099366 0.16671 0.91906 0.17548 -0.34737 -0.60464 -0.3873 -2.3023 0.15926 -1.1346 1.0723 -1.2578 1.1937 0.2757 -0.43408 1.6528 1.1175 0.29193 0.13563 0.25756 1.3213 -0.69832 -0.69866 -0.25487 0.22275 -1.2232 0.50404 -0.95352 -0.63828 -0.48669
-1.0496 0.47429 0.32278 -0.95282 1.4682 0.92509 1.0022 -1.1605 0.68803 0.33385 -0.201 1.3815 0.020252 -0.29672 -0.56292 -0.16347 -1.0962 0.18273 -1.0526 0.81956 -1.2138 0.18779 0.44757 -1.0368 0.80697 0.81295 0.65701 0.36844 0.47358 2.4321 -0.80904 0.020358 -0.36015 0.78491 -1.6306 0.85135 -0.6178 -1.6518 -0.93276
-1.345 0.13491 0.21928 -0.79906 0.28676 -0.45449 0.7552 -0.55684 0.9296 0.47072 -0.40149 2.0022 0.045462 0.021399 -0.35423 -0.40704 -0.07097 -0.23579 -0.5659 0.69427 -0.76345 -1.1695 1.1388 -1.3208 0.3647 0.26155 1.1565 -0.25851 -0.31079 2.4449 -0.64565 0.47847 0.10301 1.2111 -1.3266 0.66478 0.27816 -1.3511 -0.51784
-1.4109 -0.10711 0.33497 -0.94857 1.1502 -0.90552 1.2257 -0.26325 1.5262 0.78303 -1.6813 0.41464 0.18866 0.65743 -0.19991 0.061402 1.2593 -0.88447 -0.45723 0.57244 -0.04363 -1.4031 1.7171 -0.91265 -0.5576 -0.1486 1.5767 -0.6451 -0.81379 1.2884 -0.32967 0.18966 0.66995 1.4037 -0.18061 -0.3952 1.0449 -0.99653 0.38245
-0.86878 -0.086559 0.17746 0.35512 2.2461 -0.18129 1.021 -1.8123 -0.50479 1.03 -1.7538 0.63554 0.15243 1.3631 -1.2511 -1.0107 1.2475 -0.57536 -0.48083 1.3813 0.70865 -0.77369 1.0293 0.10622 -0.53167 0.64939 1.3473 -0.8738 -1.1607 -0.19501 -0.22134 -0.51618 0.58612 1.4227 1.0947 -1.8257 1.0172 -0.61103 1.1566
-0.673 -0.39127 -0.32249 0.074631 0.88119 0.26817 1.5274 -2.1403 -1.0286 1.5974 -1.8005 1.6508 -0.030041 2.0102 -1.2759 -1.209 0.74612 -0.28981 -0.70131 1.74 1.0057 -0.33072 -0.40386 0.39171 -0.86104 1.328 0.61693 -0.67437 -1.3564 -1.6326 0.047208 -1.0656 -0.061055 1.3542 1.9151 -2.5853 0.27708 -0.36012 1.3334
0.079769 -0.1712 -0.10384 0.5391 -0.33899 0.12417 1.7164 0.1436 -0.91303 2.6782 -0.16173 0.062438 -0.13324 1.8914 -1.3897 -1.696 -0.1682 -0.96086 -1.4129 1.2149 1.7072 0.69163 -1.8034 0.11339 -0.78381 1.6578 -0.23843 0.16668 -0.61136 -1.6438 0.48909 -1.1529 -1.1765 0.90317 1.936 -2.1675 -0.63577 -0.8829 0.68452
0.61254 -2.0685 -1.2907 0.14462 0.74417 -0.74057 2.6986 0.72847 1.0319 0.88235 -0.017294 1.1831 1.546 1.5662 -1.3448 -1.8455 -1.1538 -0.58754 -2.0211 0.52897 2.3089 2.0101 -2.5135 -0.31602 -1.2007 1.8074 -1.0562 0.52503 -0.23315 -1.102 0.93917 -0.55968 -1.8874 0.014568 1.2947 -1.0514 -1.1856 -1.1285 -0.10297
1.2136 -1.4274 -1.0564 -0.2149 0.77637 -1.9608 2.6184 0.55888 0.64856 -1.0095 -1.1354 -0.073863 1.9644 1.1495 -0.91564 -1.7032 -0.94497 0.55295 -2.0194 -0.26169 1.9628 2.2464 -2.6584 -0.77272 -2.2375 1.6749 -1.3193 1.0684 0.6133 -0.18186 1.0814 0.63272 -1.9122 -0.78216 0.056101 0.5941 -0.91174 -1.1926 -0.96066
0.74544 -1.8119 -1.9682 -0.9615 0.15089 -1.9873 1.9118 1.2781 1.6075 -1.5657 -2.369 -0.55295 1.8618 0.40781 -0.56632 -1.5872 -0.96506 0.82425 -1.4511 -1.1225 0.91988 1.7155 -2.303 -1.5021 -2.5297 1.1345 -1.2502 1.0172 1.2672 0.57783 0.37825 1.4281 -1.1306 -1.0317 -0.89041 1.8366 0.11164 -0.1878 -1.3149
1.0943 -1.7761 -2.1619 -0.95226 1.1052 -1.7066 1.3832 1.2638 1.6993 -1.1425 -1.6371 -0.30092 1.906 0.0024789 0.14658 -0.79956 -0.5911 0.486 -0.4486 -1.6073 0.77259 1.0228 -0.67327 -1.0805 -2.6505 0.22985 -0.81384 0.69518 1.766 0.68512 -0.68417 1.2802 0.22008 -0.8562 -1.2509 2.1566 1.4741 1.32 -1.0933
1.0136 -1.4828 -2.1879 -0.41359 1.209 -1.8166 1.5221 1.6092 2.0478 -0.86912 -1.5833 -2.105 1.9469 -0.19851 -0.042721 -0.18446 -0.197 0.20585 -0.021536 -0.95946 0.75144 0.78852 0.419 0.1059 -1.3986 0.11327 -0.23455 0.32268 1.7462 0.67426 -1.6114 0.65618 1.4161 -0.72622 -1.2385 1.7211 2.3134 2.2105 -0.56514
0.69401 -1.7242 -2.3635 -0.73245 0.89311 -1.9179 0.88888 1.5485 1.8834 -1.1567 -2.0395 -2.8456 1.9498 -0.064887 0.075699 0.53751 0.011254 -0.48238 -0.23461 0.064938 0.26263 0.10818 0.59819 1.4271 -0.015998 0.17696 0.12519 0.012507 1.2061 0.1953 -2.0087 0.1124 1.5089 -1.2726 -1.2706 1.0781 2.301 2.267 -0.081585
0.85593 -1.6322 -1.9626 -0.86921 1.2686 -1.6554 1.0941 1.839 2.3386 -0.70951 -1.8761 -1.8751 1.9987 0.013231 0.051178 0.65351 0.053115 -1.8727 -0.26346 0.7247 -0.3369 -0.40238 0.73626 1.9333 0.82484 0.12494 0.17897 0.27351 0.9067 -0.3283 -1.8888 0.1198 0.37309 -1.8468 -1.1493 0.88818 1.4991 1.0586 -0.078483
0.83555 -1.6484 -1.3524 -0.77425 0.47991 -2.1548 1.5953 1.9209 1.8531 -0.62793 -1.0267 -1.201 2.0903 0.14482 0.1229 0.79272 -0.31871 -2.4428 -0.082986 0.4103 -1.341 -1.0253 1.4512 2.67 1.0292 0.078468 -0.22241 0.53934 0.91353 -0.75132 -1.1548 0.41667 -1.0102 -1.9809 -0.67379 0.51817 0.29909 -0.41306 -0.19973
0.81474 -1.6608 -1.467 -0.95565 -0.49152 -2.1776 2.0053 1.4448 1.6417 -0.61975 0.41201 -0.051803 2.0843 0.045971 0.42715 1.2013 -0.64241 -2.5445 0.1616 -0.43293 -2.3088 -1.0299 1.8645 2.5385 0.31254 0.022676 -0.65181 0.93536 1.2909 -0.81024 0.066805 0.59668 -1.8424 -1.5994 -0.2133 -0.37723 -0.72285 -1.0411 -0.33513
1.1888 -1.5522 -1.6266 -0.52446 -1.5261 -1.8754 2.0933 0.52076 1.0734 0.16119 0.85324 -0.51636 2.0233 -0.48668 0.86008 1.7884 -1.0656 -2.4232 0.38501 -1.2884 -2.8947 -0.94972 1.1051 1.769 -0.64105 -0.13503 -0.89622 1.1135 1.4946 -0.34388 1.2916 0.55665 -1.8914 -0.6052 0.2209 -1.6081 -1.7691 -0.65247 -0.51473
0.98435 -1.2938 -1.2069 -1.1801 -1.6683 -1.8271 1.123 -0.66393 0.52205 1.443 1.4378 -2.1452 2.0295 -0.8839 1.3684 2.3079 -1.1115 -1.7394 0.68228 -1.9412 -2.9033 -0.83041 0.042036 0.97621 -0.5506 -0.38078 -0.94914 0.83237 0.99065 0.19589 2.2699 0.27486 -1.3478 0.58021 0.40725 -2.3937 -1.9681 0.4573 -0.62971
0.56885 -0.99337 -0.30337 -1.8825 -1.7666 -1.6027 -0.091281 -1.6819 1.0459 1.276 0.55935 -2.2425 1.9971 -1.0627 1.659 2.7304 -0.72457 -0.27614 0.75911 -2.4439 -2.3017 -0.58988 -1.1693 -0.057364 0.072775 -0.66301 -0.60535 0.35067 -0.089126 0.86756 2.6329 -0.087133 -0.4667 1.7271 0.44729 -2.322 -1.397 1.5419 -0.66409
-0.068788 -0.21474 0.92346 -2.1368 -1.878 -1.4353 0.19338 -1.7996 1.1206 -0.20789 0.53598 -1.7867 1.8004 -1.438 1.5279 2.3833 -0.41436 0.88881 0.5329 -2.4295 -1.377 -0.27756 -2.2308 -0.45653 0.91664 -0.86828 -0.11179 -0.19516 -1.0764 1.2339 2.1453 -0.1665 0.34444 2.3512 0.063009 -1.4286 -0.56056 1.646 -0.62887
-0.2531 0.33779 1.3469 -1.7029 -2.1439 -1.4884 0.049177 -1.9455 0.3468 -1.1567 1.1277 -0.58733 1.5045 -1.3352 1.4128 1.6083 0.27724 1.4885 0.31909 -1.9425 -0.02404 -0.20854 -2.8355 -0.27606 1.882 -1.1095 0.5232 -0.65111 -1.8182 1.0607 1.0735 0.28209 0.45133 1.9463 -0.35982 0.017571 0.028931 0.93913 -0.49692
-0.13468 0.51927 1.4379 -1.282 -0.62437 -1.1726 -0.70011 -1.8814 0.60093 -1.741 0.48839 0.035728 1.1426 -0.9451 1.1407 1.085 0.78422 1.6383 0.60843 -1.5471 0.90069 -0.82246 -2.268 0.0037881 2.0219 -1.3109 1.0166 -0.74609 -1.8153 0.56356 0.32326 0.76204 0.49871 1.097 -0.38117 1.1931 0.10488 -0.27375 -0.25284
-0.84495 0.29598 0.94809 -1.3556 -0.31168 -1.3726 -1.0905 -1.7541 0.62586 -1.793 0.41342 -0.63228 0.99286 -0.31253 0.68043 0.362 0.73939 1.4862 1.2936 -2.037 0.653 -1.0199 -1.1633 -0.18559 1.501 -1.3521 1.0167 -0.6762 -1.4132 -0.11101 -0.12004 0.69709 0.60758 0.19571 -0.1994 1.6762 -0.073962 -1.2252 0.17045
-0.88788 0.83984 1.0914 -1.3364 -0.036402 -1.4843 -1.3978 -0.5813 0.50151 -2.2196 1.0483 0.042722 0.63643 -0.024774 0.55078 -0.0062046 0.46083 1.541 1.5446 -1.4441 0.59676 -0.61988 -0.53495 -0.24733 0.5208 -1.2079 0.87985 -0.57824 -0.85503 -0.28278 -0.34097 0.30929 0.91667 -0.41105 0.29834 1.3988 -0.21036 -1.3172 0.59829
-0.70129 0.93436 1.9524 -1.0849 -0.27702 -0.49219 -1.4308 -0.37607 -0.47952 -2.1405 0.54361 0.70847 0.24785 0.12928 0.4903 -0.19016 0.24678 1.3101 1.2246 -0.84878 0.54981 -0.67046 -0.12433 -0.25518 0.032423 -0.84244 0.48009 -0.56692 -0.11284 -0.22014 -0.77906 -0.25029 1.1982 -0.48898 0.50928 1.0276 -0.1522 -1.0707 0.92737
-0.19736 0.84719 1.3925 -1.1692 -0.30367 0.38216 -2.2405 -1.6799 -0.58159 -1.9295 0.42695 0.43488 0.026464 0.50129 0.19477 -0.054807 0.50775 1.0616 1.2678 -0.40804 0.10156 -0.29704 0.18984 -0.33998 -0.038707 -0.45926 0.099747 -0.69873 0.24168 -0.17854 -1.1677 -0.86643 0.66378 -0.45773 0.54812 0.71576 0.086122 -0.45892 1.0157
-0.3303 1.177 1.0471 -1.0381 0.75841 0.021277 -1.407 -1.072 0.11101 -2.0685 0.68324 -0.22213 0.012861 0.34001 -0.16213 0.20445 0.31371 0.19341 0.97643 -0.28626 -0.11357 -0.031639 0.64809 -0.40104 -0.49242 -0.013945 -0.17074 -0.70769 0.45476 -0.27031 -1.3748 -1.1415 0.37001 -0.29071 0.41039 0.24533 0.12287 0.082469 0.85879
-0.45391 1.0621 0.90032 -1.1275 1.4035 -0.47344 -1.744 -0.61318 -0.20039 -1.903 0.057065 -0.29144 0.26649 0.070228 -0.38104 0.20411 0.10522 -0.20298 0.023386 -0.47316 -0.02017 0.2932 0.57759 0.042372 -0.19505 0.25291 -0.32857 -0.58814 0.3094 -0.60469 -1.6577 -1.1719 -0.006026 -0.25862 -0.21729 -0.13251 0.17662 0.45302 0.48053
-0.21874 0.5251 1.2827 -0.59086 0.52366 0.11231 -1.6181 -1.1982 0.22548 -1.5852 0.39027 -0.16815 0.37267 0.03655 -0.49597 0.44231 -0.050723 -0.77003 -0.32957 -0.12287 0.01236 -0.026625 0.16219 -0.1558 0.27823 0.38767 -0.079626 -0.34555 -0.08457 -0.54202 -1.5889 -0.78649 0.12646 -0.43634 -0.74971 -0.29785 0.20805 0.56651 0.021894
-0.42527 0.68469 2.1372 -1.1302 -0.78687 0.19161 -1.9719 -0.59206 -0.17419 -1.1466 0.50759 -0.12978 0.4434 0.047972 -0.69711 0.34649 -0.45244 -1.7295 -0.31442 -0.5117 -0.49243 -0.69829 0.095265 -0.064111 0.52791 0.22954 0.29005 -0.094219 -0.62336 -0.17409 -1.1404 -0.36284 0.48684 -0.50029 -0.97977 -0.092332 0.1004 0.13391 -0.27713
-0.45714 0.40406 1.812 -1.1082 -0.34061 -0.35606 -2.4061 -1.0429 -0.14231 -1.5268 0.75664 0.67754 0.36867 0.21421 -0.62587 -0.0015847 -0.42923 -2.1799 -0.34564 -0.036922 -0.78121 -1.0694 0.19382 0.1138 0.33825 0.042753 0.59824 0.056945 -1.2783 0.62477 -0.2344 -0.29841 0.80613 -0.2285 -0.44746 0.35972 0.64643 -0.14698 -0.4052
-0.064029 0.37004 1.3916 -1.2671 -0.47268 -0.1982 -1.7409 -1.6135 -0.48888 -2.1608 -0.021082 0.36212 0.52601 0.53961 -0.48508 -0.60466 -0.019099 -1.7462 -0.64155 0.39947 -0.66129 -1.2092 0.31122 0.15302 0.051445 -0.08029 0.84723 0.14558 -1.3017 1.2806 0.64528 -0.13118 0.94287 0.56149 0.23115 0.63964 0.85965 -0.04681 -0.29821
-0.42833 0.10143 1.2687 -1.6843 -1.3106 -0.58844 -2.0817 -1.5512 -1.1418 -1.6815 0.55772 0.15305 0.31185 0.92847 -0.49866 -1.2019 0.9567 -1.2153 -0.71455 0.9445 -0.37106 -0.66047 0.78222 1.0775 0.19844 -0.19891 0.87688 0.19673 -1.0048 1.4254 1.301 0.064884 0.23075 1.0192 0.8173 0.81282 0.67453 -0.19004 -0.24092
-0.0013207 0.034716 1.1724 -1.2203 -2.0137 -0.51615 -1.6013 -1.8107 -1.5806 -1.0491 0.44146 0.034429 0.36624 1.2968 -0.4977 -1.212 1.3411 -0.92298 -0.35562 0.78066 0.49158 -0.34577 1.135 1.2241 0.49182 -0.19409 0.60806 0.48103 -0.53765 0.95286 1.8323 0.59976 -0.43758 0.78149 1.0955 0.85792 0.15075 -0.078952 -0.24674
0.60909 -0.034079 0.88881 -0.42394 -1.9774 -0.52289 -1.285 -1.7077 -1.2127 -0.88837 0.9032 0.013181 0.27688 1.4973 -0.26441 -1.3628 1.6558 -0.0038419 -0.33569 0.20093 0.79151 0.3051 1.4908 0.97659 -0.2911 -0.33932 -0.051615 0.89567 -0.16617 -0.12523 2.1864 0.88378 -0.88979 0.3538 0.71059 0.3549 -0.46322 0.093518 -0.33711
0.78377 -0.035798 0.3871 0.17398 -1.7309 -0.91006 -1.1063 -0.89193 -0.57995 -0.19526 2.6085 0.83969 0.14785 1.4114 0.26513 -1.4124 1.487 1.2881 0.35469 -0.071624 0.40794 0.70708 1.7634 0.55002 0.12218 -0.45978 -0.74834 1.0781 0.020747 -1.0033 1.9143 0.80946 -0.46175 -0.083412 0.070203 -0.053077 -1.0618 0.34857 -0.39889
1.35 -0.4024 0.14893 0.020071 -1.2264 -0.56152 -1.7271 -0.25197 -0.83829 -0.57709 1.5504 1.4246 0.23234 0.7869 0.73424 -1.3722 0.66424 2.0206 0.66437 -0.33243 0.42422 0.39186 1.1856 0.52821 0.57428 -0.68217 -1.0319 0.92704 0.48952 -1.5184 0.85069 0.91768 0.41905 -0.29279 -0.44306 -0.66296 -1.737 0.78183 -0.2842
1.6301 0.13965 -0.36764 0.24111 -0.67697 -0.70636 -1.8077 -0.8608 -0.35123 0.1262 0.7347 -1.3403 -0.046791 0.2576 0.9459 -1.167 -0.072805 1.8673 0.73494 0.1585 0.51168 -0.1752 1.122 -0.63998 0.79 -0.75255 -1.0306 0.48932 0.8003 -1.4607 -0.44355 0.49805 1.1066 -0.11854 -0.62076 -1.0662 -1.5819 0.39186 -0.085891
1.1971 0.77295 -0.32688 -0.019334 0.15485 0.20053 -1.9478 -1.6466 -0.51473 1.3395 1.3865 0.86005 -0.34417 0.1467 1.066 -0.66576 -0.46547 1.4023 1.2737 0.8725 0.13695 -0.13368 0.32568 -1.8726 1.0229 -0.71161 -0.60713 -0.17741 0.77396 -1.0975 -1.3421 0.1737 1.4069 0.062944 -0.31805 -1.1767 -1.2201 0.42136 0.28376
0.96655 1.1275 -0.55231 -0.29435 0.329 0.15297 -1.5414 -0.80043 -1.2548 -0.0056789 1.9378 1.3844 -0.55821 -0.19367 0.9815 -0.42914 -0.73818 0.72939 1.0393 1.4204 0.31436 -0.28878 -0.16535 -1.3822 0.72037 -0.59854 -0.052891 -0.76253 0.37278 -0.60298 -1.5827 -0.42032 0.96029 0.35514 0.041456 -1.2587 -0.2166 -0.41863 0.62178
1.0631 0.97093 -0.69381 -0.28627 -0.011261 -0.13639 -0.66243 -0.036745 -1.27 0.84218 0.13459 1.4684 -0.60826 -0.11633 0.39758 -0.44845 -1.094 -0.058218 0.8752 1.7025 0.66632 -0.16483 -0.76855 -1.5068 1.494 -0.23193 0.3441 -1.1037 -0.21291 -0.17537 -1.3875 -1.1153 0.085383 0.2085 0.13638 -0.66631 0.5499 -1.0265 0.83266
1.487 1.1659 -0.33261 -0.37992 -0.03422 0.86102 -0.37368 -0.66969 -0.29751 -0.35544 -0.71922 2.0099 -0.58515 0.30245 -0.092854 -0.65006 -0.89763 -0.52677 0.15025 1.5597 1.0033 -0.006938 -1.1063 -1.214 -0.33856 0.15734 0.61767 -1.1169 -0.49866 0.077175 -0.58257 -1.3395 -0.75556 -0.3088 0.093184 -0.22321 1.2134 -1.0339 0.89025
1.0625 1.101 -0.61166 -0.93368 -0.14325 0.41534 -0.60418 -0.11296 -1.2754 -0.42954 0.10094 0.47572 -0.55217 0.5585 -0.38445 -0.90353 -0.70179 -0.70731 -0.40754 0.95474 0.24122 0.080392 -0.6969 -0.80865 -0.62725 0.44852 0.27784 -1.0037 -0.61835 0.31343 0.17374 -1.6131 -1.2128 -0.8961 -0.020049 0.74248 2.0579 -1.0712 0.80445
1.282 0.82912 -1.15 -1.2562 -0.52299 0.52179 -0.08265 -0.29608 -0.53939 -0.24556 -0.62135 1.7809 -0.37701 0.6432 -0.63892 -1.025 -0.76423 -0.089335 -0.87803 0.34646 -0.10936 -0.14846 -0.73503 0.74916 -0.41421 0.70537 -0.13517 -0.95262 -0.14513 0.35912 0.53741 -1.2677 -1.3087 -1.2901 0.37628 1.3433 1.7805 -0.6128 0.73732
1.6065 0.73024 -1.2668 -0.92314 -0.36397 0.043695 -0.18406 0.46571 -1.0133 -0.48819 0.62272 0.243 -0.16139 0.24855 -1.1368 -1.2834 -0.5359 0.07789 -1.6977 -0.008363 -0.64542 -0.072463 0.6024 1.6877 -0.74235 0.98018 -0.4197 -0.95833 0.61778 0.46822 0.53442 -0.90316 -1.0453 -0.72004 1.0207 1.3326 0.69316 -1.29 0.66664
1.8325 0.5365 -1.7269 -0.965 -0.77557 -0.60777 -0.27965 -0.62889 -1.1737 -0.66531 -0.046308 1.0022 -0.004705 0.21604 -1.4321 -0.69567 -0.26782 0.1558 -1.6247 -0.45859 -1.2478 0.93576 1.1011 1.1568 -1.585 1.254 -0.64326 -0.83675 1.1477 0.42783 0.021114 -0.36277 -0.50365 0.18759 1.7153 0.96367 -0.86403 -1.4073 0.47438
1.9901 0.069644 -1.6231 -1.4062 0.32663 -0.65313 -0.27128 -0.45022 -1.1128 -0.52559 1.1722 1.3791 0.32328 -0.0043323 -1.7136 -0.035192 -0.027239 0.23937 -1.7504 -0.64168 -0.68834 1.778 1.219 0.42322 -2.7792 1.4065 -0.57659 -0.33965 1.4914 0.36091 -0.30455 0.39997 0.15966 1.5127 1.5032 -0.39156 -1.371 -1.1062 0.15665
1.1909 -0.62966 -2.0713 -1.233 -0.1488 -1.1787 -0.56831 -1.7879 -0.36426 1.2 2.015 0.15583 0.72075 -0.42717 -1.8572 0.26507 -0.17355 -0.11758 -1.5245 -0.30544 0.31695 2.6463 0.99206 -0.30973 -2.3814 1.3705 -0.22771 0.33959 1.2082 0.4111 -0.76791 0.85061 0.73816 2.3508 0.15479 -1.3513 -1.2612 0.20334 -0.34443
1.4325 -0.96087 -1.2829 -1.3478 -0.34798 -1.213 -1.0919 -1.6837 0.72332 1.069 0.68039 -2.0585 1.1309 -0.50129 -1.5354 0.72191 0.13316 -0.378 -0.94789 0.20828 1.7563 2.3402 -0.24133 -0.28824 -2.6924 1.2151 0.31674 1.2183 1.0066 0.30742 -0.70978 1.3365 1.1644 2.122 -1.2767 -1.5333 -0.95591 2.0396 -0.91655
1.5839 -1.5517 -1.0789 -0.98457 -0.29553 -1.6757 -0.54802 -0.031732 1.9967 0.80385 -0.37435 -2.0899 1.4096 0.049125 -0.90868 0.94051 0.46479 -1.0459 -0.35596 0.5101 2.4718 1.0489 -1.1445 -0.976 -1.2049 0.72012 0.4326 1.9877 0.63994 0.46237 -0.43256 1.3469 1.2977 0.84083 -2.6508 -0.59473 -0.24007 3.21 -1.5385
1.0377 -1.7589 -1.253 -1.3094 -0.74721 -1.8675 -0.29931 1.2879 2.1642 0.2104 0.4317 -1.4214 1.4424 0.36593 0.007733 1.3065 0.26684 -0.69172 0.27361 1.1551 2.6963 -0.07992 -1.0824 -1.1193 0.94276 0.048546 -0.32886 2.4115 0.4468 0.77672 0.40925 1.6036 0.48327 -1.0561 -2.834 0.48521 -0.1878 3.0351 -2.1234
1.2596 -1.4274 -0.81162 -0.90716 -0.8352 -1.3809 0.079929 1.8208 1.0741 -1.5306 0.71548 -1.8915 1.5162 -0.034516 0.95277 1.0426 0.67111 -0.80685 0.49299 1.6793 1.6219 -1.7287 0.074521 -0.33243 2.5884 -0.87476 -1.2108 2.282 0.53493 1.1881 1.4793 1.8154 -0.4796 -2.4416 -2.0887 1.0667 -0.045656 1.2612 -2.1669
2.1607 -1.1926 -0.53339 -0.79851 -1.2827 -0.95897 -0.082201 2.03 -0.21709 -0.91475 0.14223 0.071866 1.1683 -1.0651 1.879 1.4196 1.5466 0.32379 1.7516 0.5325 -0.022503 -2.2465 0.14881 -0.9433 1.8282 -1.8931 -1.6726 1.3331 0.20438 1.2327 1.6901 1.4738 -1.189 -2.6514 -0.50554 0.94984 -0.21647 -0.41745 -1.6373
1.567 -0.48531 0.027352 -1.1648 -0.81631 -0.94627 0.58387 1.5233 0.38372 0.94169 -0.27097 0.61272 0.759 -1.4995 2.2674 1.7792 2.1333 1.3871 2.438 -0.10144 -1.2783 -2.2549 0.49823 -1.1118 1.0148 -2.2947 -1.4988 0.18184 -0.041618 0.6687 1.6345 0.68213 -1.3631 -1.7163 1.1006 0.23104 0.059389 -1.6946 -0.62263
0.97778 0.32744 -0.11219 -0.16674 -1.53 -1.0983 1.0498 0.91014 -1.2772 1.5411 0.086435 0.95897 -0.14315 -2.034 1.7528 1.2838 1.93 1.5697 2.1745 -0.22675 -1.4032 -0.82992 0.71118 -1.1204 0.83903 -2.252 -0.52177 -0.8663 -0.91172 -0.59942 0.32997 -0.51862 -0.75077 -0.16039 1.6792 -0.006851 1.005 -1.7123 0.54913
-0.74528 1.0452 0.79935 1.2405 0.84091 0.88713 -0.69005 0.33016 -0.50497 -0.55486 -1.7255 -0.75298 -1.1735 -2.3557 1.3442 1.047 1.788 1.8185 1.6262 -0.54455 -1.2762 -0.026975 0.2428 -0.080774 -0.51086 -1.8373 0.47819 -1.4252 -1.3757 -1.5324 -0.63741 -1.4417 -0.43689 0.93011 1.7725 0.046821 1.1677 -1.2163 1.3387
-0.41487 1.2742 1.1861 1.0682 1.0287 1.151 -0.36754 -0.28727 -1.4746 -0.13665 -0.18809 -0.38512 -1.0454 -1.6053 0.78071 0.27545 0.58694 0.77235 1.1837 -0.68459 -0.34855 0.28272 0.21102 0.60312 -1.0402 -1.106 1.5147 -1.4019 -1.1643 -1.6265 -1.3659 -1.9184 0.075076 1.2437 0.9305 0.39497 0.94638 -0.24572 1.6697
-0.56425 0.43161 0.42582 0.67895 0.2584 0.60033 0.2673 0.52727 0.3469 0.04056 -0.86329 0.599 -0.99398 -0.80182 0.1866 0.0017293 -0.12321 0.53392 0.17733 -0.71409 0.1566 1.0308 0.79899 0.41507 -0.6269 -0.39785 1.4535 -1.3481 -0.8537 -1.3053 -1.4023 -1.8188 0.36604 0.88396 0.63518 0.23872 0.30538 0.93505 1.5714
-0.94474 0.96188 0.92542 0.92211 0.84733 0.25003 -0.39246 0.1558 -0.19496 0.80481 0.53797 -0.50778 -1.14 0.050225 -0.19325 -0.12363 -0.22351 -0.48291 -0.77746 -0.0096647 0.50042 0.68864 1.2374 0.57583 0.37003 0.1078 0.71596 -0.89514 -0.35181 -0.3085 -0.19647 -1.2425 0.39272 -0.12477 0.0086971 -0.46169 0.28478 1.204 1.1834
-0.61853 1.0916 0.040506 -0.63291 -0.66228 0.4257 -0.017008 1.2046 0.0018507 1.7236 0.49263 -0.9822 -0.91072 -0.43748 -0.59665 -0.16713 -0.29778 -0.32084 -0.87744 -0.1962 0.16475 1.1881 0.19571 0.58992 0.75623 0.45428 -0.16564 -0.36774 -0.065514 -0.034371 0.44578 -0.3728 0.7909 -0.76904 -0.61659 -1.5563 0.10628 0.641 0.77577
-0.64119 0.84012 0.50159 0.84708 0.5863 -0.16753 -0.68642 0.61155 0.25292 1.4927 -0.679 -0.12205 -1.1057 -0.42837 -0.43953 -0.21931 0.10193 0.82124 -0.66036 -0.20697 -0.6029 0.28693 -0.53745 1.1314 0.80963 0.65195 -0.87694 -0.042413 0.19714 -0.20262 0.68068 0.13856 1.2317 -1.2944 -0.38748 -1.5403 -0.04071 -0.10683 0.4849
-0.48912 0.68723 1.1489 1.3501 0.40222 0.38968 -0.42338 0.74574 -0.01134 0.54773 -0.55573 0.36782 -0.94056 -0.8612 -0.352 -0.053588 -0.33057 0.77552 -0.57341 0.87854 -0.89331 -0.018127 -1.7333 0.39455 0.50312 0.76338 -0.66679 0.17894 0.19604 -0.74602 -0.14409 0.54078 1.7761 -0.98524 -0.26588 -0.6683 -0.046425 -0.55025 0.33871
-1.5083 -0.20361 0.52119 0.028989 0.3131 -0.18811 -0.18216 -0.13361 1.2609 -0.24825 1.3367 1.2013 -0.15978 -1.3741 -0.39124 0.15317 -0.57559 0.32785 -0.6343 1.7854 -1.6741 0.5303 -1.1831 0.63561 0.26354 0.85091 -0.32623 0.11534 0.02453 -0.81946 -1.0334 0.65944 1.303 -0.26836 0.21328 0.17104 -0.15714 -0.94716 0.0066943
-1.1546 0.35397 -0.10491 0.75896 1.9052 -0.3147 -0.1297 -0.48085 0.0137 -0.024194 1.4201 0.67997 -0.29854 -1.2056 -0.29769 -0.021632 -1.3735 -0.34889 0.18132 2.1756 -1.3547 0.56411 -0.9788 0.78842 -0.14232 0.98324 0.94864 0.36988 -0.081498 0.16406 -0.96211 0.95476 -0.25833 0.4192 -0.20605 0.92874 -0.56207 -0.78939 -0.60507
-2.1347 1.0119 0.92377 -0.41241 0.77804 -0.30858 1.0565 -0.50912 -0.5873 -1.2419 0.15981 -1.015 -0.29541 -0.8568 -0.25816 -0.18873 -0.93243 -0.65288 0.26318 1.6125 -0.92366 0.51469 -0.5951 0.66274 -0.87934 0.55904 1.82 0.37812 -0.053528 1.1584 -0.50818 0.9564 -1.9583 1.2237 -0.52965 0.73968 -1.1967 -0.354 -1.0894
-2.32 0.20895 0.50748 -0.74285 -0.6618 -0.41663 1.8809 -1.5125 1.7302 1.1567 0.69539 0.059876 0.082996 0.67678 0.24855 -0.012375 0.18516 -0.62916 0.84899 0.46307 -0.37788 -0.38512 -0.067508 -0.70383 -0.6032 -0.20026 2.0295 0.32787 -0.076553 1.9389 0.11611 0.42831 -3.0977 1.3865 -0.57763 0.62962 -1.4749 0.026299 -1.3394
-1.7752 0.088085 0.76828 -0.27889 0.3762 0.74033 1.2175 -0.8797 0.96004 -0.71276 0.62215 0.54074 0.27706 1.1198 0.017572 0.065313 0.89627 -0.52793 0.90616 -1.094 0.41554 -0.059537 -0.088253 -0.97739 -0.26223 -0.5589 1.4971 0.43506 0.09664 1.6201 0.5958 0.028678 -2.6184 1.3712 -0.87201 0.22985 -1.3652 0.1178 -1.113
-1.7499 -0.03441 0.41184 0.22872 -0.17474 0.28553 0.82309 -0.5213 0.75876 -0.82193 1.64 -0.77738 -0.21098 1.6352 0.15586 -0.27017 1.4658 -0.17069 0.71447 -2.3741 0.89524 -0.31549 0.080042 -1.3093 -0.40213 -0.91971 0.099555 0.27953 -0.10122 0.59726 0.6091 -0.3229 -1.0649 0.6677 -0.47744 0.36732 -0.85216 -0.243 -0.59731
0.17828 0.94411 0.22069 0.64231 0.49195 0.62123 -0.069381 -0.80794 -0.61982 -0.016646 -0.36901 0.42814 -0.82175 1.492 0.5727 0.10663 1.5671 0.30871 0.41344 -1.9602 1.3271 -1.3142 -0.22198 -1.732 -0.73747 -1.1261 -0.91241 0.2494 0.012373 -0.14886 0.7564 -0.19344 0.81864 -0.25164 -0.62036 0.42491 -0.68649 0.050772 -0.029125
-0.54215 0.53402 0.54662 1.3926 0.80031 0.49574 -0.99928 0.42895 0.21826 -0.35102 -0.52432 -0.53016 -0.99961 0.69065 0.4753 -0.19556 1.0209 0.16969 0.49951 -1.14 0.5782 -0.71096 0.74382 -1.9938 -0.88683 -1.0119 -1.6486 -0.66987 0.23523 -0.82993 0.096014 -0.11454 2.2038 -0.88856 0.014026 0.33155 0.46083 0.40495 0.89032
-0.53879 0.87917 0.54554 0.60381 -0.63275 0.43439 -0.84804 0.34172 0.23462 -0.26771 -1.3789 -1.3981 -1.099 -0.11089 0.30789 0.054354 0.85372 0.81081 0.66776 -0.1643 0.057682 -1.1196 0.44898 -1.9698 0.080664 -0.56173 -1.1388 -1.5083 0.021377 -1.1945 -0.78139 -0.3574 2.2347 -1.476 0.53591 0.23788 1.5955 0.81684 1.6569
-0.41661 0.81273 0.84641 1.2209 0.27567 0.47468 0.34918 0.54106 -0.54959 0.23897 -0.82306 -0.2314 -1.0526 -0.65069 -0.91778 0.15288 0.24655 -0.22088 0.39377 0.90951 -0.32232 -0.31859 0.4116 -0.22124 0.038999 0.44236 -0.23431 -1.5254 0.19931 -0.88544 -1.0098 -0.65821 1.4196 -1.2219 0.46902 -0.085275 2.1717 0.78181 1.7718
-0.98614 0.64333 -0.011899 0.9708 0.75437 1.5924 -0.26177 -0.54768 -0.048597 0.32656 -1.5255 -1.0221 -1.1506 0.034016 -1.4473 -0.026267 -0.32332 -1.0331 -0.19615 1.2554 -1.3069 -0.30394 0.4084 0.62933 0.52163 1.2027 0.34341 -0.99518 -0.0013692 -0.97089 -1.412 -0.91008 0.097744 -0.84305 0.81707 0.3996 2.2173 0.25306 1.2454
-1.2683 0.78951 0.59551 1.6464 1.4491 0.87067 0.18565 -0.53275 -1.8749 -0.23381 -1.565 0.26575 -1.1298 0.1904 -1.3944 0.18194 -0.073395 -0.8979 -0.31183 0.84005 -1.2909 -0.054856 0.52885 1.1113 0.54056 1.3733 0.28158 0.19344 0.31386 -0.59627 -0.85238 -0.98182 -0.61926 0.25918 0.53007 0.17979 1.5035 -0.1814 0.25884
-0.58065 -1.2285 0.70378 0.77218 -0.90382 0.7065 0.54238 -0.56452 0.1504 0.63838 -0.013367 -0.13732 0.19041 0.12713 -1.2459 0.043319 -0.83358 -1.637 -0.70905 0.045872 -1.2149 0.55423 1.2047 1.8601 0.3586 1.2709 -0.52811 0.89559 0.37666 -0.35184 -0.31281 -0.91143 -0.795 1.293 0.32575 -0.48 0.86706 -0.7974 -0.65334
-0.17738 -1.3424 0.48854 0.47302 -1.5837 -0.18231 0.34181 -1.6185 0.029279 0.12672 0.21993 -0.45645 0.63764 -0.15496 -0.66923 0.64572 -0.62452 -1.5967 -1.2179 0.32582 0.18666 0.44636 0.35198 2.2263 -0.27035 0.88966 -0.55587 1.1385 -0.36382 -0.1276 0.44872 -0.35731 -0.55672 1.734 -0.21654 -1.1811 -0.25114 -0.48257 -1.2061
-0.4504 -0.2288 0.93483 0.9798 -0.73558 0.5901 0.36219 -1.1847 -0.34813 0.89265 -0.15419 -0.42425 0.14882 -0.77358 -0.19569 0.3739 -0.70347 -1.2926 -1.4753 -0.010202 0.67771 0.20403 -0.5929 1.8567 -0.76761 0.2461 0.32982 0.5427 -1.0636 -0.030824 0.88267 0.29658 -0.37017 1.8211 -0.30612 -1.4763 -1.0266 0.38705 -0.84382
-0.88791 -0.72485 0.3569 -0.032658 -1.1374 0.1851 -0.060575 -1.4654 0.24542 2.4192 1.6715 0.35643 0.10311 -0.39171 0.13228 -0.58252 -0.36254 -0.17056 -0.59098 -0.20141 1.4112 -0.27691 -1.1798 0.65254 0.075319 -0.33067 1.5126 -0.4656 -1.9508 -0.56196 0.40565 0.2228 -0.57455 0.85096 0.23696 -1.2054 -1.2491 0.92289 0.19219
-1.629 -0.19394 1.4072 0.78103 -0.91165 -0.15719 0.51954 0.78354 -0.30689 -0.72693 1.1401 -1.5307 -0.13118 0.87849 -0.6682 -1.1054 -1.0024 -0.59096 -0.42223 -0.40515 2.0039 0.32781 -1.2758 0.62937 0.99807 0.33181 2.4777 -0.85592 -1.7232 -0.61235 -0.023273 -0.0060354 -0.48053 -0.077925 0.86172 -0.66624 -1.291 0.64348 1.061
-1.984 -0.53895 0.952 0.41856 -1.4026 -1.3952 0.29336 0.17497 -1.1943 -1.3687 1.1788 -0.63949 -0.23257 1.8761 -1.271 -1.8525 -1.5352 -1.1333 -1.2866 -0.58012 1.3198 0.95382 -1.9666 0.37562 0.79328 1.2054 2.1567 -0.44772 -0.93177 -0.47034 -0.1461 -0.30682 -0.64962 -1.2324 1.4009 0.57445 -0.82801 0.025183 1.1288
0.17111 -1.4601 -0.93563 0.13445 -1.3631 0.67279 0.13989 0.96617 0.32586 -0.39816 0.37225 0.51844 0.18305 2.7644 -1.0353 -1.8506 -1.2743 -0.84668 -1.1115 -0.74541 0.57142 1.4895 -1.6924 -0.55338 0.22848 1.4367 0.57077 1.0602 0.33216 0.61167 0.86939 0.14527 -0.59114 -1.6914 0.96157 1.3493 -1.1165 -0.45173 -0.16546
1.6089 -2.0947 -0.70434 -1.0745 -2.34 -0.49147 -0.37334 1.177 0.78413 -0.53496 1.4406 1.3037 1.4076 2.7337 -0.49002 -1.7534 -1.1104 -0.32141 -0.81113 -1.2775 -0.44587 2.1921 0.22134 -0.37491 0.50649 1.2004 -1.5665 2.4422 1.9481 1.5932 1.6791 1.0016 -0.01751 -1.2913 -0.55334 1.7142 -0.99525 -0.19078 -1.7738
1.2259 -1.7805 -1.345 -1.0871 -2.1634 -1.6074 -0.35989 0.16018 1.2044 -1.5537 1.1278 -0.10201 1.651 1.5358 0.85202 -0.59683 -0.015921 0.73583 -0.35186 -1.1914 -0.64929 1.8223 0.50029 -1.1934 0.17841 0.034338 -3.1158 2.6954 2.5555 2.1397 1.8391 1.8981 0.80345 -0.63813 -2.0802 1.4446 -0.84456 0.11267 -2.7648
1.8267 -1.4975 -1.0206 -0.76882 -1.7801 -1.1989 -0.60371 0.023723 1.8976 -1.0097 0.50478 -0.76484 1.3202 -0.44248 2.1858 0.76566 0.92374 1.4121 0.2951 -0.40091 -0.76682 -0.32753 0.59712 -1.259 0.40758 -1.3553 -3.18 1.9555 2.5456 2.0093 1.4608 2.5216 1.4041 0.064017 -2.9729 0.92787 -0.45752 0.41148 -2.5931
1.2296 -0.55277 -0.70707 -0.18687 -1.1011 -1.0246 -1.0156 0.16832 2.2276 -0.06884 0.62643 -0.19142 0.81052 -1.4939 2.4833 1.1448 1.8487 1.94 2.028 0.33416 -0.59511 -1.6196 1.1962 -1.7634 0.5095 -2.3724 -2.1144 0.44815 1.2816 1.0116 0.80372 1.9656 1.3203 0.35907 -2.5336 0.4046 0.50021 0.69849 -1.3048
0.46032 0.61515 -0.29719 0.45171 -0.29436 -0.67906 -1.006 -0.37182 1.2294 -0.30341 -1.1165 0.89955 -0.5523 -1.7184 2.218 1.6143 1.8463 1.9806 2.8954 0.62021 -0.32728 -2.3585 1.8312 -0.9648 1.205 -2.3669 -0.56081 -1.0813 -0.06986 -0.1173 -0.064849 0.51538 0.38568 0.33979 -1.0459 -0.45627 0.97625 0.25047 0.27976
-0.017088 1.3261 0.16244 0.52996 -0.21861 1.1432 0.042386 0.25649 -1.0516 0.29236 -0.33206 1.6638 -1.0171 -1.7893 1.644 1.1156 1.4914 2.0542 2.1708 0.79895 -0.10455 -2.4974 0.70839 -0.29224 1.2512 -1.858 0.68695 -2.2725 -0.58171 -0.834 -1.2325 -1.5276 -0.25349 0.13535 0.54605 -0.96592 1.2757 -0.91044 1.7234
-0.27864 0.81097 0.40658 0.91791 -0.18223 1.2308 0.064505 -0.091078 -1.1149 0.65818 -0.68591 0.62678 -1.067 -1.3365 0.65832 0.6699 0.89813 1.2372 1.2464 0.089862 -0.28801 -2.0534 -0.19733 0.0095796 0.55995 -1.0926 1.3798 -2.8582 -0.90888 -1.0081 -2.2637 -2.978 -0.57153 -0.1367 1.8717 -0.82726 0.54938 -2.1222 2.3227
-0.60064 1.1298 0.73007 1.0222 0.51045 1.3762 -0.076378 -0.49853 -0.97045 1.2717 0.28555 0.83268 -1.0147 -0.38027 -0.8301 0.65555 0.73904 -0.1189 -0.069537 0.10665 -0.31944 -0.54411 0.068924 0.35478 -1.102 0.16886 1.444 -2.2145 -0.54068 -0.83693 -2.5406 -2.5752 -0.38766 -0.074763 2.1302 -0.002566 0.075872 -2.2041 1.9386
-0.502 1.081 0.08396 1.0655 1.293 0.55613 -0.18653 0.19263 -0.77551 -0.63902 0.05176 1.219 -1.1117 0.18448 -1.6932 0.33883 0.30361 -1.4061 -1.7068 -0.13132 -0.49514 0.71812 0.30952 -0.14131 -2.1172 0.90168 0.7196 -0.88303 -0.20715 -0.60122 -1.7854 -1.1867 0.17291 0.056379 1.5647 0.52088 0.13731 -1.2664 0.99713
-0.77392 0.71811 0.23608 0.90404 0.099792 0.36492 -1.3856 -0.56982 -1.0576 -0.58128 -0.25831 1.0311 -1.0643 0.1783 -1.1689 0.38787 0.19925 -1.6457 -1.2972 0.16163 -0.14639 0.72113 0.39874 -0.020612 -2.0824 0.71964 -0.065535 0.098164 -0.52997 -1.0805 -0.65674 0.82243 0.74398 0.37594 0.62599 0.62563 0.64206 0.36289 0.25901
0.21794 -0.95033 1.1184 1.5139 -1.2892 -0.066909 0.19626 -0.60292 -0.10309 0.88804 -0.58337 -1.1247 -0.15999 -0.24986 -0.76235 0.46508 0.032303 -1.5253 -0.40338 0.38078 -0.24488 0.71297 0.71464 0.51684 -1.6373 0.47297 -0.28038 0.33761 -0.97148 -1.6168 0.68003 2.1012 1.2676 0.82675 -0.078949 -0.050589 1.3174 1.4332 0.18509
0.080159 -1.213 0.56244 0.70228 -2.2855 -0.79993 0.1335 -0.47911 -0.10095 1.4632 -0.43748 -1.5646 0.24702 -0.27353 -1.1179 -0.28301 -1.1835 -1.3495 0.89436 1.2553 0.35534 0.85691 1.17 1.3588 -0.5807 0.86489 -0.099395 -0.034382 -1.4007 -1.9855 1.6377 1.7643 0.8614 0.92474 -0.52456 -1.2199 1.2133 1.791 0.44969
-0.61498 0.39607 0.98363 1.3129 -0.89282 0.49788 0.061522 -0.1193 -0.31583 0.9244 0.044082 -1.2524 -0.74727 -0.10404 -1.1097 -0.93529 -2.0956 -0.19653 1.2822 1.7225 0.99944 0.54631 -0.2363 1.8582 0.15852 1.1746 0.48936 -0.29779 -1.2429 -1.2612 1.9592 0.93556 0.31349 0.93877 -0.88376 -2.0088 0.18013 1.0609 0.50687
-1.3562 0.50395 0.9894 0.93729 -0.42448 1.0572 -0.093089 -0.83288 -0.011156 1.1465 1.5204 -0.00073393 -0.72369 -0.068714 -1.0564 -1.2351 -2.5371 0.94447 1.2942 1.1189 1.1824 -0.24915 -1.8172 1.7888 0.80365 1.2016 0.87299 -0.26438 -0.6761 0.0051556 1.3211 -0.39298 -0.33682 0.65445 -0.94758 -1.6391 -0.82229 0.1087 0.14839
-0.43232 -1.7626 -0.93423 -1.1958 -1.3149 1.549 1.21 1.1062 0.50391 0.79842 1.603 0.76946 0.63359 0.58073 -1.3289 -1.1196 -1.697 1.2192 1.2308 1.0349 1.322 -0.55314 -2.1909 0.7074 -0.090947 1.2427 0.88403 0.34689 0.13314 1.215 0.22527 -1.1564 -1.0129 0.27197 -0.79885 -0.17864 -1.5415 -0.75477 -0.63627
-0.10004 -1.8315 -0.43173 -1.4135 -0.95411 1.0251 1.0599 0.82277 -0.27985 -0.91152 1.6312 -0.41748 1.1435 1.0385 -1.4839 -1.3093 -1.3513 0.57019 0.18891 0.94796 1.5781 -0.54851 -1.4516 0.32688 -0.23281 1.1088 0.36542 1.6364 1.0576 1.9466 -0.34278 -1.3083 -1.4282 -0.43205 -0.44688 1.4078 -1.2202 -0.97046 -1.5602
0.11334 -2.2156 -0.08623 -1.1272 -0.13689 0.74461 1.166 0.96504 -0.82157 -1.4639 1.3711 -0.90534 1.2509 1.0175 -0.27029 -0.67109 -0.3283 0.44751 -0.37033 -0.12925 1.3834 -0.94219 -0.8565 -0.46228 -0.92774 0.054001 -0.45888 2.4874 1.2512 1.8086 -0.42795 -0.80567 -1.4179 -0.93532 -0.13059 2.0753 -0.44389 0.089926 -2.0885
0.38275 -1.7124 -0.52129 -0.17297 -0.14784 1.3081 0.83334 1.4187 -0.91774 -1.0585 0.21292 -1.833 0.84576 0.41283 1.3632 0.30494 0.54687 0.66203 -0.40382 -1.0263 0.25692 -0.94269 0.51232 -0.032632 -0.83896 -1.0725 -0.8562 2.4948 1.279 1.3451 -0.23676 0.086245 -1.1727 -1.4551 0.26109 1.8966 -0.007879 0.82894 -1.8043
0.21677 -1.3482 -0.95006 -0.59593 -0.34152 0.94284 1.1242 2.2016 -0.50281 -0.023283 1.7623 0.060647 0.27864 0.043451 1.7294 0.1594 0.85671 0.33632 -0.00087166 -0.68572 0.032245 -0.57002 1.2688 0.039647 0.39555 -1.508 -0.7609 1.2721 0.75103 0.55155 0.0010693 0.22862 -0.2882 -1.436 0.50915 1.1711 -0.13137 1.119 -0.71774
0.1789 -0.41523 -0.32419 -0.5511 -0.46642 0.68169 -0.21414 1.5553 -1.2399 -0.11805 0.99147 -0.94783 -0.27796 -0.071721 2.0115 0.40789 0.66681 0.1675 0.19833 -1.015 -0.78683 -0.11383 1.5408 0.10393 0.85318 -1.4283 -0.34648 -0.014485 0.22982 0.2933 0.10568 0.011913 0.30329 -1.0152 0.35832 -0.11982 -0.97824 0.60005 0.30336
0.19973 0.12858 -0.077346 -0.95358 -0.25425 0.96497 0.22112 0.87363 -1.076 0.94231 1.9099 -0.90844 -0.30029 -0.15823 1.6981 0.53199 0.69489 0.70757 -0.20234 -0.69363 -1.0952 -0.20717 1.1137 -0.75052 0.58783 -1.0852 -0.13421 -0.65354 0.2187 0.056879 0.42405 -0.018221 0.35401 -0.55894 0.13656 -0.89395 -1.2501 0.2769 0.75443
-0.016789 0.13364 -0.16015 0.18198 -0.12296 1.0819 0.79364 0.97778 -1.2841 -0.01005 1.1758 0.11095 -0.54872 -0.12506 1.3535 0.50655 1.2139 0.69641 -0.25245 -0.45592 -1.2971 -0.29613 0.27985 -1.558 0.32805 -0.72055 -0.051344 -0.9877 0.0017811 -0.028602 0.31902 -0.10611 0.2819 0.37486 0.060196 -1.1601 -1.2202 -0.014184 0.72605
0.2152 0.66569 0.23314 -0.021624 0.11646 1.2496 -0.33848 -0.084901 -0.64851 0.93315 0.97897 -0.11864 -0.56335 -0.16946 0.88178 0.47949 0.71419 0.92249 0.21697 -0.30233 -0.8735 -0.12349 -0.086517 -1.5957 1.2373 -0.46788 -0.11434 -0.93055 -0.12044 -0.44675 -0.14214 -0.13822 -0.0028483 0.87715 0.19067 -0.78236 -0.1098 -0.29761 0.57134
0.096265 0.65093 -0.26013 0.47634 0.84366 0.59421 0.21314 0.6239 -1.2766 0.7453 -0.82979 -0.85079 -0.73435 -0.14986 0.64104 0.44288 0.62362 0.70262 -0.18857 -0.68489 -0.10002 0.036955 -0.42119 -1.8797 0.49152 -0.39515 -0.22329 -0.87755 -0.29953 -0.6316 -0.31647 -0.18436 0.21623 1.0948 0.31675 -0.3365 0.91687 -0.35586 0.40353
-0.016048 0.86441 -0.04361 0.67482 0.049852 0.438 0.19006 0.1555 -1.2903 0.045324 0.079882 0.41573 -0.81165 -0.34804 0.37861 0.36933 0.15161 0.4336 -0.47355 -0.59506 0.15742 0.096979 -0.28004 -0.76631 -0.13075 -0.19102 -0.26314 -0.68459 -0.35571 -0.14492 -0.28883 -0.089393 0.25615 0.521 0.5641 0.1689 1.4573 -0.54502 0.29386
-0.091395 0.94779 0.68399 -0.42147 0.86258 1.5913 -0.5621 0.16165 -1.3834 0.062452 -0.40637 1.0371 -0.83804 -0.44285 0.024853 0.069356 0.30094 0.32467 -0.23555 0.091277 0.49497 0.33304 -0.40249 -0.087793 0.25193 -0.11117 -0.2435 -0.55753 -0.45351 0.16057 -0.11268 0.12106 0.49936 -0.074886 0.55836 0.48428 1.3962 -0.091305 0.21524
-0.0085485 0.99616 0.37467 0.35719 0.51204 0.54514 -0.29506 1.1662 -0.72128 0.28719 -0.62119 -0.68579 -0.83803 -0.50497 -0.042693 0.080561 0.61811 0.55003 0.095479 -0.21366 -0.066832 0.99502 0.21908 0.47852 0.19656 -0.06402 -0.091421 -0.35167 -0.47827 0.39723 -0.26483 0.10785 0.56217 -0.27204 0.31196 0.57726 0.75438 -0.21659 0.037866
-0.55844 0.69207 0.20301 0.46905 0.45408 0.34384 -0.06065 0.73179 -0.99133 0.056322 0.56465 -0.39778 -0.72481 -0.51647 -0.15196 -0.16104 0.72095 0.43188 -0.2117 0.063814 -0.13355 0.84226 0.3269 0.3452 0.12768 -0.057584 0.13553 -0.14765 -0.032273 -0.0319 -0.39612 0.35288 0.18597 -0.35494 -0.21063 0.39924 0.055674 -0.40833 -0.047049
-0.30432 0.66471 -0.055859 0.61427 0.84485 0.9436 0.14493 0.73404 -0.2924 0.4503 0.17758 0.47352 -0.79056 -0.47034 -0.16578 -0.30494 0.72772 -0.1339 -0.2496 0.47756 -0.087485 0.57155 0.5542 0.57582 -0.53398 -0.14338 0.28093 -0.0088396 0.17284 -0.36968 -0.44169 0.33597 -0.017358 0.015245 -0.54222 -0.20483 -0.68031 -0.20916 -0.097471
-0.64046 0.78552 0.090453 1.35 1.5367 0.84512 -0.32809 -0.045222 0.1421 0.98464 -0.12941 0.0024426 -0.91889 -0.19252 -0.17885 0.21422 0.20625 -0.1073 0.64599 0.088928 -0.22775 0.16022 0.24351 0.019186 -0.25399 -0.15343 0.20695 0.11153 0.50993 -0.51026 -0.31732 0.4943 -0.26811 0.10603 -0.56785 -0.79573 -0.82066 0.044043 -0.03871
-0.66026 0.74992 0.18394 0.73441 0.33303 0.40937 -0.022369 0.18718 -0.57677 0.1209 0.43694 0.99131 -0.89308 -0.12588 -0.044431 0.1861 0.18542 -0.044586 0.34297 -0.26973 0.023655 0.2448 -0.2333 -0.6807 -0.062231 -0.1909 0.13774 0.19378 0.49942 -0.38953 0.092276 0.34633 -0.19252 0.045585 -0.60827 -0.95542 -0.78527 0.54361 0.068536
-0.64107 0.71611 0.24295 0.37257 0.29935 1.0517 0.17272 0.93136 -0.58877 1.1092 0.41402 -1.2987 -1.0325 -0.28675 -0.010971 0.4471 0.031456 -0.23064 0.47405 -0.08305 0.044687 -0.14024 -1.0525 -0.6306 -0.02189 -0.10042 -0.023683 0.19276 -0.019443 0.15605 0.52295 -0.11884 0.030111 -0.067264 -0.285 -0.28426 -0.40029 0.71445 0.087218
-0.25995 0.55722 0.72335 0.72603 0.51888 1.4368 -0.25988 0.7436 -0.54493 0.25618 -0.487 -0.76802 -0.91525 -0.15141 0.10011 0.41481 0.086867 0.12122 0.5327 0.18684 -0.11668 -0.51023 -0.91665 -0.63227 0.49365 -0.038984 -0.068518 0.13497 -0.061925 0.24254 0.3873 -0.38113 -0.14296 -0.42982 -0.3145 0.44305 0.15116 1.1186 0.10214
-0.87231 0.69912 0.030481 1.0252 0.94609 0.57391 -0.46179 0.5193 -0.040507 -0.34474 -0.52964 0.74653 -0.99735 -0.21149 0.096884 0.073306 0.5774 0.85632 0.3493 -0.092573 -0.28725 -0.0053338 -0.080813 -0.76498 0.97336 -0.064083 0.058655 0.11876 -0.17647 0.15293 0.10687 -0.52475 -0.31235 -0.15812 0.02008 0.93263 0.63519 0.68555 0.028763
-0.90721 0.77516 0.73547 0.84478 0.6557 1.6509 0.14179 0.34109 -0.50249 -1.0016 -0.49814 0.52953 -0.93842 -0.27956 0.14553 0.2758 0.40081 0.18976 -0.30293 -0.5474 -0.70047 -0.42859 0.18924 -0.26615 1.8009 -0.01628 0.26141 0.020907 0.042059 -0.10726 -0.40168 -0.23873 -0.31978 0.39656 0.29032 0.66373 0.96603 -0.36656 0.0098895
-0.73712 1.0165 0.65876 1.1757 1.3097 1.1536 0.083437 -0.22108 -1.2379 0.22378 -0.44551 0.65112 -0.98166 -0.099583 0.18102 0.22895 0.19036 -0.042552 -0.093713 -0.32059 0.016352 -0.073927 0.36272 0.50565 0.7686 -0.054112 0.44122 -0.043186 0.077766 -0.3178 -0.6182 0.021547 -0.12089 0.87754 0.44805 0.013097 0.9848 -1.0863 0.016051
-0.84565 0.71178 0.069957 1.2119 1.3315 0.90938 -0.28515 0.47793 -0.17807 0.9773 -0.52032 1.265 -1.0521 0.29699 0.096454 0.4127 0.09545 -0.2143 0.32088 -0.31795 0.57467 0.20712 0.24768 0.71605 -0.18675 -0.021065 0.42204 -0.11524 -0.070016 -0.21137 -0.26175 0.45985 0.1836 1.0549 0.76973 -0.59517 0.52063 -1.3775 0.016213
-0.9045 0.85305 1.0502 0.71416 -0.018741 0.64885 -0.991 -0.22818 -1.3995 0.88051 -0.073507 1.0805 -0.9811 0.34272 0.044364 0.13994 0.13989 -0.15549 0.10662 -0.44775 0.92715 0.69604 -0.13236 0.76524 -0.33894 -0.027438 0.21104 -0.12184 -0.076124 -0.10313 -0.12789 0.34922 0.14324 0.61366 0.58317 -0.82657 0.065981 -0.71818 0.036573
-0.48799 0.90248 0.7507 1.1253 0.80326 1.4579 -0.35946 1.2985 0.079858 -0.39668 0.36272 0.35045 -1.0006 0.30571 0.0069985 0.20966 0.040727 -0.26157 0.51243 -0.14506 1.0681 0.89123 -0.90226 0.69333 -0.56786 0.0049326 -0.012012 -0.060439 -0.10461 -0.06537 -0.056031 0.18998 0.17597 0.26344 0.3366 -0.68565 -0.05105 -0.23087 0.020358
