39 210
-1.0885 1.1606 1.0374 1.755 1.9129 1.5818 -0.55741 -0.56219 -0.11806 0.16256 -1.397 1.2893 -1.4877 0.14308 -0.25471 -0.82656 -0.27456 -0.97078 -0.020357 0.50284 0.8629 0.16537 -0.51759 0.53041 -1.4386 0.22263 0.24479 0.25108 -0.02843 -0.21324 0.41278 -0.54839 -0.15743 0.21804 -0.33859 0.040827 0.038866 1.0406 -0.064224
-1.4029 1.0298 1.4005 1.5696 1.1553 1.4466 -0.77323 0.34694 0.42985 0.050637 -0.79723 -2.0766 -1.3839 0.41279 -0.10165 -0.89621 -0.56609 -0.70872 -0.52293 0.23851 0.94641 -0.17665 -0.60686 0.63051 -0.27086 0.19489 0.25765 0.38302 0.17682 -0.18985 0.63352 -0.65549 0.0383 0.066152 -0.77643 0.19765 -0.2128 1.3906 -0.18198
-1.0402 1.0974 0.22906 0.99436 0.65233 1.3762 0.062103 -0.26435 0.22162 0.3724 -0.21105 -0.44775 -1.3289 0.44312 0.047438 -0.81647 -0.50668 -0.34822 -0.8786 0.32245 1.2246 -0.39986 -0.36961 0.56738 0.32185 0.13322 0.03961 0.38232 0.61509 0.15586 0.87525 -0.49832 0.054902 -0.51268 -0.72885 0.48748 -0.48947 1.4724 -0.27852
-0.79986 0.90474 0.14452 1.718 1.3122 1.6848 -0.0025018 0.50412 -0.19242 -1.0266 -1.1373 0.44116 -1.2893 0.45108 0.16653 -0.48732 -0.49459 -0.12339 -0.9174 0.6618 0.79749 -1.2129 -0.17935 0.094337 0.79791 -0.011555 -0.56104 0.10775 1.1725 0.59929 0.42787 -0.16785 -0.32273 -1.0626 -0.15689 0.7075 -0.79166 0.15579 -0.33276
-0.69136 1.219 0.48064 0.82348 1.4754 0.49593 -0.70158 0.34468 -0.62613 -0.39172 -0.48838 1.8571 -1.3761 0.19004 0.1825 0.10123 -0.028621 0.33881 -0.83135 0.39231 -0.044772 -0.87691 0.25178 -0.17382 1.3242 -0.09701 -0.92933 -0.26112 1.2603 0.45608 -0.47828 0.10523 -1.1245 -1.4652 0.40217 0.79454 -0.64267 -0.85948 -0.25309
-0.90476 1.233 0.53254 1.2399 1.4931 0.42818 -0.13868 0.99456 -0.52483 0.12033 -0.55537 0.78985 -1.3903 -0.47418 -0.00085265 0.77933 0.26899 -0.27093 -0.88625 -0.43102 -0.44381 -0.29065 0.49893 -0.57711 -0.37997 -0.19373 -0.74887 -0.66001 0.59049 0.45276 -0.89091 0.51631 -1.5184 -1.2688 0.71509 0.58427 -0.17102 -1.1635 -0.022639
-0.87583 1.2163 0.76077 0.97017 1.1278 0.67827 0.44897 0.25417 -2.0041 0.0059911 -1.2037 0.36852 -1.4838 -0.76973 -0.24189 0.84249 -0.070285 -1.156 -0.68142 -1.3278 -0.943 -0.032842 0.87919 -0.37638 -0.9374 -0.16063 -0.11777 -0.61174 -0.43005 0.043841 -0.81607 0.64263 -0.89317 -0.57071 0.53417 -0.16791 0.2269 -0.74458 0.20967
-1.1935 1.0946 1.0809 1.6487 1.2606 0.62717 -0.28367 -0.215 -0.015171 0.46781 -0.67497 0.17144 -1.3926 -0.42016 -0.5797 0.23005 0.33849 -1.0147 0.051974 -1.4421 -1.1693 -0.14596 0.68072 -0.13819 -0.59027 -0.021007 0.82397 -0.34699 -1.2469 -0.21626 0.01734 0.71623 0.22976 0.44187 0.31408 -0.62653 0.54403 0.31506 0.45696
-1.3918 0.97567 0.75366 1.5117 0.27196 0.20699 -0.87624 -0.52005 -0.14131 0.32616 -1.5402 -0.5868 -1.5163 -0.053747 -0.41567 -0.37094 0.018142 -0.79069 -0.00056882 -0.84811 -0.77421 0.15765 -0.14693 0.070741 -0.16526 0.12181 1.5608 -0.8267 -2.0773 -0.91 0.69738 0.5728 1.6867 1.0403 0.52584 -0.47119 0.18165 0.53328 1.185
-1.3391 0.789 1.1224 0.94022 0.19066 0.40778 -2.1533 -0.17281 -0.80232 0.27306 -1.2007 0.24358 -1.437 0.64374 -0.413 -0.82933 -0.15851 -0.42562 0.22211 -0.22911 0.29965 0.25621 -0.19919 0.29921 -0.022532 0.33902 2.0165 -1.0875 -2.4557 -1.5637 0.66761 0.1444 2.3489 0.85004 1.3013 0.31132 -0.35667 0.070517 1.761
-0.82731 0.81138 0.45881 1.5068 0.86243 0.73226 -1.4328 -0.67965 -1.4366 0.87032 -0.21076 1.2652 -1.3645 1.4987 -1.5283 -2.3361 -1.4448 -0.17468 0.39215 1.346 0.28515 0.8554 0.41395 -0.22178 0.0037638 1.419 2.0445 -1.589 -2.4944 -1.3689 0.12305 -0.38534 1.9341 0.023406 1.7037 1.0294 -0.5149 -0.27592 1.9198
-0.95681 1.0443 0.13364 1.1188 0.63236 0.42572 0.26504 0.24781 -0.32367 -0.68658 -0.8334 -0.1779 -1.269 2.423 -1.6092 -3.176 -1.7211 -0.10148 0.1476 2.0313 -0.097139 2.2321 1.0364 -0.69798 -0.47086 1.949 1.4331 -1.2826 -1.7473 -1.0313 -0.64036 -1.2647 0.24727 -0.74526 1.5008 1.1942 -0.39075 -0.19629 1.3421
-0.28249 0.74771 0.17546 0.95965 0.56207 1.0439 -0.1194 0.56104 -0.82501 0.18705 -0.81483 -0.050017 -1.1016 2.7263 -2.1393 -3.6558 -1.6435 -0.73082 -0.74298 1.7839 -0.54144 2.7465 1.2859 -0.45395 -0.5016 2.1724 0.48067 -0.24285 0.20752 0.094809 -0.94521 -1.6874 -1.767 -0.74767 0.15365 0.72091 0.28486 0.49891 0.12552
0.11379 -0.91331 -1.9145 -1.0725 0.5492 0.81022 0.78083 -0.53962 2.1878 1.7817 -1.7352 -0.022579 0.4269 2.6007 -1.9797 -3.2846 -1.8989 -1.3265 -1.7688 0.027819 -0.71019 2.4591 1.74 -0.35907 -0.15467 1.9563 -0.73491 0.54737 2.0336 0.75791 -0.85628 -1.7333 -2.1732 -0.10504 -1.4844 -0.54735 0.82368 1.2149 -0.67312
0.96747 -0.053098 -2.1731 -0.56627 -0.11603 0.091972 0.3072 -0.83535 2.7043 1.7778 -2.5158 -0.98462 0.10873 2.2687 -1.6893 -1.8823 -1.1833 -1.3005 -2.0634 -1.1007 -0.83604 1.0452 1.5051 0.189 0.99486 1.5951 -1.6343 1.6497 3.5415 1.404 -0.25418 -1.1429 -1.1088 1.0209 -2.6916 -1.8162 1.1347 1.3199 -1.1932
1.0551 -0.88853 -2.2488 -0.38873 -0.42416 -0.82009 -0.34178 -0.74613 1.8146 1.6073 -0.34374 0.61085 0.3093 1.3257 -1.0207 -0.38016 -0.59368 -1.3918 -2.6987 -0.76609 -0.15901 -0.073372 -0.12838 0.64113 1.51 1.2264 -2.2451 1.461 3.566 1.5132 0.48659 -0.14773 1.1601 1.7751 -2.6584 -2.2746 1.2178 0.62936 -0.7706
1.1811 -0.32223 -2.3885 -0.94997 -0.49185 -1.7012 -1.1077 -0.79247 1.5215 2.542 -0.7355 0.72806 0.14623 0.42121 -0.18759 1.2857 0.21602 -1.1685 -2.5901 0.014902 1.1088 -1.6929 -1.3344 1.3302 1.6269 0.75044 -2.1681 1.2721 2.5083 0.76855 0.93761 0.89297 2.7041 1.589 -1.4104 -1.645 0.52124 -1.0693 -0.20125
1.0403 -0.54453 -1.0348 -0.3242 -0.5821 -1.372 -0.61886 -0.24664 0.57542 1.0313 -0.87347 1.281 0.35716 -0.516 -0.57619 1.569 0.10877 -0.50348 -1.8044 1.7244 1.6732 -1.8074 -1.2976 1.5211 0.96633 1.2219 -1.4633 0.65594 1.0245 0.048567 0.98398 2.0707 2.6569 0.59633 -0.23724 -0.32049 0.12292 -2.3653 0.18178
0.95312 -0.79243 -0.94027 -0.67817 -0.95164 -2.3473 -0.044696 0.094668 0.43502 0.17654 -0.48159 1.8243 0.79245 -0.71246 -0.03446 1.679 -0.15795 -0.028002 -0.7042 2.9165 1.2509 -1.0876 -1.1277 0.8032 -1.0445 1.2897 -0.626 0.39842 -0.45764 -0.72357 0.52775 2.4773 1.1054 -0.50836 0.75875 0.66799 -0.028897 -2.9696 0.023162
0.74613 -0.78524 -1.0939 -0.60911 -0.86316 -2.6058 1.1478 0.68089 0.21519 0.21144 0.14777 1.4512 1.0939 -0.74264 -0.12443 1.2914 -0.31673 -0.16025 0.54712 2.9535 0.89071 -0.89823 -0.84011 1.1602 -2.3252 1.2203 0.21833 0.59342 -0.59047 -0.69534 -0.21766 2.5289 -1.1782 -0.95934 0.84349 0.72599 0.1396 -2.366 -0.79102
0.51343 -0.74425 -0.92819 -0.32179 -0.58717 -2.1547 1.9987 0.93235 -0.026533 0.7457 0.56707 0.21615 1.2236 -0.59575 0.18145 0.62803 -0.86108 -0.3755 1.2454 1.5482 0.52614 -0.56624 -0.22451 1.4618 -3.2316 0.77827 0.91734 -0.048668 -0.25019 -0.30394 -0.93964 2.0538 -2.7776 -1.0152 0.7748 0.32399 0.2468 -0.46261 -1.211
0.57844 -0.5687 -0.53004 -1.0768 -0.39391 -1.5554 2.1287 0.055445 0.44715 0.68955 0.31584 -1.3716 1.3015 -0.18703 0.19695 1.0592 -0.77906 -0.733 2.3366 0.10732 0.20649 -0.30785 -0.29627 1.4808 -3.1126 0.29044 1.5175 -0.63442 0.17448 0.27246 -1.3397 1.0456 -2.93 -0.75015 0.77224 -0.12005 -0.42702 1.5793 -1.2595
0.57217 -0.48638 -0.67273 -1.2602 -1.0855 -0.58579 1.5745 0.34448 -0.32737 0.80521 0.79933 -2.0326 1.2239 0.65349 -0.25638 1.3717 -0.46676 -1.4698 2.5558 -1.0777 -0.34212 0.23234 -0.73853 1.1468 -1.6232 -0.058798 1.7082 -1.1975 0.1978 1.1855 -1.0297 -0.17809 -1.6893 -0.2822 0.68682 -0.37184 -0.99706 2.9876 -0.82469
0.499 -0.56865 -0.39939 -1.601 -1.3537 -0.44057 0.70453 0.76191 -0.32557 -0.0083576 1.5773 -2.2523 1.1812 1.3553 -0.82639 1.2596 -0.023838 -2.0753 2.0071 -1.4478 -0.10759 0.31217 -0.79665 0.47056 0.4038 -0.24693 1.2908 -1.0839 -0.58825 1.6438 -0.072023 -1.5507 -0.10128 0.024348 0.6196 -0.062884 -1.353 2.8318 -0.25047
0.83753 -0.74961 0.19882 -1.3549 -1.757 0.32763 0.59436 0.63247 0.15251 -0.31108 1.8918 -1.7425 1.1757 1.6983 -1.0541 0.90982 0.88296 -1.5978 1.0497 -0.97116 0.13807 0.55305 -0.68384 -0.023139 1.6509 -0.19043 0.18672 -0.55921 -1.3305 1.4822 0.91373 -2.2439 0.95607 0.19944 0.17508 0.33182 -1.573 1.2962 0.1736
1.5099 -1.1255 0.29515 -0.74958 -2.2861 0.4481 0.68198 0.061623 0.8407 -0.4095 1.4911 -0.48084 1.0782 1.6056 -0.98467 0.25892 1.4867 -0.80502 -0.047555 -0.14912 0.0025613 0.81912 -0.42456 -0.63804 1.5472 -0.024768 -0.98013 0.04783 -1.6299 0.76017 1.7628 -2.1095 1.1541 0.41525 -0.10866 0.51941 -1.3703 -0.27006 0.37375
1.7711 -1.4049 0.23701 -0.59489 -2.6308 0.18675 0.76387 0.66729 0.2203 0.16838 0.53402 0.42303 1.0157 0.85886 -0.98773 -0.4936 1.4299 -0.43203 -0.95638 0.12973 -0.029017 0.32742 -0.24806 -1.4437 0.71351 0.081509 -1.7193 0.40986 -1.5014 -0.23143 1.9274 -1.2698 0.72587 0.84901 -0.3384 0.52785 -0.89512 -1.1677 0.33185
1.9048 -1.2001 0.081654 -0.012405 -1.7883 -0.30257 0.98676 0.34735 0.91118 -0.19356 0.51736 0.022951 1.1875 0.0082054 -0.77916 -0.94265 1.0643 0.57275 -1.2574 0.24443 0.75333 0.17433 0.031466 -1.5575 0.3249 0.16698 -1.7397 0.45862 -0.96801 -0.83602 1.7761 -0.23969 0.28957 1.0612 -0.25883 0.52329 -0.2347 -1.0554 0.17471
1.6524 -1.1819 -0.59122 0.4697 -1.9226 -0.76454 1.0821 0.64098 0.64956 -0.11923 0.56111 -0.87577 1.2369 -0.59832 -0.54511 -1.1623 0.68376 1.2463 -0.91434 0.24039 1.3626 0.1396 0.15079 -1.3491 -0.26618 0.2011 -0.97465 0.36928 -0.3146 -0.96804 1.3658 0.45544 0.15096 0.8328 0.015111 0.59925 0.30876 -0.42933 -0.029833
1.0742 -1.5947 -0.58292 -0.13846 -2.2075 -1.4162 0.51922 0.63634 0.023469 -0.71968 -0.43396 -1.4241 1.2289 -0.79797 -0.52272 -1.1207 0.36897 1.6111 -0.5536 0.35385 1.3091 0.34522 0.42967 -1.1468 -0.2434 0.16848 0.032705 0.23906 0.3186 -0.76199 0.69293 0.74221 0.061613 0.085422 0.15928 0.51546 0.47391 0.0066131 -0.14162
1.1889 -1.5664 -0.435 0.050144 -1.1742 -0.66923 1.0394 1.6304 0.90939 0.076638 -0.31479 0.044193 1.2559 -0.49499 -0.56381 -0.94381 0.050846 1.5513 -0.38706 0.36327 1.2622 0.2527 0.75612 -1.0208 0.098622 0.028765 0.78012 0.3195 0.54838 -0.43822 0.059888 0.68341 -0.15765 -0.51039 0.15571 0.23271 0.5127 0.16099 -0.16366
1.3201 -1.623 -0.87976 0.24158 -1.1269 -0.47982 1.0897 1.7833 0.95325 0.16674 -0.63444 -0.31238 1.2104 0.01023 -0.40877 -0.45272 0.022226 1.688 -0.019667 0.29717 0.95545 0.43298 0.76703 -0.76234 0.20541 0.034438 0.77201 0.44748 0.50528 -0.16135 -0.79764 0.49547 -0.66209 -0.79818 -0.024148 -0.44551 0.4476 -0.31809 -0.11618
1.1722 -1.701 -0.9525 0.10277 -0.72461 -0.87413 1.3441 1.7447 0.85008 0.79772 -0.95647 -0.17674 1.2508 0.39469 -0.12299 -0.484 0.077209 1.3139 0.20107 -0.044257 0.56155 0.40337 0.4634 -0.50424 -0.087021 0.016547 0.34863 0.50493 0.50231 -0.053308 -1.2417 0.43994 -0.99679 -0.74756 -0.028456 -0.97824 0.37714 -0.65033 -0.027346
1.4374 -1.6068 -1.0757 0.17373 -0.44993 -1.3554 1.2731 1.5102 1.0013 0.53115 -0.66893 -0.58303 1.2294 0.13972 -0.076218 -0.41583 0.070629 0.2622 0.15451 -0.73814 0.13592 0.1977 -0.2786 -0.49861 -0.80415 -0.0061661 -0.30335 0.37174 0.34892 -0.11348 -1.4087 0.43667 -0.89509 -0.39434 0.080466 -1.1348 0.28738 -0.58724 -0.025178
1.44 -1.6801 -0.80663 0.25295 -0.51976 -0.81468 1.0131 1.7535 0.96186 0.46128 -0.74743 -0.89891 1.2919 0.061808 0.021134 -0.032781 -0.065446 -0.01819 0.41571 -1.0669 0.2445 0.28907 -0.62502 -0.38745 -0.78329 0.00078632 -0.81621 0.18684 0.35352 -0.22202 -0.85197 0.53085 -0.37793 -0.11028 0.25841 -0.90119 0.1833 -0.23839 0.041384
1.4472 -1.6865 -1.036 -0.12824 -0.76656 -0.66316 0.41184 1.6752 0.84941 -0.090759 -1.2283 -0.88012 1.225 -0.37366 0.074931 -0.024639 -0.10607 -0.23491 0.75625 -0.9412 0.35623 0.63889 -0.90104 -0.23545 -0.69395 -0.0027307 -0.86539 0.13129 0.062095 -0.22585 0.18194 0.50332 0.4816 -0.14884 0.55137 -0.53431 0.24779 0.31408 0.11809
1.2261 -1.6296 -1.0372 0.3558 -1.1275 -0.29583 0.3206 1.9694 1.3497 -0.21615 -1.0701 -1.0784 1.2245 -0.82079 0.085837 -0.017636 -0.22803 -0.0047668 0.97396 -0.68488 0.23228 0.70731 -0.97756 -0.25922 -0.61982 0.069045 -0.59244 0.017418 -0.23152 -0.082208 0.94138 0.26034 1.0294 -0.42261 0.54744 -0.27347 0.23051 0.5648 0.18245
1.3796 -1.6101 -0.8853 0.00086171 -0.86348 -0.30195 0.20131 2.0423 1.2873 -0.26592 -1.2018 -1.3085 1.232 -0.97955 0.094304 -0.28539 -0.2485 0.5855 0.89345 0.00328 -0.1502 1.1318 -1.1319 -0.05681 -0.14451 0.12832 -0.025328 -0.014721 -0.54744 -0.065449 1.426 -0.12376 0.94519 -0.64152 0.083386 -0.076779 -0.059212 0.65548 0.21222
0.75165 -1.6085 -1.0384 -0.073099 -0.71714 -0.27316 0.65219 1.9812 1.9435 -0.34999 -0.97881 -1.1343 1.2688 -0.7052 0.047207 -0.29228 -0.13796 1.2952 0.87363 0.46055 -0.31364 1.1775 -1.0254 -0.0054986 0.23658 0.19985 0.47584 0.10943 -1.113 0.17263 1.1423 -0.38952 0.64848 -0.62804 -0.27601 0.065724 -0.13958 0.51695 0.13611
0.74259 -1.558 -0.9961 -0.1614 -0.37441 0.075474 0.39628 1.6778 1.7702 -0.9378 -1.0625 -1.6224 1.3485 -0.48208 0.082838 -0.84517 -0.26489 1.7279 0.55591 0.32167 -0.59725 0.55869 -1.0055 -0.47194 0.37255 0.24086 0.84716 0.24428 -1.31 0.24059 0.25218 -0.63607 0.045292 -0.34475 -0.84544 0.41849 -0.05264 -0.044914 0.03637
0.66231 -1.6393 -1.2832 -0.13385 -0.025497 0.43635 0.93261 1.5067 2.6865 -1.3269 -0.96873 -0.68603 1.3907 -0.21933 0.26237 -1.7124 0.091824 1.5163 0.35461 0.41346 -0.74507 0.3898 -0.88838 -0.32243 0.31065 0.20826 0.81195 0.36072 -0.82234 -0.014786 -0.96782 -1.0918 -0.38518 -0.13291 -0.94704 0.87245 0.35262 -0.15704 -0.10556
1.0261 -1.628 -1.2964 -0.070615 0.40757 0.43423 0.76066 1.5722 2.4378 -1.2965 -1.3064 -0.50505 1.3797 0.29513 0.35542 -1.9042 0.069703 0.93384 -0.13392 0.10922 -0.59819 -0.28096 -0.35311 0.0051963 -0.23233 0.17086 0.76334 0.62413 0.5513 -0.2336 -1.7801 -1.6796 -0.55813 -0.18563 -0.94148 1.2602 0.81209 0.12706 -0.25176
0.80459 -1.4896 -2.0219 -0.16209 0.58547 0.051829 0.4324 1.4017 1.5658 -1.3312 -2.0248 -0.93439 1.4518 0.36051 0.45049 -1.2148 -0.32851 -0.087586 -0.99025 -0.18948 -0.5752 -0.42386 0.38989 0.47203 0.24082 0.069936 0.45849 0.90034 2.0849 -0.2533 -1.8385 -1.8905 -0.76074 -0.74483 -1.061 1.236 0.9674 0.82452 -0.54113
0.94237 -1.3039 -2.8486 0.183 0.44668 0.033589 0.96556 1.1607 2.1625 -1.3701 -1.1055 -1.1204 1.4166 0.59494 0.91493 -0.07642 -0.46899 -0.74042 -2.1695 -0.47006 -1.0442 -1.0439 0.86047 0.76817 0.73613 -0.072943 0.062061 0.87492 2.9661 0.0066035 -1.2605 -1.5348 -0.41088 -1.2353 -1.1103 0.98704 0.85757 1.5233 -0.68345
1.0068 -1.339 -2.5811 -0.18603 0.0031175 -0.42376 0.64486 1.3201 1.3735 -0.79597 -0.538 -1.8787 1.4634 0.44977 1.3141 1.1484 -0.088297 -1.0241 -2.4522 -0.78485 -1.9444 -1.4905 0.96225 1.2448 1.6941 -0.48434 -0.40132 0.51784 2.6507 0.25291 -0.41008 -0.81308 0.1344 -1.1437 -1.1954 0.54573 0.48968 1.1413 -0.41996
1.071 -1.248 -1.5414 -0.92872 -0.63251 -1.2394 0.20127 0.93955 1.7297 -0.41727 -0.29865 -0.080891 1.3951 0.35696 1.2178 2.2733 -0.035431 -0.91486 -2.508 -0.39943 -2.2659 -2.1136 1.3278 1.3473 2.4506 -0.57875 -0.90665 -0.083608 1.2062 0.38116 0.1849 0.31456 0.88742 -0.29829 -0.60211 0.1133 0.23108 -0.069625 0.14781
1.4338 -0.69253 -1.0516 -0.56236 -0.44879 -2.6732 0.42394 0.11844 0.80251 -0.23728 -0.34713 0.96944 1.2674 -0.24692 1.0692 2.4024 -0.090166 -0.75675 -2.466 0.031199 -2.1431 -2.4348 1.2541 1.1734 1.9502 -0.31096 -1.1431 -0.67248 -0.60972 0.22931 0.15881 1.3561 1.291 0.78036 0.20303 -0.40683 0.17958 -2.0776 0.83454
1.2229 -0.38438 -0.55001 0.34678 -0.3254 -2.2748 -0.34194 -0.94325 -0.34654 -0.27202 0.17534 1.5957 0.77712 -0.69143 0.92489 1.4916 0.21626 -0.53867 -1.5264 0.84495 -1.5205 -1.8646 0.96066 1.2763 0.50274 0.053298 -1.1172 -1.0825 -1.7024 -0.080667 -0.46643 2.4421 0.80487 1.5086 1.3569 -1.1282 0.72912 -3.4531 1.1207
1.0003 -0.65552 -0.44676 -0.25636 -0.34983 -2.7211 0.69085 -0.81383 -1.428 0.602 0.15907 1.6748 1.0677 -1.0858 0.48387 0.4694 0.19881 -0.92464 -0.19983 1.1023 -0.84744 -1.2075 0.3674 1.6495 -1.8681 0.43671 -0.45779 -1.2367 -1.5529 -0.39411 -1.012 2.8178 0.085951 1.6553 2.2694 -1.5518 1.1863 -3.3285 0.98191
0.54878 -0.58714 -0.77947 -0.41918 -0.75832 -3.0673 1.1846 -0.58854 -0.86642 0.34358 0.97896 0.22786 1.4165 -1.2368 -0.068019 0.20542 -0.3209 -1.6907 1.299 0.62721 -0.063181 0.11716 -0.42816 2.5803 -3.2113 0.7112 0.23138 -0.96949 -0.4755 -0.48 -0.81187 2.1934 -0.95905 1.0842 2.2426 -1.5929 0.92447 -1.7694 0.40055
0.51003 -0.52805 -0.91618 -0.21692 -0.92154 -2.2849 1.3965 -0.038058 -0.44187 0.48499 1.382 -1.2061 1.5978 -0.80216 -0.23908 0.27983 -0.5227 -2.0417 1.8216 0.30167 0.25701 1.3457 -1.0852 2.909 -3.4891 0.81693 0.78237 -0.45172 0.45242 -0.21412 0.35964 0.83843 -1.2987 0.32176 1.3487 -0.9768 -0.065426 0.43073 -0.29716
0.35249 -0.62643 -0.8057 -0.52903 -1.79 -1.6728 0.99175 -0.56034 -0.060065 -0.30203 2.0668 -2.241 1.6249 -0.42245 -0.12625 0.75784 -0.27759 -1.4738 1.8999 -0.62902 -0.026932 1.5738 -1.4277 2.5092 -2.5428 0.45303 1.1047 0.15475 0.55721 0.2748 1.6011 -0.83031 -0.92232 -0.25644 -0.25044 0.29903 -1.4844 2.0298 -0.99546
0.40021 -0.66108 -0.39481 -0.69345 -2.1717 -0.65661 0.41377 -0.48108 0.50772 -1.074 3.8794 -2.5137 1.6047 -0.091824 -0.13976 1.033 -0.20232 -0.37699 1.1957 -0.80557 -0.26545 0.89142 -1.0339 1.5629 -1.2036 0.11513 0.87496 1.128 0.39207 0.47733 2.3533 -1.6826 -0.47796 -0.082035 -1.4532 1.5649 -2.7486 2.8266 -1.7279
0.53901 -0.68781 -0.12773 -0.44502 -2.24 -0.50607 0.45014 -0.68842 1.1178 -1.2373 3.9726 -2.3971 1.5891 0.38852 0.11963 0.85703 0.01315 0.41121 -0.067888 -0.62191 -0.2982 -0.20579 0.15815 0.28618 0.17322 -0.42995 0.01424 2.2431 0.24546 0.44865 2.192 -1.7049 0.11331 0.27834 -1.886 2.0421 -3.754 2.848 -2.4547
0.44258 -0.71073 0.15306 -0.69239 -1.4748 -1.2045 0.41843 -0.6205 0.47582 -0.85326 3.065 -1.68 1.6383 0.35993 1.3036 0.9615 0.18809 1.3302 -0.59855 -0.6389 0.22709 -0.85476 1.2272 -1.4814 1.4384 -1.326 -1.2694 2.775 0.0097881 0.79447 1.7416 -0.61002 0.16098 0.54197 -1.5668 1.5561 -3.7326 1.9632 -3.0434
0.40834 -0.62995 -0.072811 -0.58639 -0.94638 -1.8201 0.61781 -0.60437 0.11789 -0.64099 2.8115 -2.0189 1.5773 -0.62783 2.4542 1.2613 0.33212 1.6911 -0.65213 -0.49745 0.24458 -1.5572 1.4869 -3.4864 2.4689 -2.4947 -2.0629 2.0271 -0.10578 0.97884 1.121 1.4891 0.1538 0.45852 -0.63902 0.36185 -2.6775 0.68377 -2.7432
1.0293 -0.3412 -0.22161 -0.18892 -1.1134 -2.1785 0.56709 -0.46752 -1.0607 0.99279 1.8538 -1.2385 0.96816 -1.8704 2.7758 0.87481 1.0611 2.1751 0.25363 -0.56003 0.48083 -1.763 1.3896 -4.0256 2.0289 -3.3987 -2.0032 0.40661 -0.3613 0.79451 0.60902 2.9766 0.35729 0.28345 0.35882 -0.51693 -0.78356 -0.55265 -1.5436
0.50598 0.92028 0.59239 -0.46578 -0.79671 -1.4574 -0.27331 -0.16476 -0.67036 0.75812 0.49582 -0.059339 0.044975 -2.2093 2.3686 0.73656 1.329 2.042 2.5184 -0.36755 0.43437 -1.1224 0.81261 -3.8011 1.4351 -3.4921 -1.0841 -1.3099 -0.60629 0.34604 0.33972 2.9113 0.66931 0.50371 1.4843 -0.80386 1.5252 -1.2195 0.31477
-0.67086 1.4888 1.2584 -0.19664 -0.52472 -1.0423 -0.012293 -0.41731 -1.3774 0.17133 -1.2506 1.1899 -0.92197 -2.455 1.9533 0.60065 1.1126 2.2685 3.8376 -0.013604 0.65967 -0.33558 0.56907 -2.886 0.78414 -3.1368 0.15707 -2.665 -0.43246 -0.27088 0.027069 1.0602 0.72403 0.35479 2.0808 -0.52712 2.9652 -1.0455 2.2353
-1.4438 1.1119 0.30769 1.345 0.61063 -0.26556 0.06574 -0.084707 -1.4421 0.59668 -1.452 -0.51557 -1.3428 -2.2892 0.95323 0.33468 0.9279 2.264 3.4453 0.52745 1.1003 0.84254 0.33673 -0.98909 0.44868 -2.1637 1.1387 -3.1911 -0.484 -0.66589 -0.24552 -1.3415 0.46136 -0.15471 1.9206 -0.04754 3.2668 -0.89787 3.4708
-0.93802 0.74674 0.58031 0.7383 0.60374 2.386 0.34867 -0.18093 -0.97745 0.34747 -1.6227 -0.34109 -1.076 -1.5533 -0.41738 0.32462 0.78075 2.11 1.9348 0.3972 0.81062 1.6277 0.61221 0.52275 0.26334 -0.73681 1.5491 -2.6548 -0.12007 -1.146 -0.86886 -2.6947 0.23244 -0.81061 0.99959 0.064767 2.145 -0.26311 3.5952
-1.1672 1.2443 0.44567 0.45931 1.1289 2.3873 0.6404 0.38292 -0.48679 1.0753 -0.71269 -0.73675 -1.35 -0.61856 -1.1191 0.030782 0.30818 1.6669 0.75579 0.32003 0.05553 1.9309 0.72032 1.0536 -0.23741 0.47644 1.5124 -1.8975 -0.19922 -1.2595 -1.3291 -2.8017 -0.014084 -1.0074 -0.23048 -0.017717 0.30714 -0.014894 2.845
-1.0636 0.99256 0.63761 0.76758 0.90827 0.9776 0.77678 1.0803 0.56101 1.4591 0.59061 0.71883 -1.3283 -0.511 -0.89652 0.56309 -0.62233 0.96881 -0.26918 0.53709 -0.36501 1.2101 0.52777 0.40249 0.59494 0.89714 1.514 -1.7019 -0.54026 -1.5961 -1.8283 -1.9605 0.021206 -0.77666 -0.99801 -0.31168 -1.0876 0.093805 2.1739
-1.5588 0.64409 1.4796 0.7667 1.5009 0.14828 -0.28025 0.15549 1.385 1.0644 0.25483 0.91894 -0.79704 -0.097059 -1.5817 -0.11636 -0.61807 0.39182 -1.1206 0.42421 -0.23213 0.54344 0.36697 -0.30405 0.29834 1.2547 1.5237 -1.6188 -0.87103 -1.8633 -1.9553 -0.96905 0.070598 -0.47102 -1.1809 -0.36946 -1.545 -0.24515 1.7989
-1.4364 0.20092 0.51026 0.78034 1.4697 0.62655 0.65096 -0.87155 0.58181 1.044 -0.69039 -0.6233 -0.47827 0.90205 -2.6735 -0.54676 -1.6052 -0.61143 -1.0932 0.38058 -0.52825 0.1926 0.19788 -0.97 0.25077 2.1085 1.4957 -1.1494 -1.1122 -1.819 -1.8306 -0.087625 0.11622 0.0785 -0.57265 -0.43941 -0.88375 -0.78035 1.4865
-1.7097 0.46091 0.90823 -0.11168 1.4387 1.0761 1.1272 -0.17307 -0.39094 1.2801 -1.4356 0.43564 -0.5646 1.4085 -2.596 -0.95392 -2.527 -1.1349 -0.79271 0.52998 -0.76599 -0.075392 0.18045 -1.3488 -0.55795 2.546 0.646 0.36963 -0.13401 -1.5711 -1.1716 0.40414 -0.15636 0.78382 0.31528 -0.93179 0.27703 -0.43992 0.78858
-0.58285 -0.61462 0.13272 -0.20267 0.78064 1.0942 0.82414 0.45304 0.14773 1.1503 -1.3544 -0.0083625 0.019935 1.4196 -2.066 -0.99132 -2.9153 -1.6309 -0.61052 0.70477 0.04076 0.28893 -0.22157 -0.83797 -0.65052 2.4608 -0.65069 1.7261 0.63306 -0.23426 0.073664 0.61356 -0.56639 1.3656 0.87144 -1.6925 1.3758 -0.23386 -0.32281
-0.12491 -1.2566 0.10682 -1.9632 0.13819 -0.22767 0.82118 -0.0054079 0.77746 1.6495 -1.0022 0.47216 0.87062 0.80021 -1.3329 -0.10865 -2.7675 -1.2523 -0.5445 -0.048362 0.95962 1.1399 -1.2358 0.19448 -0.17343 2.247 -1.3884 2.4682 1.4302 1.047 1.0732 0.85847 -0.94971 1.4641 0.56667 -2.2323 1.8344 0.24821 -1.4642
-0.26005 -0.9964 0.16548 -2.3562 0.080071 -0.55383 0.92836 -0.59446 0.89698 1.4366 -1.3581 -0.39221 1.2539 0.031532 -0.76173 0.19514 -1.9004 -0.42142 0.023793 -0.43956 1.1883 1.4041 -2.4049 1.026 -0.40921 1.769 -1.0346 2.7535 1.5397 2.1419 1.3161 1.1849 -1.1814 1.0527 -0.57638 -1.8748 1.5169 0.32849 -2.4562
-0.81129 -0.79176 0.40399 -2.6009 0.070369 0.10852 0.88704 0.01482 1.4016 0.22467 -1.2949 -0.65346 1.3007 -0.39805 0.3844 1.0506 -1.1603 0.22592 0.62667 -0.75395 1.4264 0.54257 -3.102 1.4064 -0.082591 0.70075 0.0999 2.3809 0.87232 2.4739 0.75944 0.90954 -0.9765 0.51388 -1.8065 -0.29831 1.0055 0.13425 -3.0767
-0.97762 -0.64553 0.6661 -2.6119 0.45404 0.69193 0.70533 1.093 1.6919 -0.96695 -0.2939 -0.13307 1.2738 0.15396 1.1266 1.2236 0.11177 0.041283 1.2009 -1.25 1.7935 -0.65082 -2.9583 1.6066 0.077218 -0.43647 0.99755 1.7051 0.0042754 2.2039 0.22921 -0.10191 -0.59743 -0.074852 -2.1414 1.9382 0.47661 -0.042979 -2.8765
-1.1628 -0.70496 0.76713 -2.2666 0.89837 1.2414 0.42719 1.5425 1.5283 -1.9476 0.32823 0.015046 1.1387 0.91347 1.2273 0.97183 0.65045 -0.09393 0.7068 -1.5514 1.6214 -1.669 -1.5237 1.9294 -0.072084 -1.2461 1.1464 0.85933 -0.90093 1.6351 0.058476 -1.1056 -0.032611 -0.98984 -1.5865 3.4704 -0.29005 -0.49053 -1.9114
-0.21735 -0.57102 1.1991 -2.3558 0.44415 0.91623 -0.14763 1.4328 0.57625 -2.2521 0.63913 0.044673 0.89804 1.1637 1.3294 0.26857 1.1357 0.15525 -0.22257 -1.2106 0.93884 -2.0337 0.64662 1.7292 -0.46098 -1.5548 0.42148 0.42768 -1.244 0.73406 0.43985 -1.6586 0.55374 -1.5634 -0.65886 3.5801 -1.0505 -0.43243 -0.78265
0.19558 -0.030641 1.2452 -1.8805 -0.39238 0.78138 -0.48717 1.3633 -0.57554 -1.4624 0.81419 0.1419 0.50175 1.1525 1.5544 -0.065302 1.2528 0.27238 -0.89836 -0.84303 -0.033183 -2.1376 1.9543 0.77262 -0.84756 -1.5981 -0.80017 0.092283 -1.4204 0.18189 0.74703 -1.2775 1.0514 -1.4091 0.50269 2.0882 -1.5212 -0.051756 0.19198
0.14422 0.14683 0.97529 -1.6116 0.15533 0.30001 -0.57899 1.3156 -1.2571 -0.244 1.3451 -1.1241 0.024676 0.78691 1.601 -0.46801 1.1255 0.66141 -1.3519 -0.53123 -0.35378 -1.8291 2.3775 0.087791 -0.44092 -1.4351 -1.4098 -0.39312 -1.1098 -0.37343 0.69958 -0.44925 0.83273 -1.0385 1.3229 -0.041623 -1.3751 0.28982 0.79693
-0.32157 0.26959 0.46879 -1.0812 0.87728 0.038898 -0.061807 1.6296 -0.60616 0.97879 1.4171 -1.0271 -0.0092703 -0.34147 1.2372 -1.1872 0.98373 1.02 -1.313 0.15146 -0.41421 -0.73086 1.747 -0.29083 -0.148 -1.0271 -1.1327 -0.84799 -0.72414 -0.61615 0.22842 0.35925 0.5335 -0.27554 1.6341 -1.4447 -0.54069 0.80032 1.0373
0.015334 0.58605 0.8391 -1.0923 0.93653 -0.13876 -0.28995 1.0418 -1.1856 0.60112 0.54395 -0.88537 -0.090512 -0.62848 0.92126 -1.1394 0.60606 1.0614 -0.92419 -0.09134 -0.84981 0.035522 0.6912 -0.48714 -0.12294 -0.65934 -0.11223 -1.3491 0.016397 -0.62884 -0.75826 0.94722 0.15041 -0.0028091 1.1056 -1.7014 0.12606 0.5311 0.98225
0.00062423 0.60758 0.52523 -1.0811 1.1655 -0.55394 -0.53778 1.1098 -1.4958 0.42801 0.438 0.076527 -0.20562 -0.18078 0.65994 -1.0052 0.41469 0.48771 -0.38559 -0.029448 -0.31764 0.3599 -0.025299 -0.014931 0.80774 -0.44661 0.6417 -1.4769 0.74453 -0.52208 -1.6183 1.2145 -0.057396 0.086208 0.4516 -0.71097 0.46866 0.22618 0.725
-0.52827 0.54595 -0.15952 -1.0613 0.75957 -0.71563 0.069329 0.98062 -0.54098 -0.048065 0.54632 -0.29955 -0.14724 0.49975 -0.080109 -0.50317 0.28948 -0.46776 0.10044 -0.1536 -0.41739 -0.06082 -0.06479 0.21168 0.30144 -0.26801 0.7182 -1.1204 1.2435 -0.12964 -1.9115 1.1675 0.24732 0.13752 0.10901 0.39747 0.28682 0.0094599 0.35732
-0.36194 0.84954 0.17488 -1.0292 0.7919 -0.23343 -0.9071 0.2697 -0.71745 0.083509 0.61758 -1.0291 -0.31609 0.24273 -0.41947 -0.14033 0.21225 -1.189 0.63144 0.064918 -0.47696 0.24985 0.74748 0.30852 0.1872 -0.14906 -0.0019927 -0.45491 1.437 0.53045 -1.164 0.81987 0.1229 -0.49611 0.30318 0.94791 -0.37088 0.056299 -0.17138
0.1006 0.67685 -0.090552 -0.83477 1.0012 -0.13691 -0.17302 1.7026 -0.61987 0.53318 1.8918 0.4619 -0.42735 0.44557 -0.17319 0.69021 0.47878 -1.6119 0.92903 0.33747 -0.5194 0.29957 1.1106 -0.064702 0.25652 -0.28274 -1.1454 0.53527 1.4648 1.2462 0.02171 0.37818 0.36535 -1.0251 0.59806 0.37732 -0.68339 0.636 -0.59046
0.47374 0.024527 0.40873 -0.70767 0.10096 0.093532 -0.27224 0.75104 -1.4233 1.0186 0.98669 -0.88303 -0.1527 -0.16237 0.049052 1.008 1.2711 -1.0801 0.85856 -0.041386 -1.2174 0.7988 1.277 -0.61127 1.0027 -0.70232 -2.0917 1.1219 1.4203 1.4749 1.3921 -0.025776 0.097752 -1.7559 0.53238 -0.65056 -0.74514 0.27174 -0.67944
-0.14967 0.36539 0.674 -1.0142 -0.49045 0.46292 -0.25845 0.21588 -0.68045 1.6267 0.47712 -0.075356 -0.25694 -1.3615 0.48139 1.5826 1.9902 -0.48623 0.75179 0.60548 -2.001 0.90654 0.43656 -0.68954 1.3454 -0.87944 -2.5059 1.2804 0.54347 0.87648 2.2679 -0.21362 0.0055802 -1.494 0.56455 -1.3283 -0.37454 -0.13174 -0.4901
0.12271 0.7724 0.99218 -0.2651 -0.52974 0.37364 0.074986 0.55893 -0.5271 1.3878 0.26284 0.45394 -0.61407 -2.6185 0.90991 1.9933 2.0953 0.79883 0.66778 0.1155 -3.0757 1.0495 -0.174 -0.864 0.29071 -0.87146 -1.4828 0.73017 -0.61535 -0.34456 1.9597 -0.14929 0.18027 -0.31925 -0.22124 -1.5159 0.22033 -1.0152 0.010846
-0.99309 0.77309 0.64661 1.0849 0.2627 0.36084 -0.61566 -0.86311 1.1301 1.461 -0.082384 1.0968 -1.0684 -2.8356 1.2856 1.201 1.6361 1.6065 0.59213 0.26404 -2.4331 1.3453 -0.7574 -0.68022 0.37016 -0.93657 0.033993 -0.18693 -1.7031 -1.5037 1.1591 -0.13508 0.071959 1.4628 -0.77547 -0.99961 0.37457 -1.3394 0.46407
-1.4731 1.1964 2.0082 1.6288 0.60606 0.80864 0.3483 -1.5014 -0.15962 0.29145 0.66089 1.0565 -1.0664 -2.0956 0.72871 0.11887 0.83561 1.4658 0.63625 0.47469 -1.6166 0.091023 -1.089 -0.16507 -0.70141 -0.66508 1.9533 -0.73513 -2.0065 -2.103 -0.52606 -0.41163 0.21657 3.0445 -1.2053 -0.38262 0.31646 -0.87828 0.70388
-2.0935 1.0032 2.0244 1.2109 1.6604 0.71939 -0.25116 -1.9007 0.28304 0.7198 0.3861 -0.57156 -0.86712 -1.567 0.30786 -0.51573 -0.063874 1.3034 0.49416 0.56023 0.033201 -0.2731 -1.0519 -0.27889 -1.0658 -0.29805 2.8949 -0.90018 -1.7405 -1.703 -1.646 -0.54023 -0.14816 3.0525 -1.0079 0.45281 0.03193 -0.32647 0.58021
-1.7852 1.2128 1.0825 0.52943 0.87761 0.92505 0.10886 -1.4684 0.83454 0.39028 -0.5783 0.070774 -1.0132 0.25294 0.33014 -0.7294 -0.80953 -0.018812 -0.11609 0.38349 1.4541 -0.70785 -0.75746 -0.42106 -0.88101 -0.14851 2.7189 -0.46589 -0.73247 -0.39716 -2.0483 -0.54322 -0.31269 2.4035 -0.097387 0.67536 -0.29892 0.7023 0.10474
-1.5287 0.99195 0.34683 0.10779 0.46069 1.2117 0.44408 -0.94609 -1.1405 0.2327 0.55602 -0.78116 -1.0646 1.1883 0.17404 -1.4776 -0.58136 -0.67554 -0.1247 0.015142 1.8097 -0.40492 -0.0083672 -0.47912 -0.21211 -0.33707 1.5926 -0.27647 0.31921 1.0685 -1.3794 -0.5038 -0.33733 0.85777 0.55875 0.59376 0.0028206 1.0327 -0.072597
-1.6703 1.0451 0.68405 0.58333 1.3332 0.7189 0.44496 0.6897 -0.0088974 -0.053187 -0.3333 -0.27891 -1.0847 1.4086 0.12208 -0.69071 0.38781 -1.3072 -0.15338 0.1322 2.0426 -0.069917 -0.25764 -0.65521 0.46977 -0.49687 -0.2878 -0.20889 1.1181 1.5701 0.0097195 -0.2788 -0.073775 -0.60474 1.2501 0.43086 0.15775 1.1692 0.10144
-0.67509 1.3321 0.93232 0.43564 0.06614 -0.014397 -0.22524 -0.018531 -0.15043 0.25461 -0.38197 0.14718 -1.2141 0.7126 0.016341 0.065202 1.2501 -0.5875 -0.5065 0.022818 1.3555 0.56676 -0.10938 -0.14708 0.58587 -0.23964 -1.3515 -0.018509 1.1975 0.58985 0.77707 -0.11939 0.43078 -1.4563 1.0522 0.074327 0.68898 0.63318 0.53858
-0.73099 1.275 0.52339 0.88629 0.31403 1.0783 0.25941 -0.21718 -0.55393 0.74946 0.053968 0.24561 -1.3207 -0.031571 0.11262 0.53587 1.0836 -0.048859 -0.48933 0.23007 0.52451 1.4251 0.16465 -0.26171 1.3482 -0.05345 -1.9224 -0.08866 0.49342 -0.45481 1.4949 -0.07701 0.82971 -1.4399 0.67158 0.21104 1.0784 0.056585 0.76385
-1.0366 1.0197 1.1072 1.6299 -0.085044 0.68022 0.11735 0.63021 0.6774 -0.058832 -1.1591 0.043942 -1.3639 -0.52579 0.1618 0.088501 0.12796 0.11737 -0.19838 0.79961 -0.20263 1.0485 -0.050189 0.71464 0.79415 0.23691 -1.4613 -0.19709 -0.13485 -1.0333 1.38 -0.16007 0.87543 -0.77177 -0.029518 0.18937 0.5764 -0.32873 0.58822
-1.3876 1.1451 0.73605 1.9659 0.52445 0.1066 0.44242 0.2304 1.0534 0.10158 0.15109 0.64102 -1.0968 -1.4327 -0.070565 0.21113 0.13929 1.0797 -0.46337 1.3544 0.081245 1.0863 0.15138 1.0853 0.5388 0.3965 -0.46686 -0.44299 -0.11792 -1.2568 0.80502 -0.35333 0.34015 -0.76267 -0.77907 0.58123 0.16422 -0.92674 0.54061
-1.6329 1.1879 1.1091 0.99542 0.88859 0.36978 0.74905 0.10755 1.0799 0.60328 -0.052541 1.6007 -1.0862 -1.2185 -0.17111 0.011499 -0.12112 1.3767 -0.84344 1.1603 0.10366 0.65266 0.29318 0.34422 0.31349 0.40511 0.75433 -0.38965 0.24263 -1.1596 -0.54492 -0.47635 -0.53121 -1.3171 -0.96248 0.80646 -0.56668 -0.98945 0.36898
-1.5631 1.4099 0.63934 0.0782 0.82932 0.35088 1.151 0.12181 0.98169 -0.15886 1.0824 0.37053 -0.88417 -0.52946 -0.36085 0.38873 -1.0346 0.79486 -0.88171 0.70655 -1.0848 -0.043412 1.1608 0.26184 -0.4081 0.66116 1.9967 0.088425 0.15451 -0.69634 -2.124 -0.27353 -1.2874 -1.7853 -1.1495 0.261 -0.68018 -0.92619 0.093806
-1.9818 1.0952 1.1934 1.4372 1.1117 -0.3925 1.3597 0.10192 1.1243 0.98042 1.0711 0.73733 -0.99538 0.37333 -0.2547 0.46229 -1.3542 -0.74403 -0.95299 0.082765 -2.127 -0.44044 1.0565 -0.00078205 -0.86738 0.64734 2.06 0.37258 0.026761 0.3848 -2.045 0.44976 -2.0025 -1.0627 -0.89693 -0.66719 -0.74088 -0.096196 -0.47875
-1.7931 0.90864 0.51979 1.3559 1.6217 -0.015752 1.2444 0.38346 0.61686 0.78699 -0.91487 0.57358 -1.0219 1.3553 0.1112 0.2899 -0.48536 -1.7615 -0.96208 -0.62077 -2.1987 -0.81584 0.30672 -0.096945 -0.86616 0.40777 1.4963 0.56348 -0.81262 1.1286 -1.0412 1.1155 -1.9683 0.53877 -0.74347 -1.5061 -0.78483 0.78888 -1.0486
-1.4054 0.72224 1.8446 -0.29088 0.34941 -0.78854 0.63252 -1.3797 0.81277 1.8535 -0.18126 -0.49983 -0.44067 1.5367 0.14986 0.1354 0.29508 -1.1017 0.10646 -2.0833 -1.3644 -0.87652 -0.57107 -0.95278 0.37858 -0.18967 0.3348 0.30965 -1.1147 1.4127 0.56828 1.3664 -1.2416 1.9461 -0.71216 -1.5197 -0.43726 1.1256 -1.2952
-0.91389 1.2811 1.0238 -0.44461 -0.69704 -0.94616 0.64804 -2.636 0.30782 1.2254 0.94925 0.093678 -0.49871 1.5733 0.27402 -0.88244 0.16067 -0.94079 0.84502 -2.051 -0.45446 -1.4167 -0.96922 -0.82667 0.75797 -0.49158 -1.2063 -0.24425 -1.2355 1.2158 1.7363 1.2032 -0.13441 2.6275 -0.77292 -0.97757 -0.42885 0.3666 -1.259
-0.2907 1.5545 1.0999 0.87752 -0.84718 -0.59892 0.25162 -1.4588 -0.26747 0.061879 0.28236 0.3203 -0.90868 0.86099 0.12853 -0.92919 0.85036 -0.1154 0.90747 -1.627 0.68104 -1.6652 -1.2759 -0.50355 0.85266 -0.84204 -1.8656 -0.67806 -0.52951 0.76172 1.8328 0.32706 0.94865 2.2759 -0.32138 0.011004 -0.18889 -0.83149 -0.66164
-0.75435 1.1886 0.75223 1.6256 0.99712 0.97338 -1.5523 -0.24035 -0.026193 -0.89336 -1.1238 1.6508 -1.4024 -0.48026 -0.22639 -1.3728 1.4129 0.92773 1.0713 -1.1166 1.7508 -2.075 -1.2435 -1.1723 -0.24597 -1.1511 -1.7444 -0.70315 0.5519 0.25485 1.5228 -0.20159 1.3491 0.99462 0.46961 1.0094 0.091097 -1.1485 0.11122
-0.76378 1.0092 -0.11292 1.1637 0.28324 0.53887 -0.23309 -0.24016 -1.3561 0.64748 -0.76906 1.417 -1.3293 -0.79497 -0.58485 -0.54504 1.0334 1.3234 0.65483 -0.70811 1.8385 -1.2473 -0.38934 -1.1496 -0.90588 -0.8541 -0.68346 -0.16338 0.84931 -0.51476 0.356 -0.58583 1.6919 -0.2834 1.1659 1.6822 0.70174 -0.61366 0.86615
-1.0208 0.92824 0.44145 1.4204 0.82891 0.23854 -0.2854 0.068395 -1.6613 -0.40763 -0.92465 0.65473 -1.403 -0.73928 -0.39103 -0.055887 0.52777 1.1303 0.5634 0.11207 0.84281 -0.65506 0.59864 -0.31191 -0.84869 -0.32719 0.45047 0.36177 1.1455 -0.76307 -0.51021 -0.58906 1.3817 -0.92192 1.6403 1.1392 1.2355 0.64526 1.1758
-1.8607 0.83632 0.45799 1.2598 0.41646 0.14955 -0.52867 -0.43551 -2.2806 0.1113 -1.1896 -1.7617 -1.4408 -0.24305 -0.018735 -0.034315 0.37621 0.43271 -0.023852 1.0491 0.58766 0.065789 1.1395 0.48233 -0.15175 0.030182 0.38422 0.11486 0.24239 -1.066 -1.2188 -0.8318 0.75802 -1.1656 2.0245 0.22604 1.1555 1.2315 1.4061
-0.91733 1.0559 0.69213 1.4722 0.63528 0.07288 -0.48242 -0.11123 -0.68839 0.21763 -0.69238 -0.15039 -1.4368 0.048352 0.031676 0.45771 0.381 0.43297 0.21883 0.69082 0.61808 0.71145 0.25894 0.49799 0.8491 0.15273 0.064616 -0.47107 -0.014788 -1.4809 -1.4174 -1.2141 0.38208 -0.95982 2.1407 -0.8617 0.55757 1.1147 1.5836
-0.8749 1.1736 0.8641 2.0038 1.1475 1.2211 -0.15262 0.052314 -1.0521 0.79536 -0.52346 0.7415 -1.3431 -0.50328 -0.61745 -0.33967 -0.79495 -0.56825 -0.85574 0.47346 -0.26932 2.3239 0.24866 0.77132 1.0109 0.99537 -0.28482 -0.72037 0.067123 -1.9837 -1.586 -1.3006 -0.2604 -1.4549 1.1238 -1.4456 -0.02088 -0.12931 1.5862
-1.0565 1.0161 -0.033915 1.7904 1.1241 0.48751 0.31401 0.701 -0.44528 1.2492 -0.22361 2.053 -1.3349 -0.49811 -0.77281 0.09658 -1.5298 -0.97394 -1.4769 1.1384 -0.55869 2.7156 -0.63035 0.67063 1.078 1.5443 0.15698 -0.52561 0.011871 -2.3042 -1.4826 -1.3052 -0.88075 -1.9056 -0.29258 -1.38 -0.3765 -1.3474 1.3341
-0.98939 0.88641 0.79959 1.4211 0.4818 0.41551 0.46772 0.30627 -0.99756 -0.11456 -0.28168 1.5207 -1.1745 -0.48685 -0.6635 0.2933 -2.2101 -1.7781 -1.8072 0.31212 -1.5927 1.4158 -1.2404 0.36324 -0.50324 1.6924 1.2826 0.23352 0.861 -1.4208 -0.70261 -0.21256 -1.464 -1.4996 -1.9305 -1.0396 -0.47495 -1.5427 0.50679
-2.273 0.072949 -0.080958 -0.47691 -0.40229 -1.8294 -0.37068 -1.1506 2.6543 -0.052344 0.10995 -0.044215 -0.10462 0.3172 -0.70648 0.18894 -3.0259 -1.6867 -1.946 -0.95026 -2.3436 0.52641 -1.6919 -0.043779 -1.3187 1.7863 1.8496 0.61379 0.99055 -0.411 -0.13951 0.82395 -1.6046 -0.6172 -2.4668 -0.075549 -0.12344 -0.84962 -0.177
-1.629 0.54075 1.1517 -0.45245 -0.36878 -1.3102 1.201 -0.79766 1.6172 -0.73266 -0.2371 0.27828 -0.043191 1.3893 -0.2977 1.1885 -2.5827 -1.5051 -1.0513 -1.3402 -2.2305 -0.67966 -1.2455 0.18531 -1.1466 1.6227 1.9629 0.86716 1.1452 0.99045 0.46209 1.786 -0.66483 0.66087 -2.0831 0.46171 0.31579 0.25117 -0.69249
-0.70298 0.89436 0.98565 -0.74951 -0.88014 -1.1253 -0.59519 -1.744 -0.31775 -0.95894 -0.12304 -0.22687 -0.14711 1.8832 -0.044714 1.4562 -2.0748 -1.3703 -0.18812 -1.1674 -1.4201 -1.4673 -0.75371 0.52117 -0.42673 1.3078 0.89753 0.74096 0.63857 1.8412 0.45858 1.8557 -0.042581 1.291 -0.89326 0.64395 0.63818 0.35014 -0.85324
-0.42975 0.41363 0.37069 -1.9832 -0.11601 -1.0644 -1.4441 -2.1071 -0.85152 -1.1191 -0.65621 -0.19054 0.19666 2.2531 0.28844 1.7449 -0.91254 -1.0922 0.92674 -0.88038 -0.81129 -2.0077 -0.77713 0.72301 -0.34669 0.89147 -0.21828 0.15977 -0.32494 1.8508 0.64148 1.2707 0.23503 1.4276 0.65255 0.43805 0.32897 0.19298 -0.76395
0.063484 0.65749 1.7892 -1.2359 -0.89947 -0.90476 -0.67379 -1.4477 -1.1422 -0.41888 0.572 0.76477 0.22585 1.4934 0.098072 1.0852 -0.56748 -1.0555 0.81889 -1.269 -0.61513 -0.71722 -0.63473 0.97602 -0.89774 0.87197 -0.75681 -0.21513 -0.8506 1.5829 0.71553 0.5866 0.13149 1.1342 1.3699 0.3911 -0.11072 0.03301 -0.67882
-0.21702 0.48338 2.1315 -1.8974 -1.6285 -0.69811 -0.48269 -1.5677 -1.0282 -1.3319 0.7793 0.22039 0.50865 1.1868 -0.12443 0.8162 -0.025863 -0.48921 1.0157 -0.83736 0.063939 0.30222 -0.41922 0.62657 -0.43693 0.69377 -0.80239 -0.62881 -1.5435 0.94265 1.0601 -0.092732 -0.13762 0.53725 1.3719 0.4765 -0.73861 0.19959 -0.60559
-0.2056 0.58785 1.7753 -1.2788 -1.4513 -0.4933 -0.75259 -2.1574 0.077135 -1.4733 0.88735 -1.0785 0.75566 1.051 -0.1438 0.41769 0.31362 -0.36263 0.95396 -0.93864 0.28297 0.24962 -0.13938 0.35648 -0.26046 0.38677 -0.22435 -0.60898 -1.6141 0.84449 1.1429 -0.32358 -0.044993 0.13254 0.39369 0.54708 -1.0062 0.59495 -0.73554
0.13527 0.86045 1.7668 -1.3408 -1.3181 -0.25199 -1.2268 -1.773 -0.26302 -1.6554 0.87078 -1.2373 0.5739 1.0271 -0.50326 -0.67002 0.33459 0.50285 0.67148 -1.3195 -0.25161 0.38506 -0.063322 -0.43906 -0.1766 0.22345 -0.16015 -0.5952 -1.3589 0.54089 0.53814 -0.74962 0.24663 -0.24341 -0.35282 0.32337 -0.56312 0.56396 -0.61516
0.73378 0.45549 1.3604 -1.2542 -0.78816 0.19171 -2.1689 -1.5888 -0.47005 -1.1266 0.22199 0.14586 0.47766 1.165 -0.59605 -1.0474 0.76457 0.54188 0.33625 -1.1214 -0.21603 0.051601 0.28784 -0.49948 0.33322 0.0027127 -0.46495 -0.43588 -0.47496 0.36842 -0.18805 -1.0863 0.82168 -0.20173 -0.4546 0.079838 0.13469 0.26914 -0.36282
0.53351 0.23204 1.4455 -1.5441 -0.9767 -0.07187 -1.8321 -1.4121 -1.0281 -0.81895 0.40275 0.15401 0.59461 0.83682 -0.76161 -0.86794 0.7184 0.042176 -0.19207 -0.27134 -0.15812 -0.36507 0.027048 -0.065447 0.55897 -0.039095 -0.84004 0.23827 0.6713 0.38316 -0.96478 -1.209 1.3514 0.17746 -0.35862 -0.11035 1.0307 -0.18192 -0.22363
0.74304 0.1894 1.323 -0.82374 -0.79993 -0.24416 -1.603 -2.163 -0.12476 -0.99362 0.098285 0.030164 0.60126 0.30528 -0.64411 -0.3109 0.78325 -0.48123 -0.81203 0.13224 -0.15629 -0.35656 -0.0043876 0.44882 0.01394 -0.030544 -1.0214 0.71475 0.8583 0.23287 -0.80366 -1.1414 1.0735 0.31413 0.041149 -0.43763 1.3622 -0.47761 -0.18254
0.71004 0.15243 0.87839 -0.58646 -1.3566 -0.28925 -1.6674 -2.0428 -0.56305 -1.2983 0.37791 -0.23931 0.61018 -0.058077 -0.11935 0.19504 1.0131 -0.75986 -1.2003 0.68073 0.045022 -0.1894 -0.11164 1.1626 -0.37008 -0.10093 -0.67435 1.0007 0.52744 0.07988 -0.13745 -0.56852 0.3173 0.59523 0.21873 -0.29712 1.0918 0.07306 -0.33627
0.62636 0.11719 1.0035 -0.47424 -1.4321 -0.74634 -1.1096 -2.0413 -0.71157 -1.6801 1.1572 -0.46884 0.63241 -0.22855 0.14197 -0.0093832 1.0365 -0.53572 -1.4687 0.48809 0.26805 0.029487 -0.48191 1.6269 -0.20783 -0.2461 -0.041653 0.82115 -0.21058 -0.11552 0.72075 0.18657 -0.38907 0.74265 0.25982 -0.13243 0.26702 0.88891 -0.4866
0.59842 0.24107 1.7028 -0.59474 -1.6423 -1.219 -1.742 -1.513 -1.1113 -1.1181 1.3209 -0.65078 0.42064 -0.11344 0.32422 -0.044057 0.73768 -0.18667 -1.014 0.16306 0.74837 -0.11734 -0.29652 1.5437 0.87938 -0.44031 0.43498 0.29609 -0.97475 -0.24156 1.0197 0.92116 -0.91151 0.444 0.31289 -0.001362 -0.77604 1.2742 -0.47309
0.65491 0.31625 1.6087 0.057751 -1.4768 -1.3187 -1.1853 -1.4546 -0.69243 -0.91871 1.9395 0.055269 0.43168 0.253 0.34941 -0.54357 0.7177 0.55092 -0.5279 -0.37277 0.89023 0.13493 -0.14988 0.80273 1.399 -0.59402 0.646 -0.040741 -1.4243 -0.25296 1.0177 1.3674 -0.94507 -0.0027915 0.20286 0.22874 -1.5882 0.8977 -0.33386
0.30873 0.31629 0.96863 -0.019148 -1.4009 -2.0258 -1.2156 -1.5553 -0.44168 -1.9394 2.5957 -0.16452 0.39924 0.47789 0.22165 -1.264 0.74402 0.56413 0.19264 -0.67052 0.56584 0.39748 -0.25742 0.027719 1.6865 -0.63999 0.59595 -0.22836 -1.4952 -0.27067 0.76235 1.1635 -0.68954 -0.36998 0.038831 0.53848 -2.004 -0.18901 -0.22883
0.84659 0.46019 0.99443 0.11159 -1.1462 -0.96505 -1.5791 -1.3202 -0.52134 -1.4348 1.9052 1.7421 0.14286 0.63182 0.14366 -1.9338 0.58447 0.95261 0.69415 -0.94219 0.34402 0.17931 -0.027986 -0.79039 1.4178 -0.65165 0.34043 -0.16206 -0.75149 -0.39502 0.39367 0.73364 -0.10276 -0.35918 -0.17639 1.24 -1.7371 -1.0647 -0.11001
1.0347 0.37936 0.26836 0.28061 -0.7927 -0.97033 -2.17 -0.89274 -0.64768 -1.4899 1.3216 1.1963 0.044768 0.76321 0.10215 -2.0108 0.32379 1.0076 0.72862 -0.90147 0.30994 -0.078708 0.72612 -1.6688 0.50125 -0.76025 -0.20982 0.017378 0.11615 -0.5594 0.18857 -0.091635 0.52014 -0.3633 -0.31746 1.4637 -0.9811 -1.4346 0.0035049
0.97138 0.28381 0.15849 0.42825 -1.2518 -0.68264 -1.8555 -1.4621 -0.21416 -1.7915 1.2794 1.4374 0.010688 0.71713 0.18152 -1.4949 0.2251 1.0477 0.68812 -0.46335 0.32711 -0.020686 1.8238 -1.823 -0.3095 -0.70545 -0.66023 0.096565 0.86708 -0.49114 -0.13246 -0.44926 0.93106 -0.56372 0.17484 1.1268 0.22265 -0.91847 0.18231
1.0676 0.44233 -0.16786 0.23186 -0.49254 -0.64302 -2.6161 -1.0874 -0.99494 -0.72781 0.44311 1.0869 -0.16679 0.053014 0.23843 -1.2482 -0.07277 0.85875 0.010151 0.097569 -0.12459 -0.19415 1.7227 -1.414 -0.56717 -0.61537 -0.73785 -0.012918 1.0842 -0.36853 -0.24805 -0.32311 0.59524 -0.68253 0.53451 0.30623 1.0575 -0.39301 0.40485
1.2193 0.43519 -0.54845 0.4184 -0.45334 -0.91375 -1.7271 -1.1386 -0.64727 -0.040123 -0.1498 0.43282 -0.29774 -0.20487 0.22744 -0.72978 -0.091734 0.78009 0.1444 0.36637 -0.51763 0.58509 1.7162 -0.46225 -0.026388 -0.45971 -0.64848 -0.12638 0.99774 -0.28939 -0.59337 -0.016969 0.14841 -0.64175 0.6247 -0.69778 1.2626 0.00389 0.46743
1.0946 0.56415 -0.23053 0.22168 -0.30223 -0.82931 -1.7672 -1.0002 -0.33108 0.78656 0.17614 0.083704 -0.30428 -0.1071 0.070433 -0.41773 -0.17319 0.68235 0.3467 -0.16252 -0.57189 0.72603 1.406 -0.21964 -0.45919 -0.28686 -0.31516 -0.10717 0.90806 -0.25983 -0.56855 0.54828 -0.31989 -0.14252 0.45492 -0.97304 0.96756 0.40747 0.41178
0.80997 0.61617 -0.41841 -0.033699 -0.39277 -1.0002 -1.7054 -1.5517 -1.0723 0.15789 -0.010517 1.5946 -0.45289 -0.37349 0.090239 -0.089908 -0.23867 0.043229 0.48538 -0.050017 -0.67611 0.81733 0.63063 0.12038 -0.30658 -0.18012 -0.050122 -0.21909 0.31284 -0.19835 -0.64672 0.49194 -0.16269 0.2813 -0.26582 -0.79511 0.31224 0.52494 0.18548
0.8467 0.43186 -0.48302 0.36483 -0.21299 -0.4458 -1.8965 -1.7592 0.99402 0.38593 1.2715 1.3834 -0.2957 -0.43424 0.15994 0.090796 -0.46044 0.18001 0.94868 -0.32331 -0.32559 0.62928 0.3718 0.24371 0.52036 -0.14857 0.15454 -0.25916 -0.12958 -0.0092253 -0.42087 0.16182 0.3547 0.52436 -0.55731 -0.27658 0.16625 0.48284 0.038838
1.1098 0.33146 -0.33553 0.094449 -0.40494 -0.12939 -2.6137 -1.8706 0.21351 0.41832 0.23136 -0.13567 -0.28503 -0.13648 -0.12865 -0.39523 -0.29939 -0.15936 0.83846 0.12395 -0.11739 0.050907 0.69007 -0.058788 0.69048 -0.25976 0.33955 -0.28396 -0.52381 0.20711 -0.031407 -0.39503 0.43625 0.66113 -1.0307 0.074499 0.084408 0.10645 0.028118
0.69311 0.68353 -0.36527 -0.13137 -0.56318 -0.36008 -2.0558 -1.5265 -0.19054 0.46378 0.14504 0.37793 -0.44972 0.047082 -0.19026 -0.47166 -0.15614 0.0074627 0.49739 0.43569 0.13303 -0.088905 0.85444 0.21236 0.15603 -0.19662 0.40151 -0.31364 -0.85407 0.41798 0.066223 -0.81369 0.49254 0.49986 -0.77864 0.12083 0.33161 -0.41174 0.21641
0.76917 0.67331 -0.3386 -0.3798 -0.056656 0.3448 -1.7852 -1.2356 0.22199 0.8996 0.3909 1.9655 -0.48051 -0.0089334 -0.1412 -0.72406 -0.017533 0.06801 -0.088252 0.41454 0.33818 -1.0214 0.55897 0.31438 0.1588 -0.12166 0.40041 -0.56453 -0.61466 0.40909 0.021292 -0.76157 0.013748 0.3997 0.030422 -0.07003 0.34697 -0.81634 0.63212
0.98525 0.27221 -0.948 -0.039449 -0.75483 -0.11365 -1.4296 -1.4709 -0.72511 1.7567 0.19915 1.6954 -0.62682 0.21856 -0.2839 -1.2539 0.14873 0.18399 -0.23416 0.48512 0.38445 -0.50016 0.69828 0.73109 -0.074033 0.097613 0.59389 -1.0013 -0.26601 0.36365 -0.36056 -0.8111 -0.1183 0.63162 0.85678 -0.33441 -0.29754 -0.90265 0.9135
0.90856 0.35486 -0.85392 0.033358 -0.21569 -0.42192 -1.5147 -1.6908 -0.17356 0.92493 1.1807 1.0423 -0.46359 0.49238 -0.90014 -1.0828 0.2824 -0.21241 -0.33653 0.12017 0.5048 0.2996 0.65312 0.38661 -0.9475 0.52832 0.74958 -1.2808 0.44487 0.069228 -0.71659 -0.77194 0.27284 1.0436 1.5968 -0.84703 -1.1627 -0.61914 1.068
0.87996 0.36635 -1.0909 0.30147 -0.24272 -0.54815 -2.0968 -1.2665 -0.93849 0.828 1.3813 0.52103 -0.30062 0.8588 -1.2701 -0.74416 0.34691 -0.51782 -1.0195 0.34656 1.2374 1.0388 0.17158 -0.41124 -1.2343 0.83321 0.67359 -1.2596 1.1612 -0.23077 -1.0673 -0.59249 0.9925 1.3559 1.1812 -1.3284 -1.9795 0.15995 0.90768
1.2639 0.26784 -1.6701 -0.060886 -0.34029 -0.25591 -1.8117 -1.1786 -0.33738 1.6751 0.84892 -0.069976 -0.24074 1.0132 -1.5176 -0.15275 0.010262 -0.89992 -1.2574 1.0095 1.8805 1.5602 -0.82317 -1.4367 -0.57895 1.0958 0.33996 -0.88193 1.2513 -0.50495 -0.83453 -0.097534 1.6264 0.94398 0.4999 -1.8272 -1.8869 1.0869 0.50764
1.1191 -0.29744 -1.1481 0.090185 -0.9782 -0.52728 -1.5911 -0.70423 0.89401 1.668 0.37005 0.071302 0.083803 1.1638 -1.8135 0.39503 -0.12442 -1.4347 -0.97249 1.9682 2.2576 1.343 -1.1572 -2.3172 0.14295 1.16 -0.31766 -0.39258 0.932 -0.56537 -0.20877 0.75403 1.5065 0.36288 -0.29252 -1.915 -0.75467 1.3729 0.13837
1.8115 -0.64134 -1.1129 0.24663 -0.80712 -1.5151 -0.95674 0.31905 1.5217 1.0927 -0.49592 0.73733 0.23565 0.94584 -1.9126 0.62362 -0.38112 -1.2892 -0.55746 2.4721 1.7746 1.1821 -2.2587 -2.4345 0.81051 1.1145 -0.73385 0.33355 0.086417 -0.34216 0.55891 1.4974 0.80216 -0.15661 -0.90203 -1.3408 0.80688 0.98555 -0.29854
1.7765 -0.90264 -0.99584 -0.12707 -1.6912 -1.9486 -0.18526 0.38656 1.046 -0.37391 -1.5531 0.79879 0.44108 0.31641 -1.6386 0.56965 -0.46454 -0.71011 0.15585 2.5444 1.9684 0.58892 -2.8597 -1.4164 1.1488 1.0227 -1.3314 0.95059 -0.64492 -0.11342 1.0257 1.8742 -0.0045034 -0.40756 -1.2067 -0.3731 2.0664 0.24513 -0.52948
1.8189 -0.95899 -0.47174 -0.078292 -1.5588 -1.0548 0.39262 0.76614 0.90113 -0.53122 -1.6172 0.91547 0.6426 0.11273 -1.1053 -0.058318 -0.42794 -0.24044 1.2075 2.2784 1.7181 0.011027 -2.59 -0.26018 1.1411 0.71173 -1.4202 1.2908 -0.72136 0.12918 1.1025 1.5954 -0.6046 -0.48927 -1.23 1.052 2.6489 -0.43055 -0.66906
1.6665 -1.2118 -0.94586 -0.44106 -1.4155 -0.69677 0.31565 0.26927 0.83602 -1.8225 -1.8018 1.4075 0.68187 -0.8178 -0.81182 -0.39711 -0.30052 -0.080806 1.9363 2.0504 1.5031 -0.64107 -1.7036 0.74785 0.56684 0.56424 -1.1255 1.2733 -0.1212 0.05103 0.69482 0.74476 -1.0869 -0.92349 -1.062 1.9322 2.1863 -1.089 -0.72149
1.3629 -1.2416 -1.1097 -0.59778 -1.0587 -0.022671 0.94484 1.5652 1.2078 -1.5412 -0.49048 1.505 0.77633 -1.0449 -0.42141 -0.16354 -0.2291 0.41536 1.7797 1.5353 1.0696 -0.82172 -0.74164 1.8037 0.19978 0.33846 -0.81225 1.1413 0.80059 -0.14755 0.14658 -0.21427 -1.3922 -1.1752 -0.76559 2.382 1.0921 -1.6259 -0.61252
1.627 -1.2934 -1.2563 -0.16576 -1.3824 0.44041 0.98504 1.599 1.1565 -1.6022 -0.091871 1.865 0.72316 -1.1329 -0.10164 0.43074 -0.4696 0.23314 1.3762 0.79258 0.53157 -1.2587 0.045027 1.9443 -0.73522 0.1259 -0.27842 1.3364 1.3172 -0.60318 -0.029156 -0.99075 -1.6883 -1.7493 -0.27392 2.2683 -0.38392 -1.7446 -0.63587
0.89119 -1.3864 -1.3546 -0.21403 -1.3944 0.38787 1.6899 1.9553 -0.15648 -1.3692 -0.10266 1.0836 0.85957 -1.1948 0.22479 0.99349 -0.6039 -0.13229 1.0539 0.18921 -0.034584 -1.3182 1.2506 1.3404 -1.7472 0.0099449 -0.37953 1.4982 1.1914 -0.95247 -0.1155 -1.3919 -1.6488 -2.0997 0.64165 1.7892 -1.8529 -1.2234 -0.61511
0.9082 -1.1589 -0.56046 -0.64003 -1.2021 0.23661 1.434 1.0874 -0.26964 -1.4534 1.0027 0.9858 0.79702 -1.2484 0.83652 1.419 -1.1878 0.13566 0.2948 -0.57152 -1.2719 -0.99251 1.7912 0.21881 -2.2609 -0.22729 -0.40791 1.8545 0.76965 -0.86271 0.28084 -1.3511 -1.3525 -2.049 1.7573 1.1474 -2.2928 0.048065 -0.67411
0.85452 -1.0792 0.041058 -1.0834 -1.2822 0.90406 0.80299 1.067 -0.81634 -0.72062 0.83794 -0.25416 0.73029 -1.6744 1.3184 1.5107 -1.5689 0.2483 -0.49557 -1.0007 -2.0201 0.3791 1.9325 -1.0396 -1.6887 -0.40977 -0.44894 1.9472 0.1382 -0.24829 0.36833 -1.1415 -0.72314 -1.1318 2.2338 -0.12939 -1.7283 1.1251 -0.89829
0.52858 -1.0538 -0.36223 -1.2472 -1.6268 0.82568 0.60636 0.73738 -0.38408 0.2676 0.033381 -0.92893 0.7044 -1.6314 2.0834 1.5822 -1.5256 0.55434 -0.58242 -1.2532 -2.3709 1.5827 1.987 -1.4538 -0.61009 -0.67705 -0.41509 1.7117 -0.063509 0.88632 0.47511 -0.54308 -0.082644 0.28785 1.7663 -1.0574 -0.411 1.9782 -1.0891
0.31354 -0.36008 0.088197 -2.0845 -0.78817 0.1004 0.50418 0.19181 0.15176 0.83642 -0.34334 -1.111 0.48884 -1.8153 2.4692 1.1867 -0.87554 0.33041 -0.81681 -0.88464 -1.6412 2.0907 0.9208 -1.2795 -0.041615 -1.1123 -0.23447 1.0194 -0.23134 2.266 0.68813 0.24459 0.37633 1.5108 0.12309 -1.4377 1.0407 1.9928 -1.3338
-0.27063 -0.21319 0.12071 -2.0031 -1.3129 -0.59533 0.3098 -0.68836 1.8107 0.49546 -1.9156 0.29187 0.38152 -1.9291 2.7834 1.4931 0.052522 0.96258 -0.64336 -0.7964 -0.92555 1.8607 0.2372 -0.47621 1.329 -1.5077 -0.044198 -0.49233 -0.63512 3.1395 0.74172 0.9067 0.73518 2.4919 -1.534 -1.2083 1.5959 1.2651 -1.2696
-0.48975 0.58407 0.69424 -2.1687 -0.64457 0.0053868 0.35431 -0.77535 1.6973 1.0708 -1.0093 0.51405 0.19231 -1.9521 2.4747 1.1657 1.6946 1.3031 0.029566 -0.50176 0.11195 0.47887 -0.0015405 0.56737 1.7873 -1.9911 0.62063 -1.4857 -0.68987 3.004 1.3816 1.2576 0.65764 2.1222 -2.5104 -0.44749 1.3432 0.22497 -0.78914
-0.54209 0.81766 0.73299 -1.5152 -1.2632 -0.36505 0.2939 -0.11241 2.0436 -0.74074 0.032943 -0.009075 -0.4211 -1.6475 1.3683 0.47725 2.8028 1.4252 0.82848 -0.018223 1.4675 -0.8723 0.091072 0.83165 1.3153 -2.1385 1.123 -1.9362 -1.0336 1.9649 1.0415 0.84697 0.44096 1.2784 -2.1374 0.1501 0.44699 -0.90978 -0.036017
-0.94119 1.1516 1.486 -0.80504 -0.053397 0.4025 -0.322 0.33046 1.2468 0.39758 0.029513 1.5096 -0.70414 -0.84566 1.0065 0.48072 3.1205 2.6306 0.99117 0.0016615 1.1764 -1.8658 0.13534 0.7688 0.50993 -1.9812 1.3956 -1.6963 -0.76879 0.16945 0.66143 0.086925 -0.082182 -0.17326 -0.99049 0.67781 -0.5627 -1.2648 0.99179
-1.3549 0.96791 0.35831 1.21 -0.048394 0.56826 0.29608 0.68002 -0.14282 0.98685 0.4693 1.3444 -1.2491 -0.46887 0.68605 0.003766 2.8541 2.2061 0.5891 -0.19486 0.95626 -1.502 0.48732 0.32839 0.0084633 -1.5738 1.2992 -1.0586 -0.37446 -1.2445 -0.20259 -0.57317 -0.23713 -1.3551 0.13475 0.3873 -0.86936 -1.2872 1.6325
-1.1836 0.53073 0.42792 1.0872 0.45963 0.81317 0.72065 1.5584 -0.42481 0.94548 -0.34667 0.74437 -1.365 -0.037999 0.33668 0.046606 1.9749 2.1225 0.32497 -0.5794 0.029036 -1.3192 1.1584 -0.30015 -0.30176 -0.8019 0.9645 -0.75154 -0.24537 -2.3058 -1.2155 -0.37136 -0.11987 -1.2565 0.80543 -0.1457 -0.63675 -0.8016 1.8195
-0.74928 1.1473 1.1907 1.3444 1.8368 0.50177 0.081614 -0.38075 -0.33803 0.30985 -0.71234 0.81641 -1.3056 0.27878 0.15992 0.047445 1.1549 1.3037 0.001943 -0.19554 -0.53833 -0.88219 0.36535 -0.36787 -1.0708 -0.30103 0.5501 -0.51607 -0.36592 -2.3398 -1.4556 -0.08061 -0.040884 -0.70643 0.76184 -0.61652 -0.050378 -0.17434 1.5256
-0.9387 1.5101 0.75108 1.1687 0.7032 0.43203 -0.1797 0.72884 0.3786 1.2456 0.4054 0.25242 -1.3816 0.50903 0.17686 0.044117 -0.1472 0.84739 0.53335 -0.23739 -0.46881 -0.49593 -0.067754 -0.15068 -0.67092 0.088257 -0.076756 -0.56517 -0.93816 -1.8092 -1.8526 -0.016444 0.18466 0.5219 0.48824 -0.68409 0.25604 -0.0669 0.88749
-0.79109 0.98221 1.0229 1.1778 1.0504 0.24982 -0.73205 0.054603 -0.35983 1.4094 -0.45554 0.36088 -1.1646 0.24128 0.018788 -0.6265 -0.26286 0.16885 0.3217 -0.45137 -0.14434 -0.32597 -0.091081 0.16173 -0.14333 0.24867 -0.36109 -0.46281 -0.83134 -1.3285 -1.2713 -0.021768 0.22942 0.76398 -0.052656 -0.30638 0.26884 0.08541 0.44924
-0.98657 1.0384 1.014 1.5444 1.2187 0.70726 0.33437 0.089881 -0.92801 0.81339 -0.38983 0.0049072 -1.2098 -0.16231 -0.412 -1.2768 -0.54604 -0.71347 0.13169 -0.097566 0.81165 -0.58744 0.062012 -0.042498 -0.86479 0.23927 -0.53244 -0.56503 -0.50842 -1.0126 -1.0903 -0.54069 0.69616 0.42502 -0.11489 -0.04928 0.43221 -0.45853 0.35445
-0.72759 0.93034 0.097019 0.61873 1.0354 1.7526 0.42224 0.70401 -0.97184 0.58172 0.1194 0.53848 -1.2644 -0.03968 -0.21467 -0.7604 -1.0165 -0.25261 0.1586 0.17567 0.26008 -0.96882 -0.28011 0.12614 -0.73707 0.28592 -0.31747 -0.89722 -0.018574 -1.2515 -1.0782 -0.84814 1.1922 -0.47836 0.38143 0.16079 0.48482 -0.81264 0.88764
-0.8242 0.8633 0.07674 0.86418 1.0222 0.49337 -0.45576 0.81767 -0.35129 0.73186 -0.22124 0.71414 -1.0715 -0.3126 -0.52544 -0.77664 -1.5767 -0.94653 -0.47904 0.79952 0.12489 -0.43834 -0.04739 0.74279 -1.3375 0.59074 -0.092488 -1.4782 0.32151 -0.94448 -0.71392 -0.86148 1.6692 -1.4181 0.98787 0.28543 0.29559 -0.63176 1.6508
-1.0718 1.0402 -0.077557 0.5656 0.36313 0.18523 -0.27641 0.81997 -1.0276 1.0785 -0.53416 -1.4249 -1.1151 -0.25929 -1.231 -0.88358 -1.9807 -1.6971 -1.0888 1.4168 -0.71802 0.38383 0.30325 0.75025 -1.6518 1.3892 0.10141 -2.2033 0.031232 -0.47288 -0.51166 -0.20978 1.9597 -1.235 1.1879 0.19512 -0.070534 -0.33842 1.961
-0.85358 1.2428 0.59155 -0.339 0.72668 0.82558 0.10196 0.46754 -1.6174 0.91357 0.73582 -0.38873 -1.026 -0.22383 -2.063 -0.61075 -1.7485 -1.3051 -0.98748 2.528 -1.3983 0.80131 0.35548 0.2472 -1.7531 2.1419 0.3112 -2.0561 -0.074528 0.24131 0.80221 0.52424 1.2597 -0.67488 0.6524 -0.51328 -0.51553 0.429 1.6555
-1.2072 0.099363 0.13129 -0.85191 -0.050785 -0.30452 1.0722 0.014338 -0.92215 1.0939 0.74337 -1.6294 -0.44017 0.093123 -2.6691 -0.76081 -1.7724 -1.0161 -0.011681 3.1236 -1.3302 0.8988 -0.074297 0.2416 -1.2277 2.4273 0.42023 -1.1614 -0.13541 1.1787 1.7636 0.58906 -0.22872 0.17171 -0.27308 -1.3311 -0.78676 0.79982 0.79262
-1.0222 -0.20436 -0.58186 -1.2141 -0.85923 -0.25133 2.2146 -0.58852 0.29331 1.0764 0.62355 -1.776 0.33237 0.065454 -2.8136 -0.94564 -1.2465 0.18117 0.042772 2.3946 -0.85873 0.66079 -0.84673 -0.027446 -0.55463 2.5331 0.79227 0.28435 0.34744 1.8881 2.1637 0.43653 -2.1527 0.71757 -1.0291 -1.7273 -0.65584 1.0469 -0.35019
-0.8644 -0.84678 -0.50117 -1.1821 0.17843 0.39608 2.6412 -0.55952 0.34671 1.1234 -0.26113 -1.5485 0.82241 0.3463 -2.55 -0.93321 -0.12229 0.79212 -0.41245 1.0321 -0.67221 -0.14381 -1.6947 -0.68081 -0.43787 2.3682 0.85791 1.3693 1.0044 2.2418 2.1224 -0.09861 -3.1547 0.88385 -1.3397 -1.5202 -0.33558 0.82102 -1.2614
-0.76235 -1.0237 -0.45592 -1.3874 -0.094833 0.64992 2.3885 -0.25853 0.10109 0.50702 0.22998 -1.4083 0.86428 1.0685 -1.6951 0.12648 0.80365 1.7575 0.095873 -0.62613 -0.37661 -0.87183 -2.2137 -0.59748 0.21034 1.6418 0.93433 1.8796 1.1737 1.8224 0.98151 -0.21004 -2.8265 0.71644 -0.93365 -0.8103 0.27789 0.47837 -1.7422
-1.143 -0.95745 -0.66846 -1.2444 1.055 0.11601 1.8909 -0.010841 -1.133 -0.4493 0.12406 -1.9689 1.0444 1.1285 -1.2086 0.53525 1.2117 2.0866 -0.23785 -1.518 0.094712 -1.1854 -2.3622 -0.13715 0.24977 0.98432 0.70841 1.7434 0.76183 0.89537 0.013203 -0.079287 -1.6519 0.52866 -0.042834 0.17871 0.5916 0.27984 -1.6738
-0.47337 -1.2448 -0.39754 -0.31003 0.9705 -0.61974 1.3227 -0.79876 -1.7824 -1.4664 -0.21445 -1.2266 1.3975 1.3486 -0.71567 0.4567 1.3464 1.3312 -0.46956 -1.8429 0.1063 -0.81137 -2.0861 0.26698 0.20543 0.61926 0.25887 1.1177 -0.14242 -0.0076816 -0.99749 0.04583 -0.24355 0.40651 0.82044 1.0676 0.41512 0.081703 -1.2555
0.072696 -1.4719 0.26857 0.19364 1.2771 0.188 0.83234 -0.67368 -1.0732 -1.3927 -0.13187 -1.3809 1.2654 1.4745 -0.47089 0.29774 1.2095 1.0256 -0.29026 -1.5837 0.078762 -0.28569 -1.3836 0.082221 0.23038 0.37569 -0.22534 0.78616 -0.68779 -0.67312 -1.1891 0.52069 0.58334 0.42442 0.98101 1.4995 0.044762 -0.019092 -0.97461
-0.10369 -1.3537 -0.26024 -0.01762 1.4401 -0.20425 1.1265 -0.13606 -0.8746 -1.6113 0.42311 -1.3875 1.3525 1.3557 -0.41345 0.01556 0.79419 0.45365 0.21466 -1.0736 0.39219 0.38982 -0.57715 0.13425 0.44863 0.066311 -0.80509 0.43646 -0.86047 -0.95547 -0.81888 0.57675 0.84529 0.4261 0.42096 1.3921 -0.27532 0.074849 -0.76484
0.24881 -1.4242 -0.21461 0.17708 1.2126 -0.037415 0.61624 -0.20324 -0.91309 -1.5838 0.34875 -1.2944 1.3632 0.71484 -0.19579 -0.45437 0.28813 0.33938 0.47324 -0.77203 0.74654 0.26462 -0.14023 0.028049 0.13436 -0.20015 -0.79499 0.25168 -0.58712 -0.69159 -0.66378 0.52271 0.52838 0.31018 -0.14498 1.0825 -0.34542 0.19191 -0.61305
0.32589 -1.312 -0.32761 0.035704 1.2674 -0.0061293 0.53924 -0.18337 -1.0409 -1.6229 0.10234 -1.2858 1.2375 0.27626 -0.20248 -0.6879 0.10285 0.16776 0.31531 -0.60776 0.57037 -0.2187 0.057223 -0.24887 0.46692 -0.24093 -0.49429 0.12389 -0.12487 -0.31201 -0.34621 0.32925 0.17563 0.17595 -0.4859 0.7359 -0.39888 0.2849 -0.44721
0.23332 -1.4861 -0.52597 0.1386 1.5519 0.17353 0.61558 0.14952 -0.83462 -1.495 0.10524 -0.9629 1.2203 0.58018 -0.19682 -0.37973 0.32249 -0.05335 0.71671 -0.79309 0.56783 -0.30879 0.45443 -0.40971 0.69303 -0.39244 0.040495 0.015895 0.2994 0.0061218 -0.38937 0.27353 -0.054916 0.2208 -0.25044 0.65453 -0.049324 0.56418 -0.33469
0.31837 -1.5105 -0.56442 0.26858 1.3283 0.23323 0.32244 0.02835 -1.3252 -1.6757 -0.15368 -1.2305 1.164 0.52955 -0.22092 -0.21989 0.22262 0.010845 0.75884 -0.7268 0.80516 -0.37082 0.59797 -0.43755 0.84626 -0.51197 0.2829 0.069126 0.20906 -0.0082063 -0.58983 0.22178 -0.34344 0.29705 0.0017449 0.34914 0.27323 0.27615 -0.35188
0.20496 -1.6171 -0.51514 0.19158 1.4368 0.41908 0.31626 0.14471 -1.3391 -1.2394 -0.18174 -0.56082 1.0749 0.65589 -0.15304 -0.12371 0.24235 -0.30052 0.80468 -0.82536 1.0378 -0.20939 0.90156 0.032579 1.2379 -0.57126 0.12803 0.071783 -0.22837 0.020609 -0.50834 -0.2 -0.11805 -0.08349 0.29143 -0.21855 0.37607 0.16893 -0.2267
0.77553 -1.4216 -0.58132 0.52596 1.1012 0.80864 0.0213 0.60244 -1.2412 -0.83567 -0.017911 -0.36568 0.97583 0.7418 -0.11272 -0.41367 0.13142 -0.79488 0.71985 -1.2666 0.88864 -0.2859 0.54428 0.08691 0.85213 -0.68379 -0.13758 0.13473 -0.6964 0.35989 -0.35623 -0.41656 0.18711 -0.66241 0.55625 -0.84589 0.20504 -0.097168 -0.057547
0.73285 -1.603 -0.39534 0.25657 1.2994 0.81895 -0.19985 0.7393 -1.4981 -0.89986 -0.41853 -0.17776 0.81156 0.69908 -0.13537 -0.66705 0.40809 -0.58716 0.33147 -0.75903 0.35777 0.24303 0.073711 0.091174 1.1112 -0.65211 -0.6202 0.0065041 -0.50385 0.459 0.27919 -0.39188 0.41506 -1.0394 0.60405 -1.2834 -0.18305 -0.36496 0.1296
0.79734 -1.4669 -0.60242 0.33613 0.93162 0.94499 -0.25081 1.1123 -1.1455 -0.35785 0.52844 0.62228 0.70833 0.25557 -0.021828 -1.1739 0.78605 -0.50339 0.15262 -0.40128 -0.12087 0.5565 -0.63137 -0.046646 0.74354 -0.56486 -0.83908 0.22305 -0.045282 0.42172 0.59661 -0.40202 0.47242 -1.0529 0.58586 -1.0311 -0.1861 -0.40429 0.30124
0.81901 -1.6682 -1.1949 0.30699 0.46093 0.96904 -1.0383 0.84256 -1.5947 -1.3073 -0.025285 -0.44884 0.57691 -0.22084 -0.17875 -0.62309 0.73844 0.062205 0.29541 -0.45522 -0.43829 0.62392 -1.0157 -0.25858 0.5352 -0.44495 -0.79742 0.61482 0.45346 -0.070582 0.69598 -0.29076 0.22942 -0.63878 0.39002 -0.46198 -0.19407 -0.53017 0.27448
0.92098 -1.6405 -1.1614 1.0631 0.9793 0.44656 -0.001499 0.059151 -0.67507 -1.6145 -0.18514 0.8084 0.59819 -0.3115 0.24651 -0.49069 0.72303 -0.028616 -0.075538 -0.50396 -0.71988 0.73974 -0.91898 -0.10226 0.29634 -0.34563 -0.35964 0.79155 0.71706 -0.75003 0.51535 -0.23545 -0.077629 -0.12346 0.39864 0.30535 -0.12005 -0.24998 0.25946
0.45787 -1.474 -1.7248 1.4077 0.88062 0.87765 -0.079157 0.28384 -0.45861 -1.9138 -0.25867 0.38646 0.55019 -0.45578 0.64295 -0.16701 0.31664 0.44874 -0.14279 -0.26658 -0.56396 0.9539 -0.66953 -0.26106 0.2132 -0.35989 0.11208 0.87202 0.32035 -1.1947 -0.090223 -0.18858 -0.50452 0.38103 0.41509 0.86235 0.085792 -0.23583 0.098522
0.60804 -1.6878 -0.49595 1.0086 1.3874 1.4888 -0.927 0.50172 -0.71172 -1.8904 -0.42419 0.38058 0.51382 -0.27847 0.73919 -0.086359 -0.34019 0.24517 -0.10473 -0.65269 -0.30213 1.2122 -0.18008 -0.27702 0.40126 -0.22796 0.37003 0.42665 0.13204 -1.3688 -0.13085 -0.023366 -0.70836 0.53526 0.34828 1.2233 0.1222 -0.11403 -0.016473
0.53886 -1.1798 -1.0665 0.90184 0.72762 0.29708 -0.939 0.074379 -0.52281 -1.6192 0.11099 0.36751 0.42769 -0.040991 0.86488 -0.22294 -0.86166 -0.24411 -0.07162 -1.3696 0.065341 1.2431 0.33635 0.009902 0.010678 -0.36436 0.46897 0.16218 -0.40055 -0.96982 -0.22326 0.042754 -0.2814 0.11375 0.116 1.3265 0.2205 -0.18928 -0.027599
0.43943 -0.89654 -1.172 0.57644 1.283 0.72106 -0.46232 0.49708 0.28317 -1.4688 -0.025905 0.70159 0.29187 0.14111 0.77189 -0.19897 -1.1307 0.073835 -0.15853 -1.3383 -0.029593 1.3095 1.0106 0.01635 0.19429 -0.37547 0.49534 0.0088989 -0.68611 -0.32131 0.061037 0.33044 0.50456 -0.47314 -0.48014 1.2104 0.10328 -0.58756 -0.0097355
0.72019 -1.2511 -1.5412 0.058272 0.63639 0.73133 -1.5756 0.10812 0.50741 -1.869 -0.83402 0.52051 0.47785 0.17227 0.87482 -0.80447 -1.018 0.12086 -0.029538 -0.47785 -0.49455 1.1291 1.3709 0.043448 -0.052657 -0.3348 0.66461 -0.039501 -0.61749 0.33976 -0.054367 0.47803 1.5547 -0.96958 -1.2128 0.98665 0.21043 -0.74984 0.084882
0.75249 -0.87068 -1.4095 0.28486 0.69083 0.61811 -1.5476 0.32168 1.1392 -1.0492 0.13646 0.65049 0.16957 0.50015 0.75748 -1.0028 -0.83301 0.17083 0.54258 -0.12143 -0.92936 0.23404 1.7098 -0.077627 -0.81526 -0.26476 0.38495 0.50611 -0.087804 0.67345 -0.38717 0.55912 1.991 -0.62588 -1.7048 0.46072 0.70242 -0.90669 -0.22928
0.51437 -0.93937 -1.2705 -0.20766 1.4176 0.9574 -1.7872 0.36694 0.90517 -0.2169 -0.23202 0.59515 0.1953 0.96898 0.82431 -0.90483 -0.40017 -0.39623 0.54473 1.045 -1.3333 -0.80172 1.9531 0.4879 -1.0908 -0.30062 -0.20559 1.1438 0.96026 0.58782 -0.5601 0.38723 1.8882 0.217 -1.6016 -0.49459 0.65612 -0.34588 -0.66499
0.77827 -0.66097 -1.5564 -0.30031 1.2451 0.98532 -0.82423 -0.49073 0.58106 -0.021665 -0.10282 0.14594 0.20348 0.42958 1.5501 -0.28027 -0.23296 -0.38196 0.68529 1.7732 -0.80702 -1.3466 1.6499 1.2116 -1.239 -0.74199 -0.91329 1.5964 1.5114 0.48703 -0.60552 0.031426 1.5711 1.1288 -0.77169 -1.4067 0.23673 0.66971 -0.99485
1.1135 -0.4047 -2.4913 -0.18759 0.69585 1.0938 -0.82639 -0.9856 -0.3628 0.53193 -0.16594 -1.053 0.18092 -0.16708 2.1673 0.58708 -0.26444 -0.63441 0.68233 2.2477 -0.15426 -1.4843 0.44959 0.72347 -0.55569 -1.0954 -1.3753 1.0824 1.435 0.32553 -0.20258 -0.04834 0.49807 1.9676 0.29863 -1.625 -0.71591 1.2964 -0.92061
1.5778 -0.40372 -1.9248 0.06939 0.31973 1.4096 0.64416 -0.85643 -0.819 0.77387 0.7624 -0.44934 0.024289 -0.57848 2.439 0.99505 -0.027372 -0.82509 0.53722 2.3323 0.61158 -1.0756 -0.28637 0.28832 0.44326 -1.3585 -1.3019 -0.13239 1.0284 0.18212 -0.022537 -0.28768 -0.48975 1.86 1.181 -1.0777 -1.3997 1.7322 -0.36127
0.60024 0.37413 -1.233 -0.32443 0.40924 1.4923 -0.23245 -0.069436 -0.87417 0.20479 1.5204 -0.88879 -0.54365 -1.0041 1.9786 1.0639 0.081925 -0.55026 0.52084 1.73 1.6784 -0.32777 -0.25675 -0.47679 0.97696 -1.3728 -1.2149 -1.2446 0.47252 0.20127 0.16699 -0.37092 -1.2482 1.2203 1.5661 -0.024706 -1.3536 1.0792 0.19054
0.19679 1.1226 -0.37508 -0.3454 0.53693 1.4482 0.88336 0.48622 -0.63112 -0.61813 0.36747 0.63921 -0.93684 -1.4971 1.4603 1.3566 -0.077525 -0.46925 0.18392 1.0721 1.7935 0.54797 -0.096857 -0.98555 1.8653 -1.1496 -0.75566 -1.9388 0.35418 0.46756 0.22027 -0.35742 -1.4364 -0.019496 1.1402 0.59725 -0.70236 0.15123 0.65824
0.24687 0.93643 -0.8923 -0.22581 0.53383 1.5535 0.98184 0.52941 -0.60848 -0.30339 -0.40599 1.1951 -0.86052 -1.8965 0.84031 1.2822 0.12348 -0.50976 0.10848 0.4402 1.5586 0.99017 0.32909 -1.3446 1.1628 -0.92322 -0.33315 -1.8277 0.40756 0.80773 0.25378 -0.38005 -1.3944 -1.0916 0.48124 0.78297 0.3262 -0.80463 0.73525
0.3753 0.63412 -1.4443 -0.003995 0.28595 1.6707 0.93928 1.0757 -0.10643 0.46924 -0.84318 0.43395 -0.86102 -1.4956 0.17302 1.549 0.79055 -0.445 0.020213 0.17288 0.62448 0.65223 0.62005 -0.67696 0.73233 -0.60915 -0.068158 -1.135 0.63222 1.1673 0.583 -0.25015 -1.2532 -1.6492 -0.11196 0.54731 0.97835 -1.2769 0.53616
-0.12032 0.70856 -0.76524 -0.36925 -0.18336 1.2292 0.46666 0.7563 0.27991 0.71563 -0.63828 1.754 -0.86413 -1.6087 -0.049841 1.7268 1.0945 -0.10054 -0.16626 -0.54298 0.18304 0.61523 0.94995 0.032031 -0.18372 -0.554 0.25848 -0.084736 0.82196 1.1144 1.0882 -0.61196 -1.0173 -1.8022 -0.514 0.078281 1.2141 -0.91629 0.32308
-0.73147 0.68492 0.16146 0.20412 -0.12906 1.6896 0.94554 1.2068 0.4504 0.79104 -0.39332 0.41299 -1.1852 -1.7686 0.24991 2.2973 1.5261 0.3921 -0.18488 -0.8837 -0.65578 0.47781 0.69369 0.29684 -0.23059 -0.5421 0.44572 0.49025 0.07445 0.54555 1.1478 -0.5509 -0.84081 -1.261 -0.50887 -0.31952 0.60014 -0.74336 0.17488
-0.80956 0.9825 0.83292 0.9574 0.27238 1.4415 0.21497 0.51677 -0.44748 0.26677 0.61944 0.6909 -1.2987 -1.3005 0.68771 2.4122 1.7502 1.0647 -1.0271 -1.0194 -1.2285 -0.029317 0.46938 0.61186 -0.32925 -0.48243 0.99843 0.39077 -1.0071 -0.29609 0.72829 -0.38773 -0.63339 -0.63971 -0.19109 -0.49433 -0.22465 -0.37963 0.37989
-1.0445 1.0123 0.68807 1.0263 0.60205 1.1451 0.45384 0.80495 0.43548 0.9396 -0.34516 0.59608 -1.3749 -0.85369 0.53393 1.3666 1.4407 1.0747 -0.66398 -1.2329 -1.0708 -0.12136 0.25388 0.24551 -0.78686 -0.39163 1.1088 -0.22278 -1.6689 -1.1645 0.058835 -0.095146 -0.29763 0.010674 0.039959 -0.40847 -0.88385 -0.40588 0.46427
-1.1222 0.93827 0.80896 1.7691 0.74228 1.4243 -0.14703 -0.354 0.3192 1.0309 -0.43626 0.95272 -1.1933 -0.27671 0.39183 0.40791 0.61123 0.89076 -0.71123 -1.6082 -0.83246 0.49007 0.21906 -0.38364 -0.69495 -0.070204 0.88943 -0.57256 -1.5679 -1.6293 -0.85066 0.44281 0.16517 0.46332 -0.066898 -0.61005 -1.0691 -0.17882 0.37658
-0.72161 1.3129 1.1689 1.8846 1.1139 -0.37348 -0.26206 -0.2165 -0.23642 1.2291 0.44091 0.20288 -1.3081 -0.29266 0.081094 0.32535 0.017844 0.58319 -0.53543 -1.175 -0.84354 0.28132 0.037192 -0.96847 -0.89503 -0.063337 0.72286 -0.35033 -0.90511 -1.5192 -1.1832 0.48068 0.93279 0.8994 -0.32293 -0.82396 -0.4561 0.29932 0.17756
-1.2464 1.0364 0.74697 1.187 0.53665 1.242 -0.75657 0.11061 0.16379 0.72858 -0.23785 0.10274 -1.4095 0.012579 0.084049 0.14035 -0.44671 -0.2544 -0.19571 -0.73238 -0.47357 -0.39312 -0.60099 -0.91559 -0.62142 -0.09248 0.37929 -0.17433 -0.33739 -0.90979 -1.3694 0.68399 1.3878 0.95858 -0.74537 -0.67083 0.2693 0.77101 -0.028159
-0.93815 1.0872 0.71028 0.99391 0.92384 0.86582 -0.9756 0.35879 1.3413 0.87206 -0.90477 -0.56707 -1.2386 0.29586 0.18388 -0.10055 -0.74201 -0.52788 0.050544 0.14063 0.44518 -0.38293 -0.93616 -0.39393 -0.11484 -0.1232 0.33744 0.14429 -0.0035494 -0.2239 -1.1377 0.23415 1.2448 0.77759 -0.81494 -0.074711 0.97404 1.1226 -0.01926
-1.2524 1.0154 1.3593 1.1729 1.015 0.5776 -0.67625 -0.81968 -0.40065 0.50986 -1.2198 -0.19074 -1.4121 0.10569 0.094792 0.040635 -0.63146 -1.0705 0.37935 0.43192 0.33081 -0.77311 -0.59269 -0.12187 0.66456 -0.089767 -0.011475 0.1424 0.2581 0.25665 -0.7261 -0.082462 0.78048 0.34094 -0.67612 0.59056 1.1856 1.0241 -0.039499
-0.85796 1.1557 0.70047 0.75828 -0.019591 0.86605 -0.22645 0.10523 -0.54806 0.1414 -1.4006 0.27242 -1.3909 0.26222 0.29768 0.3952 -0.28671 -1.1004 -0.34941 0.66229 0.21872 -1.2709 -0.091199 0.59673 0.98734 -0.10092 -0.20241 0.051348 0.26899 0.42072 -0.3323 -0.21697 0.017926 0.022539 -0.26037 0.90577 0.925 0.47511 0.007154
-0.59258 1.3055 0.76058 0.95061 0.38089 0.88222 0.063025 0.56367 -0.19921 -0.15088 0.27445 0.76839 -1.3225 0.0036791 0.24634 0.38288 -0.21255 -1.3044 -0.16269 0.52149 0.27615 -1.3982 0.16269 0.97537 1.1356 -0.17003 -0.14731 0.024983 0.051643 0.2669 0.047797 -0.18821 -0.29249 0.17282 0.22141 0.68799 0.5966 -0.039451 0.018691
-1.0222 1.2448 1.231 0.7756 -0.32701 0.58762 -0.28661 0.18383 -1.1678 0.8121 0.03685 0.94638 -1.45 -0.022054 0.19366 0.2383 -0.19646 -1.0246 -0.11749 0.12492 0.50524 -0.64144 0.49318 0.92118 0.74633 -0.079901 -0.16248 -0.095771 -0.14214 0.05323 0.11968 0.12588 -0.3746 0.21679 0.48726 0.36894 0.14377 -0.21932 0.049338
