39 212
-0.39406 1.0295 0.60115 1.3872 0.98441 0.8651 0.43665 0.21887 -0.37474 0.13726 -0.083174 0.95769 -1.4524 -0.20277 -0.22086 -0.25135 -0.087041 -0.55634 0.093846 -0.071075 0.22874 -1.0229 0.22392 0.009905 -0.68111 -0.092429 0.095825 0.058402 0.13338 0.14675 0.22364 0.22595 0.19187 0.48007 0.014951 -0.584 -0.24744 0.36877 0.064413
-0.56893 0.90675 0.59589 1.5061 0.0081267 0.32561 0.21908 -1.0601 -1.4887 0.69147 0.4816 1.3833 -1.5619 -0.1187 -0.14489 -0.21915 -0.029866 -0.4874 0.039978 0.093316 0.59932 -0.9827 -0.4569 -0.10161 -0.11915 -0.069292 0.11746 0.06571 0.28614 0.15615 0.58055 0.25629 -0.015888 0.33478 0.28767 -0.69522 -0.25963 0.18151 0.13124
-0.69278 0.72535 0.24429 1.3818 0.70645 1.4865 0.54906 1.3059 -1.3161 -0.66001 -1.2281 -0.26268 -1.544 -0.082039 -0.14727 -0.018653 0.17911 -0.14575 0.61756 0.24263 1.0217 -0.99386 -0.70657 -0.49417 -0.15167 0.020851 0.26449 0.11381 0.44549 0.18556 0.79362 0.19088 -0.12184 -0.020995 0.58308 -0.40341 -0.19051 0.053956 0.14025
-0.45031 0.86338 0.47608 1.2023 0.30902 0.83567 0.2887 0.40015 -1.5811 0.97628 0.52298 0.23243 -1.5249 -0.065356 -0.13219 0.16154 0.093034 0.36648 0.39295 -0.23058 0.50776 -0.44752 -0.82055 -0.32506 -0.53473 0.10402 0.19006 0.13252 0.44901 0.25833 0.34141 -0.43087 -0.29315 -0.88158 0.81623 0.2978 0.10526 0.20028 0.059421
-0.4434 0.96929 0.48582 1.4676 0.48617 0.77522 0.67133 1.0169 -1.3751 -1.1559 -0.32128 1.6075 -1.5007 0.2063 -0.010335 0.3801 0.22231 0.55262 0.33993 -0.11504 0.20871 -0.11482 -0.47738 -0.31123 -0.33423 0.091292 -0.066995 0.16316 0.061182 0.12166 -0.089356 -0.68628 -0.16583 -1.4932 0.83052 0.72022 0.01475 0.11095 -0.090461
-0.53163 0.80747 0.69337 1.771 0.89361 2.0038 0.7203 1.3948 -1.8195 -0.6422 -1.0227 0.60066 -1.3925 0.052424 0.039074 0.40972 0.46195 -0.16615 -0.71415 -0.26239 -0.85316 0.21578 0.051093 0.03362 0.42325 0.010757 -0.26518 0.18239 -0.32174 -0.081978 -0.48625 -0.62691 0.081266 -1.2649 0.64049 1.3824 0.12538 -0.11745 -0.15783
-0.60772 0.76507 0.69444 1.3613 1.2221 0.78454 -0.39334 -0.23818 -1.0972 -0.6047 -0.092758 -0.2397 -1.3855 -0.24168 0.077771 -0.026486 0.24022 -0.033411 -0.26223 -0.031746 -1.4313 0.34082 0.38726 -0.64865 -0.37005 -0.10485 -0.39175 0.11822 -0.62869 -0.37568 -0.48138 -0.6161 -0.019943 -0.26549 0.51242 1.3572 0.20719 -0.15292 -0.11659
-0.29295 0.87016 0.7816 1.7452 0.61553 1.0997 0.47263 0.074155 -1.7994 0.14969 -0.43961 0.56205 -1.5411 -0.26287 0.17097 -0.22191 -0.069434 -0.25407 -0.6137 -0.088496 -1.33 0.61419 1.6987 0.11523 -0.74325 -0.099518 -0.037924 0.10142 -0.4991 -0.3329 -0.31055 0.04161 -0.010926 1.2548 0.10146 0.8943 0.13112 -0.092983 0.0037548
-0.67029 0.84956 0.57261 1.907 -0.10877 -0.098079 0.26451 0.0813 -0.79359 -0.17911 -0.57886 1.009 -1.5504 -0.26241 0.14897 -0.45434 -0.24109 -0.30767 -0.99514 -0.21242 -0.12811 0.72156 1.5962 0.10197 -0.053046 -0.076048 0.51882 -0.34709 -0.36384 -0.3793 -0.47931 -0.026285 -0.35994 1.8999 -0.03221 0.20339 0.55322 0.41415 0.38888
-0.75121 1.053 0.35276 1.3656 0.71192 1.2145 0.57327 -1.6466 -1.2359 0.91131 -0.92595 -0.11255 -1.6354 0.0090899 0.1968 -0.2887 0.057341 -0.60633 -0.24095 -0.16519 1.0877 0.24611 1.3501 -0.057307 0.090496 0.0048091 1.0077 -1.3342 -0.51933 -0.84549 -0.70608 -0.048916 -0.39867 1.6714 -0.065023 -0.53547 1.147 0.73462 1.0485
-0.68083 1.0768 0.43181 1.4393 0.50046 0.39038 0.37073 0.046307 -0.53539 1.3903 0.040528 0.14184 -1.4671 0.46971 -0.59421 -0.65712 -0.55936 -0.75757 -0.48552 -0.65607 1.2965 0.48052 0.98143 0.6633 0.12026 0.59044 1.2719 -2.0268 -0.37292 -1.4085 -1.1408 -0.60879 -0.32033 0.58683 0.184 -0.74243 1.7009 0.352 1.6439
-0.73412 0.79824 0.34997 1.4161 0.67936 0.2628 -0.24246 1.4866 -0.82 1.273 -0.71449 0.46668 -1.4465 1.0097 -1.9925 -1.07 -1.5601 -1.3634 -0.95331 -0.60364 1.4182 0.62531 0.83939 2.3845 0.76067 1.5804 0.76267 -1.8261 0.23038 -1.7885 -1.2778 -1.0732 -0.048258 -0.79833 0.29823 -0.79017 1.3763 -0.3267 1.604
-0.30307 1.0833 0.60979 1.8509 -0.31482 0.71732 -0.2802 1.1694 -1.301 1.0832 -0.23356 0.30383 -1.4662 1.3035 -2.6077 -0.74439 -2.1856 -2.0955 -1.9083 -0.57987 0.90734 0.91634 0.24044 2.6661 0.38653 2.2917 -0.063193 -0.052898 1.1614 -1.0033 -0.77225 -0.50475 0.47086 -1.6603 -0.2799 -0.72159 0.16631 -1.1493 0.53859
0.16087 -0.28609 -0.20009 0.75632 -0.84557 -0.076455 -0.1732 1.0935 -0.55832 1.3397 0.7369 1.0912 -0.56407 0.8342 -2.2664 0.18181 -2.6274 -2.3658 -1.7815 -0.26804 -0.4032 0.63908 0.0069927 2.0025 -0.71528 2.2333 -0.9688 1.9638 1.6119 0.47783 0.83404 0.64412 0.60248 -1.6297 -0.28013 -0.92549 -1.6724 -1.3425 -1.0894
0.11758 -1.8755 -0.67947 -0.65689 -1.6821 -1.2285 -0.19998 0.93252 0.36401 1.4785 3.6903 1.7225 0.66695 0.46288 -0.5572 0.85299 -1.9847 -1.7173 -1.1207 0.10724 -1.2743 -0.061834 -0.16873 1.2172 -1.5687 1.2987 -1.4685 3.2749 1.3184 2.1026 2.2367 1.8023 0.50405 -1.0096 -0.73105 -0.71143 -2.5233 -0.60832 -2.53
0.3848 -1.3463 0.19158 -0.98964 -1.7477 -1.3788 -0.20233 -0.15892 0.059878 1.3587 2.0667 -0.57441 0.89863 -0.13021 0.71501 1.0945 -0.71697 0.060755 0.034411 0.23641 -0.90873 0.57846 -0.96021 -0.6286 -1.1005 -0.012302 -1.3153 3.2712 0.30909 3.2344 2.8823 2.2241 0.22611 -0.040257 -0.94775 -0.62049 -2.5492 0.87474 -3.0506
-0.31088 -0.61857 1.2356 -0.89866 -2.4173 -1.3994 -0.21054 0.33517 -0.29318 1.2183 1.3193 -1.1043 0.40093 -0.58327 2.1261 1.2235 0.98678 0.989 1.0158 0.1627 -0.96564 -0.48339 -0.8205 -1.6535 -0.69405 -1.439 -1.079 1.6468 -1.0218 2.8293 2.4354 1.7553 0.021226 0.58902 -0.53326 -0.11049 -1.5322 2.3589 -2.3142
-0.10957 1.2679 1.0517 0.2245 -1.2459 -0.10773 -0.078642 -0.31105 -1.8278 0.80846 0.50991 -1.2628 -0.76926 -0.76384 2.6094 0.56792 2.2325 1.8144 1.8749 0.16582 -0.66349 -1.0099 -1.0164 -2.255 0.73677 -2.2504 -0.39377 -0.20546 -1.6861 1.3806 1.2447 0.75646 0.13487 0.54862 -0.3119 0.59478 0.23714 2.1432 -0.80516
-0.18381 0.91216 0.73939 0.98951 0.30875 0.88165 0.11152 0.32436 1.0172 -0.57834 -0.67383 0.55544 -1.2623 -0.95889 1.6259 -0.75575 2.0923 2.084 1.6916 0.21108 -0.19171 -0.30553 -0.39477 -1.3944 2.5669 -2.0216 -0.039325 -1.9039 -1.4461 -0.39372 0.0011982 -0.35309 0.38594 0.66216 0.43273 0.95224 1.2788 0.88662 0.81265
-0.36312 0.82133 0.3583 1.0619 -0.27634 0.13559 -0.11392 -0.55397 -1.4048 1.0981 0.51511 0.67513 -1.3891 -0.57201 0.57522 -1.0073 1.4431 1.9125 1.3157 0.49878 -0.17462 -0.1094 0.087235 -0.23732 1.8633 -1.2647 0.21693 -2.0087 -0.42689 -1.4525 -1.1375 -1.1814 0.17337 0.43961 0.25334 1.1054 1.6966 -1.0188 1.5276
-0.58922 0.88098 0.20754 1.4238 0.2279 0.75635 -0.052035 -0.25057 -1.2735 0.025699 0.40785 1.8571 -1.4251 -0.73515 -0.47451 -0.63969 0.61701 0.95927 0.56696 0.76443 0.14757 -0.056047 0.65557 0.1814 0.65737 -0.37122 0.42855 -1.5812 0.68837 -1.9019 -1.3629 -1.2385 -0.23611 0.39695 0.28735 0.33619 0.91801 -2.1127 1.7566
-0.80346 0.735 0.0060481 1.0053 0.53215 0.49262 0.10584 -0.11714 -0.083676 1.1939 -0.40416 2.0925 -1.4249 -0.51695 -0.15727 -0.26988 0.13073 0.21676 -0.043703 0.24958 0.060795 -0.61274 0.81523 0.73264 -0.45706 -0.14307 0.48667 -1.2614 0.97757 -1.8865 -0.95328 -1.3058 -0.66755 0.078738 0.39409 -0.36219 0.30399 -1.7241 1.8278
-0.58582 0.77794 0.64025 1.0755 0.4302 0.88252 0.68141 0.0048216 -0.92488 0.95279 1.0522 0.064093 -1.4517 -0.28516 -1.0124 0.14322 -0.9716 0.34061 -0.23038 -0.089432 0.49563 0.53544 -0.05373 0.15974 -0.75413 0.78935 0.32696 -0.8575 0.91928 -1.3619 -0.21094 -0.60851 -0.74722 -0.62358 0.26963 -1.0709 -0.084391 -0.97592 1.5482
-0.81442 0.51745 0.30283 1.3202 0.4048 0.92067 0.94418 0.060486 -1.0907 1.1939 0.076346 -0.050264 -1.3181 -0.0016711 -1.5525 0.39984 -1.4525 0.41446 -1.0298 -0.32709 -0.20665 0.3958 -0.35272 0.44338 -1.0835 1.6634 -0.18757 -0.50017 0.79794 -0.5688 -0.17706 0.17028 -0.0088823 -0.66955 0.48004 -1.1156 -0.54257 -0.1601 1.0141
-0.67339 0.85445 0.24031 1.1815 0.22691 0.24706 -0.36157 -0.053968 -0.62784 0.83668 1.0346 0.70079 -1.5647 -0.45595 -1.406 0.71705 -1.2532 0.47375 -0.20881 -0.35286 -1.0401 -0.0061644 -1.0769 0.12981 -1.0865 1.6976 -0.47315 0.35712 0.6467 0.61255 -0.61042 0.61363 0.49279 -0.32566 -0.10651 -0.60357 0.058249 -0.081807 -0.10957
-0.74178 -0.93049 0.44953 -0.64204 0.46693 -0.10879 -0.36817 0.31267 -0.33951 0.44132 0.2999 0.61301 0.13338 -0.72745 -0.91046 0.91203 -0.83601 -0.17164 0.32449 0.39208 -0.58852 0.62943 -1.0855 -0.47037 -0.60825 1.35 -0.033439 0.73237 -0.016564 1.2503 -1.2787 0.54012 0.88664 0.70042 0.11064 -0.13954 0.045626 0.34141 -1.0155
-0.61042 -0.85363 0.63229 -0.15009 1.1946 -0.6654 -0.03076 -0.97952 -0.3435 -0.20517 0.93484 0.40615 0.65954 -0.68037 -0.65414 1.0783 -0.072244 -0.51755 0.40954 0.52417 -0.014063 0.22696 -1.0003 0.73849 -1.1422 0.73709 1.2295 0.93887 -1.0273 1.4381 -1.7663 -0.61524 0.31002 1.296 0.51694 0.79424 0.080257 0.97767 -1.4531
-1.5082 -0.24891 1.0132 0.20271 0.98199 1.4695 0.32566 -1.8096 -0.73127 -0.14129 -0.10393 -0.58782 -0.16702 0.064098 -0.53599 0.19274 0.41443 -1.5201 -0.17742 0.96314 0.7177 0.51815 -0.70752 0.23276 -0.30359 0.19625 2.3967 0.57809 -2.0185 0.95332 -1.5896 -1.4943 -0.97847 0.98399 0.60391 1.4555 -0.3296 1.0496 -1.0853
-1.2522 0.20062 1.3717 0.75091 -0.65427 1.4855 1.7368 0.27212 0.10369 -0.18674 0.17387 -0.72637 -0.45597 1.1459 0.19169 -0.80531 0.94706 -2.2154 -1.2409 -0.015819 0.98518 1.094 0.42275 -0.050807 0.87004 -0.51256 3.1662 0.044419 -2.5441 0.11526 -0.74471 -1.923 -1.8305 0.22591 0.83444 1.8313 -0.98334 0.88778 -0.056234
-1.2097 -0.46761 0.93943 1.2039 -0.28398 0.40318 0.32368 0.50505 -0.95399 -0.11975 2.4284 -1.0443 -0.5891 2.2461 -0.23414 -1.8479 0.52975 -2.348 -1.9933 -1.1872 0.94008 1.4129 1.3115 -0.81877 0.64786 -0.10652 2.5892 -0.48607 -1.9214 -0.47318 0.69695 -1.2589 -2.2084 -0.77708 0.62033 1.6425 -0.93502 -0.42129 0.8975
-0.057179 -0.78551 -0.048404 0.41556 -1.8692 -1.1469 0.44964 0.9378 0.75541 -0.3441 0.39363 1.5631 -0.34603 3.3606 -0.72006 -2.5681 0.10312 -1.5119 -2.7324 -1.8845 0.3234 1.4537 1.9057 -0.93665 0.29928 0.78182 1.2602 -0.74429 -0.69327 -0.6519 1.6884 0.20905 -0.92966 -1.2242 0.40053 0.78016 -1.0362 -1.6371 1.3888
0.51783 -0.56619 -0.24653 0.38268 -1.7437 -1.8877 -0.72606 0.37867 1.3684 1.4547 -0.28659 1.789 -0.0047147 3.1548 -1.0033 -2.4494 -0.083776 -0.52101 -2.0765 -2.3112 -0.59263 1.5879 2.0611 -1.4175 -0.89255 1.2725 -0.53184 -0.43292 0.67584 -0.2953 2.2219 2.0844 0.34714 -1.0295 -0.043219 -0.35631 -0.34602 -2.144 0.94891
1.034 -0.74715 -0.75283 0.81688 -1.5372 -1.5049 -1.2122 -0.64204 1.0944 1.6585 -0.81943 -0.60365 0.31844 2.7387 -0.83768 -1.7734 -0.016595 0.11939 -0.73826 -1.2094 -0.82133 1.8202 1.7063 -2.0702 -1.8268 1.4641 -1.7193 -0.30401 1.2665 -0.20413 1.8601 3.4506 1.3457 -0.03673 -0.37719 -1.6908 0.42425 -1.5744 0.20994
1.4725 -0.89725 -0.92614 0.63026 -1.1384 -1.2015 -1.0233 -0.4736 0.97709 2.281 -0.60044 -0.99353 0.57293 1.704 -0.99751 -1.0006 0.018042 1.1058 1.4384 -0.83093 -0.65478 1.1634 0.62918 -1.0316 -2.8371 1.3744 -1.9169 -0.12313 1.053 -0.5367 1.3339 3.2054 1.6999 1.0915 -0.77103 -2.3533 1.1456 -0.047058 -0.2682
1.3651 -1.3513 -0.72723 0.8568 -1.3072 -1.4463 -1.3044 0.15435 2.1361 2.063 -0.53036 -1.8701 0.90872 1.3111 -1.3001 -0.96345 -0.34068 1.2517 2.8297 -0.0153 0.25588 0.9375 -1.0259 -0.1915 -2.0617 1.1349 -1.7501 0.096605 0.44457 -0.899 0.80199 1.8776 1.1619 1.2705 -1.1994 -2.1469 1.2863 1.0851 -0.51883
1.6631 -1.5059 -0.9709 0.80687 -0.62552 -1.0795 -0.76267 -0.48002 2.1906 1.7404 -1.4234 -1.5826 1.098 0.77392 -1.0055 -0.91733 -0.96638 1.4828 2.9403 0.38063 1.1209 0.51994 -1.6429 0.18998 -0.85142 0.92368 -1.168 0.5514 -0.007758 -1.0647 0.28814 0.091914 0.9604 0.64506 -1.4439 -1.071 0.61197 1.7792 -0.59318
1.6418 -1.7727 -1.0339 0.1622 -0.38197 1.1797 -1.1154 -0.18644 2.3763 0.7108 -1.2187 -1.6007 1.2719 0.379 -0.64951 -0.99488 -1.279 1.4828 2.5023 0.44157 0.91601 -0.21669 -1.7845 0.17936 -0.48173 0.69516 -0.91438 0.8182 0.060704 -0.66363 -0.040091 -1.0826 0.47254 -0.30446 -1.6276 0.3013 0.099355 1.3788 -0.54654
2.0271 -2.0423 -1.4498 0.14935 -0.068639 1.9398 -0.91471 0.61547 2.1376 0.020461 -0.16063 -1.588 1.2904 0.28728 -0.27433 -0.99515 -1.5922 1.5587 1.8153 0.81087 0.33717 -1.103 -1.3082 0.1396 0.19101 0.45732 -0.47268 0.73239 0.25563 0.21161 -0.31099 -1.5227 0.42565 -0.98684 -1.2932 1.081 -0.10422 0.84927 -0.44378
1.7369 -1.6729 -1.6397 -0.38203 0.54334 1.4039 -0.61644 1.1549 1.3672 0.018132 -0.4535 -2.0446 1.4331 0.082186 -0.11017 -0.80916 -1.3212 1.154 1.1202 0.70393 -0.0086777 -1.4588 -0.5631 0.047223 0.38142 0.32064 -0.20017 0.52761 0.62563 0.86226 -0.38366 -1.3751 0.55114 -1.2277 -0.52727 1.1838 -0.22727 0.71065 -0.28809
1.6703 -1.6895 -1.6097 -0.64545 0.54452 0.89727 -0.58185 0.46034 1.0431 0.30906 -0.66642 -1.8621 1.4495 0.165 0.11731 -0.53696 -0.52346 1.069 0.42816 1.0938 -0.49498 -1.4037 0.050739 0.015605 0.55206 0.26064 -0.15262 0.22344 0.78218 1.2395 -0.44564 -0.82185 0.38584 -1.1563 0.21011 0.57389 -0.28441 0.54272 -0.13656
1.7568 -1.7687 -1.5513 -0.8849 0.86625 0.79729 -0.025126 -0.20547 0.85923 0.38336 -0.97192 -1.1381 1.4699 0.12384 0.15798 -0.071484 -0.11644 1.0105 0.30507 1.3852 -1.2481 -1.0923 0.061169 -0.27349 0.87719 0.24194 -0.18693 0.021265 0.60644 1.0714 -0.25431 -0.27864 0.27274 -0.57447 0.41877 -0.056587 -0.15026 0.3143 -0.047988
1.8231 -1.8356 -1.7527 -0.6277 0.74871 1.7738 -0.24193 -0.44944 0.42006 0.63029 -1.3056 -1.0101 1.5088 0.027119 0.016824 0.075907 0.24172 0.79468 0.50271 1.2383 -1.4745 -0.85009 -0.40486 -0.34232 1.1245 0.23587 -0.37675 -0.13762 0.28914 0.65053 -0.2179 -0.13993 0.019338 0.090015 0.44496 -0.27715 -0.15592 0.016986 -0.02408
2.0143 -1.6764 -1.6436 -0.096103 1.1975 2.364 0.35424 -0.10867 0.66307 0.29529 -0.23882 -1.1474 1.5986 -0.14374 -0.018932 0.0016733 0.40296 0.82153 0.51212 1.1828 -0.73795 -0.88573 -0.47368 -0.11694 0.78948 0.24219 -0.46172 -0.17207 0.096278 0.11723 -0.064733 -0.63571 -0.13698 0.68703 0.30675 -0.066425 -0.21346 -0.25174 -0.028296
1.972 -1.7155 -1.5014 -0.24949 1.5361 1.6336 1.0057 -0.95333 0.45948 -0.13575 -0.68671 -0.66031 1.6102 -0.30328 -0.055199 -0.038788 0.49886 0.76348 0.047279 1.26 -0.58455 -0.60513 -0.29383 -0.4184 0.65617 0.21556 -0.39788 -0.14476 0.017905 -0.33102 -0.22681 -0.78686 -0.4086 0.78897 0.42792 0.44905 -0.41599 -0.29258 -0.059107
1.4842 -1.6659 -1.5675 -0.45862 1.427 1.4107 0.59434 -1.1391 -0.010421 -0.54148 -1.4327 -0.52393 1.7217 -0.45054 -0.13245 0.16655 -0.0081323 0.9192 -0.79357 1.1394 -0.28361 -0.58704 -0.15385 -0.7195 0.59855 0.19905 -0.098015 -0.022494 0.027678 -0.4609 -0.60221 -0.47469 -0.94592 0.58172 0.87012 0.53642 -0.40159 -0.25274 -0.082592
1.578 -1.8423 -1.6776 -0.31159 1.6198 1.5737 0.8772 -0.36037 -0.29933 0.14466 -0.81511 -0.75878 1.6982 -0.45575 -0.20095 0.030272 -0.1943 0.3288 -0.49061 0.5039 -0.079827 -0.1314 0.38259 -0.97674 0.62006 0.14527 0.35231 0.22394 -0.086345 -0.38303 -0.88597 -0.14568 -1.4538 0.66343 1.2056 0.31767 -0.19349 -0.28598 -0.13616
1.631 -1.8777 -1.6808 -0.055937 1.7985 1.3606 1.5865 -1.2007 0.26024 0.34382 -1.8177 -0.15842 1.7036 -0.21846 0.011771 0.021887 -0.14656 -0.096633 -0.20459 -0.226 0.19973 0.62225 0.32309 -0.74135 0.2926 0.1201 0.63698 0.63432 -0.23445 0.0092959 -1.1821 -0.083974 -1.5464 0.56957 1.1196 -0.014039 0.16507 -0.40243 -0.26812
1.5212 -1.9089 -1.4231 -0.63873 2.237 0.89892 1.1831 -0.54751 -0.32248 0.16895 -1.7933 -0.40014 1.7799 0.15855 0.29887 -0.12104 -0.17542 -0.40717 -0.53674 -0.81836 0.53407 1.2004 0.13296 -0.84699 0.22334 -0.00498 0.6292 0.87676 -0.25608 0.18194 -0.95065 -0.51026 -0.92218 0.44108 0.24173 -0.3013 0.71946 -0.55424 -0.4309
1.5692 -1.8505 -1.6112 -0.31503 1.2816 1.9106 0.8756 -0.54639 0.81409 0.63698 -1.5251 -0.16197 1.7622 0.28091 0.82374 -0.18428 0.0077883 -0.95811 -0.92947 -1.1383 0.57416 0.98663 -0.076054 -0.4243 -0.037225 -0.23907 0.35031 0.78463 -0.31929 0.2868 -0.61785 -0.81486 0.09517 0.057301 -0.56684 -0.075806 0.72946 -0.42505 -0.62776
1.5968 -1.559 -1.5225 -0.49337 1.2078 1.1355 0.26999 -0.86916 1.265 -0.21994 -1.9305 -0.41436 1.78 0.32058 1.0599 -0.33283 0.092219 -1.0428 -1.1891 -0.78122 0.62994 0.18525 -0.081696 0.46112 -0.3729 -0.50074 -0.1318 0.4634 0.05327 0.35636 -0.034719 -0.55574 0.87459 -0.26491 -1.1825 0.29146 0.91812 -0.17923 -0.7779
1.7255 -1.3331 -1.8684 -0.56086 1.0015 0.46769 -0.35972 0.12203 1.358 -0.1032 -2.6519 -0.28809 1.6397 0.27517 1.123 -0.45445 0.28881 -0.94424 -1.5838 -0.034175 0.24913 0.025391 0.25077 0.22328 -0.29164 -0.83535 -0.46092 -0.33286 0.074226 0.22899 0.22894 0.075271 1.3895 -0.54209 -1.3091 0.5852 0.89191 0.0019805 -0.65276
1.9083 -0.84144 -1.7861 0.00062984 0.46315 0.25549 0.26231 0.09182 0.57401 0.40727 -1.1431 -0.73953 1.2987 -0.04422 1.0305 0.11577 0.38958 -0.46351 -1.3667 0.3352 0.12256 -0.64424 0.57852 0.86863 -0.0076156 -1.1983 -0.76164 -0.63016 0.35918 0.11874 0.46777 1.0136 0.99772 -0.87078 -0.58631 0.31395 0.48473 0.25249 -0.4426
1.7994 -0.85378 -1.8369 -0.22233 0.86525 -0.081536 1.0884 -0.5023 -0.11497 0.25427 -0.8459 -0.65285 1.138 -0.275 0.20643 -0.26838 0.31502 -0.79258 -0.6627 0.99692 -0.32371 -1.1748 0.83357 1.3529 -0.19162 -1.1416 -1.0171 -0.5301 0.49131 -0.090592 0.57858 1.7516 -0.03263 -0.27128 0.054404 -0.108 0.32966 0.28102 -0.26277
1.6738 -0.79045 -1.8463 -0.32907 0.76096 -0.61849 0.96989 -0.37343 0.58577 0.76611 -2.0052 -0.56 0.80873 -0.62935 0.32118 0.23747 0.31895 -0.20638 0.51358 0.64507 -0.92008 -0.3577 0.28418 0.96924 0.13954 -1.1957 -0.77602 -0.1619 0.30534 -0.22024 0.40431 1.7816 -0.88429 0.50019 0.73436 -0.31938 0.03433 0.37451 -0.1022
1.4197 -0.66799 -1.2339 0.18234 0.634 0.55688 0.56924 -0.41874 0.37037 1.1297 -0.14565 0.045708 0.35629 -1.0708 0.4708 0.39061 0.15373 0.051547 1.2008 -0.22388 0.18315 0.0095227 0.14916 0.9001 0.25806 -1.3396 -0.15922 0.22258 0.13349 -0.17838 0.21398 1.1249 -1.1507 1.1671 0.46831 -0.43745 0.063623 0.39051 0.080604
1.4559 -1.6559 -2.315 -0.29505 -0.32941 0.064434 1.342 -1.0688 -0.61379 0.66661 -0.31052 -1.0864 0.68333 -0.89462 0.5912 0.35075 0.045751 -0.094749 1.4898 -0.72299 0.88929 0.23925 0.21806 1.1636 0.59019 -1.2941 0.89596 -0.05775 -0.43364 -0.16405 -0.32293 -0.13634 -0.53199 1.1761 -0.43714 -0.24106 -0.074087 0.05028 0.5767
1.1942 -0.28094 -1.367 0.092423 1.1567 1.4238 0.33788 -1.1372 1.2194 0.056384 -1.2861 0.0021339 0.094699 -0.39237 0.49501 -0.076022 0.10918 -0.42184 1.248 -0.49867 1.1814 -0.52515 -0.089574 1.3896 0.43983 -0.93646 1.7473 -0.26474 -0.37641 0.051914 -0.46099 -0.90624 0.14517 0.42606 -0.87184 -0.31244 -0.14176 -0.13388 1.054
0.75665 -0.092967 -1.3695 0.069445 0.72453 1.4356 0.19653 1.1279 0.10858 0.90079 0.58675 -0.46498 -0.44678 0.4892 0.1999 -0.32137 0.026866 -0.57068 0.22023 -0.21026 1.0093 -0.93763 -0.13095 0.55124 0.1799 -0.2894 1.8276 -0.6075 -0.53011 0.066946 -0.5062 -1.5243 0.77574 -0.18035 -1.272 -0.35916 -0.23967 -0.60549 1.3542
1.1249 -0.38803 -1.5951 -0.3648 0.49988 1.2475 0.27036 0.64463 0.44052 1.0017 0.39059 0.51754 -0.33629 1.0729 0.16389 0.039582 0.27205 -0.57572 -0.063158 -0.17393 0.98883 -1.1112 -0.36412 0.8821 0.20175 0.18176 1.3995 -0.48113 -0.2581 0.075767 -0.26476 -1.2629 0.65957 -0.63416 -0.40221 -0.71768 -0.47842 -0.3938 1.1822
1.5026 -0.61238 -2.0292 0.123 -0.40422 0.96941 0.57558 0.72555 -0.83216 0.57875 0.42277 -0.1719 -0.08805 1.3382 -0.39721 -0.67633 0.10265 -0.96956 -1.0611 0.63063 0.58772 -1.9704 -0.43278 0.87482 -0.55793 0.7465 0.23054 0.019036 0.16981 -0.0029434 -0.031989 -0.41239 0.21918 -0.63204 0.40482 -0.97411 -0.50562 -0.17652 0.529
2.1454 -0.97631 -1.8155 0.11487 -0.31347 0.46924 0.68706 -0.040903 -1.2456 0.58786 0.035801 -0.36087 0.47885 1.4558 -0.12025 -0.36845 0.22691 -0.71208 -0.76485 0.37402 0.048774 -0.78676 -1.4966 0.1529 -0.0069919 0.81526 -0.94421 0.48951 0.52337 -0.3774 0.21077 0.13204 -0.18044 -0.62417 1.4514 -0.80749 -0.78936 0.27063 -0.2382
2.1906 -0.73267 -1.7356 0.17773 -0.19992 0.74828 0.63775 0.45817 -1.053 -0.3766 0.82432 -0.52224 0.64597 0.67854 0.37873 0.19832 0.050812 -0.54669 -0.28278 -0.035931 0.14036 -0.27764 -1.6733 -0.21973 -0.068125 0.41019 -1.6945 0.8398 0.84994 -0.59675 0.27801 0.71117 -0.80214 -0.38394 2.1176 -0.36177 -0.6898 0.65801 -0.91354
1.9172 -0.38721 -2.0353 0.057259 -0.010985 0.044484 1.1212 0.79397 -1.6956 0.099233 0.61913 -0.81038 0.48 -0.11771 0.70681 0.56702 -0.4345 -0.36673 -0.15424 -0.15898 -0.11009 0.93983 -1.4947 -0.33896 0.55797 -0.1059 -1.5637 0.49693 0.43719 -0.58914 -0.0037356 0.56153 -0.68032 -0.28517 1.4905 0.49938 -0.54398 0.59885 -0.96928
2.1963 -0.28107 -1.7097 0.19317 -0.51667 0.80475 0.32692 1.2079 -0.089009 -1.4569 0.64818 0.52736 0.27738 -0.60987 0.78588 0.42023 -0.72899 -0.59314 0.15703 -0.61385 -0.15489 1.3847 -1.2275 -0.42556 0.58679 -0.54462 -0.63413 -0.1367 0.10178 -0.25866 -0.12148 0.37577 -0.50175 -0.21761 0.71107 0.80956 -0.57998 0.69945 -0.48217
1.759 -0.13 -1.4422 -0.28992 -0.69183 0.95317 0.21412 0.33328 -0.50075 -1.1432 -0.43118 0.065685 0.1816 -0.42297 0.62117 0.32713 -0.53062 -0.67897 0.22206 -0.6143 -0.41985 1.3569 -0.66407 -0.9653 0.9666 -0.566 0.070322 -0.59477 -0.2069 0.18157 -0.095561 0.082024 -0.086596 0.18926 -0.69668 0.87048 -0.42132 0.15823 0.11682
1.5734 -0.058165 -1.4552 -0.39415 -0.8338 0.33848 0.67836 -0.02697 0.38326 -1.1806 0.051874 0.34678 0.037881 -0.18746 0.16233 0.50905 -0.40088 -0.60603 0.34283 -0.74298 -0.18023 0.94327 -0.36708 -1.208 1.2431 -0.28375 0.3486 -0.7698 -0.22967 0.43952 0.052524 -0.20777 0.54337 0.67755 -1.466 0.69078 0.16636 -0.080605 0.53025
1.6796 -0.099672 -1.5832 -0.70662 -0.92747 0.77048 -0.23659 0.086035 0.3927 -1.15 -0.031726 -0.020016 -0.024917 -0.20742 -0.11119 0.1467 -0.23557 -0.52614 -0.054894 -0.23271 0.27488 -0.20134 -0.072549 -0.89535 0.59126 -0.010932 -0.039166 -0.68595 -0.1651 0.38566 0.23985 -0.39389 1.0054 0.62191 -1.5562 0.36626 0.8787 -0.62825 0.6396
1.9095 0.11533 -1.641 -0.074258 -0.92725 0.88025 0.22597 0.41863 0.33138 -1.0894 -0.67011 1.0049 0.014159 -0.14578 -0.31035 0.092738 -0.0080191 -0.552 -0.12538 0.26558 0.88745 -0.72351 -0.056783 -0.097588 0.6266 0.19658 -0.57421 -0.48768 -0.020555 0.2363 0.39389 -0.44739 1.3686 -0.13924 -0.98873 0.499 1.2468 -0.99131 0.4982
1.8443 -0.37789 -1.2874 -0.34616 -0.94935 0.75632 -0.11085 0.99772 -0.233 -0.94623 -1.2993 1.4627 0.19944 -0.49952 -0.44555 0.23613 0.035891 -0.22992 -0.35854 0.838 0.32009 -0.87591 -0.049627 0.43101 -0.040829 0.42239 -1.0375 -0.53913 0.32812 0.003167 0.82142 -0.033348 0.83765 -0.90119 0.14447 0.94875 1.0429 -1.4965 0.31745
1.7067 -0.3849 -1.5339 -0.29534 -1.4365 0.66393 0.23515 1.1959 -0.68131 -1.7759 -0.50469 0.59805 0.25439 -0.96306 -0.59675 0.43054 -0.066377 0.016741 -0.43324 1.375 -0.51503 -0.66042 0.6761 0.90119 -0.53072 0.45681 -1.2466 -0.44252 0.23398 0.030075 1.0993 0.005484 0.12979 -1.2525 1.2603 1.084 0.3666 -1.9004 0.16818
1.3878 -0.39109 -1.3502 -0.48069 -1.4598 0.50896 0.97553 1.1185 -1.1412 -0.93703 0.15565 0.69808 0.32826 -1.4702 -0.99203 0.58411 -0.19304 0.77859 0.047179 0.84734 -0.9237 0.073107 1.5814 0.92286 -1.9972 0.46934 -0.7819 -0.25622 0.21677 0.25561 0.79123 -0.42996 -0.33038 -0.62732 1.9711 0.31895 -0.4737 -1.0572 0.13367
1.0727 -0.51345 -1.2985 -0.39581 -0.80888 -0.11174 1.486 -0.29712 -0.14442 -1.2008 0.83493 -0.075686 0.50687 -1.6704 -0.87754 0.35223 0.17253 1.0646 -0.29793 0.53773 -1.1225 1.3206 1.4385 0.46599 -2.4237 0.49708 -0.11762 0.046863 0.26818 0.43918 0.10087 -1.0837 -0.21618 -0.1381 1.674 -0.8617 -1.0094 0.033953 0.23824
0.92504 -0.76599 -1.1587 -0.55849 -0.81719 0.66868 1.2223 -0.60604 -0.40985 0.40431 0.4836 -0.13225 0.45201 -1.4037 -0.79154 0.67717 0.42452 0.77748 -1.3172 0.65069 -0.70534 2.0615 0.23717 -0.41579 -1.3247 0.66 0.33342 0.57665 0.46591 0.24343 -0.89182 -1.3423 -0.0097126 0.09979 0.72116 -1.3459 -1.1639 1.0865 0.25237
0.50136 -1.3883 -0.94888 -0.24109 0.39666 1.3092 0.55719 -0.027387 0.4319 1.2852 -0.25361 -1.8126 0.63319 -1.179 -0.60736 0.88028 0.49267 0.22739 -2.0252 1.0865 -0.934 1.6842 -0.51899 -0.6886 -0.77056 0.81988 0.3955 0.92599 0.87752 -0.52442 -1.3348 -0.74987 -0.35356 0.3658 -0.48069 -1.0691 -0.53205 1.4725 0.15381
0.26671 -1.182 -1.2238 -0.03215 -0.16293 -0.30299 0.62825 -0.054768 1.6366 -0.28051 -0.53548 -1.6365 0.82867 -1.1686 -0.030615 1.1794 0.1311 -0.49257 -1.9106 0.58218 -0.83208 1.3408 -0.3468 -1.1034 -0.48291 0.79344 -0.030441 1.0008 1.108 -1.2988 -1.5008 0.22571 -0.80146 0.52594 -1.1426 -0.11528 0.41387 1.3473 -0.11764
0.51288 -1.0084 -0.74227 0.13748 -1.084 -1.8759 2.0315 0.34759 1.7303 -2.521 -0.59205 0.011984 1.1038 -1.1401 0.50243 1.7161 -0.70135 -0.83798 -1.5691 -0.078448 -0.31901 0.74729 -0.58199 -0.3847 0.31947 0.72675 -0.31934 0.69762 1.1085 -1.6556 -0.65461 1.319 -1.5334 0.78769 -1.3228 0.46753 1.0551 0.92658 -0.37717
0.18892 -1.0316 -0.40996 -0.10407 -1.0324 -2.0097 2.9108 -1.5302 0.56756 -0.96421 -0.068046 -0.44002 1.3263 -1.4647 0.55623 2.2974 -1.5167 -1.5451 -1.049 -0.27655 0.060978 0.28393 0.0042494 0.34717 1.0274 0.48207 -0.37285 0.19052 0.46742 -1.4973 0.53762 1.6873 -1.8497 1.0824 -1.2376 0.461 1.6745 0.50179 -0.55062
-0.21618 -0.52849 -0.14006 -0.5762 -1.2239 -1.0547 0.99114 -1.6207 1.6703 0.22199 -1.1173 -1.4678 1.2397 -1.5401 0.42562 2.3602 -1.9208 -0.48215 0.3535 -1.398 0.23866 -0.39079 0.29254 0.93094 0.47418 0.25307 -0.21835 -0.2008 -0.5378 -0.81647 1.1039 1.1321 -1.5927 1.4835 -0.61295 0.042111 1.6671 0.36755 -0.61832
-0.30339 -0.49021 0.54178 -1.5792 -1.2254 -0.29602 0.01226 0.24299 0.73836 0.067408 0.061438 -0.098837 1.2307 -1.5643 0.37046 1.7193 -2.1863 0.37547 0.71685 -2.2786 1.1223 -0.52468 0.18897 1.9648 0.53381 -0.025034 0.31764 -0.23411 -1.2932 0.1213 1.0878 -0.12752 -0.44966 1.2414 -0.21479 -0.67038 1.246 0.38979 -0.44094
-1.0996 -1.013 1.034 -1.7256 -2.1138 -1.042 0.77034 0.54705 1.6675 0.14985 0.30109 -0.22548 1.2151 -1.436 0.21426 1.0217 -1.9595 0.33154 -0.038065 -2.105 2.2193 -0.044256 -0.6008 2.5161 1.3741 -0.20493 0.85872 -0.099866 -1.6168 0.82968 0.16713 -1.3081 0.99487 0.020556 0.27705 -0.67323 0.10693 0.12132 -0.18083
-0.8324 -0.59927 0.72736 -1.7886 -0.44213 -0.70758 -0.28565 -0.27767 0.78123 -1.7624 0.89546 -0.61138 1.2569 -0.99497 0.21756 0.59646 -1.2525 0.14707 -1.1043 -0.75788 1.6352 -0.29571 -1.0055 2.3252 1.4327 -0.13378 1.6433 0.10043 -1.267 1.2961 -0.37823 -1.0783 1.5161 -1.4884 0.074148 0.026491 -1.4648 -0.33442 0.10518
-0.88667 -0.47477 0.62386 -2.3303 -0.40739 -1.3014 -0.19368 1.2023 0.45941 -1.5492 2.6504 0.81531 1.1131 -0.4273 0.31285 -0.042642 -0.75466 -0.031048 -1.4849 -0.22202 0.0030045 0.0636 -0.57273 0.98118 0.30748 -0.038298 2.0072 0.12641 -0.64914 1.4728 -0.72836 0.0074279 1.1579 -2.7291 -0.30835 1.2627 -2.6191 -0.72504 0.21396
-1.3684 -0.65334 0.51496 -2.4254 -1.1568 -1.766 -0.29282 1.5463 1.2687 -0.48833 2.7199 1.0411 1.0232 0.59857 0.5126 -0.070656 -0.24148 -0.15007 -0.82261 -0.28377 -0.89291 -0.41205 0.21495 -0.54238 0.37802 0.094717 2.0673 0.042543 -0.17576 1.5437 -0.57996 1.1401 0.2449 -3.0626 -0.55036 1.7707 -2.8832 -0.74861 0.099302
-1.0901 -0.2155 0.88902 -2.0829 -1.5454 -2.1714 0.037398 0.81362 1.0846 -1.0427 1.4825 0.37827 1.1652 1.0234 0.30756 0.16748 0.4284 -0.89682 -0.1445 -0.092931 -2.2251 -0.57797 1.4835 -1.8987 0.37934 0.092615 1.7577 -0.14153 0.099237 1.6426 0.0052599 1.5698 -0.21445 -2.2032 -1.0478 1.6308 -2.0245 -0.12615 -0.10739
-0.78466 -0.44777 0.64956 -2.494 -1.4477 -2.132 0.064799 -0.55125 1.1055 -0.81558 0.84644 -0.41475 1.2721 1.6332 0.30164 0.17268 1.1885 -0.51296 0.65642 -0.32479 -3.6542 -1.0467 1.7518 -2.6725 -0.17559 -0.0074425 0.69996 -0.32834 -0.14387 1.4459 0.26877 1.0263 -0.33115 -0.97961 -0.92784 1.2139 -0.38829 0.18274 -0.47273
-0.16422 -0.28287 0.89686 -1.768 -1.3959 -1.4241 -0.098631 -1.0873 0.3568 -0.17757 -0.46803 0.5717 1.3645 1.9078 0.14994 0.021809 1.7566 0.1775 1.1157 -0.58507 -3.2291 -1.6773 2.1438 -2.4765 0.3393 -0.19203 -0.21775 0.020741 -0.23645 1.0625 0.42809 0.37369 0.069744 0.79585 -0.61284 0.26332 1.2776 0.41405 -0.82783
0.033959 -0.24923 0.74795 -1.3502 -1.5883 -0.7739 -0.65616 -2.8798 -0.3404 0.68441 -0.59397 0.82162 1.1794 1.2969 -0.032024 -0.25801 1.9352 -0.15581 0.73743 -0.64515 -2.4541 -1.6826 2.4744 -1.1274 0.81175 -0.66882 -1.3238 0.57632 -0.19535 0.2926 0.14811 -0.32028 0.61757 2.462 0.24987 -0.69297 2.3295 0.57521 -1.1445
0.33551 -0.18594 0.72098 -0.97669 -1.2644 -0.88563 -0.54404 -3.1318 -0.48187 1.2206 -0.39553 0.5405 0.93005 0.84684 0.51439 -0.047333 2.1444 -0.23906 0.62435 0.22887 -1.189 -1.4556 1.6707 0.16987 0.79264 -1.1639 -2.1066 0.98467 -0.13617 -0.20572 0.24906 -0.57846 0.92554 2.8531 1.0505 -1.7382 2.3364 -0.03179 -1.1322
0.28969 -0.47795 0.62872 -0.33344 -0.94005 -0.83403 -0.80794 -2.0464 -0.82341 2.2018 -1.0197 1.2238 0.85607 0.028844 1.2153 -0.14745 1.5751 -0.0041885 0.24317 0.4808 0.43357 -0.64252 0.48342 1.1911 0.84837 -1.7163 -2.2216 0.78445 -0.085377 -0.54535 1.0139 0.04515 1.1284 2.3651 1.3735 -2.1876 1.2214 -0.64813 -0.70833
-0.016322 -0.29569 0.58707 -0.25086 -2.2714 -1.7284 -0.49198 -2.831 -0.97987 1.9032 0.21651 0.97148 0.34842 -0.85991 1.3982 -0.27953 1.5406 0.59538 0.15766 0.65532 1.2497 -0.094732 -0.60998 1.5664 0.27723 -1.8395 -1.9815 0.13482 -0.14797 -0.70582 1.3223 0.45696 0.81987 1.1626 1.2742 -1.8857 -0.060367 -1.1653 -0.11109
0.30675 0.55778 0.82929 0.072981 -1.599 -0.64664 0.81423 -2.2531 -0.98207 0.95377 0.91715 0.82052 -0.099766 -1.4375 1.0175 -0.29471 1.1755 1.3844 1.085 1.3341 1.2324 0.37986 -1.0996 0.88997 -0.28863 -1.689 -1.2584 -0.50885 0.013735 -0.51828 1.5178 0.52678 0.072273 0.16754 1.033 -1.0938 -0.87013 -1.2585 0.60783
-0.19187 1.4048 0.6744 -0.078655 -1.0781 -0.72535 -0.1707 -0.68263 -0.43326 0.47618 0.96579 2.1793 -0.77016 -1.6193 0.87009 -0.24141 0.96814 1.6143 1.189 1.4029 0.81187 0.57929 -1.6038 0.17777 -1.0998 -1.3895 -0.50881 -0.95758 -0.19251 -0.49858 0.94471 0.028943 -0.54783 -0.41379 0.764 -0.4157 -1.1501 -0.81147 1.0043
-0.92864 0.86515 0.30622 0.7328 -0.25693 -0.61103 -0.18154 -1.7558 -0.52079 0.26172 1.3288 0.43868 -0.77829 -1.6204 0.51286 -0.13736 0.85283 2.4082 0.86077 0.27349 0.97952 1.0882 -1.3852 -0.063032 -1.1229 -0.77373 0.46123 -0.98943 -0.15517 -0.25594 0.052543 -0.5478 -1.0366 -0.23372 0.27947 -0.033335 -0.83331 -0.32039 0.97302
-0.9767 0.18297 0.47876 0.40688 0.77761 0.81187 1.5128 -1.3912 -0.041795 0.58175 -0.23209 0.071994 -0.73813 -1.5843 -0.16878 -0.7077 0.73201 1.9085 0.34971 0.1625 0.49194 1.0855 -1.3767 -0.52989 -1.012 -0.36877 1.4218 -0.58379 0.010963 -0.29674 -0.83514 -0.41508 -1.1223 0.32872 -0.33478 0.52546 -0.33502 0.77424 0.54416
-1.1163 0.66491 0.52508 0.78211 -0.041272 -0.15167 0.90256 -1.4312 -0.34785 -0.19925 -0.45515 -0.30798 -0.76874 -0.70088 -0.34292 -0.34252 0.79912 1.3549 0.3643 -0.0064495 0.88337 0.70042 -1.3017 -0.62252 -0.99172 -0.33101 1.9697 0.017423 0.16878 -0.052851 -1.7257 -0.15159 -1.0108 0.3233 -0.84711 0.89086 0.25226 1.3801 -0.012937
-1.2658 0.95816 0.65698 0.67842 1.1199 -0.83722 -0.58883 -1.0393 0.8205 -0.39696 1.4004 0.12019 -0.64973 0.22973 0.18907 -0.11477 0.42061 0.55972 0.57769 -0.5823 1.5228 0.12889 -0.53417 -0.29762 0.50965 -0.56547 1.9935 0.21682 0.43651 -0.20274 -1.6222 0.32248 -0.73587 0.63762 -1.1182 0.85115 0.48502 1.485 -0.094359
-1.3199 0.60681 -0.26381 0.89554 0.86127 -0.010201 1.0394 -1.0746 0.47237 -1.3254 0.058599 0.36414 -0.86578 0.66817 0.36763 -0.12003 0.9121 -0.20298 0.44475 -1.2653 1.1157 -0.093664 0.089602 0.37536 1.0834 -0.69895 1.3754 -0.062693 0.34194 -0.66053 -1.2468 0.0046363 -0.36493 0.26921 -1.3507 0.56897 0.22903 0.87352 0.25744
-0.90245 0.68803 0.49703 1.1883 0.8955 0.16784 -0.30422 0.6415 0.13348 -0.99001 -0.10004 0.17676 -1.3538 0.96533 -0.11141 -0.013648 0.28534 -0.40017 1.0105 -0.59191 1.6823 -0.71505 -0.26153 0.044762 1.1411 -0.36461 0.84756 -0.51601 0.35815 -1.1316 -0.43072 -0.64459 -0.19771 -0.18798 -1.1214 0.22011 0.066794 -0.85699 0.91229
-0.56925 0.8799 0.3919 0.95031 0.52457 0.94053 -0.1535 0.0488 -0.62899 0.51611 0.42012 1.1983 -1.3828 1.165 -0.31125 0.2386 -0.42058 -0.53424 0.17641 -0.67389 1.3425 -1.5362 -0.23311 -0.29099 0.57929 0.063796 0.50302 -0.9066 -0.30483 -1.4364 0.21663 -0.96037 0.12427 -0.6116 -0.48843 -0.022728 -0.27976 -2.0639 1.4976
-0.45774 0.78488 0.44808 1.7966 0.032168 0.65312 -0.34134 -0.54014 0.17608 0.50046 0.52449 1.2831 -1.3889 1.3607 -0.45159 0.36736 -1.1237 -0.081951 -0.63328 -1.2295 0.99565 -1.3538 0.082946 0.17648 -1.0418 0.80496 0.39195 -1.4506 -1.2728 -0.93958 0.39254 -1.1591 0.047031 -0.93779 0.9451 -0.033586 -0.57669 -2.7768 1.7454
-0.45057 0.47774 0.42848 0.54817 -0.061599 0.56987 -0.021147 1.4851 -1.0916 -1.9828 0.11659 0.99173 -0.77847 1.2923 -1.1847 -0.86623 -1.1912 0.069541 -0.74663 -0.68032 0.16256 -0.72324 -0.14831 -0.3224 -2.2023 1.5912 0.48612 -1.8777 -2.0558 -0.19726 0.374 -0.36774 0.46433 -0.63334 1.8693 -0.065112 -1.1818 -1.9064 1.6126
-0.23668 0.43865 0.56317 -0.04927 0.88327 -1.0161 -1.1849 0.53668 -1.4649 -0.96469 0.51881 0.52979 -0.57668 1.5437 -2.4311 -1.794 -1.1636 0.066239 -0.96165 -0.47064 0.2962 0.77197 -0.39292 -1.2336 -3.3654 2.222 0.54991 -1.6775 -2.0984 0.87769 0.028313 0.30975 0.9796 -0.39415 2.0117 -0.063535 -1.5217 0.023837 0.97468
0.24996 0.079893 0.21951 -0.18297 0.87631 -0.3416 -0.81136 0.65493 -1.2278 -0.32599 0.14702 -1.9416 -0.09139 1.8679 -2.8896 -2.4509 -0.78007 0.12448 -0.41877 -0.13472 0.3505 1.127 -0.15186 -2.2295 -2.3002 2.4508 0.19406 -0.77112 -1.1937 1.4576 -0.33629 0.48233 1.4968 0.10489 1.2204 -0.35367 -1.0892 1.7808 0.20524
0.42726 -0.81708 -0.68989 0.3985 0.50739 0.10882 -0.91239 0.21503 -0.4785 -0.26359 -0.62036 -2.0063 0.46644 1.9706 -2.7867 -2.6888 0.39799 -0.038199 -0.12314 0.4048 0.05835 1.7296 -0.068581 -2.2714 -0.91795 2.2467 -0.70968 0.5169 0.068159 1.3752 -0.4747 -0.016598 2.0128 0.097257 -0.29412 -0.83509 0.10496 2.9277 -0.50816
0.93747 -2.3287 -1.3993 0.015768 0.018265 -0.29155 -0.43039 0.44767 1.5236 -0.38615 -1.5477 -2.5519 1.2729 1.4006 -2.4718 -2.6063 0.89165 -0.50481 -0.12667 1.7812 0.47799 1.2373 -1.0868 -2.2404 0.39544 1.974 -1.7153 1.596 1.3887 0.53768 -0.5799 -0.54808 2.255 0.15627 -1.3145 -0.83332 1.6374 2.0374 -0.99437
1.2166 -2.1644 -1.4955 0.59078 0.34985 0.035681 -0.42839 1.0017 0.54135 -1.1288 -2.9112 -0.23806 1.4417 0.6365 -1.657 -1.5872 0.70281 -0.51058 -1.1241 2.4605 0.41304 0.15316 -1.7355 -1.0021 1.554 1.4866 -2.2943 2.3706 2.2823 -0.6678 -0.54091 -0.63914 1.8166 0.10564 -2.0138 -0.011324 2.798 0.37854 -1.3797
1.3278 -2.0368 -1.5869 0.7903 0.48355 -0.37551 0.12558 1.3553 0.39257 -2.002 -2.0495 -0.1773 1.5885 -0.23345 -0.42065 -0.4483 0.12838 -0.73214 -1.0592 3.1913 0.4767 -0.67164 -1.1246 0.77926 0.83247 0.92407 -2.2929 2.9936 2.9022 -1.1647 -0.27171 -0.27964 0.093941 -0.29463 -1.6095 1.4574 3.1475 -0.98117 -1.9297
0.89515 -2.1841 -1.7709 0.8724 0.11985 -1.2037 1.4784 0.82629 -0.20941 -1.9387 -2.2023 -0.41736 1.6399 -0.9179 0.69357 0.4261 -0.52195 -0.94272 -0.99047 3.2125 0.25706 -1.2895 -0.090842 2.4504 -0.30522 0.12538 -1.7842 3.1862 2.8302 -0.79951 0.25281 0.80737 -1.671 -0.67616 -0.70918 2.4468 1.9455 -1.1529 -2.4812
0.76474 -2.1145 -1.3147 0.53343 -0.11034 -1.6612 2.1771 0.82319 -0.69569 -2.4719 -0.83959 -0.58972 1.779 -1.5255 2.0428 1.7189 -0.77134 -0.79172 -0.76647 1.6132 -0.079973 -1.2133 1.2034 3.0444 -0.74321 -1.047 -0.90386 2.7072 2.3528 0.208 0.91703 1.7183 -3.198 -0.58583 0.074547 1.96 -0.077854 0.21881 -2.6515
0.28943 -1.7246 -1.3071 0.20331 -0.88605 -0.6582 2.8996 1.0392 -0.19544 -1.0658 0.40515 -1.5369 1.7778 -1.5975 3.1673 2.529 -0.40701 0.020089 0.45647 0.071706 -0.73955 -0.96268 2.3376 2.1959 -0.092614 -2.2876 -0.49486 1.2262 1.2225 0.80549 1.5796 1.8021 -3.3394 -0.79659 0.93556 0.67592 -1.7879 1.5864 -1.7997
0.34699 -1.3511 -0.99016 -0.58151 -0.95854 -1.3566 2.8942 1.141 -0.40356 -0.46897 1.2705 -2.172 1.2192 -1.3489 3.4882 2.8235 0.48568 0.55854 1.8716 -1.3455 -0.26773 -0.66773 1.853 0.7249 1.2168 -2.956 -0.26067 -0.59061 -0.24609 0.80158 1.7416 0.75195 -2.0619 -1.086 1.3197 -0.82466 -2.4155 2.0492 -0.21987
-0.24371 0.9118 0.46729 0.3327 -0.034608 -1.0018 0.37548 0.88562 -1.549 0.1966 0.75322 -0.0599 -0.29826 -1.7994 2.3018 2.1221 0.43524 1.4223 1.5221 -1.6866 -1.3309 0.31228 1.0189 -0.38484 2.1218 -2.3722 -0.080929 -1.76 -1.5529 -0.036089 1.0348 -0.66993 -0.13512 -1.0235 1.8158 -1.4117 -2.284 0.71302 1.4698
-0.1987 1.3662 0.51201 0.78997 0.89535 0.31614 0.75343 -0.40478 -0.88697 1.0304 0.14578 -0.074108 -1.1735 -1.8387 1.3537 1.4745 0.38556 1.8573 0.3104 -1.4353 -2.0691 0.78549 0.075069 -1.06 2.5435 -1.4254 0.23699 -2.5188 -2.6668 -1.3241 0.14662 -1.7846 1.4976 -0.68746 1.8187 -1.1279 -1.1117 -1.2207 2.6869
-0.33353 0.91863 0.54958 1.5531 0.32405 1.341 0.64992 1.102 -1.069 -0.63251 -1.3617 1.2553 -1.1798 -1.4758 0.89025 0.35653 -0.42053 1.3682 -0.16168 -0.11482 -1.9935 1.9306 0.17824 -2.0131 0.78855 -0.23136 0.99996 -1.938 -2.4821 -1.914 -0.43861 -1.8401 1.7133 0.22834 0.71759 -0.40803 0.23185 -2.283 2.7797
-1.3689 -0.62722 0.051286 -0.020649 1.4399 -0.49988 1.1095 -1.5971 0.72587 -1.0264 -0.12921 1.2207 0.15069 -1.1194 -0.59238 -1.1856 -1.6741 0.88321 -1.0437 0.76942 -1.3909 2.1489 -0.16554 -0.94818 -0.6957 1.1306 1.4485 -0.87314 -1.4693 -1.8246 -0.4056 -1.2271 0.8397 0.9764 -0.87981 0.065383 1.4432 -2.5331 1.9012
-1.327 0.23016 0.12904 0.13503 1.2853 -1.3737 1.2048 -1.6978 0.59158 -0.25173 -0.29332 1.0019 0.14204 -0.53302 -0.40777 -1.1007 -2.2788 1.087 -1.6755 0.52559 -1.2163 1.073 0.24615 0.068272 -1.103 1.6848 1.5501 0.070956 0.28705 -0.45764 -0.39456 0.26069 -0.41751 1.849 -2.1844 0.26118 1.8864 -1.316 0.36311
-0.78169 1.3688 -0.087308 -0.93594 0.84128 -1.141 1.9921 -1.066 1.8047 0.9077 -2.3862 -1.684 0.056483 0.041896 0.34387 -0.49031 -2.254 1.2387 -1.5103 -0.11678 -0.4453 -0.5107 0.16464 1.1097 -1.8883 1.2659 1.0579 0.38333 1.9335 1.3258 -0.9741 1.8142 -0.92717 1.7003 -2.3727 0.00094623 1.2076 -0.070672 -0.99982
-1.2253 0.057571 -0.72322 -1.0847 1.5223 -1.1879 0.8504 -0.76367 0.74732 -0.20962 -0.0041643 -0.32919 0.53893 0.45998 0.55755 0.53983 -1.0203 0.45239 0.64186 -0.44483 1.3643 -1.0515 0.5571 1.1567 -1.3974 0.39902 0.33473 -0.12024 2.0242 2.7742 -1.5205 2.3559 -0.74694 1.422 -1.6585 -0.4541 0.39924 1.0812 -1.8366
-0.61358 0.52697 -0.19951 -1.2888 2.5659 -1.1059 1.338 -1.9838 -0.1366 0.64475 0.15338 -0.31468 0.83759 0.10398 -0.34596 1.5477 0.30201 -0.64674 1.6548 -0.49621 0.83957 -1.474 -0.33586 1.1926 -0.67517 -0.14377 -0.09031 -0.1315 1.4342 3.2048 -2.166 1.4261 -0.16536 0.69464 -0.41998 -0.60376 -1.0237 1.6403 -2.1158
-0.81426 0.81891 0.28686 -1.2921 2.0834 -1.3092 0.38148 0.07026 -1.6451 -1.3983 0.81858 -1.1588 0.57859 -0.014634 -0.29079 1.6004 1.8872 -0.8632 1.7452 -0.68978 1.0821 -1.7143 -0.49557 0.9091 0.62018 -1.1332 -0.34626 0.26298 0.22614 2.5345 -2.0744 -0.096792 -0.046034 -0.023917 0.43175 -0.57252 -1.3099 1.5045 -1.9411
-1.0771 0.25975 0.77518 -0.8009 1.2682 0.74273 1.0055 0.46597 0.59714 1.0479 0.85226 -0.66627 0.34048 0.14072 0.51871 1.6163 2.58 -2.2317 0.97418 -0.2837 1.1212 -0.9925 -0.62234 -1.0574 0.62478 -2.0267 -0.011716 0.76519 -0.83786 1.359 -0.66539 -0.67372 -0.17586 -0.2407 1.1215 0.13403 -1.3563 1.1014 -1.3322
-1.1163 0.079635 1.4822 0.67433 -0.56263 0.72723 1.0483 -1.1963 -0.98537 -0.68329 -0.077884 -0.7848 -0.32582 -0.11112 0.6256 0.92463 2.8149 -2.7082 0.79609 -0.61157 1.1517 -0.41659 -0.5459 -0.64747 1.1849 -2.3829 0.27778 0.54534 -1.3564 -0.19805 0.76235 -0.78906 -0.56098 -0.4772 0.86833 -0.054194 -0.65824 0.27622 -0.18352
-0.72869 0.90688 0.45937 1.1774 0.83228 0.46251 0.62479 0.73113 -0.98318 0.0048174 -0.54877 0.017891 -1.3014 0.14094 0.65068 0.35132 2.5085 -0.98065 0.72262 -0.84486 0.28119 0.12046 -0.03976 -1.0618 1.4151 -2.074 0.38832 -0.21932 -1.5667 -1.6887 2.1511 -0.53043 -0.62876 -0.14483 0.72353 0.53445 0.55249 -0.45735 1.1009
-0.84155 0.97931 0.80421 1.3268 -1.1496 -0.95262 0.54545 0.25839 -1.0478 -1.3834 -1.5682 0.61483 -1.4904 0.44251 0.68022 -0.25328 1.5419 -0.012691 0.2202 -1.4575 0.48568 -0.52952 -0.92011 -0.56461 0.83807 -1.4605 0.5761 -0.80494 -1.1585 -2.5008 1.9805 -0.38349 -0.22679 -0.023779 0.58495 1.0292 1.0803 -1.1998 2.0468
-0.88648 1.3263 0.91501 1.4448 -0.84509 0.35449 0.16112 0.27823 -0.90392 -0.21207 0.7879 0.71796 -1.6531 0.50006 0.075162 -0.66711 -0.085761 0.55446 0.15853 -1.0391 1.1303 0.51815 0.6955 0.12518 -0.15305 -0.37415 0.8951 -1.7275 -1.4645 -2.4885 0.99579 0.15893 0.34918 0.088471 0.84758 1.3231 1.357 -1.846 2.5952
-0.82631 0.97535 0.93582 1.5741 1.6094 0.96779 -0.53525 0.30368 -0.35969 -0.41048 -0.98244 0.36862 -1.5486 0.64939 -0.61585 -0.68912 -0.78179 0.33166 0.28544 -0.92169 0.6555 0.56396 1.2797 1.16 -0.5654 0.69597 1.2621 -2.3336 -1.8605 -1.7447 0.17422 0.1992 0.85946 -0.48561 1.3371 0.89452 0.3289 -1.8182 2.6299
-0.5547 0.74364 0.62002 1.3296 0.33647 1.0752 -0.6206 0.65239 -0.9862 -1.0762 -0.23058 0.060763 -1.434 1.4939 -1.9837 -2.1155 -1.1993 0.76999 1.045 -0.4151 0.35856 1.2739 1.6846 1.094 -1.7957 1.8289 1.5406 -2.0966 -1.9662 -0.47024 -0.4905 -0.16624 0.99185 -1.1338 1.0011 -0.66188 -0.79154 -1.1507 2.0533
-0.48714 0.31574 0.35882 0.34399 -0.001865 0.012557 0.21454 1.2708 -0.090065 1.2386 -0.19901 -1.0416 -0.91053 1.9959 -2.7248 -2.9408 -1.3134 0.23001 0.21714 -0.092934 -0.16235 1.7633 0.48925 -0.32357 -2.1939 2.4856 1.0548 -1.4186 -1.4596 0.47281 -0.29561 -0.66538 0.88192 -1.1993 0.79254 -1.7415 -1.8805 -0.26848 1.1519
-0.099215 0.41902 -0.14998 0.45628 0.35462 0.16568 -0.6904 1.3342 -0.37265 1.3505 1.4544 0.18238 -0.46922 2.328 -2.8543 -3.1469 -0.73436 -0.31643 -0.14035 0.47712 -0.8453 1.9231 -0.34741 -0.9062 -1.7687 2.6723 0.092514 -0.14863 0.076054 1.2397 -0.10837 -1.005 0.49627 -0.80281 -0.033249 -2.5433 -1.736 0.99271 0.020814
0.77529 -1.7957 -1.3829 0.22046 0.19087 1.5924 0.049993 -0.0074779 1.2628 0.71813 0.15657 -2.2488 0.90022 1.9471 -2.8761 -2.849 -0.080503 0.32614 -0.51103 0.35189 -1.2635 1.8304 -1.4607 -2.0415 -1.1274 2.4858 -0.91438 1.0015 1.3323 1.2583 0.39473 -1.3214 0.69129 0.21189 -0.73114 -2.1947 -0.77238 1.5046 -0.95737
0.90866 -1.6589 -1.5783 0.255 0.56212 0.69199 -0.39373 -0.10778 1.6215 -0.69972 -1.24 -2.0878 1.003 1.6756 -2.19 -2.0178 0.62086 0.53156 -0.69861 0.34235 -0.78569 1.194 -2.8185 -1.9264 -0.18803 1.8699 -1.8607 2.2578 2.4121 0.51708 0.33261 -1.773 0.90422 1.7069 -1.6112 -0.98214 0.41674 1.8321 -1.7076
1.2947 -1.8942 -1.6151 1.0034 0.71314 0.43485 0.28674 -0.60677 1.6074 -1.2476 -2.4243 -1.4317 1.1796 0.84983 -1.153 -1.0555 0.48206 0.5785 -2.2808 1.3284 0.22729 0.69766 -3.0046 -1.5439 0.2482 1.0509 -2.0049 2.7943 2.8613 -0.55749 -0.52995 -1.2721 1.222 2.5807 -2.2797 0.81161 1.9301 1.5715 -1.8718
0.86232 -2.305 -1.7496 0.82028 0.46036 -0.38238 -0.092268 -0.3631 1.1739 -1.9343 -2.3577 -1.2378 1.2926 -0.12721 0.57577 0.38857 0.0048514 0.21098 -2.9881 1.7513 1.9438 -0.68583 -1.7012 -0.23368 1.4744 0.11426 -1.9075 2.8529 2.7532 -1.2339 -0.99592 -0.052186 0.55491 1.8542 -2.1165 2.471 2.5909 0.77659 -1.8606
1.2286 -1.8083 -1.4441 0.98152 0.85528 -0.6107 0.3937 0.88771 1.3461 -2.0906 -1.0513 -0.7494 1.2905 -0.38862 1.0521 1.2045 -0.85791 -0.51078 -2.0392 2.0195 2.727 -1.7306 -0.29342 1.4084 1.4167 -0.22683 -1.3214 2.4113 2.136 -0.91869 -0.93274 1.5969 -0.72017 -0.10571 -1.5979 3.1074 2.1024 -0.00062832 -1.6408
0.89379 -1.4536 -1.5922 0.64874 1.146 -2.5355 1.5506 1.299 1.2313 -2.9476 -0.77539 -0.58507 1.124 -0.7846 2.1299 1.9105 -1.1202 -0.81279 -0.91114 1.0892 1.8059 -1.7691 1.1149 2.3673 0.9078 -1.0601 -0.92717 1.0545 1.0065 -0.40844 -0.66724 2.383 -1.8493 -2.3501 -0.45536 2.3463 0.4295 -0.83602 -1.0154
0.60793 -0.92931 -0.86002 -0.016032 0.18174 -1.8452 2.1094 2.7456 0.13269 -1.2284 -1.1187 -0.43927 0.99571 -0.95239 2.6531 2.1088 -0.74867 -0.67769 0.078112 0.30577 0.053903 -1.9096 2.243 1.8361 0.55416 -1.5091 -0.83971 -0.13084 0.029995 0.005697 -0.23288 2.2992 -2.3387 -3.2268 0.95846 1.112 -0.89276 -0.38861 -0.3054
0.761 -0.69213 -0.37087 -0.56158 -0.4025 -1.1167 1.7554 2.9864 -1.148 -1.0161 0.48837 -0.047012 0.76242 -1.3382 1.7799 1.7881 -0.84306 -0.96553 1.0139 -0.91157 -1.6385 -1.4797 2.052 0.50227 0.14686 -1.1918 -0.58077 -1.4091 -0.97124 -0.076239 0.25393 1.2811 -1.5667 -2.4564 2.0236 -0.61065 -1.2865 0.27409 0.67417
0.37469 0.58169 0.066227 0.22587 -0.21256 -0.4622 0.58931 0.43187 -0.25681 0.29747 0.949 -0.45616 -0.3332 -1.4632 0.97905 1.3247 -0.97816 -0.86307 1.8818 -1.4388 -2.2963 0.044735 1.609 0.34198 0.99247 -0.74575 -0.22324 -1.8509 -1.3913 -0.50409 0.67402 -0.2045 -0.47136 -0.77128 2.5756 -1.7748 -1.1781 0.21928 1.3206
0.027371 0.63869 -0.078547 0.37314 0.24709 -0.78068 0.29491 -0.52011 -1.0846 0.74624 -0.03989 -0.4676 -0.30142 -1.4615 0.28949 0.52343 -1.1477 -0.21709 0.91635 -1.0163 -2.1593 1.2858 0.1038 0.23743 1.2972 -0.14689 0.42887 -1.2849 -1.1274 -0.79374 0.95512 -1.478 0.56339 1.1915 2.0131 -1.8032 -0.86323 -0.34343 1.4235
-0.14863 -0.49615 -0.14578 -0.44172 -0.46064 -0.20283 -0.039202 -0.68728 -0.17177 -0.56393 -1.1101 -0.51518 0.47504 -1.2444 -0.11876 0.19089 -1.5771 0.25509 -0.28711 -0.51829 -1.3149 1.8342 -0.61076 -0.66668 0.47066 0.50377 0.89959 -0.25285 -0.40876 -0.64623 0.7399 -1.9063 0.69182 2.0682 0.74173 -1.0062 -0.68998 -1.488 0.95049
-0.57903 -0.42443 -0.22688 -1.1515 -0.47342 0.026164 0.66981 -0.22526 1.5135 -0.45076 0.16099 1.6528 0.44414 -0.74584 -0.11253 0.28925 -2.092 0.32038 -1.0102 -0.26321 0.33127 1.6367 -0.72702 -0.92646 -0.30056 0.9162 1.0696 0.78846 0.54154 0.090813 0.19905 -1.4106 0.20027 2.0501 -0.63062 0.5755 -0.1871 -2.0776 0.066954
-0.54347 -0.2347 -0.11761 -1.4816 -0.16097 -0.8492 1.0627 0.57441 1.1105 -1.0891 0.32056 1.1213 0.66739 -0.35737 0.7001 0.69534 -1.7653 0.30129 -1.1696 -0.46036 0.74581 1.3596 -0.15299 -0.62278 -1.3576 0.54783 1.1137 1.0836 0.92216 0.96875 -0.25956 -0.41885 -0.4872 1.2205 -1.7592 1.408 0.36629 -1.9707 -0.64027
-0.31531 -0.018467 0.082801 -1.7789 0.32358 -1.682 0.30134 -0.065842 1.0391 -1.0294 -0.62583 -0.8322 0.78228 -0.16624 1.3791 1.2693 -0.86849 0.1578 -1.6083 -0.63323 1.06 0.29225 1.0938 -0.2098 -2.195 -0.039186 0.86202 0.60991 0.80549 1.3935 -0.67064 0.56073 -0.81871 0.22121 -2.0934 1.3126 0.64989 -1.0201 -0.92107
-0.40105 0.71896 0.37471 -1.7949 0.29415 -1.6415 -0.30069 0.4099 1.4382 0.064837 -1.1784 -1.3724 0.58041 0.27588 1.1954 1.3977 -0.28321 -0.14335 -0.85561 -1.2401 0.84183 -0.96218 1.4854 -0.21621 -2.7606 -0.24588 0.56684 -0.21775 0.40335 1.1167 -0.98053 1.2216 -0.56802 0.085667 -1.8334 0.44102 0.68404 0.56161 -0.6362
-0.43998 0.95011 0.49024 -1.7225 0.095674 -1.5654 -0.30898 0.29333 0.93996 0.18631 -1.1011 -1.857 0.53274 0.34036 0.79952 1.4207 -0.094945 -0.72378 0.037868 -1.4161 0.72212 -1.3337 1.2554 0.31151 -1.7503 -0.45312 0.45504 -0.82496 -0.11727 0.59594 -0.73841 1.3811 -0.33896 -0.085943 -0.98432 -0.72145 0.65174 1.5445 -0.20979
-0.54719 0.75512 1.07 -1.5293 -0.67604 -2.0653 -0.16875 1.2994 0.73621 1.0251 -0.22408 -1.8565 0.37358 0.31442 0.57665 1.3641 0.043429 -1.1175 0.61072 -1.1308 1.0712 -1.4433 0.69634 0.63397 -0.35835 -0.46475 0.46251 -0.86376 -0.54374 0.33826 -0.127 0.82994 -0.2859 -0.16041 -0.017156 -1.0752 0.6038 1.7432 -0.004054
-0.12409 0.746 0.89121 -1.6447 -0.37169 -0.88939 -0.72008 0.97739 -0.27804 0.9909 0.21326 -1.6968 0.26853 0.55863 0.12124 1.0748 0.14323 -0.75131 0.59935 -1.3103 0.74419 -1.3994 -0.077727 0.81048 -0.078575 -0.33106 0.65638 -0.506 -1.1725 0.39499 0.57681 0.29838 -0.086727 -0.67675 0.48208 -0.87287 0.31005 1.4534 0.136
-0.11372 0.68032 1.191 -1.8227 -0.91232 -1.1429 -1.0563 1.1292 -0.65378 -0.003546 0.1417 -1.7382 0.23989 0.92298 -0.10643 0.5764 0.26775 -0.35562 0.63835 -1.8136 0.4745 -0.94381 -0.17375 0.87277 0.14482 -0.31344 0.56131 -0.27955 -1.5595 0.39832 0.96041 -0.25417 0.23901 -1.3063 1.0456 -0.23147 0.23402 1.01 0.22212
-0.14292 1.1088 1.4014 -1.6972 -1.0825 -1.0045 -1.26 1.5284 -0.27344 0.27541 -0.53173 -1.3745 0.23685 1.1061 0.17997 -0.3341 0.57412 0.016257 0.67407 -1.2132 -0.4117 -0.60803 -0.20072 0.87549 1.1215 -0.26655 0.32714 -0.28078 -1.4518 0.29913 0.74715 -0.2431 0.75622 -1.5687 1.1383 0.52613 0.13531 1.0237 0.30804
0.095355 0.84746 1.3006 -1.443 -0.43779 -1.1104 -1.9214 1.2378 -0.30789 0.17959 0.12302 -1.8905 0.20963 0.95682 0.016567 -0.79049 0.61574 0.35385 0.054279 -0.69297 -1.0948 0.25376 0.24392 1.1153 1.2194 -0.069534 -0.17452 -0.62183 -0.78009 0.088935 0.12524 -0.25481 1.2164 -1.6987 0.75219 0.60325 0.010169 0.89911 0.5008
0.52845 0.56499 1.0116 -1.2648 -0.59024 -0.87338 -2.488 1.162 -0.39997 0.60933 0.85658 -1.639 0.072664 1.0788 -0.47331 -0.90317 0.56259 0.34091 0.39573 -0.39208 -1.7617 0.27838 0.82633 0.98293 1.5911 0.13933 -0.62252 -0.87572 0.17096 -0.14956 -0.66857 -0.065754 1.0041 -1.1125 0.43746 0.50952 -0.47806 0.50099 0.60559
0.6158 1.1357 0.46752 -0.8532 -0.67049 -0.72531 -1.064 0.23468 -0.60716 0.78017 1.3001 0.46832 0.021259 0.66183 -0.961 -0.56726 0.45494 -0.26121 0.25709 0.13706 -2.4121 0.124 0.59121 0.8337 1.8513 0.44584 -1.0095 -0.65059 0.82675 -0.32622 -1.1311 0.282 0.52323 -0.18549 -0.0066076 -0.022513 -1.1698 0.12237 0.51428
0.60753 0.6436 0.35067 -1.3034 0.030993 -1.0854 -1.6581 -0.68715 0.28476 0.89319 1.4558 -0.5655 0.34135 0.25373 -0.99498 -0.12794 0.36857 -0.93871 0.45225 0.32578 -2.0933 0.34379 0.70286 -0.057823 1.8979 0.63906 -1.4159 -0.27434 1.0734 -0.56642 -1.1346 0.030724 0.27453 0.65555 -0.2334 -0.75671 -1.4273 -0.62558 0.30671
0.83898 0.027817 0.8517 -1.2469 -0.8763 -0.41067 -1.8452 -0.88484 -0.32129 1.1966 0.6089 0.21517 0.49265 -0.25673 -0.95846 0.34361 0.080587 -1.1541 0.64139 -0.020318 -1.3376 0.22748 0.24044 -0.98107 1.351 0.66868 -1.3765 0.23061 0.83913 -0.62362 -0.58586 -0.22142 0.83278 1.1596 -0.43362 -1.2213 -1.1084 -0.86107 0.0065882
0.33015 -0.12006 1.0945 -0.97627 -1.5627 -0.86997 -1.329 -1.6721 -0.22127 0.79981 0.79893 0.6784 0.78662 -0.74569 -0.99539 0.61599 -0.35312 -1.367 0.28729 0.2411 -0.95509 -0.21664 -0.64003 -1.3007 0.53129 0.6177 -1.1648 0.7052 0.43139 -0.33116 0.20131 -0.52956 1.283 0.98078 -0.44396 -1.4819 -0.1519 -0.71223 -0.33706
0.53054 -0.13706 0.93293 -0.82268 -1.7111 -0.2982 -1.8089 -1.0421 0.22382 1.4555 0.27311 0.55924 0.76282 -1.0586 -0.52195 0.60522 -0.3992 -1.1512 -0.11022 1.8048 -0.58703 -0.43606 -1.3766 -1.0246 0.72249 0.47042 -0.71794 1.2474 0.018174 0.47665 0.80458 -0.41645 1.0333 0.40265 -0.23174 -1.1096 0.72427 -0.39167 -0.84882
0.28236 -0.076396 0.95831 -1.2375 -1.8084 0.066426 -2.1481 -0.5666 -0.29032 0.71872 -0.40181 0.67064 0.67108 -1.2228 0.12757 0.53715 -0.033379 -0.53779 -0.2737 1.9023 -0.44705 -0.18521 -1.6876 -0.38285 0.71738 0.092679 -0.50042 1.4552 -0.35697 1.3466 1.4534 0.10744 0.25218 0.0013153 0.0015767 -0.17615 1.045 -0.036638 -1.2926
-0.20021 -0.14062 0.93838 -1.6721 -2.057 -0.9401 -0.28909 -1.874 -0.8696 -0.5906 -0.21902 0.62754 0.85806 -1.1724 0.85128 0.42033 0.86197 -0.011801 0.059464 1.1592 -0.77471 -0.22822 -1.6353 0.1671 0.44678 -0.69634 -0.33267 1.2541 -0.81009 1.5132 1.7401 0.60167 -0.32141 0.14521 0.52171 0.69542 0.72191 -0.30271 -1.4434
-0.2931 -0.21321 1.2256 -1.6504 -1.5372 -1.2463 1.0726 -1.6809 -0.26465 -0.90312 0.14973 0.65364 1.0098 -1.491 1.0842 0.057033 1.6624 0.86182 0.44847 1.0755 -0.88057 -0.29791 -0.90584 0.42573 0.61504 -1.278 -0.23133 0.86737 -0.99416 1.0857 1.6029 1.0354 -0.24885 1.1928 1.0036 0.98486 0.11379 -0.35586 -1.2518
-0.35983 0.31189 1.5503 -0.56529 -1.9251 -0.47342 -0.26852 -1.5836 -0.32416 -0.6822 0.3677 1.6899 0.48523 -1.4553 1.3837 -0.63798 1.7256 1.4962 0.82042 1.6295 -0.089759 0.67428 -0.29112 0.173 0.15217 -1.6126 -0.24857 0.24727 -0.93819 0.23742 1.1301 0.71266 -0.10725 1.8239 1.1653 0.99734 -0.28756 -0.63936 -0.61042
-0.66606 1.1566 1.2109 0.5703 -1.5514 -0.17912 -1.1874 -2.6303 -0.35364 -0.81605 0.93109 0.85441 -0.4312 -1.4481 1.5104 -0.7549 1.6696 1.7929 1.5552 1.2176 1.6738 1.373 -0.26175 -0.14007 0.12985 -1.8499 0.11997 -0.43489 -0.52348 -0.96517 0.41373 -0.24241 -0.25368 1.4408 0.99456 0.70386 -0.54585 -0.9042 0.30443
-1.0479 0.84189 0.64659 0.64217 -0.13013 0.62175 -0.37643 -1.6827 -0.55541 0.52595 0.14037 1.353 -0.74653 -1.5885 1.1087 -0.89215 1.3308 1.7026 1.0327 0.91022 1.7263 1.2664 0.16739 -0.19928 -0.64999 -1.5804 0.63503 -1.2623 0.08159 -1.7273 -0.058574 -1.1556 -0.52469 0.41029 0.41786 0.53292 -0.5229 -0.39234 1.3045
-1.238 1.3058 0.22787 -0.36644 0.042067 0.32265 1.8183 -0.58685 0.98972 -0.69094 -0.50974 0.43791 -0.76784 -1.2226 0.39573 -0.77297 -0.024608 1.5675 -0.15184 0.97634 1.1915 1.3976 0.35943 -0.61343 -0.88801 -0.70865 1.2006 -1.5079 0.22787 -1.8735 -0.20811 -1.5085 -1.0184 -1.1823 -0.38118 0.597 -0.087776 -0.38065 1.8855
-1.5399 1.3931 0.804 0.12153 0.046118 0.76653 1.6053 1.0347 1.3399 -1.7067 -0.004352 1.1555 -0.97528 -0.53261 -0.45742 -0.47522 -0.8053 1.5138 -0.75251 0.77139 0.98423 1.51 0.52575 -0.76442 -0.15153 0.32111 1.4679 -1.4194 0.076954 -1.1845 0.024827 -0.49467 -1.6167 -1.5515 -1.2773 0.44046 0.40419 0.086844 1.7491
-1.7272 1.0125 0.7494 0.6388 0.18177 -0.16396 0.58043 -0.38889 0.91673 0.10657 0.44624 -0.18425 -0.83361 -0.025341 -0.57167 -0.54109 -0.92682 1.506 -0.72521 -0.63885 -0.4407 0.51488 0.82413 -0.061272 -0.90709 0.81858 1.1625 -0.88383 -0.018508 -0.52369 -0.1418 0.7676 -1.876 -1.2952 -1.7664 0.40101 0.66246 0.060556 0.9929
-1.3459 0.93033 0.6783 -0.47239 0.14091 -0.81648 -0.22038 -1.4218 1.2191 0.23611 -0.60918 0.62535 -0.48302 0.19628 -1.1046 -0.86288 -0.53222 1.7978 0.29142 -1.3558 -0.71251 -0.80537 0.86397 0.41796 -0.43124 1.0135 0.49135 -0.14546 0.32689 -0.15617 -0.35681 1.7276 -1.2793 -0.46003 -1.4272 0.086877 0.66609 0.45066 0.039749
-1.1173 0.35768 0.32394 -0.47927 1.3887 -0.54002 0.61069 -0.75653 1.7524 0.26494 -0.57039 1.2397 0.011763 0.30215 -0.95981 -0.60919 -1.1803 1.1711 0.969 -1.5311 -0.68103 -0.92772 1.0345 0.26467 -0.595 0.85166 0.063727 0.20845 0.99347 0.065417 -1.3522 1.5025 -0.41494 0.68156 -0.82058 -0.46752 0.7239 1.0431 -0.50383
-1.2381 0.58371 -0.16379 -0.7636 2.0915 0.29702 -0.21022 -1.719 0.092017 1.0485 0.25605 -0.86685 0.088824 0.10656 -0.53921 0.16287 -0.97747 1.0154 2.0744 -1.2088 0.1238 -0.57915 0.59023 0.54999 0.67746 0.38209 0.04161 0.63425 1.5422 0.20852 -2.5587 0.10818 -0.52682 0.72733 -0.28173 -1.2749 0.57829 1.0299 -0.70482
-1.3521 0.05473 -0.24371 -0.3636 2.0409 1.3598 0.37964 -0.18465 -0.19241 -0.68583 0.58977 0.42874 0.12153 0.13034 -0.45763 0.77381 -0.56886 -0.67372 1.5811 -1.4806 0.53921 -1.2058 -0.05979 1.479 0.78689 0.16873 0.50803 0.65733 1.4308 0.90761 -3.0573 -1.2943 -0.70463 0.37274 0.048647 -1.8045 0.48073 0.9389 -0.61378
-1.3752 0.40022 0.859 -1.254 0.60326 1.3288 -1.2434 -0.49046 0.4553 0.81919 0.20653 0.024512 -0.22213 0.35721 -0.14973 1.2808 -0.42217 -2.1597 0.23298 -2.3639 0.1708 -1.2054 -1.3434 1.0924 1.0981 0.0037348 1.0597 0.71567 0.51152 1.034 -2.5285 -2.1091 -0.31635 -0.19856 0.077917 -1.3696 0.003194 0.01094 -0.47742
-1.4748 0.48107 1.0589 -0.64993 1.7754 1.9252 -1.0141 -0.94771 0.82719 1.3297 0.74214 1.8854 -0.33433 1.0067 0.095284 1.4624 0.32786 -3.0754 -0.83011 -2.2775 0.050051 -0.49859 -1.8904 1.0575 1.2208 -0.13567 1.2059 0.73497 -0.84876 1.2693 -0.55146 -1.5376 1.2283 0.084675 0.1639 -0.57567 -0.56231 -0.60706 -0.49212
-0.87128 0.071066 0.98113 -1.2218 -1.0538 0.36536 -1.6739 -0.5527 -0.88549 -0.52667 1.8147 1.5218 0.16552 1.3911 0.54505 0.76156 0.60776 -2.6059 -1.1638 -1.3894 -0.067416 -0.75873 -1.4523 0.75984 0.50784 -0.38057 0.92918 0.57415 -1.6144 1.1452 1.1149 -0.34055 2.34 0.66204 0.09656 0.55891 -1.0809 -1.476 -0.5398
-0.78693 0.27632 1.0012 -0.83773 -0.98383 -0.29171 -2.5444 -0.92533 -0.53524 -2.2988 0.7665 1.4263 0.12079 1.5728 0.59237 -0.52085 1.4109 -1.489 -0.95525 0.41636 0.81268 -1.0846 -1.2584 0.38327 -0.18846 -0.58218 -0.01687 0.2414 -1.6326 0.74807 2.5776 0.54509 2.6462 1.0351 0.081973 2.0528 -1.3892 -1.7045 -0.5362
-0.26557 0.70806 1.1059 0.14906 -1.8235 0.08261 -2.545 -1.1112 -0.30552 -1.5682 1.9518 0.48608 -0.29019 1.5857 0.69347 -0.68745 1.2877 -0.80213 -0.40629 0.80594 1.1469 -0.70142 -0.47613 -0.98895 -1.3206 -0.80756 -0.79861 -0.11221 -0.81234 -0.13942 2.5183 0.91086 2.0115 0.90897 0.15993 2.6127 -1.2125 -1.0256 -0.24387
-0.22202 0.89399 0.72676 -0.11905 -0.91791 0.62795 -0.94654 0.060884 -0.86583 -1.0653 1.109 1.3238 -0.68922 0.88978 0.48043 -0.8063 1.4611 0.97289 -0.036822 1.7292 1.5776 -0.34518 2.0127 -1.1742 -1.4757 -0.94981 -1.3671 -0.40377 0.21705 -1.1132 1.9559 0.49986 0.44727 0.16541 -0.039684 2.1747 -0.53176 -0.23008 0.23517
-0.038165 0.97449 0.28018 0.51581 -0.4921 0.40187 -0.19757 0.766 -0.94791 0.0073457 0.77373 0.36098 -0.9119 0.44774 0.38834 -0.58312 0.31657 0.9999 0.32294 1.8409 1.422 -0.79181 2.5055 -1.1734 -1.0117 -0.66345 -1.5172 -0.64643 0.55207 -1.3253 1.0061 0.16562 -0.6218 -0.43805 0.072157 0.98879 0.64877 0.39706 0.68085
0.17526 0.91772 0.61546 0.30836 -0.32404 0.80241 -0.97435 0.30991 -0.53201 -0.47917 -0.85746 -0.01952 -0.84224 -0.06323 -0.021842 -0.17062 -0.27807 1.3703 -0.24354 0.78476 0.9977 -1.0986 1.9038 -0.71837 -0.80954 -0.20173 -1.1535 -0.5398 0.61867 -1.2089 -0.09184 0.055943 -1.5786 -0.88552 0.54411 -0.79276 0.91228 0.82499 0.85232
-0.24829 0.41396 0.33759 0.56403 0.092369 -0.52592 -0.15471 1.3951 -1.4152 2.1468 0.70072 -0.50475 -0.74519 -0.38567 -0.28336 0.012157 -0.43278 0.94169 0.066191 0.11312 0.50203 -0.16211 1.6847 0.22189 -0.78292 0.12612 -0.87442 -0.46588 0.1733 -0.71913 -0.37397 -0.084257 -1.2083 -0.89843 1.6069 -1.4346 0.77984 0.91396 0.91029
-0.2598 1.1572 0.70076 -0.67013 -0.37239 0.71744 -0.56358 0.38139 -1.6129 0.5208 -0.33168 0.45738 -0.75384 -0.55265 -0.20903 0.035783 -0.52628 0.84326 0.22862 -0.40757 0.17044 0.43839 0.70391 0.15455 0.19325 0.29214 -0.10879 -0.21358 -0.17387 -0.55421 -0.95773 0.18413 -0.38362 -0.76301 2.435 -1.5921 0.1954 1.0219 0.83414
-0.2728 0.66988 0.85732 0.0035516 0.48369 -0.13526 -1.2991 0.60821 -2.0204 0.83432 1.356 -0.30897 -0.67547 -0.71508 -0.40289 -0.36422 -0.9615 0.56475 -0.072709 0.14691 -0.058379 1.6455 0.007978 0.12115 0.45994 0.83759 0.57127 0.030733 -0.31226 -0.46908 -1.1409 -0.2503 0.28537 -0.58676 2.0921 -1.3335 -0.39364 0.44976 0.68032
-0.51116 0.49444 0.33399 -0.23012 0.41189 1.1642 -0.13712 1.213 -0.1369 1.7431 1.0459 0.0050151 -0.64117 -0.066919 -0.3674 -0.2977 -1.0927 -0.25711 0.23421 0.059768 -0.33399 2.8453 -0.69354 -0.24029 0.77213 1.0444 0.96142 0.46315 -0.20385 -0.52999 -1.5151 -0.62982 0.63272 -0.48127 1.1854 -1.097 -0.49985 -0.1142 0.31961
-0.41573 0.78306 0.34955 0.11252 0.64407 0.50406 -1.1728 0.77981 -0.05918 0.50734 -0.36231 0.68172 -0.52619 0.30372 -0.14518 -0.39042 -1.0617 -0.67466 -0.4475 0.45473 -0.49041 2.8023 -0.49696 -0.46656 -0.089242 1.0567 1.0152 0.8328 0.15349 -0.19058 -1.1609 -0.94442 0.039796 -0.23759 -0.43903 -0.81752 0.045467 -0.48398 -0.22802
-0.71857 0.15346 0.20003 -1.2795 0.21826 -0.16015 -0.16022 0.30159 1.6291 0.22546 -0.3306 0.29147 0.52863 0.50165 0.5429 -0.32142 -1.5077 -1.4196 -0.89787 0.68016 -0.63839 2.23 -1.416 -0.6743 0.24834 0.79714 0.40773 0.8133 0.44717 0.13602 -0.092689 -0.72894 -0.51821 0.11574 -1.5469 -0.040541 0.76193 -0.79826 -0.61303
-0.0028336 0.37048 0.40819 -1.0473 -0.91171 0.33079 -0.35731 0.6537 1.9179 0.9346 0.75021 0.86925 0.28796 0.6514 0.72526 -0.066651 -1.1204 -1.0587 -1.4862 -0.05911 -0.4233 1.1022 -1.4031 0.43153 -0.2862 0.52492 -0.20869 0.51109 0.93435 0.89471 0.7989 -0.047156 -1.1359 0.59789 -2.0525 0.21593 0.8898 -0.36005 -0.89484
0.082412 1.1976 0.47682 -1.5446 -0.81256 -0.025781 -0.30884 -0.42085 1.2282 -0.12752 -0.49233 -0.60256 0.17464 0.42681 0.74363 0.36528 -0.78965 -0.22545 -0.77005 -0.6496 -0.14844 0.64763 -0.34439 1.0018 -0.80762 0.13518 -0.96689 -0.26614 1.0609 1.47 1.6355 0.56009 -1.3031 0.77673 -1.7096 0.69572 0.56938 -0.071028 -0.77007
-0.05346 1.311 0.2754 -1.4709 -1.1831 -1.0558 -0.14406 0.3437 1.2299 -1.1622 0.52754 0.5493 -0.011313 0.01107 0.72637 0.98549 0.33982 0.27423 -0.59248 -1.0316 0.48833 -0.45676 -0.58599 0.67167 -0.30502 -0.32817 -1.3925 -0.7028 1.0254 1.7088 1.4154 0.9169 -0.84239 0.70038 -0.80949 0.84292 0.093598 0.65822 -0.56712
-0.040282 1.0968 0.1964 -1.1178 -0.26898 -0.7849 -0.89573 0.81401 1.5212 -0.099112 1.4708 -0.19298 0.10823 -0.73538 0.037126 1.1042 0.65014 1.061 -0.14097 -1.3055 0.50216 -0.36093 -0.34755 0.46734 0.13031 -0.25273 -1.2264 -0.82951 0.45136 1.4473 0.92179 1.2572 0.014412 0.073849 -0.32442 0.41797 -0.43529 0.60667 -0.3432
-0.21166 1.1763 0.93282 -1.2831 0.56908 -0.13411 -2.0219 0.20544 1.6444 0.66965 0.73725 -0.54598 0.10579 -1.0135 -0.25658 1.4504 1.5157 1.0239 0.15797 -1.3194 0.68868 0.02089 0.39159 0.89944 0.67247 -0.36809 -0.92866 -0.66056 -0.12394 0.72003 0.5775 1.2421 0.94987 -0.5236 0.0082252 0.2179 -0.55063 0.01157 -0.19701
-0.52843 0.95424 1.3869 -0.63544 -0.38956 -0.76013 -0.86466 1.23 0.73115 -0.88976 0.51938 0.47541 0.064959 -1.0381 -0.34081 0.96541 1.4658 1.1809 1.5335 -0.45027 -0.1168 -0.21494 0.047452 -0.09086 0.021347 -0.50217 -0.31225 -0.32011 -0.75308 0.10891 0.21734 0.90075 1.5005 -0.48994 -0.14408 -0.17272 -0.44492 -0.23182 -0.16752
-0.66285 0.63478 1.1989 -0.52143 0.43732 0.2501 -1.9021 0.67032 1.3354 0.072213 1.0494 0.78854 -0.14532 -1.3329 -0.33949 0.83127 1.3502 1.3366 1.2171 0.39077 -0.31524 -0.49392 -0.33247 -0.28517 -0.20184 -0.58023 0.16143 -0.099457 -1.2356 -0.69166 0.34309 0.17954 1.0633 -0.39714 -0.42044 -0.38 -0.43549 -0.49054 0.0086042
-0.88959 1.2216 1.5869 0.43339 0.28456 -0.57184 -1.7153 0.69724 1.4701 0.17271 1.4767 0.4037 -0.40288 -1.0734 -0.52922 0.0351 0.95347 1.3376 1.254 0.74584 -0.038791 -0.3697 -0.37328 0.059437 0.097147 -0.46685 0.56887 0.15141 -0.99168 -0.88305 -0.016323 -0.96317 0.20822 0.012515 -0.37491 0.022851 0.099509 -0.10559 0.2098
-0.91511 0.78148 0.67345 -0.077994 0.95908 1.7485 -0.51906 -0.0010779 0.90654 -1.0387 0.22771 -0.24473 -0.51677 -0.72691 -0.35082 -0.34894 0.42353 1.6192 0.69631 0.15022 -0.19989 -0.71587 -0.23089 -0.15489 -0.38746 -0.36799 0.86564 0.2019 -0.83181 -1.1261 -0.69501 -1.2857 -0.68078 0.13242 -0.43418 0.21586 0.13357 0.42173 0.29357
-1.4754 0.64648 1.5203 0.19273 2.0409 0.34108 -0.86325 0.43239 0.7039 -0.041248 0.86951 -0.7806 -0.39544 -0.41272 -0.046804 -0.26113 0.20575 1.0254 -0.2253 0.097276 -0.17046 -0.82783 0.028863 0.057882 -0.086984 -0.20446 0.67564 0.24293 -0.28678 -0.75426 -1.4307 -1.4767 -0.81367 0.10018 -0.21797 0.23857 0.071624 0.90084 0.16115
-1.1279 0.36483 1.073 -0.23574 1.5717 1.1496 -1.0439 0.86201 1.0109 -0.34203 0.91849 0.84037 -0.32788 -0.25453 -0.19641 -0.54375 -0.47575 0.17961 -0.74487 -0.56312 0.0044534 -1.1062 -0.086884 0.0054432 0.81357 -0.14685 0.46029 0.12028 -0.26066 -0.33268 -2.0127 -0.83721 -0.41994 0.0053835 0.026794 -0.31275 -0.16912 0.8597 0.0010902
-1.1303 0.68104 0.98566 0.035938 1.6578 -0.25831 -1.4368 0.74308 -0.33933 -1.0466 0.47548 0.042943 -0.4969 -0.20837 -0.14415 -0.39004 -0.067896 -0.6637 -1.1311 -0.43061 0.045723 -0.58718 0.050132 0.13096 1.4417 -0.26694 0.34738 0.17565 -0.056897 0.34416 -1.5586 -0.027958 -0.27854 -0.21387 0.082793 -0.45888 -0.40359 -0.18116 -0.2763
-1.063 1.0393 1.0876 0.18089 1.4578 -0.19039 -1.7316 -0.031673 0.7229 0.71771 1.624 0.49301 -0.52346 -0.076438 -0.072983 -0.75908 -0.084472 -1.3712 -0.60349 -0.36362 -0.31882 -0.76354 -0.92997 -0.57661 0.70552 -0.33341 0.56182 0.27689 0.084688 0.9311 -0.73833 0.49144 0.32364 -0.17823 0.15834 0.19682 -0.56694 -0.99655 -0.42946
-1.2981 0.67274 0.69694 -0.54396 0.44136 -0.54613 -1.8162 0.60865 -0.44501 -0.85189 0.69854 1.3163 -0.63564 0.068124 0.22588 -0.25399 0.69173 -1.1651 -0.33644 -0.50898 -0.47651 -0.81549 -0.55182 -0.55914 -0.39525 -0.64012 0.86878 0.28753 0.061129 0.99672 0.13436 0.83052 1.0121 -0.10783 -0.17792 0.64022 -0.61407 -1.002 -0.41865
-1.3771 0.26824 0.65007 0.16041 0.65152 0.55018 -0.49782 0.26315 0.50415 -0.74007 0.40561 1.4446 -0.78517 0.52418 0.14538 -0.45237 0.97631 -0.9657 -0.083678 0.12476 -0.12786 -0.65859 0.61985 -0.92183 -0.36905 -0.7831 0.95797 0.34269 0.0068148 1.2123 1.0065 0.78725 1.5078 -0.26935 -0.1274 1.3538 0.26735 -0.22873 -0.28971
-1.3758 0.57152 0.79163 -0.022122 0.16007 -0.34825 -1.8142 0.17182 -0.56823 -1.8769 -0.1298 -0.1513 -0.66131 0.90508 0.29369 -0.42724 1.3622 -0.59229 0.38494 1.2945 -0.29649 -0.97292 0.6331 -1.0738 -0.1338 -0.84418 0.74628 0.29869 -0.24524 0.63008 0.99244 0.58271 1.4459 -0.14437 -0.32681 0.95768 0.59399 0.68926 -0.035787
-0.7631 1.0936 0.97956 1.0801 0.37263 0.3101 -2.1991 0.098903 -0.52098 -0.5101 0.49992 -0.15603 -1.3167 1.0632 0.54498 -0.65601 1.9632 0.28562 0.7202 1.6549 -0.99211 -0.91791 1.3678 0.26892 0.11106 -0.78604 0.15468 -0.010133 -0.14653 0.020739 0.38864 0.31585 1.0872 0.061627 -0.093358 0.34172 0.72342 0.76328 0.17989
-0.51754 0.93163 0.36753 1.0514 0.42796 -0.80676 -0.89133 0.51005 -0.88754 1.4734 -0.52993 0.21004 -1.4103 1.0141 0.59432 -0.59846 1.4402 0.12565 0.51324 1.5275 -0.36725 -1.3143 1.1138 0.16208 0.85854 -0.70607 -0.65246 -0.46966 0.014164 -0.86164 -0.24129 -0.21661 0.45257 0.6786 0.40303 -0.44246 0.46287 0.041976 0.45476
-0.42463 1.113 0.5755 1.3027 0.29797 0.84859 0.7237 -0.5675 -0.73771 0.47968 0.044185 1.4934 -1.3939 0.72768 -0.023615 -0.63183 0.98508 -0.56383 0.53916 2.1218 0.013867 -0.65348 1.0964 0.065441 0.78647 -0.50571 -1.0404 -0.59379 0.55469 -1.3683 -0.56645 -0.41919 -0.40828 1.1316 0.45721 -1.4019 -0.22141 -0.57526 0.53697
-0.61641 0.96565 -0.068201 1.9238 1.1723 0.8612 0.26607 -1.1112 -1.4892 0.21681 1.6773 1.3965 -1.4364 0.024535 -0.31402 -0.4094 0.16978 -0.61232 0.035857 1.9571 0.59241 -0.28646 -0.19819 0.052077 -0.35797 -0.11047 -0.89312 -0.36975 0.79763 -1.1545 -0.2566 -0.78615 -1.515 1.1245 0.49803 -0.94655 -0.41775 -1.0801 0.47638
-0.46772 1.0644 0.48589 1.4231 0.2497 0.6053 0.098094 0.53125 -1.6442 -0.023777 -0.27924 1.6343 -1.5507 -0.11822 -0.12877 0.27171 -0.076044 -0.41246 0.090662 0.68472 0.8638 -0.50573 -1.0035 -0.17786 -0.48336 -0.052212 -0.41861 0.070442 0.85079 -0.83592 0.16311 -0.63888 -2.1436 0.55545 0.61126 -0.069674 -0.29813 -0.76784 0.33857
-0.44487 0.52682 0.34512 1.2633 -1.208 -0.0084644 0.379 0.43894 -1.0264 0.62181 -0.19202 -0.11724 -1.4331 -0.00072276 -0.055227 0.41803 -0.28456 -0.42409 -0.90717 -0.63235 1.5287 -0.38115 0.11431 -0.65588 -0.78567 -0.01746 -0.13648 0.18382 0.44401 -0.19011 0.53048 0.039352 -1.8879 -0.27586 0.74191 0.71865 0.12447 0.1206 0.13364
-0.76677 0.80134 0.42862 1.218 0.17547 -0.051593 0.9533 1.0463 -0.74117 -0.20721 0.50694 -0.71682 -1.4529 0.070486 -0.018557 0.5203 -0.4188 -0.32876 -0.32237 -0.66777 0.681 0.62543 0.7737 -0.25345 -0.61302 0.098697 -0.13601 0.20026 0.034189 0.32063 0.86116 0.5117 -1.0467 -0.99038 0.80093 0.67358 0.41654 0.80461 0.040197
-0.53232 1.0426 0.72748 1.1994 0.41949 0.28189 0.23925 0.7707 -2.128 -0.40087 -0.59973 1.198 -1.4677 -0.28302 -0.019202 0.28536 -0.024274 0.37811 0.34434 -0.96048 0.086964 0.63859 0.4395 0.35942 -0.011939 0.071751 -0.094737 0.034728 -0.1839 0.6013 0.63796 1.1058 -0.035479 -1.5057 0.51794 -0.051991 0.43353 1.0715 -0.027329
-0.38883 1.0394 0.6778 1.3454 -0.083436 -0.33644 -0.77833 1.2976 -1.4323 1.2047 -0.14221 0.79725 -1.4368 -0.18951 0.23439 0.40474 0.4293 0.8516 0.56629 -1.1315 -0.50099 0.59206 0.26343 0.23537 0.86959 -0.018436 -0.028761 -0.16735 -0.3746 0.55779 0.23747 0.8497 0.78838 -1.1019 0.13028 -0.49836 0.16426 0.51724 -0.081292
-0.53988 0.76677 0.43957 1.2436 0.14433 0.76764 -0.40663 -0.27477 0.091047 1.4356 1.1701 0.2593 -1.3165 -0.016373 -0.11512 0.14214 0.47693 0.22372 1.0068 -0.44074 -1.0398 0.68206 0.24093 0.058469 0.782 -0.010085 0.18095 -0.26363 -0.33735 0.16343 -0.19534 0.57408 1.5882 -0.67425 -0.15691 -0.6996 -0.22336 0.0085993 -0.054663
-0.96554 0.7803 0.75962 1.3593 0.21349 0.88711 -0.67259 1.0963 -0.77601 -0.072323 -0.16627 0.85873 -1.4994 -0.10171 -0.28808 -0.091853 0.43087 0.21994 1.1629 0.61262 -1.0737 0.88155 -0.21401 0.25531 0.11703 -0.015124 0.22117 -0.2465 -0.32567 -0.16085 -0.35089 0.15433 1.596 -0.0053187 -0.57276 -0.63419 -0.33036 -0.29094 -0.015485
-0.60346 1.0469 0.81467 1.9464 0.63315 0.35046 -0.52526 -0.34453 -0.46053 0.49855 0.19697 0.9395 -1.4853 -0.026376 -0.25842 -0.081729 0.30237 0.33713 1.2794 1.2422 -1.0536 0.20224 -0.84089 -0.15668 0.40671 -0.033547 0.20467 0.0083137 -0.11768 -0.19734 -0.073233 -0.2099 0.92871 0.38773 -0.79111 -0.45571 -0.35012 -0.081259 -0.018948
-0.55863 0.6665 0.55363 1.5942 0.38839 1.5195 0.56477 -0.40701 -0.59491 0.14837 0.12247 1.049 -1.4376 0.18113 -0.16185 -0.077273 0.20851 0.14038 0.77523 1.1167 -0.5272 -0.28419 -0.57433 -0.40179 0.46084 -0.03517 0.23412 0.091518 0.0070135 -0.14106 -0.10187 -0.31121 0.21555 0.3992 -0.72042 -0.097872 -0.34602 0.16266 -0.011521
