39 314
-1.0198 0.96787 0.9481 1.4198 1.3955 1.4689 0.51555 0.75719 -1.7179 0.98952 0.15286 0.73876 -1.5594 -0.14764 -0.15493 -0.69809 0.23522 0.051466 -0.083251 -0.12694 0.31418 0.94342 0.13288 1.0849 -0.86592 -0.13268 0.17898 0.14611 0.5965 -0.013663 -0.48546 -0.38719 0.095827 -0.11295 -0.081061 -0.67546 -1.087 0.38316 0.13849
-0.90559 1.1171 0.72348 1.749 1.5453 1.116 -0.15376 0.92699 -1.1055 0.11608 0.67616 0.61105 -1.6724 0.036057 -0.039146 -0.26252 0.40029 -0.31504 -0.30831 -0.18196 -0.054009 0.95904 -0.22159 0.52818 -0.23252 0.018785 0.27394 0.16521 0.70099 -0.21631 -0.77648 -0.35329 0.42252 -0.002972 -0.14428 -0.90281 -1.4217 0.53778 0.19888
-1.099 0.88254 0.40001 1.8187 1.4041 1.5639 0.58033 0.96439 -1.6757 1.0369 1.8993 0.013688 -1.7345 0.076814 0.0045682 0.11859 0.103 -0.6592 -0.7196 0.09222 0.29811 0.77683 -0.98539 -0.98716 -0.45971 0.030347 0.38728 0.25594 0.55497 -0.48048 -0.85659 0.073983 0.57812 -0.10318 -0.33405 -0.58301 -1.453 0.74534 0.23667
-1.2552 0.71091 0.2956 1.4616 1.4196 1.3485 0.43423 1.1275 0.37427 1.5361 0.98005 -0.43561 -1.6645 0.22371 0.011428 0.10879 -0.13827 -1.0237 -0.44844 0.62447 0.31884 0.7371 -1.0476 -0.94641 -0.064643 0.12755 0.17283 0.24496 0.0681 -0.43749 -0.22911 0.58399 0.35519 -0.30917 -0.53492 -0.211 -0.76062 0.57594 0.085925
-0.77042 1.0985 1.148 1.9791 0.77878 0.91451 0.17547 0.35367 -0.76493 0.12887 0.060951 1.3162 -1.3936 0.44178 0.20232 0.078885 -0.44338 -1.1724 0.12935 0.64964 -0.054921 0.37202 -0.569 -1.3122 0.43239 0.21913 -0.061543 0.18081 -0.20467 0.037622 0.44668 0.99439 0.015663 -0.63971 -0.71616 0.62571 0.63422 0.70582 -0.073411
-0.93333 1.0206 1.1302 1.3177 0.61449 0.37529 0.72901 1.496 -0.92066 -1.0442 -1.9055 -0.19396 -1.6125 0.15903 0.228 -0.12222 -0.19168 -0.47973 0.39556 0.26237 -0.42878 0.063368 -0.81795 -0.96055 0.39529 0.073506 -0.47601 -0.051316 -0.38033 0.34454 0.9906 0.62699 -0.37688 -0.3907 -0.3773 1.0858 0.99087 -0.24018 -0.28054
-0.72182 0.97617 0.58518 1.3864 0.31662 1.3095 1.323 1.1548 -0.31397 -0.20323 0.55069 0.72628 -1.4624 0.0017384 0.16585 -0.11728 0.1787 -0.10649 0.78003 0.30067 -0.47083 -0.35948 0.14614 0.35657 0.62063 -0.065262 -0.5229 -0.18875 -0.33379 0.41971 0.933 -0.032908 -0.55683 -0.38424 0.086749 0.85852 1.0894 -0.49719 -0.28097
-0.49998 1.2888 0.43305 1.2582 0.35582 1.8399 0.56486 0.58808 -0.62458 0.57029 -0.1376 0.92385 -1.4411 -0.39381 -0.049816 -0.44836 0.19021 0.27088 0.43768 0.022097 -0.17037 0.33096 0.74007 0.31988 -0.57064 -0.20613 -0.1612 -0.22348 0.085291 0.017694 0.54519 -0.61773 -0.67928 -0.14929 0.60283 0.19819 0.07189 -0.54818 -0.11748
-1.341 0.91871 0.29557 1.7865 1.365 1.8411 0.63816 0.30515 -0.94163 0.019792 0.51651 0.099042 -1.7159 -0.20194 0.055095 -0.33279 0.14983 0.17359 0.044219 -0.37576 -0.86974 0.42672 0.35318 0.35934 0.035607 -0.11767 0.0047815 -0.25466 0.61859 -0.5008 0.10855 -0.61126 -0.7218 0.38017 0.87518 -0.90373 -0.68851 -0.42692 0.09499
-1.0123 1.0174 0.90352 1.9237 0.90276 1.7107 0.78549 0.63613 -0.40005 1.3864 0.78219 1.2441 -1.6342 -0.0221 -0.054986 0.13572 -0.1666 0.38651 -0.43103 -0.79584 -0.49452 0.92684 -0.51026 -0.82983 -0.28478 -0.098075 0.026575 -0.1577 1.1138 -0.97237 -0.18037 0.093652 -0.39306 0.56869 0.4574 -1.343 -0.72499 0.14025 0.37797
-1.1853 1.0327 0.68987 1.7767 0.7225 0.66368 0.40675 0.9163 -0.043982 0.03575 -1.0984 -0.5495 -1.6982 -0.17469 -0.21681 0.66336 -0.62988 0.036956 0.032391 -0.77392 0.37346 1.1628 -0.97013 -0.56533 -0.27413 0.045279 -0.60849 -0.34978 0.77986 -1.2458 0.020594 0.45602 -0.031859 0.55163 -0.030895 -1.0555 0.16181 -0.53466 0.60226
-0.79722 1.163 0.37691 1.0966 0.46709 0.91676 0.50095 0.10547 -0.08755 -0.7116 -0.41197 0.63317 -1.6211 -0.35962 -0.15331 0.98289 -1.3143 0.0077677 0.62415 -0.58883 0.22758 0.91852 -1.1978 -0.79268 -0.13508 0.35958 -0.99648 -0.49623 0.024797 -1.2783 0.14153 0.16265 0.47623 -0.14237 -0.39304 0.20283 1.7425 -0.1129 0.86451
-0.60965 0.92625 0.69048 1.1781 1.1557 1.4808 -0.17362 0.40444 1.3135 -0.45943 -0.42875 0.58572 -1.5401 -1.1041 -0.42402 0.59528 -1.6968 0.40206 0.39762 -0.54922 -0.24176 0.37592 -1.3409 0.66548 -0.9872 0.6832 -0.97274 -0.58607 -0.64891 -0.87785 0.40418 -0.94287 0.5654 -0.68342 -0.49269 1.6671 2.1217 -0.34723 0.96275
-1.356 0.86694 1.3622 0.77067 0.69345 2.3901 -0.37103 1.3689 0.61718 -0.51206 -0.27591 0.27359 -1.4735 -1.3118 -0.69987 0.21531 -2.1161 0.46602 -0.29971 0.062841 -0.43972 0.51584 0.095392 2.2655 -0.10839 1.0599 -0.45741 -0.56654 -1.2457 -0.48243 0.19604 -2.0474 0.59866 -0.76875 -0.53495 1.8407 1.7169 -0.1279 0.87658
-1.9188 0.79308 1.5016 0.33089 1.3591 2.2873 0.40567 0.39883 0.19253 -1.1437 -0.62695 0.11329 -1.1706 -1.4112 -0.82711 -0.07268 -1.9414 0.55414 -1.3286 0.053967 -0.51385 0.35346 1.664 2.4285 -0.89423 1.3396 0.70217 -0.15138 -1.4335 0.037861 0.18732 -1.9021 0.44659 -0.63664 -0.28661 1.3547 0.25759 0.14642 0.57768
-2.2335 0.55856 0.94535 -0.12898 1.1308 0.87754 -0.03986 0.13961 0.17373 -0.7978 1.7415 -1.0182 -0.69571 -1.0109 -0.80597 -0.83525 -2.1436 0.29429 -2.4707 0.33144 -1.01 -0.1684 0.91953 1.9817 -0.38905 1.5289 1.4631 0.35581 -1.465 0.68455 0.39495 -0.7792 0.041594 -0.40204 -0.24417 0.055477 -1.0586 -0.33795 0.13334
-2.0453 0.29829 0.36316 -1.0178 1.0584 -0.16568 0.6974 0.12417 1.4567 0.52714 2.0821 0.50735 -0.36061 -0.016619 -0.60092 -1.3565 -1.6336 0.83442 -2.1941 0.22678 -1.0939 0.13385 0.91751 1.3373 -0.55494 1.4365 1.8014 0.84615 -1.0776 0.78511 0.44067 0.64802 0.075122 0.11199 0.095697 -0.91809 -2.2118 -0.27109 -0.24324
-1.9727 0.28845 0.61045 -0.71337 1.3952 -0.026187 -0.084888 -0.20056 0.87745 2.328 2.1209 -0.64032 -0.040913 0.56938 -0.28026 -1.6742 -0.97626 1.0552 -1.3736 0.056968 -0.86717 0.12928 0.60105 0.52169 -0.86788 1.2415 1.2889 0.93128 -0.30742 0.95138 0.50195 1.5758 0.064101 0.68092 0.13293 -0.81548 -2.0182 -0.6962 -0.50341
-1.8923 0.11646 0.26585 -1.3274 1.3167 -0.80891 0.20572 -0.23983 0.38245 -0.91956 1.0474 0.30682 0.23168 0.97299 0.18005 -1.5146 -1.0379 0.98727 -0.62509 0.34043 -0.38294 0.41165 0.053761 -1.6013 -1.1229 1.0711 0.40811 0.65518 0.45374 0.67122 -0.24716 1.2493 0.41929 0.75211 0.16231 -0.37707 -1.2934 -0.49423 -0.58881
-1.4852 0.39296 0.18463 -0.93826 2.1607 0.56376 0.23259 -0.022648 0.64311 0.28242 1.157 -1.0664 0.18903 0.76594 0.20157 -1.2853 -0.63429 1.1444 -0.20976 0.40126 -0.14512 -0.02321 -0.21765 -0.89396 -1.3471 0.85565 -0.22019 0.16779 1.2696 0.83756 -0.8724 0.74909 0.58931 0.73668 -0.1354 0.66358 -0.31697 -0.069571 -0.74907
-1.4846 0.48893 -0.56419 -0.83036 2.5217 0.080554 0.49923 -0.90058 0.61386 -0.080928 1.1363 -1.4919 0.47561 0.60503 0.14102 -0.76345 -0.53648 0.33522 -0.36158 0.909 -0.10712 0.55499 0.61427 -0.74748 -1.1897 0.62776 -0.72789 -0.12647 1.9839 1.4315 -1.5362 0.28487 0.35497 0.46635 -0.67087 1.1386 0.27486 1.1792 -1.149
-1.091 0.69657 -0.65253 -2.0959 1.7099 -0.68915 0.67198 0.092881 1.8656 0.40517 -0.56527 -1.7522 0.7697 0.36647 -0.010767 0.14893 0.36119 -0.22612 -0.057891 0.9754 0.31507 -0.21364 1.6412 -0.60612 -0.93579 0.18818 -0.76494 0.070373 2.5478 1.9278 -1.5821 0.38587 -0.046713 0.49613 -1.0257 0.80121 -0.67805 2.0869 -1.696
-1.4466 0.23824 -0.52095 -1.4387 2.5473 -0.43568 0.90377 -0.10026 0.73204 1.0576 2.0131 -0.80416 0.69503 -0.10854 0.09373 1.2026 1.1953 -1.1586 -0.15085 0.77595 0.22339 -0.87258 1.3726 -1.1784 0.8434 -0.55225 -0.4885 0.49272 2.2459 2.296 -0.891 0.6168 -0.6025 0.54167 -1.1071 -0.57819 -0.83619 2.5734 -1.9843
-1.3558 0.34028 0.21998 -1.2509 1.3295 -0.56179 1.1407 -0.5138 1.6318 2.2983 0.51678 -2.012 0.68738 -0.22381 0.32872 2.1415 2.1856 -1.0245 0.43026 0.36739 0.57933 -1.4231 0.99239 -2.1529 1.461 -1.4442 0.28992 0.78698 0.64072 0.69638 -0.64649 0.49298 -1.0102 0.12842 -0.21848 -1.6128 -0.5343 2.3899 -1.3163
-1.3565 0.21377 0.44764 -0.26782 1.4289 -0.012939 1.4374 0.38748 -0.76049 0.90964 -0.066996 -1.1306 0.19559 0.040625 0.70986 2.1278 2.9457 -0.90721 0.58611 -0.02611 0.73196 -1.1225 -0.16683 -1.7872 2.3221 -1.9377 1.1565 0.53658 -1.3103 -1.5035 -0.073094 -0.15611 -1.2743 -0.60989 0.37122 -1.9453 0.92605 1.3296 0.2541
-1.6652 0.84975 1.0718 0.58286 0.85872 0.28025 1.0188 -0.27497 -0.38399 1.9622 -0.80608 0.46092 -0.67862 0.80362 0.86222 0.79731 0.80249 -1.5426 0.52605 -0.698 0.29253 -0.53187 -0.71576 -1.4681 2.701 -1.3614 1.707 -0.096534 -2.4691 -3.0963 -0.11808 -0.99605 -1.2357 -1.8148 0.84754 -1.5884 2.196 0.37135 1.9738
-1.5132 0.94525 1.2709 0.9873 1.5525 0.095892 0.83036 0.21715 -0.72763 1.0783 -2.3822 0.044987 -1.2221 1.416 0.63151 -0.38921 -1.0295 -1.0331 -0.50096 -1.3068 -0.72259 -0.54097 -1.5495 0.44105 2.6692 -0.15772 1.6281 -0.96831 -2.3321 -3.2811 0.062484 -1.1677 -0.82513 -2.2445 0.57563 -0.98239 2.3704 -0.83136 2.8793
-0.86966 1.2475 1.1552 1.063 0.8374 -0.2251 0.70457 1.1073 0.89132 0.14147 -0.82808 1.4646 -1.2937 2.0966 0.22042 -0.86836 -1.8077 -1.1781 -0.95197 -1.5288 -1.9389 0.049125 -1.3953 1.4152 1.9888 1.0346 0.70243 -1.2628 -1.0432 -1.5785 0.28861 -0.6178 -0.35808 -1.8259 0.17101 -0.35652 1.7799 -1.4726 2.3666
-0.33133 0.83824 -0.19436 -1.942 -0.033187 0.28839 -0.021278 -0.5975 0.0087697 0.88884 0.69179 1.8432 -0.17915 2.2633 -0.42759 -1.0708 -2.0857 -0.97315 -0.93234 -1.306 -2.1667 -0.21272 -1.7222 1.8269 1.1901 1.7775 -0.54778 -1.1293 0.21731 0.10851 0.24444 0.23918 0.03964 -0.57438 -0.35621 0.30127 -0.15686 -1.7306 0.86337
0.13681 0.85153 0.0060553 -2.1963 0.38585 -1.5639 -0.43367 -1.5905 -0.53389 -0.43642 0.88402 0.9648 0.83364 1.6184 -0.50935 -0.66384 -1.7299 -1.0394 -0.45289 -1.4368 -2.2508 -0.33311 -1.3019 1.6298 0.78516 1.7097 -1.6274 -0.33368 1.1745 1.5105 0.64819 0.43211 0.46281 1.2632 -0.45087 0.23086 -1.4091 -1.3922 -0.9682
0.66095 0.61618 0.28994 -0.7672 0.079295 -0.67565 -0.41161 -1.8926 -0.72167 -0.44987 0.61466 1.8819 0.86774 0.69114 -0.70405 -0.11291 -0.88298 -0.65071 -0.28865 -1.2763 -1.5925 -1.0781 -0.98364 -0.024131 0.14578 0.97971 -2.0754 0.63557 1.1951 1.7044 0.44214 0.34755 0.84573 2.1492 -0.019626 0.36099 -1.671 -0.93115 -2.2297
0.44953 0.47788 0.43854 -0.99946 0.17684 -0.54974 -0.42361 -1.8016 -0.35513 -0.55577 0.28968 1.7704 0.70299 0.016861 -0.14542 0.68695 0.47392 -0.14313 -0.43905 -0.60009 0.036194 -0.44234 -1.2896 -0.69961 0.001866 -0.21521 -2.0962 1.1555 0.77606 1.2311 0.41319 -0.63275 1.0944 2.2558 0.21592 0.44979 -1.2971 -0.99334 -2.3568
0.066279 0.67141 0.54755 -1.2153 0.018412 -0.24451 -1.2022 -1.3934 -0.38351 -0.83001 0.16473 1.3946 0.44887 -0.59107 0.34382 0.32382 0.068346 -0.60498 -0.26793 0.0037609 0.53745 -0.18975 -0.99909 -0.60965 -0.088036 -1.0601 -1.724 1.2729 0.30486 0.86979 0.53936 -0.55145 1.4064 1.5519 0.61817 1.0477 -0.40213 -0.58287 -1.6202
-0.045387 0.29449 0.33045 -1.4534 -0.34574 -0.77349 -1.1012 -1.1064 -1.4198 -0.80325 -0.35221 1.7965 0.25163 -1.4321 0.70194 0.46289 0.1398 -0.29931 -1.6868 0.16075 0.72268 -0.32144 -0.39143 -0.87779 -0.88091 -1.2872 -1.1057 0.59678 -0.079318 0.68613 0.72135 0.072178 1.3386 0.56752 0.6188 1.5341 0.28284 -0.40212 -0.60635
0.021345 0.94309 0.557 -1.4328 0.19481 -1.2341 -0.53251 -1.0144 -0.50506 -1.5327 0.22823 1.4678 -0.072764 -1.6203 0.78404 0.52912 0.93423 0.42293 -0.73117 1.2201 0.84309 0.14979 0.63808 -0.81834 -0.44856 -1.2449 -0.30405 -0.069877 0.28433 0.9221 1.0313 1.1818 0.92289 0.29012 0.74811 1.3957 0.545 -0.031772 0.17119
-0.28524 1.2704 0.35482 -1.4898 -0.65084 -1.6432 -0.12369 -1.4469 -0.71068 -1.7959 0.09958 1.0709 -0.46599 -1.4152 0.52951 0.44975 1.3378 0.67399 -0.068381 1.5297 0.90084 0.67753 0.91286 -0.011283 -0.52454 -1.1544 0.55331 -0.84334 0.39907 0.2285 0.51823 2.4359 0.091594 -0.052706 0.53371 1.0613 0.395 0.44603 0.66831
-1.2954 1.176 1.0489 -0.12533 0.0035002 -2.8432 -0.51322 -0.96621 -1.1465 -0.23709 -1.0773 0.59388 -0.70106 -1.1341 0.32264 0.82487 1.2202 0.81095 1.2067 1.2055 0.96945 0.868 1.0993 0.10265 -0.29869 -0.83201 1.1617 -1.5175 -0.029865 -0.77266 -0.10933 2.1678 -0.62541 -0.38924 -0.17262 0.41963 -0.061884 0.24721 1.1181
-1.3478 1.1332 0.9051 -0.014753 1.0549 0.064824 1.2589 -0.47027 0.34242 0.76068 -0.71036 1.6715 -0.73037 -0.69952 -0.3378 1.008 0.41309 0.46325 2.0523 0.35105 0.56713 0.43297 1.4753 -0.51404 -0.1185 -0.35127 2.0643 -1.954 -1.0259 -1.5204 -0.94641 1.3583 -0.53066 -0.64346 -0.78647 0.10989 -0.39328 -0.18264 1.6448
-1.0586 0.92304 0.68641 -0.17105 0.37901 -0.41347 0.31278 -0.22852 0.34363 -0.3287 0.79099 0.74433 -0.94878 0.069218 -1.0664 0.201 -0.1135 0.32784 2.3983 0.52336 0.31539 -0.076212 1.2006 -0.72142 -0.17618 0.26299 2.4283 -2.0786 -1.9042 -1.7077 -1.5502 -0.68139 -0.1317 -0.7746 -0.99425 -0.063564 -0.44938 -0.94459 1.9758
-0.91944 0.89366 1.328 -0.56272 0.44668 0.39031 0.31237 -0.22923 -0.19269 -0.078607 -0.27501 1.5006 -0.70626 1.6206 -1.7164 -1.0104 -0.94411 -0.82822 1.9608 0.7788 0.078401 -0.46905 1.1009 -0.46359 -0.89291 1.1058 1.9968 -1.5538 -2.0419 -1.1622 -1.2026 -1.7171 0.66825 -0.3942 -0.48041 -0.12721 -0.12016 -0.92545 1.9621
-0.83488 0.70654 1.58 -1.2919 0.17896 0.48975 -0.39148 -1.0586 -0.2442 0.54663 -1.2077 0.90968 -0.5179 1.9845 -2.1158 -1.4571 -1.4103 -1.4002 -0.065029 0.71707 -0.1703 -0.72969 1.1864 -0.90709 -1.6057 1.8116 0.81334 -0.85346 -1.5591 -0.49817 -0.5403 -2.073 0.83182 0.082399 0.16896 -0.42034 0.37945 -0.44832 1.404
-0.61191 -0.1357 0.16024 -0.75137 0.025614 0.57421 1.1668 -0.89846 -1.2494 0.56022 -1.4403 0.58171 -0.080245 1.8615 -2.1519 -1.6923 -1.1981 -0.88891 -0.035454 1.6187 0.10653 -0.22555 1.258 -0.7005 -1.0631 2.2234 -0.63557 -0.012382 -0.63496 0.2793 0.47928 -1.3254 0.79672 0.60912 0.79672 -1.2304 0.82183 0.49299 0.4606
0.93287 -0.79941 -0.32906 -1.0057 -0.79019 0.23141 1.3565 -0.25689 -0.94497 1.9877 -0.88549 -0.48843 0.88956 1.3826 -2.1343 -2.1523 -0.96844 -0.63684 -0.61102 1.803 0.45071 0.16068 0.32498 0.18797 -0.88186 2.1012 -1.2104 0.76086 0.37094 0.63386 0.82335 0.11015 0.22395 0.84769 1.294 -1.8768 1.2571 1.1919 -0.60321
0.64179 -0.94146 -0.29769 -1.9954 -0.62933 -0.56645 1.7268 -0.52197 -0.1256 1.5715 -1.061 -0.36438 1.3861 0.8029 -1.7281 -1.7585 -0.65106 -0.32514 -0.32853 1.8635 0.8598 0.74361 -0.84808 0.72743 -0.332 1.7491 -1.3444 1.2261 1.0842 0.76974 0.49521 0.84486 -0.85759 0.63221 0.98142 -1.8964 1.0099 1.1479 -1.4851
0.51941 -0.97826 -0.22695 -1.5221 -0.23939 0.22671 2.0622 -0.10359 0.059551 0.81389 -0.23195 0.3632 1.5449 0.38244 -1.186 -0.77977 -0.48763 -0.163 0.29395 1.0488 0.97185 1.4728 -1.403 1.0499 0.22399 1.0225 -0.74722 1.4752 1.2518 0.87293 -0.081124 1.2824 -1.6426 0.35219 0.22416 -0.71403 0.2518 0.6626 -1.7754
0.14352 -1.3117 -0.66094 -1.7843 -0.24889 -0.23323 2.1385 -0.18433 -0.3185 0.10908 -0.6973 0.4484 1.5482 -0.0057198 -0.78473 -0.50047 0.019167 -0.21169 1.1446 0.234 0.97917 1.1585 -1.5586 1.0101 0.49897 0.23244 0.017454 1.4863 0.77763 0.79593 -0.66108 0.56378 -2.0702 -0.086449 -0.22648 0.61292 -0.43476 -0.20392 -1.5631
0.1853 -1.363 -0.64253 -1.6389 -0.43816 0.3881 2.4965 -0.053598 0.64659 -0.59824 -0.47686 0.070724 1.6064 0.47155 -0.39017 -0.6132 0.35264 -0.84201 1.1307 -0.75245 1.0232 0.42615 -0.6906 0.56413 -0.065735 -0.1658 0.48405 1.5824 0.5176 0.70625 -0.81048 -0.59234 -2.1132 -0.44263 -0.49665 1.5869 -1.0721 -0.82701 -1.0189
0.71481 -1.6368 -0.72903 -1.3076 -0.65265 0.90179 2.3902 0.58429 1.3451 -0.2667 0.26127 0.39409 1.3922 0.7901 0.10654 -0.49398 0.43685 -1.2033 0.34241 -1.4822 0.68139 0.80719 0.017107 0.017085 -0.53299 -0.32 0.34854 1.7859 0.92322 0.33126 -0.39176 -2.1144 -1.9486 -1.0931 -0.40952 1.7965 -1.4817 -0.85575 -0.5867
0.98968 -1.5322 -0.68951 -1.404 -1.1152 1.3608 1.2394 0.73274 0.71787 0.30851 0.32952 0.10355 1.321 0.83825 0.74555 0.11498 0.63902 -1.1603 -0.45035 -2.4274 0.33064 0.62957 0.93331 -0.77198 -0.74021 -0.43633 -0.48819 2.2872 1.424 0.2939 0.44621 -2.563 -1.3045 -1.6298 -0.75979 0.87298 -1.2059 -0.5342 -0.74445
0.95347 -1.124 -0.92785 -1.6003 -1.483 0.43458 0.66296 0.48609 -0.032431 0.53772 -0.64047 -0.29031 1.2629 0.42593 1.3305 0.73509 0.48996 -0.7737 -2.1522 -2.9255 -0.62864 0.2182 1.163 -1.5177 -0.6963 -0.63032 -1.2598 2.3431 1.731 0.84463 1.4454 -1.1929 -0.013635 -1.3379 -1.1903 -0.21909 -0.5154 -0.032454 -1.2978
1.0752 -0.87083 -0.80983 -0.93588 -1.4311 0.092584 0.45812 0.40333 1.8435 0.26223 -0.52902 -0.19687 1.2035 -0.20536 2.4348 1.2382 0.86818 -0.23303 -2.5766 -2.7082 -1.2362 -0.84281 0.46591 -1.2736 -0.93121 -1.2777 -1.7996 1.6442 1.3303 1.2759 2.09 1.0017 1.4749 -0.15861 -0.95434 -0.92182 0.63746 0.76251 -1.7126
0.91748 -0.55859 -0.31598 -0.9975 -1.4707 -0.75383 -0.84846 0.13804 0.91611 1.2873 -1.9458 -0.59666 1.0052 -0.90641 2.7828 1.9414 1.924 0.99905 -0.90083 -1.3744 -0.92732 -0.91106 -0.15317 -0.85802 -0.4712 -2.1101 -1.9294 0.43737 0.60336 1.5199 2.2035 3.0543 2.1766 0.93151 -0.72791 -0.9437 1.2202 1.3336 -1.5512
0.75876 -0.065078 0.25028 -1.1171 -1.2333 -2.1975 -1.0146 -0.75241 1.1463 0.8984 -1.809 -0.53336 0.66875 -1.6648 2.4895 1.8156 2.3536 1.8078 0.85977 -0.18579 0.1981 -0.77189 -0.18542 0.2418 0.56075 -2.6146 -1.4189 -0.90181 -0.24582 1.1303 1.6255 3.4035 2.4615 1.5195 -0.057626 -0.76842 1.5671 1.7065 -0.63777
0.53125 1.2932 0.3482 -0.12169 -1.0242 -1.2495 -1.0937 -0.49263 -1.2068 0.098221 -0.47482 -0.9087 -0.59051 -2.2422 1.9585 1.4927 2.6483 2.2697 2.0328 0.26811 0.32299 -1.3147 -0.33092 0.31642 1.011 -2.6048 -0.71647 -1.8523 -1.2229 0.095532 0.42496 2.0148 2.1409 1.0767 0.58618 -0.71879 1.3183 1.6231 0.75524
-0.17954 1.2704 1.1038 1.1849 0.34461 1.5163 0.11298 0.13493 -0.3802 0.057126 -1.1118 -0.29139 -1.3999 -2.036 1.4886 1.04 2.6575 2.1297 2.5348 1.509 0.8596 -0.75125 -0.92232 1.4741 1.4597 -2.1155 0.16136 -2.173 -0.99104 -1.0339 -0.7207 -0.20889 1.3974 -0.010603 1.4813 -0.83579 0.35566 0.97147 1.9756
-0.94294 1.0199 0.37749 0.99588 0.51112 1.2706 0.59432 1.2346 0.37732 0.66867 -0.27886 0.99908 -1.593 -1.9819 0.49577 0.21651 1.9325 1.6227 2.1557 2.1598 0.6705 0.30074 -1.1649 1.3278 2.0594 -1.0691 0.79923 -2.0159 -0.35898 -2.1026 -1.7419 -1.8798 0.28839 -0.94518 1.8639 -0.68106 -0.025621 0.011853 2.5215
-1.2271 0.92631 0.74547 1.8102 0.90231 1.3574 -0.34054 -0.04278 -0.36787 0.23793 -1.2586 0.67176 -1.479 -1.5097 -0.048999 0.74208 0.69874 0.80363 0.39408 1.7267 0.0073117 1.495 -1.3772 0.47606 1.8304 -0.010681 1.0964 -1.6394 0.54712 -2.5072 -2.0618 -2.0588 -1.2121 -1.749 1.2838 -0.11128 -0.62165 -0.83829 2.3012
-0.76782 1.375 0.94466 1.5376 0.51554 0.84385 1.1925 0.62109 -0.33341 -0.46014 0.57393 0.86501 -1.374 -1.0964 -0.30625 1.0234 -0.44125 -0.27782 -0.53071 0.74545 -0.94023 1.4286 -1.41 0.73868 0.87255 0.64561 1.5767 -1.132 0.60002 -2.3816 -2.0351 -1.4511 -2.0004 -1.5261 0.33125 0.63503 -0.3074 -1.3901 1.5727
-1.4335 0.82671 0.29657 1.0979 0.5389 0.54608 1.9837 -0.23898 1.3464 -1.3124 0.19729 2.0507 -0.87713 -0.54635 -0.5778 1.5856 -1.0031 -0.72018 -0.10188 -0.27192 -1.4627 1.3507 -0.99314 0.41518 0.55244 0.95444 2.0552 -1.006 -0.51673 -1.6212 -1.676 -0.433 -2.399 -1.0353 -0.71007 1.2719 -0.24582 -1.4273 0.88687
-1.2858 1.3849 1.8362 1.0231 0.31504 0.27319 0.95371 -0.017725 1.5234 -1.5949 -0.69537 1.2091 -1.0324 0.31486 -0.94437 0.83531 -1.8224 -1.3664 -0.40156 -0.94411 -1.3233 1.0674 -0.092298 0.67791 0.19318 1.1331 2.6282 -0.72269 -1.4307 -0.45362 -1.2042 -0.44229 -1.8474 -0.36568 -1.2127 1.7986 -0.44374 -1.294 0.49545
-1.7654 0.54131 1.8557 0.58117 0.067424 1.4254 0.60469 -0.62323 1.7698 -0.97048 0.14735 0.84828 -0.70848 1.4062 -1.245 -0.055085 -1.7534 -1.7409 -0.50792 -2.3483 -1.6519 0.21501 0.47271 -0.042026 -0.40291 1.2607 2.4065 -0.41146 -2.1244 0.64629 -0.98347 -1.2567 -0.60299 -0.095195 -1.3207 1.7082 -0.43646 -1.3765 0.36263
-1.3479 0.29708 1.7862 0.13346 -0.21231 1.2053 -0.51121 -0.75011 1.6324 -0.29845 0.020468 1.8727 -0.34962 2.5582 -1.0617 -0.62845 -0.96233 -1.9865 -1.1831 -2.006 -1.4981 -0.50442 1.3947 -0.0051481 -0.98009 1.34 1.5449 0.27556 -1.278 1.4755 -0.47276 -1.5942 0.52587 0.29578 -1.2007 0.77474 -0.58819 -1.5093 0.014681
-0.18384 0.14659 0.94811 -0.43706 -0.99684 0.042854 -0.66179 -1.3379 0.80154 -0.18438 0.4711 0.79592 0.0029688 2.5723 -1.1402 -1.3547 -0.21305 -2.2222 -2.1408 -0.98107 -1.5437 -0.58765 1.6244 -0.20013 -1.3414 1.472 0.081527 0.96488 -0.050061 1.5206 0.20495 -0.93088 1.4303 0.88251 -0.82724 -0.081769 -0.37137 -0.98881 -0.58779
0.84411 0.091334 0.43059 -0.37149 -1.5188 -0.11427 -1.3169 -1.322 0.57483 -0.62153 0.043014 0.69607 0.28272 2.4542 -0.58474 -0.7229 0.22298 -1.9963 -2.667 -0.55501 -0.84611 -1.0072 0.86937 -0.5249 -2.0599 1.0551 -1.5234 1.2949 0.98919 1.0765 0.98525 0.89212 1.024 1.3306 -0.29102 -0.84457 -0.49669 -0.10375 -1.2798
1.0267 0.029728 0.55133 0.58861 -1.5717 -1.0026 -0.14834 -1.7785 1.1613 0.79568 -0.43818 0.48391 0.63559 1.6028 -0.034902 -0.091802 0.55634 -1.3571 -1.5657 -0.14797 -0.39675 -1.2367 0.59967 -0.59955 -1.6377 0.40327 -2.3826 1.413 1.164 0.53554 1.8295 2.5571 0.69096 1.7685 -0.26879 -0.67558 -0.20957 0.80836 -1.8221
0.55373 -0.12857 1.0475 0.7819 -2.2804 -1.7587 -0.26729 -1.7851 0.94211 0.85176 -0.74157 -0.79682 0.74598 0.36031 0.33047 0.45387 0.70093 -0.60144 0.25334 -0.32928 0.3114 -0.77322 0.28121 -0.8913 -0.9954 -0.30565 -2.734 1.2029 0.35324 0.13669 2.5218 3.3193 0.53778 2.1262 -0.18684 -0.26476 0.19558 1.4675 -2.0475
0.79173 -0.12384 1.3493 0.202 -2.0682 -1.342 -0.85753 -1.278 -0.23337 -0.18237 -0.12642 -1.3306 0.41838 -0.5769 0.52454 0.073041 0.555 0.45461 1.3412 0.31705 1.0441 -1.2519 0.62276 -0.48775 -0.37662 -0.95265 -2.2359 0.96804 -0.44812 0.073694 3.0705 2.6242 0.58683 2.2454 -0.11838 0.1283 0.46988 1.7334 -1.8609
0.86129 0.48866 1.1599 0.32924 -1.7686 -0.31929 -1.0345 -1.3308 -0.69259 0.50678 -0.55529 0.56058 0.009824 -1.2712 0.94199 -0.19163 0.46325 1.7484 2.2949 0.30962 2.24 -1.3773 0.36464 -0.18375 0.0064532 -1.7564 -1.4145 0.68431 -0.78096 0.50812 2.893 1.0321 0.61737 1.5265 0.14916 0.23282 0.57588 1.646 -1.2084
0.50719 0.48613 0.88827 0.49606 -1.7922 0.75851 -1.2849 -0.93872 0.32786 -0.0024083 -1.0587 -0.46541 -0.3412 -1.5194 1.1126 -0.54156 0.79358 3.1302 2.4854 0.73021 2.6588 -1.1707 0.83262 0.031308 1.0423 -2.0424 -0.66637 0.16867 -0.43359 0.73316 1.9284 -0.64636 0.04149 0.44985 0.91328 -0.20568 0.69533 0.72501 -0.34264
0.098898 0.46134 0.27067 0.84492 -0.71745 0.76806 0.33466 -0.17443 -1.2538 1.3732 -0.61524 0.14425 -0.68714 -1.6593 1.0631 -0.58708 1.5359 3.3957 1.6757 0.72433 2.2374 -0.49619 0.65512 0.060869 1.3171 -1.8191 0.14819 -0.30118 0.037879 0.46256 0.29131 -1.8254 -0.34865 -0.88683 1.3029 -0.40818 0.66098 0.42573 0.61907
-0.75931 1.0161 0.91489 1.2842 0.51121 0.96384 0.21595 1.0134 -0.79087 1.1769 -0.60758 -0.4062 -1.5974 -1.5557 0.7153 -0.4766 1.4059 3.1874 0.40099 0.19001 1.8523 0.20659 0.099745 0.8575 0.31329 -1.5031 0.64224 -0.81132 0.60207 -0.44326 -1.6642 -1.8504 -0.91381 -1.8598 1.3088 -0.72912 0.61348 -0.29732 1.3146
-0.76938 0.99089 0.78322 1.3299 1.421 1.0553 0.035862 1.0228 -1.2337 1.4588 -0.36249 0.80074 -1.68 -0.99096 0.68547 -0.15594 1.0237 2.258 -0.19174 -0.1393 1.0583 0.63956 -0.04229 0.79716 1.1714 -0.96768 0.73747 -1.5536 0.47506 -1.5102 -2.6241 -1.5215 -0.55075 -2.7484 0.78324 -0.82028 0.55919 -0.4923 2.0226
-0.55115 1.1516 0.67072 2.0747 1.3001 0.84588 -0.60809 0.47639 -0.62026 0.20756 -0.30732 1.1083 -1.6008 -0.72117 0.079169 0.28698 0.17343 0.63197 -0.15806 -0.71492 -0.077735 0.97919 -0.21901 0.9554 0.59926 -0.22355 0.63497 -1.7416 0.028772 -1.7913 -2.6467 -0.85331 0.57781 -2.9101 0.58765 -0.65772 -0.065118 -0.67925 2.3345
-0.81755 1.0698 0.38449 1.6793 1.3344 0.27355 -1.0052 0.61812 0.49398 0.55352 0.56625 -0.074631 -1.7647 -0.77644 -0.95721 -0.14447 -0.77692 -0.16344 -0.98612 0.043705 -1.7137 0.74745 -0.76393 1.1879 0.30327 0.99322 0.86026 -2.1599 -0.75591 -2.0069 -2.258 -0.3708 1.7649 -1.5783 0.3637 -0.44497 -0.12788 -1.1988 2.3685
-0.65295 1.1864 0.64112 1.5395 0.73587 0.74631 -0.40324 0.59604 0.70308 0.77489 -0.3616 1.5061 -1.5176 -0.5434 -1.0844 -0.42992 -1.1638 -0.48044 -0.85166 1.2777 -1.9671 1.3778 -0.80029 0.50076 -0.46385 1.5005 1.5575 -1.852 -1.4775 -1.5562 -1.4806 -0.20041 2.2403 0.33414 -0.18316 -0.68326 -0.42849 -1.0055 2.1188
-1.1933 0.45161 1.0198 0.86235 0.31456 0.85656 -0.35792 0.10912 -0.41565 1.4681 0.81563 0.35972 -1.1497 0.43661 -1.9829 -1.1024 -2.1926 -1.3477 -0.56213 2.4757 -0.81924 1.2019 -0.59689 0.72864 -0.45415 2.2123 2.2753 -1.1426 -1.8577 -0.74829 -0.64537 0.062282 1.4359 2.0779 -0.73321 -0.88238 -0.60805 -1.1256 1.3157
-1.7753 -0.25105 0.53216 0.33577 1.1193 -0.76344 0.49464 -1.4467 0.078063 -0.67308 0.999 0.36816 -0.031679 1.417 -2.1951 -1.7872 -2.1364 -1.5046 -0.75791 2.6543 0.074907 0.38187 -1.6133 0.24526 -0.82718 2.7831 2.334 -0.55738 -1.7473 0.11776 0.44842 0.33477 -0.12773 2.6453 -1.0874 -1.1898 -1.1528 -0.31721 0.49256
-0.75942 0.30277 -0.013388 0.61356 0.97783 0.29676 1.6692 -1.0041 1.9678 0.0076518 -0.33016 0.24458 0.0099707 2.2526 -2.1224 -2.6766 -1.7538 -0.84012 -0.91308 2.2927 0.98542 -0.26303 -2.0572 -0.0087798 -1.5388 2.5983 1.4231 0.26793 -0.76444 0.92599 1.4985 1.0272 -1.7251 2.2819 -0.91172 -0.63605 -1.787 0.18252 -0.66699
0.53968 -1.2001 -0.74704 -0.84794 -1.097 0.24759 2.321 0.79482 1.5486 -0.23892 1.2833 0.38922 1.0568 2.6613 -1.8551 -2.6627 -1.1801 0.093645 -0.029572 1.1028 1.866 -0.13127 -2.3705 -1.6217 -0.47361 2.1501 -0.163 0.41812 0.56207 1.1294 1.9837 1.4288 -2.5946 0.96705 -0.46518 0.39052 -1.4806 0.79595 -1.415
0.68575 -0.9891 -1.1261 -0.5774 -0.46169 -0.66602 1.876 0.99763 0.11646 -1.7775 0.32196 -0.91532 1.5871 2.3225 -1.7523 -1.9843 -0.9125 0.61702 1.0587 -0.2876 2.3704 -0.41939 -1.4368 -2.1877 -0.27329 1.3938 -1.8303 0.69639 1.6057 1.2061 1.9332 1.65 -2.8005 -0.93584 -0.10162 1.108 -1.0635 0.89353 -1.6948
1.2039 -1.1138 -1.6606 -0.33584 0.42357 -0.32959 2.1391 1.0114 -0.70445 -1.6609 -0.16988 -0.68258 1.3876 1.0959 -1.7537 -1.1584 -0.4073 1.4253 1.0176 -1.3762 1.1148 -0.49371 -1.1365 -1.8588 0.014422 0.97459 -2.5666 0.64488 1.678 0.96821 0.96958 1.2373 -1.9252 -2.2705 0.31775 1.6494 0.26997 0.49469 -1.5199
0.92364 -1.6696 -1.2845 -0.4706 1.4159 0.81568 0.7068 1.1188 0.47582 -2.4115 -1.9223 0.52272 1.5925 -0.18806 -1.1282 -0.64865 0.15701 2.0594 1.7522 -2.2103 -0.31163 -0.28315 -0.48563 -2.1904 -0.13084 0.29826 -2.2431 0.61703 1.1692 0.77149 -0.37322 0.30475 -0.78444 -2.3503 0.68363 1.4654 1.2794 0.17249 -0.98577
0.88282 -1.9188 -1.4018 -0.79924 1.4457 1.0814 0.61012 1.2756 0.8869 -1.6979 -1.898 0.012222 1.5351 -0.60386 -1.1998 -0.42533 0.12473 1.1612 2.0148 -1.8849 -0.85398 0.4672 0.40003 -1.064 0.38111 0.10829 -1.0546 0.78468 0.66633 0.64126 -1.5288 -0.60402 0.52116 -0.96062 0.40043 1.2462 1.775 -0.45018 -0.55808
0.82285 -1.9475 -1.3301 -0.21521 1.2764 1.1672 0.40749 0.61917 1.1745 -1.2698 -1.2397 0.058022 1.5998 -0.77814 -1.1038 -0.32578 0.28252 0.062087 1.1486 -1.6451 -0.84897 0.52395 0.6816 0.13358 -0.11724 0.14834 -0.051298 0.55731 0.61848 0.41494 -1.909 -1.4587 1.2551 0.4656 -0.2547 0.31805 1.5164 -0.62627 -0.16605
0.23557 -2.1959 -1.7135 -0.6609 1.1954 1.8734 -0.67207 0.41484 -0.29799 -1.6172 -1.5477 -0.73722 1.5842 -0.46578 -0.58835 -0.16453 0.7404 -0.39356 0.15138 -0.59569 -0.33353 -0.059561 0.73832 0.75967 -0.78654 0.10033 0.48851 0.75076 1.0181 0.34534 -1.0655 -1.7523 1.7203 1.4715 -0.88817 -0.41959 0.33537 -0.54074 -0.1658
0.32946 -2.1986 -1.7458 -0.23099 1.2016 1.5662 0.027368 0.056351 0.79741 -1.3217 -1.1605 0.042965 1.6663 -0.34647 -0.59827 0.29345 0.62416 -0.68172 -0.13617 -0.28814 0.26323 -0.5379 -0.0094168 0.1242 -0.66176 0.021622 0.68285 0.92666 1.3148 0.23191 -0.50049 -1.6971 2.1964 1.697 -0.76337 -0.2624 -0.48028 0.36672 -0.29704
0.48036 -2.5307 -1.7651 -0.037514 0.74925 1.0757 -0.31738 0.50999 0.79672 -0.93923 -0.54962 -0.33198 1.6132 0.041867 -0.32597 1.0287 0.59497 -0.43026 -0.7303 0.95648 1.2249 -0.83103 -0.050127 -0.3628 -0.30567 -0.10855 0.31477 0.93664 1.2197 0.053632 -0.44126 -1.6328 1.9702 0.98394 -0.43189 -0.0263 -0.74643 0.71284 -0.29651
0.55864 -2.172 -1.1698 0.37062 1.1622 0.9583 0.24097 1.2338 0.58589 -1.3021 -1.3384 -0.78606 1.7154 0.17196 0.1561 1.3546 0.77806 -0.84119 -1.6914 2.0742 1.4104 -0.66118 0.58725 -0.35589 0.3353 -0.25123 0.03323 1.7662 0.88782 0.36969 -0.52806 -1.1829 1.5854 0.11681 -0.32426 0.52809 -0.16852 0.60113 -0.58575
0.38496 -2.6683 -1.0478 -0.26696 0.39482 1.2112 0.015087 1.3089 -0.30602 -1.9234 -1.9389 -0.85652 1.4912 -0.1695 0.44055 1.4174 0.74324 -1.1262 -2.2276 2.2551 0.85548 -0.88277 0.41264 -0.62112 0.038021 -0.26635 -0.53148 2.6439 0.38207 0.45047 -0.32224 0.0059544 0.1823 -0.82776 0.10497 0.83736 0.99349 0.60445 -1.327
0.72289 -2.1936 -0.38277 0.39874 1.0124 0.40521 1.8117 1.81 -0.67153 -1.1814 -1.6772 -0.17796 1.4332 -0.18125 1.6719 1.6375 1.2379 -1.3062 -1.6744 2.3061 0.65889 -1.1741 0.81487 -0.12952 0.28612 -0.89588 -0.55841 3.1051 -0.075347 0.31161 0.065852 1.0066 -1.1403 -0.84987 0.55293 1.1135 1.75 0.72417 -1.8093
0.30503 -1.8938 -0.77314 0.4086 -0.13093 -0.63285 2.2253 1.4876 -0.46651 -0.11189 -1.4838 0.26123 1.2885 -0.7168 2.8894 1.5508 1.2084 -0.79075 -0.72775 1.2093 0.12139 -0.34833 1.4959 1.6303 0.84467 -2.0467 -0.48289 2.7077 -0.28322 0.074842 0.53222 1.4845 -2.2398 -0.67543 1.1571 1.0444 1.996 0.72731 -1.903
0.10381 -1.8774 -0.48408 0.81123 -0.25926 -1.3659 2.373 0.73711 0.01304 -1.0208 -1.704 -0.46706 1.4554 -0.5371 3.5985 1.1602 1.1217 -0.88641 -0.49609 0.25613 0.25863 0.22491 2.2449 2.2451 1.2757 -2.4441 -0.47574 1.1649 -0.12091 -0.28063 1.1451 1.5873 -2.6153 -0.63018 1.1629 0.33232 1.2296 0.35976 -1.244
0.50221 -0.17318 0.21273 1.6997 -0.55811 0.037017 2.1921 1.9577 -1.5108 0.033027 -0.74405 -0.33822 0.098934 -0.84124 3.5465 1.1688 0.92198 -0.35377 0.052331 -1.3137 -0.15106 0.82132 1.7619 2.4453 0.89267 -2.7351 -0.24306 -0.62677 -0.052191 -0.47473 1.128 1.4542 -1.8278 -0.37215 0.41196 -0.22128 -0.060542 -0.1545 -0.09294
-0.54299 0.9214 0.41584 1.1239 0.74402 0.93018 1.0484 1.3823 0.39412 0.57822 1.1412 0.64889 -1.3744 -0.95609 3.0928 1.6221 0.81778 0.58759 1.0032 -1.7954 -0.33058 0.65668 1.3551 2.0749 0.94242 -2.6707 -0.44204 -2.4723 -0.19374 -0.68627 1.0373 0.86286 -0.69364 -0.83538 -0.02518 -1.0227 -1.1348 -0.84677 1.0157
0.24263 0.73766 -0.12195 0.86213 -0.93801 -0.3225 1.0498 1.9039 -0.063371 1.7149 0.44439 1.3289 -1.0299 -0.93447 2.1975 1.2323 0.42349 0.55306 1.333 -1.5145 -0.24798 0.29733 1.5325 1.5638 0.75541 -2.0894 0.060697 -3.1703 -0.74022 -0.62589 0.48208 0.13856 0.54706 -0.78596 -0.61173 -1.455 -1.956 -1.1127 1.8684
-0.46395 1.0877 0.68325 1.6689 0.5466 -0.48376 0.37151 1.0578 0.96489 0.88178 1.0021 0.51733 -1.4376 -1.2682 0.55316 0.79598 0.027072 0.57376 0.53097 -1.0693 -1.1858 0.44376 0.38563 0.233 -0.17185 -1.0323 0.13768 -2.7978 -1.2086 -0.47712 0.22114 -0.18737 0.87567 -0.63758 -0.79018 -1.6933 -2.3308 -1.3553 1.8116
-0.87166 1.0305 1.0628 1.6017 0.52934 0.79173 0.29914 0.71398 0.054679 0.99237 0.48113 0.92677 -1.64 -0.57727 0.046902 0.30404 0.089661 0.54309 0.55581 -0.56058 -1.1279 -0.32926 -0.57168 -0.84548 -0.55054 -0.36526 0.30321 -1.7265 -1.0976 -0.38803 0.039864 -0.38688 0.52507 -0.39049 -0.98813 -1.4221 -2.1439 -1.2807 1.2836
-0.61113 0.96179 0.75862 1.4576 0.088611 1.1227 0.78833 1.243 -0.44255 1.5559 0.65857 0.24098 -1.4584 -0.89116 -0.04124 -0.0018819 0.043278 1.0014 1.0291 -0.48294 -1.0295 -0.65639 -0.87676 -1.7352 -0.84661 -0.44058 0.53782 -0.51357 -0.75031 0.018884 -0.12674 -0.32235 0.04566 0.092654 -0.77118 -0.62314 -1.0396 -0.58597 0.6314
-1.2598 0.6305 0.81175 1.2665 0.43501 0.53143 0.4454 0.3535 0.13637 0.45634 0.011094 -0.2593 -1.6643 -0.58784 -0.10374 -0.26481 -0.35462 0.41384 0.33563 -0.73661 -1.0229 -1.1886 -0.59039 -2.0664 -1.2133 -0.19357 0.16576 -0.51565 0.016195 -0.23546 -0.56089 -0.39706 0.049621 -0.017625 -0.14881 0.13649 0.063749 0.018561 0.52063
-0.48196 1.1105 0.22837 1.0753 0.96994 0.86684 0.17265 0.3631 0.0090065 -0.045884 -0.18764 0.72349 -1.6599 -0.31446 -0.14608 -0.21483 0.26215 0.40583 0.017521 -0.89242 -1.0705 -0.71359 -0.79831 -1.4055 -0.88183 -0.03874 0.15358 -0.76237 0.822 -0.45533 -1.3139 -0.29805 0.62992 0.28101 0.38768 0.6351 1.1815 0.04128 0.89038
-1.1459 0.78308 0.25104 1.4351 0.64715 0.80607 0.15122 0.67048 -0.95728 0.61303 -2.1346 -0.075282 -1.7366 -0.57261 -0.67837 0.44117 -0.49621 -0.1921 0.29365 -0.25887 -1.137 -0.59966 -0.32023 -0.89567 -0.47377 0.32431 -0.23893 -1.0466 1.2143 -0.7952 -1.446 0.087135 1.204 0.43914 1.0679 0.98136 1.8841 0.015844 1.0496
-1.332 1.0251 0.97978 1.2433 0.92395 0.21439 -0.82101 -0.42488 -1.2885 0.38964 -1.1698 -1.3631 -1.6849 -0.62723 -0.90261 1.0697 -0.78542 -1.1168 0.47354 0.56411 -0.46773 -0.13956 0.25288 0.18853 -1.1159 0.82155 -0.00704 -0.88963 0.85943 -1.3029 -1.4028 0.030658 1.391 0.46721 1.3786 0.97022 2.0498 0.20724 1.1548
-0.96633 0.68817 0.75831 2.1552 0.63659 1.3228 -0.3419 -0.16915 -0.65759 -0.0115 -0.44776 0.20304 -1.5403 -0.85136 -1.3016 1.1961 -1.3843 -1.4897 0.27558 0.99727 -0.53657 0.74348 0.82518 1.1505 -1.0421 1.1689 0.45502 -0.43878 -0.11593 -0.74902 -0.72266 -0.50873 0.95978 0.36636 1.3669 0.3137 1.1494 0.52269 0.93929
-1.5051 -0.19371 1.2164 -0.1146 -0.401 1.3552 1.1159 -0.15308 -0.84891 1.0286 -0.54174 -0.29615 -0.89662 -0.18648 -1.1745 0.89703 -1.8242 -1.5307 0.085354 1.3247 -0.5328 1.4769 0.54839 1.9405 -0.19501 1.511 0.47699 0.11762 -0.96275 -0.18108 0.4901 -1.1404 -0.0020541 -0.074543 0.74776 -0.40844 -0.18744 0.52108 0.32439
-1.7133 0.0085351 1.6305 0.3657 -0.72766 0.91852 1.1196 0.15662 0.34126 0.49504 0.040702 -1.8672 -0.62802 0.0095874 -1.2045 0.32961 -1.4414 -1.3164 -0.49605 1.3226 -0.44695 1.4299 0.16886 0.66859 0.042718 1.5841 0.41271 0.80926 -1.5037 0.79868 1.3377 -1.3596 -0.90191 0.26176 -0.0048328 -0.94034 -0.78958 0.28304 -0.50731
-1.5075 -0.16179 1.0722 -0.31128 -0.44136 0.91976 0.8976 -0.32784 0.84272 1.6057 0.45123 -0.48646 -0.37055 -0.21643 -0.7766 -0.15982 -1.1287 -0.29874 -1.3454 0.39256 -0.64398 1.0738 -0.19285 0.0060729 -0.68429 1.1698 -0.015652 0.96356 -1.641 0.9806 1.6307 -0.72408 -1.3438 0.43733 -0.56117 -0.78969 -0.66069 0.36162 -1.108
-1.097 -0.18003 1.2777 -0.29086 -0.83312 0.61671 1.1979 -0.43904 0.89002 0.8201 0.5157 -0.34259 0.044696 -0.10835 -0.28601 -0.87389 -0.21868 0.36186 -1.6376 -0.38921 -0.010654 0.94403 -0.61717 0.40449 -0.25682 0.47684 -0.27753 1.0879 -0.93222 0.75502 1.2513 0.053397 -1.4063 0.66157 -0.74237 -0.68901 0.19742 0.35363 -1.3158
-1.2237 -0.43822 1.1813 0.2826 -0.53193 -0.13008 0.9004 -0.97076 0.60431 0.0077823 -0.81788 -0.83852 0.18796 -0.15409 -0.18719 -1.3373 -0.57217 0.63783 -0.74395 -0.57732 0.033554 0.56744 -0.57726 0.63544 0.63844 0.17746 -0.20214 0.72148 -0.16359 0.41948 0.36533 0.86307 -0.70388 0.67912 -0.76536 -0.40527 0.6808 0.76245 -1.0762
-1.7279 -0.3969 0.64063 0.025815 0.1913 -0.16321 0.56684 -0.55878 0.827 0.14245 -0.43463 -1.2845 -0.19471 -0.50948 0.1343 -0.69158 -0.29033 0.52339 -0.69405 -1.0785 0.40003 0.15561 -0.96092 0.7549 0.050494 -0.1612 -0.073577 0.6436 0.75915 0.29986 -0.11899 1.1363 0.057601 0.10339 -1.038 -0.14596 0.44833 0.57933 -0.76217
-1.7724 -0.31611 0.47477 -0.50082 -0.3299 -0.70647 0.69093 0.52745 1.2326 0.45935 0.99012 -1.0624 -0.43669 -0.37095 0.095798 -0.5313 -0.3091 0.29517 -0.14941 -0.70959 0.36783 -0.10701 -0.78866 1.2673 0.57545 -0.34406 0.37952 0.92814 1.3451 0.9247 -0.22393 0.91034 0.48274 -0.52384 -1.1686 0.16308 -0.088052 0.5116 -0.57997
-1.5876 -0.13474 0.15796 -0.67652 0.020321 0.83056 0.29414 -0.306 1.527 0.23463 1.2565 0.10688 -0.15585 -0.12853 0.53794 0.038972 0.20335 0.31492 0.26113 -0.20974 0.0091607 -0.85792 -0.77258 1.027 0.8547 -0.55969 0.78281 0.98942 1.0395 1.4931 0.066654 0.87938 0.79244 -0.66529 -1.0364 0.85612 -0.95244 0.63936 -0.48902
-1.8705 -0.0097814 0.97157 -0.33925 -0.12547 -0.3678 -0.61908 -0.19867 0.64781 -0.23569 0.85422 -0.59864 -0.34404 0.325 1.0043 0.62689 0.93681 0.33033 0.53762 -0.027332 -0.70642 -1.3352 -0.32881 0.28887 1.1931 -0.60985 1.2764 0.32902 0.19704 1.1409 -0.14686 0.079941 0.51375 0.11349 -0.41512 1.4782 -1.1327 -0.19033 0.0044444
-1.3471 -0.39497 0.74409 -0.22283 -0.51683 0.1433 0.8602 -0.37785 0.4384 -0.75656 1.3716 0.18514 -0.28736 0.52256 1.1655 0.53012 1.9361 0.62983 0.66175 0.19923 -0.25137 -1.3661 0.50566 -0.818 0.931 -0.85975 1.7228 -0.64686 -1.1238 -0.25057 -0.53824 -0.83864 0.084258 0.45464 0.55223 1.9278 -0.52996 -1.2842 1.0493
-1.6621 0.36097 0.99614 0.75352 0.4388 0.033343 0.7125 -0.82492 -0.92788 -0.83464 0.072358 -0.26893 -0.87749 1.553 0.27444 -0.43339 0.99631 -0.13193 -0.19567 0.13382 0.70312 -0.70307 1.484 -0.25845 0.21617 -0.18388 1.5901 -1.305 -1.7486 -1.7599 -0.86623 -1.6486 -0.59305 0.33089 1.3755 1.723 0.17315 -2.2153 1.9968
-1.3183 0.92632 1.0581 0.74228 0.45315 0.5795 0.3043 -0.87723 -0.49818 0.62289 0.69731 0.5338 -1.0516 2.2934 -0.072123 -1.3722 -0.33193 -0.44518 -0.99372 -0.12237 0.11987 -0.02214 2.111 0.14356 -0.96933 1.0194 1.1256 -1.6744 -1.3286 -2.76 -1.2252 -1.7073 -1.0436 -0.26252 1.5997 0.69488 0.75261 -1.9223 2.5248
-1.118 0.81224 0.67695 1.7254 0.34242 0.57025 0.63979 0.67963 -0.094347 1.4943 -0.053196 0.39797 -1.3461 2.2417 -0.34152 -1.444 -1.3389 -0.72811 -1.8218 -1.0863 -0.29801 0.84846 2.2585 0.1571 -1.8644 1.8585 -0.033004 -1.133 -0.12744 -2.0473 -0.87918 -0.88105 -1.059 -0.92324 1.1437 -0.77266 0.5215 -0.96089 1.8018
0.57821 -0.6643 -0.43288 -0.56161 -0.87426 -0.32887 -0.092823 0.5294 0.71835 1.8338 1.5394 -0.23313 0.40706 2.1621 -1.0466 -1.2601 -2.2301 -1.3299 -1.8258 -1.3336 -0.21862 1.1778 1.4999 0.56451 -1.5029 2.4275 -1.0247 -0.46948 1.1373 -0.82479 -0.42708 0.22784 -0.89212 -0.92487 0.28937 -1.7213 0.50529 0.48607 0.32304
0.61603 -0.10534 -0.27483 -1.0599 -0.69351 -2.1394 -0.21151 -1.0844 0.19715 1.831 1.0492 -2.447 1.3474 1.5615 -0.94432 -0.70724 -2.0173 -1.3094 -1.4831 -1.4349 -0.77773 1.0729 0.30415 0.62628 -1.2409 2.1876 -1.7771 0.48933 1.7261 0.77615 0.2487 1.357 -0.48247 -0.55777 -0.63805 -1.9358 0.40098 1.6072 -1.3727
0.36443 -0.1322 -0.16028 -1.0482 -0.681 -1.5887 -0.59616 -1.1938 1.38 1.9521 0.73199 -1.7829 1.3859 0.82935 -0.47899 0.22933 -1.6031 -0.94083 -0.72313 -1.7806 -1.2933 0.47349 -0.25039 0.96946 -0.37079 1.4084 -1.8043 0.95823 1.6271 1.6772 0.73071 1.7227 -0.35085 0.12401 -1.1274 -1.0453 0.45966 2.0571 -2.4493
0.36353 -0.39301 0.16194 -1.2276 -0.93387 -1.1089 -1.1092 -0.40519 0.60806 1.4138 0.79685 -0.73674 1.3575 -0.22155 0.10817 0.79972 -0.1824 -0.463 0.24936 -1.856 -0.7568 -0.1109 -0.62397 0.79167 0.52089 0.029679 -1.2166 0.78904 0.89557 1.6602 0.75994 1.0764 -0.063609 0.60083 -1.349 0.040341 0.54919 1.5266 -2.3274
0.45699 -0.040885 0.2036 -0.83972 -1.1965 -0.71986 -1.2729 -0.94998 1.4472 1.295 1.6396 -0.63547 1.1072 -0.12392 -0.13426 0.80361 0.056185 -0.40476 0.63736 -1.8466 -0.0052367 -0.55468 -0.054065 1.4446 1.3864 -0.66814 -0.54038 0.73392 -0.14094 1.3376 0.67837 0.050051 0.74743 0.40092 -1.0669 0.59082 0.26095 0.54097 -1.5204
0.47846 -0.31727 0.4514 -0.98672 -1.1174 -0.90507 -1.8855 -0.8447 0.48264 1.4498 1.897 -0.62459 0.94432 -0.10401 0.067453 0.55744 0.32403 -0.17518 -0.083268 -1.5369 -0.34468 -1.1958 0.30882 1.5432 0.68486 -0.74083 0.0087087 0.84199 -0.75307 0.75927 0.83973 -0.27995 1.677 0.21704 -0.95624 0.58831 -0.84382 -0.056554 -0.70027
0.26169 -0.37454 0.18991 -1.0282 -1.2912 -0.98313 -2.5153 -1.0449 0.30705 0.95533 2.2455 -0.78704 0.82734 -0.18036 0.64263 0.10931 0.69401 0.1671 -0.46054 -0.41343 -0.77998 -1.1832 0.46143 1.1308 0.55742 -0.79687 -0.16972 1.0823 -0.97355 0.5972 0.98518 -0.061297 2.3154 0.29123 -0.57379 -0.068442 -2.0404 0.066153 -0.39303
0.43688 -0.19833 0.62948 -1.0643 -0.98924 -1.4144 -2.4182 -1.0382 -0.30627 2.3657 2.5657 -0.3923 0.54864 -0.17698 0.9835 -0.15315 0.9362 0.80039 0.25672 0.85862 0.020893 -1.7667 0.29161 -0.88088 0.85782 -1.0977 -0.23781 0.64707 -1.0028 0.18421 0.68997 0.41095 2.2684 0.46479 0.23679 -0.79656 -2.3574 0.62925 -0.24136
0.20557 -0.040421 0.38538 -0.51391 -0.95181 -1.472 -2.427 -1.3429 -0.42519 2.0986 2.4423 -0.59406 0.5671 -0.38541 1.0328 -0.5225 0.87577 0.92495 0.34842 1.6949 0.33504 -1.4478 -0.15513 -1.736 1.4458 -1.1575 -0.11244 -0.18692 -0.95887 -0.37607 0.11093 0.36768 1.3415 0.36258 0.9935 -1.4244 -1.5515 0.36926 0.22105
0.23852 0.6459 0.13977 -0.16021 -0.84623 -1.3304 -1.0039 -1.4531 -0.64525 1.5711 2.2973 0.27402 0.28835 -0.41941 0.84302 -0.85862 0.56418 0.71912 0.30613 2.0518 -0.068568 -0.5645 -0.91498 -2.0951 1.4116 -0.96961 0.21039 -1.0671 -0.4779 -0.99138 -0.53568 -0.20242 -0.10473 -0.092672 1.5358 -1.3421 0.070143 -0.47175 0.91216
0.33499 0.85846 0.097856 0.14067 -0.026141 0.1989 -0.1548 -0.39985 -1.7177 1.4637 -0.4967 0.41125 -0.51934 -0.25621 0.42947 -1.194 0.13302 0.41337 0.22498 1.7337 -0.084509 0.28082 -1.694 -1.6074 0.97813 -0.48133 0.66951 -1.7546 0.20545 -1.1152 -0.87324 -0.55623 -1.4355 -0.091588 1.7419 -0.55956 0.95482 -1.681 1.4745
-0.16371 0.31523 -0.14467 -0.47531 -0.31388 -1.0744 -0.50105 -0.53442 -1.4523 1.0392 0.28392 1.2278 -0.33893 0.13005 -0.32175 -0.64144 -0.62333 0.069665 -0.0733 0.61995 0.066783 0.55652 -1.5367 -0.81684 0.2582 0.1225 0.69055 -1.5379 0.80883 -1.0505 -0.87232 -0.73934 -1.9757 -0.029917 1.6499 0.21404 1.3006 -2.4195 1.5547
-0.099 0.39975 -0.53968 -0.61839 -0.73598 -1.2005 -0.39823 -1.8085 0.21783 0.069585 0.49053 0.60357 -0.11847 0.52028 -1.0255 -0.27305 -0.69971 -0.35919 -0.5375 -0.53493 0.10542 1.6056 -0.91334 -0.35177 -1.0124 0.81383 0.42621 -0.50539 1.1477 -0.36713 -0.40889 -0.36419 -1.3496 0.10102 1.1094 0.50392 0.56241 -2.7173 0.87811
0.33695 0.33839 -0.52017 -0.65958 -0.56178 -1.2689 -0.43018 -1.1757 0.27285 0.22739 1.2672 0.43952 0.272 0.40984 -0.74428 0.082702 -1.0641 -0.50178 -0.74219 -0.86654 -0.21512 2.1968 -0.86312 0.041062 -1.9724 1.0368 -0.10505 0.82731 0.95784 0.63403 0.19475 0.082198 -0.22573 0.51791 0.34555 0.44031 -0.42771 -2.1027 -0.18054
0.51243 -0.22753 0.032864 -1.0848 -0.79146 -1.2023 -1.4765 -0.93176 -0.28389 0.13117 1.1256 -0.24472 0.68496 0.35571 -0.12153 0.43197 -0.37639 -0.05366 -0.14499 -0.29292 0.23915 1.7656 -1.0223 -0.85352 -2.8279 0.56165 -0.64404 1.7398 0.65602 1.3224 0.56308 0.4451 0.59556 0.6305 -0.35067 0.035859 -1.0257 -1.0981 -1.1988
0.85284 -0.36785 -0.12588 -0.57869 -0.93286 -1.3706 -1.2342 -0.68969 1.7328 0.75181 0.15281 -1.016 0.87724 0.028273 0.46796 0.66557 0.41155 0.27708 -0.11114 0.031779 0.92861 1.2006 -0.59807 -1.5041 -2.6366 -0.056739 -0.77042 1.8173 0.4073 1.7762 0.46864 0.67079 0.77476 0.79615 -0.78701 -0.15371 -0.76438 -0.010903 -1.6299
0.16288 0.26644 0.011619 -1.6 -0.53808 -1.0318 -1.0662 -0.96172 1.6498 -0.23471 -0.56296 -1.6997 0.43452 -0.42249 0.98222 0.57295 1.0835 0.29066 0.0068648 0.23144 0.66372 1.3869 -0.95178 -1.7982 -2.654 -0.68136 -0.73235 1.3576 0.35603 1.3612 0.27296 0.75879 0.11795 0.72912 -1.3681 -0.14564 0.19871 1.2044 -1.4324
0.10597 0.43163 0.014728 -0.55191 -0.43675 -1.4452 -0.38523 -0.82887 1.3983 -1.1469 -0.39079 -2.3338 0.19185 -0.55725 1.4342 0.71941 1.6001 0.19122 0.47802 0.45396 0.99917 0.76633 -1.1746 -1.1459 -2.0539 -1.1189 -0.31089 0.44184 0.29034 0.76288 0.4614 0.88976 -0.55505 0.92539 -1.6924 0.29837 1.0036 2.3757 -0.8904
0.22414 0.95767 0.13115 0.22235 -0.40698 -1.3677 -0.50466 -0.37556 1.7628 -0.18788 -0.9035 -2.2663 -0.092255 -0.64064 1.4345 1.0236 1.6249 0.49365 1.0266 -0.26704 1.5105 -0.8396 -0.9945 -0.62885 -0.90143 -1.3477 -0.06871 -0.48821 0.32621 -0.24275 0.69483 0.72487 -1.1725 1.2486 -2.1258 1.3216 1.4053 3.1811 -0.2994
0.054853 0.93246 0.24426 0.43306 -0.46154 -1.137 -0.89626 -0.31543 2.4055 -0.98844 -0.85511 -3.0116 -0.31619 -0.40932 0.9039 0.94514 1.5853 1.0274 1.0983 -0.86088 2.1631 -1.1796 0.030189 0.039167 0.83737 -1.2396 -0.065967 -1.119 0.047975 -1.2032 0.82574 0.25383 -1.2553 0.68569 -1.6985 1.6396 1.2127 2.775 0.222
0.068797 1.0869 0.85004 0.55337 -0.81128 -0.35263 -0.97335 0.40258 1.1306 -1.2682 -0.42781 -2.7762 -0.53601 -0.6165 0.51093 1.027 0.60046 1.1548 1.0974 -1.518 2.318 -2.0306 1.0516 0.59763 1.7169 -1.1291 0.046834 -1.0673 -0.24379 -1.4937 0.32841 -0.21801 -0.30972 -0.19455 -0.67251 1.3119 0.90789 1.5689 0.5788
-0.16615 1.3304 0.81377 0.62318 0.15474 0.011443 -1.6708 0.91523 -0.19913 -0.76594 -1.0773 -1.8429 -0.94697 -0.68453 0.21101 0.80332 -0.22617 1.3842 0.93284 -1.4971 1.8243 -2.1444 1.0293 0.81669 1.7142 -0.84699 0.26722 -0.54458 -0.43552 -1.1457 -0.21764 -0.4461 0.7358 -1.0974 0.26546 0.16868 0.46362 0.086194 0.70574
-0.30451 1.143 0.69287 0.39934 1.0863 -0.26727 -1.801 1.4584 0.16949 -0.063897 -0.20964 -0.18726 -1.0871 -0.41953 0.17369 0.67541 -0.36678 0.92186 0.68754 -0.58819 1.3337 -1.7401 1.0928 0.90529 1.5416 -0.55426 0.72268 -0.11542 -0.78628 -0.30414 -0.89735 -0.49082 1.3971 -1.6003 1.4434 -1.1181 -0.084019 -1.0331 0.72574
-0.52512 1.0325 1.0309 0.3539 0.48171 -0.48959 -2.3422 1.6552 -1.4637 0.97243 0.40266 -0.69954 -1.1468 -0.036052 0.25134 0.37023 -0.15888 0.74371 0.44051 0.17706 0.69341 -0.76654 0.36314 0.85657 1.1073 -0.32078 0.91237 0.20829 -0.67963 0.35638 -1.4537 -0.36914 1.262 -1.4843 1.8746 -1.8313 -0.42272 -1.3822 0.55218
-0.43907 1.2243 0.89296 -0.10212 0.87526 -0.068776 -2.3018 1.2006 -0.40201 0.33143 -0.19041 -1.2662 -1.0142 0.33335 0.31489 -0.1139 -0.041785 -0.17831 0.39434 0.50262 0.021809 0.27669 -0.77556 0.37581 0.16492 -0.15187 0.50578 0.16626 -0.60833 0.56368 -1.1101 -0.20499 0.84963 -1.3041 1.509 -1.616 -0.38071 -0.82927 0.26274
-0.20507 1.2294 1.1789 0.2734 -0.0060371 0.13288 -0.98252 1.2781 -0.24842 -0.26897 0.29654 -1.3364 -1.0165 0.54727 0.45129 0.025008 0.27363 -0.74479 0.36546 0.53856 -0.17374 0.73578 -1.59 0.15402 -0.088296 -0.10389 -0.34379 -0.67165 -0.37585 1.0742 -0.43664 -0.24545 0.6195 -0.89882 0.30047 -0.23421 -0.12556 0.4163 0.037694
0.081513 1.5472 1.1026 0.64852 0.72575 0.32226 -0.91069 1.4839 -0.41353 -0.94572 0.35473 -0.55055 -1.1421 0.18079 0.3214 -0.20161 0.47815 -0.37952 0.32836 0.96714 -0.56428 0.64066 -1.0636 0.41916 0.6551 -0.21204 -0.97948 -1.5996 -0.15929 1.4259 0.63018 -0.35237 0.54897 -0.5703 -0.90161 1.0368 0.18433 1.3097 0.10848
0.047576 1.5224 0.30374 0.39341 0.21263 0.14508 -1.7034 1.0708 0.51339 -1.4441 -0.68418 -1.0492 -1.2508 -0.56439 -0.76419 -0.23341 1.6247 0.040414 -0.0014018 1.2094 -0.61995 -0.3177 0.073647 0.54405 1.6454 -0.22385 -1.2055 -2.0987 -0.063332 1.3088 1.1584 -0.28476 0.70297 -0.32641 -1.4168 1.5697 0.32795 0.95076 0.25275
0.08612 1.4655 1.1355 0.61067 -0.076795 -0.14154 -1.6036 1.4538 0.68283 -1.4703 0.61934 -0.35445 -1.1782 -0.83528 -1.485 -0.25759 2.0029 0.59208 -0.1038 1.2873 -0.77363 -1.0535 0.442 0.55376 1.7077 0.095676 -0.64901 -1.8277 0.10612 0.50904 0.82583 -0.36166 0.63674 0.21816 -1.3802 1.2674 0.47115 0.23062 0.52483
-0.64431 1.3121 0.83748 0.7016 0.32646 0.16344 -0.61214 0.56345 -0.84093 0.26177 1.0113 -0.094031 -1.3744 -1.0674 -1.8035 -0.053904 2.0062 0.90622 0.030652 1.8141 -0.65119 -1.3403 0.74766 0.76733 1.1416 0.17588 0.090353 -0.81218 -0.13604 -0.70634 0.05372 -0.52268 0.56004 0.47757 -0.52588 0.79189 0.20971 -0.37483 0.60375
-1.1153 -0.093598 0.73692 2.5903 0.9804 0.046482 0.12817 0.59638 -1.0659 0.31123 0.31865 1.1087 -1.2017 -0.71001 -1.9096 -0.10515 1.2434 0.71127 -0.3872 1.9647 -0.15633 -1.6954 1.0993 1.2949 1.3522 0.48574 1.0744 -0.080257 -0.22658 -1.7878 -1.0594 -0.91131 -0.46601 0.58335 0.58798 0.31944 0.0077335 -0.16985 0.66323
-0.61036 -0.11048 0.83461 2.5349 0.86543 0.096772 0.56486 0.67576 -1.8163 -0.71926 0.84882 0.63067 -0.74757 -0.46686 -1.7755 -0.54231 0.62194 0.080982 -0.87048 2.0134 -0.072104 -1.0761 1.316 0.60083 1.1662 0.61336 1.9024 0.72836 -0.46083 -2.682 -2.2351 -1.109 -1.7134 -0.0046234 1.5168 -0.2554 -0.35965 -0.29131 0.73313
-0.91266 0.11525 0.78702 2.2258 1.5981 0.33383 0.67075 0.88698 -1.4179 -0.40473 0.95761 0.11346 -1.1246 0.75815 -1.622 -0.40267 -0.76831 -0.94744 -1.4152 0.22814 -0.017393 0.040222 0.80589 0.63169 1.4116 1.0106 2.0282 1.0294 -0.48405 -2.2404 -2.4781 -0.92767 -2.2642 -0.85767 1.9629 -0.52668 -0.95965 -0.60651 0.64863
-0.51604 -0.322 0.36304 0.97171 0.21591 -0.90276 0.36402 1.1423 -1.7513 0.55194 1.7344 1.0856 -0.5431 1.5509 -0.85441 -0.69964 -2.1718 -2.3842 -1.5994 -0.83291 -0.72699 0.93995 0.41946 0.30662 0.607 1.1663 1.8031 0.92793 -0.33289 -1.0029 -1.9245 -0.54292 -1.9726 -1.3228 1.3271 -0.71796 -1.1776 -0.87051 0.66463
-0.86655 -0.50767 0.58369 1.6786 -0.074707 -1.1994 1.6395 0.8514 -1.1012 1.4235 1.1127 1.5112 -0.55558 1.855 -0.82448 -0.86115 -1.6939 -2.6238 -1.8163 -1.2559 -1.3617 1.3679 0.54273 -0.63559 0.55303 1.318 0.74899 0.73814 -0.2125 0.63759 -0.51858 0.1656 -0.76721 -1.2322 0.29244 -1.01 -1.3673 -1.4333 0.37234
0.46737 -1.0759 0.46183 0.40774 -0.52063 -1.3823 -1.0947 0.21526 -0.676 0.84066 1.4375 2.2917 0.10771 2.1621 -0.78128 -0.88625 -0.86831 -2.6278 -1.7198 -1.2908 -1.765 1.0157 0.069068 -1.31 0.036079 1.5957 -0.1686 0.44749 0.18764 1.4659 0.8804 0.64124 0.12456 -0.30882 -0.59817 -1.0731 -0.73693 -1.2927 0.15662
0.82426 -0.68429 -0.04197 0.19462 -1.9611 -1.5164 -0.77983 -0.36521 0.38439 -0.43066 0.46882 0.74929 0.32464 1.7729 -0.55099 -0.6743 -0.21666 -1.7806 -1.0353 -1.1195 -1.7014 0.61657 -0.96795 -1.5109 -0.88695 1.4335 -1.0666 0.60952 0.69393 1.3119 1.4886 1.0081 1.1358 0.54432 -1.1649 -0.54362 0.32583 -1.1871 -0.26351
1.1008 -0.71771 0.0088883 0.95712 -1.3825 -1.9829 -0.53023 -0.58584 -0.036219 0.37618 -0.03474 0.91182 0.65284 1.2959 -0.3206 -0.46584 -0.1132 -1.1815 -0.75084 -0.65059 -1.1078 0.08662 -0.89755 -0.85621 -1.001 1.3783 -1.5216 0.48682 1.2209 0.74505 1.7599 1.1289 1.3415 0.82775 -1.1248 0.70497 1.08 -0.25924 -0.64393
1.1714 -0.88088 -0.15268 1.1242 -1.5811 -2.1296 -0.5456 -0.67568 -0.55927 0.47936 -0.31856 0.56754 0.9124 0.41011 -0.14062 0.13166 0.42937 -0.6014 -0.35272 0.74643 -0.7143 -0.56948 -0.011918 -0.18639 -1.0641 0.97993 -1.375 0.4205 1.3716 -0.12797 1.1485 1.1875 0.86231 0.3183 -0.40274 1.3812 1.0119 0.48065 -0.80027
0.96983 -1.1236 -0.050983 0.7471 -1.7999 -2.069 -0.63943 -0.58019 -0.78365 -0.7602 0.10336 0.43267 1.1063 0.16402 -0.25676 0.82534 0.21882 0.028516 0.12042 0.52011 -0.77541 -0.71019 0.99227 0.31944 -0.32194 0.72689 -1.0338 0.49758 1.2099 -0.69062 0.50424 1.3913 -0.17664 -0.46653 0.59157 0.73247 0.45861 0.72824 -0.91306
0.91728 -0.95341 0.22958 0.92112 -1.5482 -1.9823 -0.064136 -0.47022 -0.44082 0.24345 0.51061 0.8435 1.2843 -0.082393 0.047073 1.0554 -0.6523 -0.26691 0.8239 0.057184 -1.2961 0.19046 0.8095 0.047005 -0.32611 0.39694 -0.57727 0.77942 0.50077 -1.0121 -0.0014503 1.4319 -1.1518 -0.78264 1.3517 -0.35721 -0.057676 0.8032 -0.79737
1.1589 -1.0012 0.49376 0.76688 -1.784 -1.7305 -0.027376 -0.97456 -1.1727 0.74356 0.96228 0.2963 1.2377 -0.27801 0.33143 1.1678 -0.92459 -0.41794 1.3496 -0.67257 -1.6498 0.93992 0.14668 -0.01241 -0.018885 0.11513 -0.5469 1.0047 -0.31402 -0.78003 -0.2908 1.027 -1.0875 -0.56968 1.3886 -1.5857 -0.42664 0.4614 -0.70694
1.1565 -0.9067 0.77529 0.7765 -1.6671 -1.5209 -0.22598 -1.5408 -0.53013 1.5508 0.14793 0.44361 1.2358 -0.38481 0.73495 0.82931 -0.96972 -0.37972 1.7999 -1.0217 -1.6756 1.4118 -0.26292 -0.16591 0.27198 -0.071497 -0.56288 0.92959 -0.81688 -0.38061 -0.028896 0.26711 -0.65197 0.021934 0.48742 -1.9762 -0.24799 0.40433 -0.59298
0.90985 -0.66527 0.83302 -0.027648 -1.8393 -0.94994 -0.83557 -2.1668 0.59661 0.91265 -0.56202 0.4076 1.1719 -0.64721 0.90767 0.39781 -1.1467 -0.45011 1.6171 -1.1733 -1.6031 1.562 -1.5452 -0.50991 0.24435 -0.24198 -0.38613 0.9288 -1.0437 -0.24807 0.2135 -0.39102 0.34027 0.59168 -0.77488 -1.615 0.27419 0.19315 -0.56961
0.65707 -0.64717 0.87467 -0.020365 -2.3033 -0.47749 -1.7275 -2.1772 0.86634 -0.75475 0.19595 0.6931 1.111 -0.88837 1.1544 0.02994 -1.297 -0.30298 1.206 -1.0329 -1.2782 0.89717 -2.1812 -0.25736 0.30372 -0.43325 0.032626 0.81987 -0.99381 0.04027 0.61506 -1.0106 0.99945 1.0473 -1.7528 -0.73583 0.64347 -0.094382 -0.59003
0.56792 -0.20544 0.67996 -0.15241 -1.9955 0.07663 -1.3351 -2.0067 1.2004 -0.72104 0.4613 1.0469 1.1042 -0.70545 1.516 -0.23529 -1.2617 -0.06156 0.89029 0.025505 -0.78777 -0.39746 -2.0252 0.59878 0.34224 -0.67287 0.54208 0.65847 -0.80814 0.24587 1.0736 -1.1517 0.99663 1.6164 -2.1782 0.66495 0.4168 -0.15382 -0.53966
0.3677 -0.045283 0.67776 -0.31697 -2.0427 -0.47371 -1.0729 -2.4033 1.3162 -1.3579 -0.22601 0.75633 0.94115 -0.29722 1.6613 -0.57058 -0.85816 0.5611 0.20954 0.42189 -0.20729 -1.227 -1.4363 0.63624 0.076583 -0.85976 0.81202 0.17131 -0.47003 0.36856 1.1322 -0.95479 0.413 1.9096 -1.821 1.3175 -0.2111 -0.14954 -0.38906
0.27359 0.21192 0.64519 -0.85459 -2.057 -0.49202 -1.3929 -2.7104 -0.39111 -1.4959 0.32585 0.48857 0.60813 0.013159 1.6421 -0.69721 -0.91644 1.0983 -0.11131 0.13654 0.75578 -1.8749 -0.59457 -0.08578 0.10326 -0.94653 0.7125 -0.427 -0.022795 0.43777 1.0342 -0.34665 -0.57619 2.005 -0.93544 1.639 -0.54241 -0.13125 -0.18327
0.46687 0.85737 0.59054 -0.90069 -1.738 -0.14943 -0.025067 -2.4912 -0.90592 -1.0281 0.88095 1.0586 0.35009 0.18379 1.3467 -0.5495 -0.78383 1.2057 -0.13925 -0.24696 1.3689 -2.1238 -0.29862 -0.38917 0.17635 -0.95737 0.25588 -0.94548 0.57412 0.54128 0.58604 0.14362 -0.66103 1.7696 -0.0037023 1.5422 -0.24941 -0.11229 0.030593
0.62714 0.98673 0.13885 -0.79414 -1.1737 -0.59664 -1.1007 -2.0821 -0.56081 -1.7574 0.28638 0.51447 0.16009 0.31021 1.0289 -0.2826 -0.47994 1.524 0.39416 -0.82528 2.0139 -1.8761 0.63184 -0.072318 0.07879 -0.93405 -0.4869 -1.278 1.0731 0.75105 -0.11565 0.12808 -0.23937 0.82304 0.8825 1.2587 0.013781 -0.49799 0.16416
0.61115 1.0189 0.17308 -1.0923 -0.93762 -0.36486 -1.9605 -0.7498 -1.6387 -1.4618 -0.25454 1.1645 0.082977 0.0060187 0.54384 0.21788 -0.058328 1.4299 0.23394 -0.45624 2.3322 -1.2251 0.98731 0.07335 -0.090227 -0.81126 -1.1484 -1.1635 1.0125 0.81035 -0.48202 0.20066 0.68807 -0.35915 1.3283 1.1506 0.19784 -0.80902 0.21596
0.60808 1.0912 0.32267 -1.1068 -0.81309 -0.24236 -1.3451 -0.88389 -1.7885 -1.2119 -0.31731 1.128 -0.050038 -0.75469 0.1194 0.77799 0.14251 0.77413 -0.050801 -0.25393 1.7488 -0.48887 1.2453 -0.30941 -0.64466 -0.73706 -1.4573 -0.80432 0.40668 0.77058 -0.38089 0.023185 1.5047 -1.1538 1.5529 0.59719 0.31409 -0.96875 0.17425
0.63453 1.044 0.58299 -0.97887 -0.33682 0.16548 -2.1355 -0.62363 -1.9306 -0.035385 0.41033 0.46358 -0.36103 -1.3058 0.049641 0.67424 0.44074 0.69304 0.47062 0.87244 0.86069 -0.059292 1.6665 0.13127 -0.90934 -0.68499 -1.2947 -0.58718 -0.391 0.70862 -0.0050998 0.22103 1.3885 -1.0448 1.5456 0.37993 0.71953 -0.17899 0.096418
0.1825 0.96521 0.91556 -0.81906 -0.48334 -0.39113 -0.8328 -0.21287 -2.1638 -0.20261 0.96405 0.51516 -0.43711 -1.6001 0.064244 0.19534 0.72979 1.1913 0.32017 1.5886 0.68694 0.76373 1.4829 0.54965 -1.2499 -0.69745 -0.59847 -0.25134 -0.92724 0.48951 0.32989 0.1955 0.98975 -0.67508 1.2485 0.04051 0.74518 0.53221 0.15854
-0.53955 1.0612 1.1307 -0.67442 -0.98277 -0.57619 -0.66383 -0.67133 -0.84308 0.15557 -0.44218 0.02923 -0.54771 -1.851 -0.31383 -0.16449 0.98808 1.213 0.47522 1.4626 0.99548 1.3563 1.6348 1.1632 -0.088098 -0.66406 0.44509 -0.39067 -1.0899 -0.10672 -0.0038944 -0.17446 -0.20266 -0.43034 0.69302 -0.22035 0.29813 1.1691 0.37927
-0.70753 1.0809 0.33662 -0.37432 0.012265 0.47316 -0.37259 -0.82431 -1.0412 0.43537 0.22454 -0.31066 -0.63232 -1.5354 -0.079109 -0.40394 0.7873 1.1235 0.32432 1.4741 0.4754 1.3962 1.3644 0.74896 -0.061038 -0.47457 1.5446 -0.62641 -1.0262 -0.84328 -0.61922 -0.57627 -1.156 -0.78315 -0.40838 -0.63992 -0.11657 1.2935 0.74414
-0.87056 1.125 0.27291 -0.35775 0.91438 -0.0016505 0.11473 0.4522 -0.60497 0.58642 0.75346 -0.1916 -0.83292 -0.55307 -0.46844 -0.9088 0.18325 0.72087 0.13086 0.50976 0.19837 1.0677 1.3193 0.64834 0.64989 -0.14703 2.1415 -0.54057 -0.41265 -1.3655 -1.3514 -1.0414 -1.5486 -1.2684 -0.97693 -1.1905 -0.66036 0.7954 1.1053
-1.274 0.46693 0.45646 0.1288 0.41471 0.46905 -0.039806 0.37542 0.26598 1.6997 2.0246 1.6786 -0.97126 0.47288 -0.80269 -1.205 -0.51374 0.29681 -0.622 -0.30807 -0.31391 0.071814 0.41456 0.53549 0.76131 0.3157 1.9665 -0.41729 0.27972 -1.2921 -1.8413 -0.8827 -1.3764 -1.481 -0.96488 -1.5162 -0.75943 0.6124 1.2655
-0.92296 1.2185 0.53801 -0.28656 0.4937 0.0014162 0.058547 -0.53948 -0.22183 1.5061 0.79234 -0.34631 -0.8394 0.91843 -0.7672 -0.47511 -1.0121 -0.86415 -1.065 -0.82385 -0.87767 0.0056293 -0.1919 -0.16649 0.9741 0.82842 1.1932 0.20386 1.0409 -0.82495 -1.3644 -0.5775 -0.61438 -1.2853 -0.66223 -1.4651 -0.91756 -0.022809 1.116
-0.3211 0.273 -0.14857 -0.92318 -0.28452 -0.54209 -0.39673 -0.34089 -0.39187 1.3314 0.82539 1.4012 -0.41732 1.1942 -0.55952 -0.13426 -1.1246 -1.4776 -0.78443 -0.68376 -1.6347 -0.060662 -0.81791 -0.4923 0.91709 1.1986 0.20984 0.50944 1.3588 -0.26675 -0.41591 -0.0077347 0.035446 -0.52578 -0.27891 -0.68966 -0.46695 0.090556 0.56785
0.038216 0.21379 -0.51254 -1.2881 -0.11138 -1.1004 -1.2572 -1.2113 -1.165 0.14854 0.20077 0.45877 -0.06969 1.1893 -0.28581 0.35901 -1.122 -0.90635 -0.90465 -0.56586 -1.4391 -0.22764 -0.90251 -0.82516 0.55585 1.3174 -0.56671 0.85457 1.1589 0.30709 0.63855 0.27018 0.53482 0.18487 -0.23752 -0.35393 0.064311 -0.22874 -0.21383
-0.046188 0.45792 0.31468 -1.2731 -0.68384 -0.50032 -1.0121 -1.0241 -0.36829 0.43389 0.63162 1.2885 0.29819 0.70809 -0.27967 0.731 -0.99542 -0.44778 -0.71758 -0.36912 -0.97207 -0.37981 -0.55339 -0.15731 1.1607 1.0422 -0.94369 0.91484 0.61921 0.87325 0.90375 0.27577 0.66881 0.83031 0.012001 0.045966 0.34366 -0.25628 -0.84733
0.049963 0.5205 0.49855 -1.1652 -0.89876 -0.49726 -0.1878 -1.2803 0.053917 0.11127 0.86023 1.6276 0.41357 0.16414 0.37555 1.0996 -0.50918 -0.20067 -0.57663 0.1099 -0.87626 -0.31738 -0.99154 -0.21812 0.46127 0.54448 -0.80695 0.6551 -0.37224 1.2311 0.38529 0.33191 0.40054 0.5572 0.29309 -0.20787 0.13663 -0.61824 -1.1441
0.036882 0.38609 0.87366 -1.24 -0.21492 -0.95034 -0.8209 -1.4457 -0.40365 0.97404 0.35265 1.513 0.5372 0.045339 0.48311 0.56918 0.22583 -0.16311 -0.41585 0.34394 -0.42848 0.018019 -0.65957 -0.081552 0.5232 0.1425 -0.24915 0.28153 -1.2217 1.4689 -0.22971 0.44445 0.052698 0.36239 0.29557 -0.46175 -0.019169 -1.5221 -1.0166
0.05725 0.56665 0.64125 -1.9554 -0.1335 -1.3094 -0.76702 -1.4948 -1.4624 0.55792 0.54511 1.4989 0.40613 0.10017 0.31554 -0.20134 0.6128 -0.33721 -0.41442 -0.10645 -0.71193 0.189 -1.2315 -0.59226 -0.22554 -0.18143 0.22383 -0.48674 -1.6544 1.4582 -0.72269 0.4438 -0.30829 0.56341 0.12292 -0.5401 0.45824 -1.6117 -0.72564
-0.074992 0.69084 0.58891 -1.4369 -0.81249 -1.3664 -0.56869 -1.5564 -0.87453 -1.2691 0.22346 1.5585 0.25333 0.30216 0.17134 -0.72916 1.2465 -0.8019 0.059942 -0.15767 -0.40382 -0.012324 -1.3114 -0.033196 -1.2415 -0.32612 0.36493 -0.85889 -1.3601 1.1403 -0.48498 0.38553 -0.73721 0.85695 -0.041265 -0.57621 0.67985 -1.3244 -0.41477
0.137 0.85338 0.12807 -0.51531 -0.59767 -1.06 -0.66704 -1.5363 -0.21218 -0.29376 0.38833 1.3697 0.24246 0.43103 -0.20278 -1.1103 1.7629 -1.2126 0.042842 -0.27561 0.12152 -0.03884 -1.6967 0.71741 -1.565 -0.4562 0.39046 -0.79442 -0.85311 0.41188 0.48233 0.43442 -0.90368 1.3999 -0.07006 0.53775 0.7773 -0.47472 -0.15772
0.10947 0.66251 0.33357 -0.53093 -1.3242 -0.79145 -0.99638 -2.0703 0.48515 -1.2154 -0.23162 1.0119 0.15184 0.52379 -0.55154 -1.3264 1.8214 -0.61847 0.10025 -1.0866 0.69016 0.055512 -1.5286 0.69802 -1.1926 -0.42492 0.23832 -0.34956 -0.52049 -0.78144 1.3233 0.40596 -0.80709 1.2102 -0.12262 1.4352 0.35965 0.52552 -0.087923
0.49905 0.52591 -0.11126 0.1538 -1.5024 -0.58853 -0.42765 -1.5577 -0.91804 -0.98535 1.2101 -0.43875 0.086432 0.6782 -0.51989 -1.3758 1.0945 0.46146 0.40467 -1.4982 1.248 0.019061 -0.048363 0.6853 -1.0888 -0.39844 0.18859 0.39227 -0.30719 -1.5909 1.7669 0.61865 -0.17219 0.79322 -0.04864 1.9374 0.0011223 1.2919 -0.042986
0.42673 0.078002 -0.27111 0.27049 -1.3889 -1.5573 -1.467 -1.0089 -1.2459 -1.6892 1.4849 -0.096629 -0.10937 0.59941 -0.19806 -1.4941 0.053727 0.80201 0.66325 -1.2047 1.2004 -0.28606 0.69214 0.73137 -0.49755 -0.50238 0.054317 0.9182 0.14545 -1.7568 1.3012 0.59916 0.69441 0.1403 0.1802 1.4722 -0.42025 1.7916 -0.060659
0.50762 0.15241 -0.77207 0.0092899 -0.60647 -1.1648 -2.4533 -0.62113 -0.77987 -2.2417 0.81494 0.85835 -0.13229 0.72644 0.20801 -1.5552 -0.43766 1.3359 0.95669 -0.57404 1.2877 0.040257 1.0018 0.68124 0.46461 -0.48821 -0.1051 1.015 0.74424 -1.177 0.27837 0.49551 1.419 -0.26999 0.030541 0.71032 -0.58973 1.8711 -0.076519
0.7435 0.47433 -0.75235 -0.060736 0.052635 -0.28747 -2.2601 -0.29999 0.19336 0.082117 0.72589 0.12755 -0.19012 0.59635 0.46288 -0.98247 -0.8162 1.3444 0.9819 -0.13059 0.9233 0.42682 0.84637 -0.22207 1.3177 -0.48092 -0.33653 0.66484 1.5082 -0.2581 -0.60749 0.010181 1.6895 -0.16587 -0.063713 0.50474 -0.50401 0.98175 -0.079345
0.74716 0.76659 -1.254 -0.69594 -0.34694 0.042032 -1.5939 -0.89265 -0.68145 0.75792 1.3337 0.5554 -0.44069 0.49558 0.67356 -0.34156 -0.75857 0.70462 1.2027 0.86747 0.90538 -0.2652 1.2862 -0.12314 1.4352 -0.53711 -0.7838 0.071244 1.5855 0.38923 -1.2929 -0.87299 1.2417 -0.17893 -0.20561 0.19436 -0.26316 -0.016472 -0.076806
1.0928 0.71697 -1.1651 -0.67042 -0.12071 0.16924 -1.1215 -0.45928 0.010807 -0.79963 1.2897 1.2065 -0.42609 0.123 0.56655 0.51068 -0.30582 -0.0012468 0.55947 1.5314 1.0967 -0.25622 1.56 0.032034 0.82977 -0.61068 -0.92494 -0.46987 1.0123 0.60733 -1.0499 -1.4063 0.48 -0.14456 -0.036309 -0.15375 -0.0049415 -0.98704 0.15324
1.0056 0.67139 -0.88807 -0.49436 0.035662 -0.28952 -1.2131 -0.18881 -0.70047 -0.74649 0.69389 1.4134 -0.54159 -0.41665 0.26098 0.44342 0.032668 -0.3739 -0.51999 1.1344 0.88275 -0.034774 1.0487 -0.031414 0.70393 -0.55175 -0.64732 -0.83135 -0.036946 0.32134 -0.35042 -1.3069 -0.20407 -0.64764 0.4019 -0.47693 -0.21303 -1.2016 0.56404
0.8353 0.78209 -0.59649 -0.59533 -0.47193 -0.020585 -0.92009 0.36904 -1.8058 0.39192 1.1041 2.0262 -0.80993 -0.57593 -0.039686 0.37883 -0.066666 -0.050819 -0.87553 0.7147 0.67789 0.24544 0.68878 -0.30041 -0.088216 -0.20968 0.090228 -0.94181 -1.1642 -0.18233 0.17428 -0.4775 -0.40167 -1.2409 0.32813 -1.014 -0.44773 -1.024 0.99235
0.57596 0.92972 -0.21763 -0.27614 -0.40202 -0.18376 -0.37526 0.65043 0.012931 1.4301 0.8159 0.96125 -0.88173 -0.29427 -0.27572 -0.3369 -0.28325 0.084466 -0.6064 0.85305 -0.042137 0.3247 0.81414 -0.43514 -0.26788 0.2269 0.88675 -0.85815 -1.7251 -0.42483 0.50185 0.21606 -0.17737 -1.4533 0.06833 -1.4724 -0.79772 -0.81113 1.2156
0.23028 0.78009 -0.9567 -0.31959 -0.50024 -1.0795 -0.84574 -0.031933 0.31957 1.5067 1.0447 0.98944 -0.84894 0.22176 -0.58361 -1.1103 -0.52208 0.092008 -0.32077 0.84446 -0.65936 0.25211 -0.27947 -0.74709 -0.52313 0.69497 1.2822 -0.73512 -1.7399 -0.39939 0.55018 0.39319 -0.19868 -1.0701 -0.31823 -1.933 -0.86403 -0.010014 1.0833
0.47804 0.56834 -1.0404 -1.1387 -0.057397 -0.8432 -0.61327 -0.24753 -0.47096 -0.014601 0.8249 0.68922 -0.45582 0.74762 -0.75976 -1.7935 -0.58043 0.48107 -0.38021 0.70142 -1.0472 0.11228 -1.3195 -1.5388 -0.52989 1.0716 1.0635 -0.51017 -0.84388 -0.20663 0.59959 0.32086 -0.35141 -0.030911 -0.46741 -1.6865 -0.5401 -0.16213 0.73761
1.1436 0.31883 -1.4765 -0.86603 0.0915 -0.27897 0.17784 -0.35298 -0.0068448 0.10286 0.31859 1.5178 -0.025102 1.1628 -0.90537 -1.9 -0.70994 0.76637 -0.2291 0.37877 -0.73247 -0.29798 -1.9966 -1.6213 0.049929 1.2181 0.4334 -0.30886 0.33973 0.14816 0.43396 0.49499 -0.36582 0.70511 -0.075638 -0.11766 0.36844 -0.68549 0.30208
1.2183 0.11474 -1.7587 -0.99756 -0.30016 -0.52419 -0.1591 -0.56871 -1.0684 -0.67798 -0.31903 0.8209 0.15568 1.1098 -0.88429 -1.3992 -0.61029 0.85388 -0.032496 0.36121 -0.058951 -0.35862 -1.5979 -1.1769 -0.82418 1.2259 -0.37501 -0.22465 1.3362 0.29673 0.22475 0.78387 -0.23795 0.79175 0.49406 1.2327 1.1467 -1.2495 -0.021987
1.3934 0.19659 -2.186 -1.0104 0.13686 -0.80034 0.011471 -0.55924 -0.64065 -0.59222 -1.0296 0.90815 0.32437 0.80517 -0.9881 -0.71714 -0.24547 0.70682 0.4617 0.26036 0.11016 0.33999 -0.34608 -0.16071 -1.5985 1.1356 -1.0435 -0.21535 1.6587 0.31185 0.23213 0.9816 -0.075843 0.34872 1.0535 1.9338 1.1803 -1.4746 -0.11766
1.5593 -0.057833 -2.1139 -1.1783 0.65556 -0.92851 -0.33491 -0.18113 0.20596 -1.2731 -0.71902 1.0833 0.51994 0.26681 -1.0585 -0.070849 -0.26513 0.92633 0.7891 0.26841 -0.049835 0.82475 0.2875 0.16532 -1.955 1.0779 -1.371 -0.50519 1.2217 0.30519 0.019322 0.89157 -0.11215 -0.10167 0.79025 1.4408 0.59677 -0.9866 -0.098668
1.3404 -0.25398 -2.1837 -1.378 0.57251 -0.92701 -0.2482 -0.10375 -0.71181 -0.88295 0.12189 -0.68778 0.78691 -0.25296 -1.1444 0.30768 -0.3059 1.1592 1.257 0.26509 -0.11109 1.2996 0.86256 0.21397 -2.0438 1.094 -1.3199 -0.48738 0.54571 0.49985 -0.14928 0.44837 0.0052353 -0.014373 0.064272 0.69346 -0.30423 -0.37158 -0.1119
1.6231 -0.65933 -1.5729 -1.2011 0.59466 0.58594 0.2527 -0.33942 0.45462 0.09097 0.73993 -1.0777 1.1074 -0.77534 -1.5681 0.20446 -0.016258 0.66441 1.2927 0.12438 -0.12831 0.80604 0.63647 -0.10775 -2.3723 1.0809 -0.89025 -0.2719 0.052185 1.0064 -0.32385 -0.02037 0.032746 0.496 -0.14649 -0.12544 -0.63611 0.54854 -0.23773
1.3547 -0.80058 -1.722 -1.1078 1.0469 0.50859 0.52952 -0.73782 1.0419 0.30893 -0.46225 -0.53961 1.2992 -0.99789 -1.4685 0.091832 0.56846 0.56368 1.0761 0.33841 0.12562 0.49133 0.85818 -0.69777 -2.041 0.94581 -0.50348 0.029337 -0.11209 1.1173 -0.33082 -0.6322 0.01684 1.1893 -0.39317 -1.2019 -0.58754 1.0931 -0.42047
0.79141 -0.95024 -1.7826 -1.4998 1.2412 0.47423 -0.1674 -0.58561 0.90366 0.13344 -0.77636 -1.5243 1.4544 -0.92799 -1.3076 0.13 1.2107 0.62815 0.83973 0.29415 0.72128 0.93467 0.068665 -0.76332 -0.93243 0.74915 -0.11018 0.37815 0.049455 0.76749 -0.32659 -0.78422 0.074012 1.6946 -0.58529 -1.8782 0.073503 1.3972 -0.58366
0.56994 -1.67 -2.255 -0.9298 0.80123 0.22982 -0.11156 -0.29749 0.30529 -0.54983 -1.0391 -2.0835 1.6495 -1.0626 -1.2328 0.15367 1.2071 0.56855 0.26103 0.21002 1.5943 0.43055 -1.1775 -0.7387 -0.74828 0.54536 0.2718 0.53901 0.32564 0.34645 -0.43131 -0.6025 0.3899 1.6458 -0.73625 -2.1224 0.8866 1.4034 -0.66239
0.63645 -1.4928 -1.8652 -0.349 1.3142 0.36905 0.39549 0.26094 0.62078 0.34808 -0.87357 -1.8625 1.6833 -0.9361 -1.1196 0.26174 1.1178 0.060961 0.18395 0.33553 2.1716 -0.3659 -1.9908 0.048277 -0.44974 0.28832 0.41712 0.81052 0.58038 -0.26597 -0.57577 -0.44401 0.72277 0.84762 -0.8875 -1.4287 1.4494 1.0226 -0.6825
0.66639 -1.6136 -1.6207 0.20068 1.3205 0.89225 0.4621 0.63591 1.7264 -0.62012 -0.1765 -1.4818 1.7549 -0.51404 -0.75431 0.5919 1.2581 0.053196 0.23892 1.1119 2.3473 -0.37313 -2.2341 0.77373 0.2979 0.049116 0.41078 0.97358 0.45214 -0.83683 -0.99208 -0.43592 0.5831 -0.48019 -1.0196 -0.52678 1.7666 0.47229 -0.61215
0.30864 -2.0156 -1.3857 -0.25755 1.4235 0.84569 0.53139 1.2966 1.1897 -1.9113 -0.93479 -1.8044 1.7966 -0.46645 -0.33047 0.91747 0.64998 -0.17458 -0.0079129 1.3194 1.8634 -0.49126 -2.1701 1.5634 0.43149 -0.16414 0.37876 1.2455 0.39376 -1.183 -1.2895 -0.77128 0.083917 -1.6884 -1.2178 0.58815 1.2246 0.093403 -0.52157
0.037086 -1.9977 -1.8034 -0.27708 0.84946 0.37391 0.54806 1.5537 -0.43125 -2.6156 -0.57156 -1.4304 1.6015 -0.57276 -0.16579 0.61058 -0.19259 -1.1416 -0.4861 0.90808 0.89105 -1.6079 -2.0929 2.2661 -0.30374 -0.26983 0.63657 1.5441 0.35641 -1.028 -1.4028 -0.72957 -0.7468 -2.6068 -0.99878 1.9132 0.30925 -0.162 -0.54803
0.37509 -1.8309 -1.3373 0.32766 1.2555 0.65767 1.5959 2.004 0.37896 -2.5742 0.46994 -1.3768 1.5454 -0.23851 0.45662 0.93618 -0.45658 -1.718 -0.94485 0.60467 -0.11944 -2.2598 -0.88845 1.9035 0.046488 -0.43916 0.48654 1.9437 1.1448 -0.30443 -0.63339 -0.037902 -1.3595 -2.9465 0.010161 2.9408 -1.0868 -0.23423 -0.83931
0.15502 -1.8763 -1.1353 -0.043666 0.65922 0.17884 1.7282 1.5457 0.076941 -2.6357 1.3292 -1.5578 1.4713 0.49438 1.1716 1.2017 -0.18998 -1.7603 -0.7033 -0.065529 -1.3238 -1.5469 0.88658 1.2442 0.22087 -0.74545 -0.56867 1.7112 1.8765 0.26267 0.67836 1.0275 -1.2569 -2.4277 1.0777 2.7527 -2.4559 -0.031158 -1.0986
-0.026701 -1.6617 -1.2698 -0.74819 -0.31491 -0.034038 1.0321 1.0062 -1.7902 -2.6193 2.2056 -2.5424 1.4277 -0.14193 1.9212 2.6049 0.039518 -1.0319 0.026959 -0.98387 -2.2996 -0.49176 2.1091 -0.27563 -0.23184 -1.3552 -1.8373 0.90446 1.6938 0.32007 1.6584 1.1489 -0.84009 -1.4293 1.8296 1.9206 -2.445 0.21776 -0.96694
0.44406 -1.1244 -0.48102 -0.4011 -0.64868 -0.27064 0.95578 0.62863 -1.7972 -2.0657 0.91535 -0.84241 1.184 -1.6218 1.6727 3.0248 0.041356 -0.23288 1.0135 -0.87752 -2.361 -0.25261 1.8099 -1.9271 -0.19592 -1.683 -2.508 -0.19863 0.84888 0.094947 1.943 0.38875 0.043195 -0.36682 2.2793 0.51376 -1.5251 1.1057 -0.38135
1.0262 -0.68464 -0.43861 -0.17847 -0.3239 0.15124 0.31068 -0.092407 -0.81157 -0.34397 -0.016896 -1.3579 0.65374 -2.4161 1.5637 2.9572 0.020209 0.57709 0.41701 -0.71524 -2.1565 0.88846 2.4258 -1.7702 0.67668 -1.6169 -1.8884 -1.1948 -0.77548 -0.19515 1.4408 -0.78533 1.0864 0.62646 2.0964 -0.53856 0.60542 1.3979 0.52311
-0.73366 0.2193 1.4049 0.23809 0.41517 0.89636 -0.33487 -0.81104 -0.12281 0.27347 -0.69055 -2.1273 -0.36358 -2.7856 1.0493 2.4966 -0.021035 1.0187 -0.14736 -0.11603 -2.0498 2.4891 1.7559 -1.2974 1.8048 -1.2624 -0.4584 -1.3939 -1.9212 -0.36753 0.61677 -1.4812 1.2841 1.2443 1.3707 -1.1571 2.1222 0.90985 1.2711
-2.171 -0.74029 1.3684 0.011891 0.97525 2.0301 1.43 -0.23545 -0.35179 -1.3542 -1.3593 -1.7667 -0.27098 -2.8856 0.43396 1.5302 -0.32818 0.99969 -0.91105 0.85649 -1.3323 2.485 1.108 0.68447 1.3379 -0.67074 1.2585 -1.385 -2.6467 -0.10118 -0.16965 -1.0243 1.0706 1.6026 -0.47878 -1.9293 2.2636 -0.060043 1.629
-2.1775 -0.30856 1.0487 -0.74025 0.49597 -0.80896 0.4401 -0.96098 0.75273 0.99261 0.64138 -0.29491 -0.048595 -2.1936 0.13927 0.41769 -0.51501 0.69407 -1.186 0.96276 -0.54465 1.7948 0.23239 1.3696 1.1552 0.014318 2.3801 -0.77412 -2.1849 0.22559 -0.87628 -0.3324 0.23871 1.6541 -2.0658 -1.2507 1.3883 -1.0549 1.2511
-2.004 -0.42336 0.96579 -0.63797 0.35691 -0.59818 0.7636 -1.5115 2.3797 -0.52037 0.19092 0.81267 0.084237 -0.494 -0.066086 -0.57891 0.049123 0.42777 -1.044 0.93417 -0.039556 0.2537 -0.55732 1.7232 0.91757 0.52555 2.5474 -0.22888 -0.91137 0.84432 -1.3104 0.86556 -0.27438 1.6985 -2.7767 -1.0036 -0.15363 -1.2701 0.45652
-2.0174 -0.39514 1.0616 -0.38427 0.70326 -0.95267 2.1265 -0.72873 1.7968 0.21053 1.6901 -0.24017 0.14473 0.21243 0.13299 -0.22565 0.20098 -0.30976 -0.72384 0.32952 0.26557 -0.6617 0.16939 1.1353 0.1199 0.27574 1.6515 0.21443 0.33478 1.4539 -1.1611 1.1232 -0.47473 1.5908 -2.9653 -0.61293 -1.0094 -1.1399 -0.49777
-1.9454 -0.14937 0.5607 -0.50515 0.95789 -0.013342 0.83819 -0.67917 1.3599 -0.077485 0.62003 -1.1773 0.22502 0.39988 0.090614 0.27801 0.91498 -0.91329 0.53048 0.60625 1.3038 -2.0243 -0.79693 0.45059 -0.4312 -0.020307 0.54878 0.37484 0.69328 1.3907 -0.55716 0.85614 -0.87608 1.2253 -1.6561 -0.22566 -1.5695 -0.28233 -1.2201
-1.7838 -0.26029 1.031 0.54034 1.1331 0.30341 1.3859 -0.65458 -0.93807 -1.5243 1.0953 -0.7101 0.27175 0.26981 0.38104 0.57099 1.8262 -0.77505 0.19742 0.14938 1.6321 -3.1941 -0.82117 -0.17827 -0.22024 -0.55911 0.26891 0.52233 0.018582 1.377 0.47626 0.24754 -1.195 0.64085 -0.098183 -0.038298 -1.3076 0.738 -1.4334
-2.0835 -0.6431 1.1546 -0.53144 -0.23791 -0.30024 1.4381 -0.23825 -0.40129 0.54223 0.46285 -0.57646 0.0094053 0.44505 0.37121 0.22466 1.8889 -0.3657 0.14975 -0.7754 1.4717 -1.8986 -0.47885 -1.0039 0.59905 -1.1353 0.34691 0.89727 -0.91253 0.41923 1.0929 -0.13491 -1.7106 -0.13989 1.6407 0.97516 -1.1277 1.0855 -1.3463
-1.5102 -0.057671 1.3529 0.54443 -0.95461 -0.43305 1.4614 0.48466 -1.2589 -0.86366 1.5434 -0.052405 -0.080342 0.66457 0.77578 -0.16418 2.34 0.29564 -0.055468 -1.4328 1.3303 -0.91877 -0.040432 -0.96033 0.97367 -1.6088 0.68433 0.85217 -1.511 -0.73743 1.4795 0.57724 -1.1519 -0.55439 2.1399 1.1622 -0.52091 0.6959 -0.67558
-1.8278 0.15461 1.4474 2.0864 0.41245 -0.48956 1.3056 0.43379 -2.5728 -1.7894 -0.043753 0.064368 -0.78906 0.81462 1.2401 -0.93025 1.4413 0.56742 0.39568 -2.1121 1.2063 0.24259 0.74174 -1.5959 0.97338 -1.789 1.0198 -0.15551 -1.8958 -2.3583 0.95382 0.91777 0.098305 -0.75419 1.6074 1.2849 0.41203 0.3069 0.67708
-1.417 -0.04351 0.70026 1.3365 1.0713 -0.12102 0.21484 0.76632 0.049127 0.094144 -0.068937 -0.089059 -1.2863 1.2916 1.2256 -1.4626 0.60768 1.4873 1.1898 -1.5471 0.77472 0.17286 0.86295 -1.0201 0.88483 -1.3819 1.5605 -1.3941 -2.0836 -3.6395 -0.41368 0.68405 1.247 -0.93859 1.0001 0.89381 1.2736 0.24314 2.1395
-1.1273 0.74328 0.41814 2.3685 1.3134 0.21087 -1.2437 0.51576 -0.70618 -0.46747 -0.39913 0.13437 -1.6225 1.9291 -0.089881 -2.4027 -1.8058 0.79813 1.3007 -0.52155 0.40186 0.89112 1.6035 -0.11336 1.2275 -0.091467 1.8077 -2.1155 -1.6476 -3.1225 -1.5484 -0.12306 2.0705 -1.1817 -0.06381 -0.071821 1.6724 0.13376 2.9583
-1.0461 0.8957 0.28695 0.97204 0.45713 0.59538 -0.6937 0.89529 -0.52349 0.43483 -1.0402 0.767 -1.7438 2.8574 -0.65785 -3.0294 -3.0626 -0.58129 0.8138 0.32204 0.054973 0.83567 1.2988 1.0047 1.3146 1.1938 1.3783 -2.1234 -0.97273 -1.8808 -2.0217 -0.7128 1.8153 -1.0974 -0.36118 -0.72757 1.4505 -0.62503 2.7236
-0.39925 0.58568 -0.069235 0.18987 1.2549 1.0285 0.58636 0.84208 -1.0333 1.1036 0.21891 0.61753 -1.3114 3.2172 -1.0015 -2.9942 -2.7549 -1.252 0.34533 1.1908 -0.5464 -0.2119 0.40755 0.95225 1.0274 1.9711 0.4466 -1.1296 0.026308 0.47323 -1.0417 -0.65316 0.86018 -1.0817 -0.73078 -1.2294 0.77657 -1.7549 1.472
0.73827 -0.81271 -1.2325 -1.3949 0.14859 0.77501 1.1831 0.88996 0.10487 0.56527 1.4382 1.7351 0.24167 3.0766 -1.5138 -2.8469 -2.56 -1.2138 0.28915 1.3114 -0.71288 -0.014144 0.063637 1.5323 -0.12756 2.2344 -0.83745 -0.22305 1.0598 1.9172 0.10573 -0.10684 -0.45112 -0.68491 -0.32496 -0.95889 -0.47402 -2.2245 -0.071033
1.4149 -0.39103 -1.807 -0.99613 -0.042996 0.17294 0.69839 0.34821 -0.43442 0.18414 0.74951 1.3011 0.42858 2.6072 -1.3627 -2.4458 -1.17 -0.80502 0.29999 0.74144 -1.1479 -0.1874 -0.15644 1.2644 -1.2208 1.9012 -1.9539 0.69769 1.8926 2.2152 0.95052 0.31063 -1.4477 -0.12535 0.2684 -0.15959 -1.4224 -2.1974 -1.3088
1.8349 -0.40739 -1.9606 -0.69691 -0.25164 0.48527 0.70283 -0.080543 -0.78177 0.49796 0.23724 0.85603 0.54785 1.6881 -0.81493 -1.4676 -0.18964 -0.60872 0.6295 -0.38224 -0.86791 0.15985 -0.26841 -0.18865 -1.5856 1.1101 -2.4947 0.92045 2.2673 1.7283 1.2658 0.42685 -1.3762 0.24328 0.89693 0.35609 -1.9097 -1.3353 -1.6146
1.6469 -0.61478 -1.9269 -0.83165 -0.040854 1.1035 0.44059 0.075509 -0.70067 -0.065965 1.6419 -0.3923 0.64901 0.47047 -0.30413 -0.40734 0.29884 0.19905 0.77511 -0.93322 -0.69125 0.26555 0.28584 -1.2561 -2.2186 0.30374 -2.4041 0.43459 1.9181 0.72775 1.3005 0.13659 -0.69418 0.83601 1.4034 0.50784 -1.5524 -0.43301 -1.1734
1.7159 -0.73698 -2.033 -0.73884 -0.049339 1.1966 1.0615 -0.29666 -0.83134 0.8976 0.93998 -0.66931 0.57348 -0.24866 -0.66139 0.058481 0.0076569 0.61901 0.8762 -0.67549 -0.50394 1.6246 0.56218 -1.3201 -2.0341 0.28201 -1.6472 -0.211 1.1328 0.15418 1.1955 -0.40599 -0.025996 1.0638 1.1461 0.36288 -1.0732 0.44237 -0.39759
1.7813 -0.7657 -1.7808 -0.66394 0.24533 1.619 -0.02512 0.19383 0.1289 0.38361 -0.15225 -0.33922 0.56997 -0.65851 -0.78833 0.11177 0.10823 0.97996 0.4402 -0.53889 0.16801 1.9936 0.44439 -1.5172 -1.7595 0.31656 -0.76084 -0.44474 0.44724 0.19793 0.75036 -0.57156 0.19739 1.4499 0.45723 -0.48924 -0.49676 1.1186 0.16209
1.3475 -0.96843 -1.8681 -1.0683 0.2415 1.0326 -0.34881 -0.15216 0.4481 0.91726 -0.75638 -1.0396 0.73463 -0.6482 -0.89244 0.23497 0.17893 1.2061 0.011743 -0.63736 0.60803 1.6768 0.38525 -2.3789 -0.98444 0.42823 -0.18042 -0.13605 0.19087 0.405 0.44325 -0.64645 0.35391 1.5986 -0.94877 -1.0372 0.021686 1.3305 0.093627
1.271 -1.0836 -1.8377 -0.80426 0.66182 1.2873 0.18218 -0.52857 2.4236 0.97125 -0.6807 -1.4645 0.88358 -0.66908 -0.85967 0.2807 0.57065 1.2901 0.10208 -0.55256 1.3491 1.1947 -0.55742 -1.8127 -0.68166 0.50965 0.27741 0.17954 0.43138 0.38958 -0.1608 -0.46907 0.35809 1.3761 -1.5326 -1.3707 0.62984 1.8342 -0.16052
1.0788 -1.3483 -1.9128 -0.42074 0.97923 1.2388 0.24941 0.57999 1.5465 0.76141 -0.73771 -1.774 0.95863 -0.5602 -0.83261 0.30684 0.53232 1.2823 -0.20475 0.051762 1.7681 0.069502 -0.93919 -1.1478 -0.1256 0.34771 0.45798 0.66774 0.74731 0.29913 -1.2275 -0.76423 0.21446 0.76141 -1.5211 -1.2456 0.84761 1.8391 -0.48224
1.1299 -1.6072 -1.6349 -0.6827 1.3489 1.192 -0.3824 0.81781 1.0286 0.66237 -1.8924 -1.2156 1.1274 -0.21281 -0.55059 0.82468 0.65772 0.6465 -0.3587 -0.15447 2.0524 -0.36554 -1.5471 -0.8055 1.1756 0.085623 0.55401 1.1291 0.81658 0.16335 -2.1212 -1.2175 0.1862 -0.40066 -0.67754 -0.4133 0.5275 1.7584 -0.65802
1.092 -1.5001 -1.6914 0.090339 1.3386 1.5906 -0.023217 1.4427 1.1285 -0.44387 -1.5917 -1.176 1.1265 -0.068543 -0.045235 1.2583 0.68755 -0.73411 -1.2355 -0.40169 1.6208 -0.68204 -1.5293 -1.0888 1.4603 -0.17964 0.50073 1.3344 0.426 0.23263 -2.5155 -1.2659 0.25078 -1.2364 0.14151 0.30106 0.54833 0.79764 -0.61453
1.0384 -1.6419 -1.5017 -0.51465 1.6401 0.87288 0.046776 1.8239 0.37345 -0.64017 -1.5342 -0.56682 0.9094 0.062053 0.44207 1.2201 0.78394 -1.6114 -1.7364 0.050971 0.70772 0.17723 -1.0457 -0.73419 1.752 -0.34634 0.2625 0.9483 -0.17995 0.0058971 -1.9769 -0.99163 0.58083 -1.6144 0.050576 1.1268 0.55746 -0.62254 -0.33483
1.1358 -1.476 -0.89895 -0.23955 0.6493 0.49277 -0.4847 1.6381 1.1463 -0.95697 -1.5542 0.50151 0.82977 0.18547 0.67519 0.84867 0.89342 -2.2255 -1.9633 0.45817 0.22999 0.099946 -0.5777 -0.030745 1.0637 -0.48181 0.11088 0.38011 -0.73845 -0.030968 -0.69214 -0.23453 0.81645 -1.2897 -0.23261 1.3101 0.59189 -1.4412 0.02167
1.1495 -1.0664 -0.61917 0.26581 -0.58791 -0.47656 -0.28934 1.3117 1.3435 -0.76085 -2.4793 -0.29564 0.69061 0.12362 0.51282 0.72089 0.54273 -2.2515 -1.912 0.60094 -0.13909 -0.6429 0.2024 -0.16226 0.26595 -0.33176 -0.046533 -0.20246 -1.1616 -0.21848 0.52218 0.47474 0.53951 -0.50962 -0.7374 0.86709 0.45089 -1.7503 0.21737
1.1619 -0.97581 -0.97446 0.4805 -0.49432 -0.60372 0.44035 1.4483 1.8215 -0.3836 -1.8664 0.53279 0.6705 0.097007 0.48864 0.23322 0.72517 -1.689 -1.6015 0.99142 -0.26164 -0.74442 0.43001 -0.12873 -0.39494 -0.1474 -0.074047 -0.61635 -1.195 -0.57407 1.4819 1.0199 -0.14457 0.050065 -0.49607 -0.016077 0.33635 -0.96283 0.25833
1.3695 -1.0149 -1.103 0.42141 -0.81622 -0.64794 0.34466 1.4007 0.54918 -0.58907 -1.4812 -0.32778 0.5606 0.025312 0.22859 -0.47892 0.42429 -0.91577 -1.0001 0.88502 0.043575 -0.91771 0.16834 0.25876 -0.67975 -0.14025 0.044064 -0.52636 -0.85422 -0.60637 1.6131 1.1801 -0.83515 0.33309 -0.023423 -0.73283 0.39981 -0.25395 0.074803
1.0793 -1.2246 -0.82597 0.20761 -0.82053 -0.68509 0.68315 1.5498 -0.6854 -0.23153 -1.8756 -0.80671 0.76242 0.10518 -0.11181 -0.61587 -0.17532 -0.16003 -0.44838 0.015229 0.23019 -0.78032 -0.56805 0.45734 -0.1909 -0.13442 0.041118 -0.37792 -0.34207 -0.59325 1.2526 0.94692 -1.1554 0.30581 0.3458 -0.65693 0.31115 0.3624 -0.044313
1.1737 -1.0071 -1.0387 0.45124 -0.44192 -1.3488 1.0612 1.3975 0.14472 -0.25071 -1.9376 -0.45245 0.70927 0.19815 0.019248 -0.32955 -0.19713 -0.040755 -0.20792 -0.62674 0.21297 -0.66445 -0.70616 0.37925 -0.27301 -0.20811 0.069523 -0.19232 0.044645 -0.19708 0.73322 0.71356 -0.90542 -0.03705 0.71257 -0.077602 0.17493 0.54193 -0.031921
1.1948 -1.0509 -1.4219 0.49193 -1.0477 -0.8182 0.3228 1.6324 0.65177 -0.98396 -1.4147 -0.27945 0.51234 0.08402 0.022715 -0.43052 -0.12899 0.18399 -0.16773 -0.62463 0.20281 -0.14642 -0.39205 0.45565 0.086803 -0.18648 0.0025552 -0.20263 0.16926 0.29958 0.48917 0.74541 -0.066279 -0.3117 0.49869 0.86034 -0.21876 0.29213 0.10288
1.3779 -1.2104 -1.3077 -0.087088 -0.655 -0.96954 -0.42307 1.6062 0.45759 -1.704 -1.7296 -0.077383 0.48357 0.15937 -0.13018 -0.49171 -0.0014752 0.26519 0.23836 -0.6548 -0.0070924 0.24903 -0.047228 0.61243 0.19333 -0.16609 -0.10004 -0.35371 0.13535 0.46367 0.66846 1.0519 0.71964 -0.70935 0.42384 1.2174 -0.64485 0.27456 0.31086
1.4628 -0.8742 -1.1611 0.3494 -0.61684 -0.75694 -0.20148 1.6694 -0.086369 -0.91914 -1.1134 -0.33714 0.39788 0.13008 -0.34411 -0.23934 0.27988 0.59 0.76884 -0.11122 -0.21559 -0.19602 0.80723 -0.14975 0.13311 0.022603 -0.16292 -0.32873 0.18987 0.28978 0.80228 1.4235 1.0626 -1.0127 0.5751 0.97976 -0.83998 0.072674 0.38282
1.1943 -1.1457 -1.4681 0.25593 -0.55627 -1.062 0.15968 1.6191 -0.23803 -0.49577 -1.1633 -0.58119 0.51391 -0.00010268 -0.33154 -0.18835 0.46718 0.9898 1.3566 0.58629 -0.8452 0.24648 1.0964 -0.72128 0.22902 0.22007 -0.3152 -0.18612 -0.015172 -0.23429 0.91328 1.4688 0.71383 -0.90789 0.84667 0.21039 -0.56061 -0.17644 0.36788
1.2545 -1.4135 -1.3996 0.36876 -0.41308 -0.45943 0.12832 1.3854 0.47854 -0.19272 -1.2803 -0.30624 0.60582 -0.12225 -0.37324 -0.25111 0.17085 1.302 2.0242 0.92733 -1.1882 1.054 0.97418 -0.69871 0.22663 0.27589 -0.26372 -0.018787 -0.27394 -0.82566 0.63077 1.1284 -0.22449 -0.4457 0.69952 -0.79363 0.51741 -0.88483 0.19835
1.423 -1.3696 -1.382 0.91835 0.17741 -0.11033 0.76721 1.184 0.089819 0.56613 -2.5432 0.0096282 0.68164 -0.26873 -0.3978 -0.50943 -0.42116 1.5941 2.4493 0.28376 -1.1434 1.3852 0.30432 -0.33586 -0.14927 0.33724 -0.022128 0.10566 -0.28192 -1.0737 0.21956 0.29157 -0.96005 0.25596 -0.36487 -0.94444 1.2097 -1.29 0.038285
1.238 -1.3265 -1.5957 0.65798 0.14386 1.0752 0.60298 0.51862 1.3653 -0.36636 -2.2981 0.11829 0.74277 -0.19918 -0.34155 -0.55002 -0.88801 1.4519 2.4031 -0.42459 -0.86207 0.6913 -0.32309 0.74399 -1.2632 0.30486 0.21741 0.091632 -0.1392 -0.93553 -0.30843 -0.74811 -1.2624 0.60143 -1.6556 -0.69741 1.2964 -1.3009 -0.050885
1.2451 -1.466 -1.4467 -0.21419 0.9849 1.3277 0.71262 0.42046 1.9696 -0.31792 -1.9157 -0.11664 0.7389 0.0003806 -0.19082 -0.52392 -1.0927 1.3207 1.7303 -0.70943 -0.54832 -0.31831 -0.075944 1.1269 -1.3491 0.27345 0.425 0.12949 0.089521 -0.27926 -0.59147 -1.5475 -0.75835 0.60428 -2.3406 0.003703 0.71995 -0.57235 -0.10558
0.9759 -1.3628 -1.9104 -0.2197 1.1018 1.7832 -0.15758 0.73887 1.5279 -0.32161 -0.97568 -1.0708 0.86363 0.12719 -0.34126 -0.482 -1.3168 0.87113 0.93721 -1.1673 -0.40762 -1.5117 -0.17407 1.3251 -1.5163 0.22357 0.41234 0.16527 0.25048 0.37996 -0.75592 -1.5109 -0.14706 0.31253 -1.8954 0.2706 -0.12444 0.61141 -0.091553
1.1004 -1.7258 -1.9694 -0.61641 0.83342 1.5206 -0.49577 0.78473 0.15687 -0.81538 -0.098017 -2.5157 0.92089 0.31777 -0.20554 -0.38593 -0.76747 0.79515 0.19057 -0.90331 -0.28739 -2.3484 0.26108 0.89391 -1.0393 0.20039 0.35102 0.32174 0.60978 0.78829 -0.6143 -0.76631 0.61 0.028153 -0.4838 0.19918 -0.43746 1.6333 -0.065553
1.5615 -1.4885 -1.726 -0.33301 1.2566 1.4938 -0.21746 0.61437 -0.31527 0.54825 -1.1005 -0.88259 0.94242 0.36951 -0.087995 -0.18309 -0.34294 0.32214 0.2521 -0.63365 -0.43136 -2.2073 0.061054 0.57202 -0.27968 0.18782 0.03951 0.62238 0.70671 0.84619 -0.39853 0.15646 1.1045 -0.10019 1.1058 0.092273 -0.43624 2.3055 -0.024172
1.4784 -1.7529 -1.8788 -0.71539 1.0812 1.3136 -0.6519 0.28437 -1.7362 -0.25537 -1.2966 -1.5106 0.92651 0.49858 0.16402 0.38409 -0.086305 0.46379 0.59112 0.26885 -0.48413 -0.96279 0.21964 0.54443 1.0313 0.18209 -0.37904 0.47732 0.31787 0.38866 -0.66944 0.6203 0.86726 -0.2346 1.7956 -0.40018 0.034004 1.5346 -0.037763
1.4382 -1.4427 -1.9782 -0.39125 1.4827 1.5275 -0.30143 0.14962 -1.1026 -0.13344 -0.88901 -1.0584 0.98464 0.10739 0.4075 0.35811 -0.052663 0.30318 1.0389 0.50478 -0.48658 0.093039 0.050936 0.54344 1.6709 0.19406 -0.53839 0.30817 -0.14887 -0.043415 -0.82135 0.335 0.38986 -0.12651 1.4876 -0.27178 0.21882 0.56361 -0.077744
1.4509 -1.5551 -1.7264 -0.70952 1.2285 2.0307 -0.4272 0.22365 -0.86087 -0.49855 -0.44376 -1.0003 1.0249 -0.21788 0.26213 -0.10403 -0.18818 -0.4285 0.9957 0.29966 -0.67762 0.22652 -0.4916 0.95914 0.8046 0.13543 -0.50875 -0.099337 -0.57591 -0.47911 -1.0802 -0.46088 -0.5689 -0.054428 0.31261 -0.32921 -0.13925 -0.73978 -0.12176
1.6455 -1.2189 -1.4041 -0.31033 1.605 2.5406 0.36525 0.41788 0.23169 0.16925 0.25884 0.030943 1.1376 -0.21969 0.32402 -0.1939 -0.39893 -0.74492 0.69688 0.14503 -0.55905 0.28575 -0.090236 0.8115 0.88509 0.081125 -0.059262 -0.2041 -0.44611 -0.36672 -0.666 -1.1352 -0.85936 0.16185 0.043841 -0.068632 -0.59989 -1.0187 -0.14888
1.2424 -1.2885 -1.6909 -0.74391 1.0971 2.5445 0.059363 0.081667 -0.21009 -0.37206 -0.21601 0.023989 1.1388 -0.23309 0.054073 -0.33348 -0.85843 -1.0027 -0.12919 -0.72155 -0.54335 -0.40321 -0.32888 0.09021 0.10283 0.033463 0.13884 -0.046664 -0.16687 -0.14169 -0.10011 -1.5184 -0.89282 0.29288 0.46099 0.22061 -1.1664 -0.951 -0.15499
1.2786 -1.4345 -2.2149 -0.6999 0.39758 2.2141 -0.31091 -0.53283 -1.1686 -0.53993 -0.29153 -0.66393 1.0158 0.011592 0.20231 -0.29619 -0.44655 -0.63651 -0.59347 -0.74999 -0.26215 0.50761 -0.14047 -0.32901 0.19256 -0.0063068 0.12327 0.20513 0.19399 0.42446 0.3541 -1.584 -0.5143 0.467 1.2033 0.27622 -1.0699 -1.0062 -0.14788
1.2801 -1.3048 -2.0443 -1.2435 0.4558 1.9945 -0.51807 -0.19609 -1.1585 -0.2226 -0.15697 -0.35096 1.0272 -0.087948 0.25049 -0.33889 -0.4604 -0.66614 -1.2946 -1.0868 -0.30005 1.0786 -0.011487 -0.99097 -0.55504 -0.082611 -0.0053854 0.64885 0.75142 0.92684 0.46237 -1.7098 0.043278 0.824 1.6598 0.21801 -0.72109 -0.62928 -0.17329
1.2771 -1.4499 -2.0237 -1.4933 0.53119 1.3983 -1.4813 -0.20857 -1.3355 -0.79377 -0.73947 -1.0433 1.0897 -0.074104 0.53193 0.14703 0.19536 -0.25922 -1.7827 -0.73077 0.15689 2.0441 0.31471 -0.96169 -0.59243 -0.11047 -0.26649 0.74855 1.2659 1.0577 -0.024978 -1.7884 0.35987 0.87889 0.79308 -0.40497 -0.020183 -0.49499 -0.2349
1.7079 -1.0583 -1.6655 -0.587 0.96597 1.8298 -0.52715 0.27737 1.7816 -0.21119 -0.48721 0.23473 1.0821 -0.19873 0.86261 0.74737 0.58055 -0.33773 -2.8399 -0.64718 0.72354 2.2725 -0.10655 -1.16 -0.62489 -0.20743 -0.4214 0.96113 1.9395 1.0857 -0.68551 -1.2067 0.76147 0.66685 -0.61446 -0.73524 1.2726 0.061286 -0.3865
1.1883 -0.94872 -2.0209 -1.0085 0.40094 0.8089 -1.0593 -0.34434 1.6074 0.12105 -1.4371 -1.0683 0.9893 -0.40147 1.0195 1.353 1.0447 -0.84565 -3.2781 -0.23717 0.80068 1.5609 -0.86004 -0.30963 -0.64826 -0.34195 -0.68729 0.85858 2.2181 0.54055 -1.1619 -0.36641 0.2306 -0.1336 -2.4297 -0.59615 2.2256 0.051767 -0.56393
1.0365 -0.80213 -1.7297 -0.41264 0.43013 0.12728 -0.92317 0.084453 1.9175 -0.13582 -1.3092 -1.0609 0.92219 -0.66562 1.4496 2.4157 1.1806 -1.6357 -2.8799 0.22186 0.57325 0.057499 -0.83641 1.3872 -0.39019 -0.62346 -0.62514 0.93149 2.0614 -0.12443 -0.67405 1.4117 -0.13958 -0.84981 -3.0767 0.13486 2.6092 0.49722 -0.64673
1.1326 -0.48741 -1.2785 -0.36475 -0.1817 -1.7655 -1.4967 0.61608 1.3047 -1.1341 -1.6582 -1.4058 0.71334 -1.0504 1.5271 3.1524 0.91203 -1.7513 -2.4714 -0.69751 -0.0050906 -1.8678 -0.46093 2.5104 -0.59017 -0.86166 -0.43809 1.0029 1.1655 -0.80651 0.37562 2.6744 -0.37661 -1.2833 -2.3713 0.97242 1.3352 0.97725 -0.69692
0.91318 -0.31833 -0.43416 -0.15224 -0.46913 -1.5836 -0.8604 0.74587 0.83815 -1.8836 0.079364 -0.94715 0.66187 -0.97452 2.0071 3.4161 0.38407 -1.1265 -0.51508 -0.70767 -0.39228 -2.3715 -0.018623 2.9973 0.27661 -1.048 -0.22561 0.62901 -0.49135 -1.0019 1.4428 3.1454 -0.10239 -1.2165 -0.72462 1.2115 -0.88269 1.3814 -0.59039
0.68374 0.34081 0.64031 0.15312 -1.3572 -0.96486 -0.66801 0.18325 -0.40123 -1.0721 1.7329 -0.90201 0.24057 -1.0178 2.2464 2.8715 -0.13225 -0.40656 0.7084 -0.54871 -1.0109 -2.1231 0.65476 1.7235 0.82276 -1.3157 0.036384 0.14787 -1.9246 -0.88747 1.8743 2.4846 0.78325 -0.44562 0.91286 0.80191 -2.6152 1.5211 -0.3911
0.28126 0.48905 1.0025 0.21025 -0.81528 -1.137 -2.2261 -0.29567 -0.92243 0.16815 1.9812 -1.0688 -0.020072 -1.0784 2.0335 1.7089 -0.2484 0.35314 1.6095 -0.067023 -1.0987 -1.3055 0.99643 -0.13211 1.4436 -1.4008 0.076181 -0.7766 -2.7597 -0.27665 1.7164 0.59682 1.1303 0.46939 1.8127 -0.0032591 -3.0061 1.0068 0.028889
0.1679 1.2909 0.80067 -0.90602 -0.47503 0.38833 -1.9047 -0.6338 -1.5388 -0.14329 1.2668 -0.67077 -0.27819 -0.93338 1.734 0.67953 -0.50272 0.96556 1.2683 0.58222 -0.44732 -0.50263 0.62214 -1.5487 1.6208 -1.3497 0.25702 -1.2518 -2.3325 0.32635 0.9298 -0.91951 1.4768 1.2646 1.972 -0.69307 -1.6587 0.47608 0.51911
0.14236 1.5226 0.84402 -0.42899 -0.025991 -0.12564 -1.3116 -0.51877 -0.61374 -0.063329 -0.43757 0.13045 -0.76738 -0.88151 1.0933 -0.25894 0.013601 1.353 0.35809 1.0381 0.16781 0.57874 0.015351 -1.8278 1.7358 -0.97914 0.37362 -1.4311 -1.3178 0.58063 -0.16228 -1.6449 1.1465 1.0474 1.3071 -0.78818 0.39747 -0.22165 0.94221
-0.033797 1.3895 0.45298 -0.29654 -0.13375 -0.14175 -0.9235 -0.20778 -0.40554 -0.50051 -1.4499 0.6678 -0.90555 -0.66242 0.83192 -0.17661 0.34127 0.80891 -0.44369 1.9199 0.6206 1.025 -0.18462 -1.0036 1.5687 -0.63863 0.41847 -1.3801 -0.53926 0.19654 -1.0469 -1.1116 0.32635 0.013465 0.17448 -0.68387 1.8108 -0.73231 1.2733
-0.16478 1.5546 0.78556 -0.57506 0.22178 -0.071988 0.18049 0.2962 -0.39787 -0.84117 -0.14493 0.82624 -0.9695 -0.55469 0.33032 -0.13986 0.4234 0.1334 -0.71447 1.6084 0.24341 0.64482 -0.1159 0.42483 1.0915 -0.14683 0.60834 -0.91049 -0.031416 -0.54926 -1.2842 -0.36232 -0.46726 -0.98718 -0.79334 -0.29836 1.976 -1.01 1.2656
-0.465 1.4353 0.48858 0.48458 0.32356 -0.83298 -0.5006 -0.047697 0.32303 -0.24756 0.34003 0.83569 -0.8357 -0.35861 0.037987 -0.31016 -0.35286 -0.35361 -0.34452 0.961 -0.45909 -0.16559 -0.62417 1.182 0.63518 0.40835 0.7219 -0.70911 -0.075518 -1.0406 -0.90414 0.13663 -1.2683 -1.5926 -1.0067 -0.059148 0.87651 -0.90458 1.088
-0.33065 1.7798 0.94539 -0.056211 0.049785 -1.2013 0.2257 0.15015 0.28399 0.096542 0.45001 0.81163 -0.83206 0.039253 0.11884 -0.24386 -0.71957 -0.43234 -0.39231 0.55547 -1.0569 -0.45886 -0.32369 1.2902 0.38935 0.65842 0.78371 -0.52499 0.070235 -1.1136 -0.39587 0.35673 -1.2418 -1.3529 -0.49972 0.079971 -0.33589 -0.6716 0.72208
-0.32382 1.6572 0.49348 -0.65239 -0.44679 -0.040113 0.18375 -0.69347 -0.77034 -0.58582 0.91147 0.99157 -0.5456 0.31333 -0.13094 -0.25259 -1.1129 -0.57405 -0.34115 -0.15699 -1.5772 -0.49759 -0.17224 0.4194 0.29839 0.81694 0.55665 -0.72653 0.18529 -0.31755 -0.042508 0.28134 -1.2767 -0.93199 0.47359 0.44027 -0.86591 -0.48512 0.38574
-0.2223 1.3298 0.2721 -1.0256 -0.42913 -0.48889 -0.12212 -0.95186 -0.92728 -1.6711 0.15197 1.1891 -0.25241 0.49095 -0.37696 -0.044504 -1.3627 -0.48512 -0.027081 -0.38155 -1.6165 -0.21442 -0.16161 0.064743 0.062613 0.88293 0.1882 -1.0038 0.36966 0.38774 -0.0054322 0.2018 -1.1226 -0.26598 1.2549 0.66786 -0.88372 -0.60369 0.21057
0.029013 1.6623 0.40475 -0.95051 -0.25774 -0.89098 0.17131 -1.0256 -0.71939 -0.53599 0.74226 1.1572 -0.18948 0.39714 -0.8089 -0.086665 -0.66567 -0.40447 0.016212 -1.191 -1.845 0.70129 0.1789 -0.081966 -0.059232 0.95653 -0.054979 -0.9224 0.53058 0.99286 -0.17078 0.26811 -0.56796 0.32287 1.6705 1.0821 -0.59008 -0.98247 0.078876
0.013039 1.3296 0.66344 -1.3497 -0.30775 -0.93632 -0.47365 -1.4719 -0.4231 -0.43328 0.50831 1.0894 0.0079511 0.32989 -1.0539 0.31528 -0.22053 -0.52602 -0.18139 -1.2324 -1.3969 1.5477 0.82946 -0.37398 -0.50547 0.95031 -0.17476 -0.77491 0.52334 1.1409 -0.44134 0.30699 0.017033 0.82184 1.5126 0.87049 -0.75912 -1.0926 -0.072865
0.03727 1.0957 0.62615 -1.0664 -0.41339 -0.79386 -0.80726 -1.7128 0.33113 -0.26156 0.4634 0.73213 0.21639 0.29801 -1.1818 0.48797 0.20296 -0.86734 0.25378 -0.89993 -1.1073 2.0875 1.4702 -0.64713 -1.1808 0.92034 -0.10308 -0.40766 0.38075 0.99401 -0.74489 0.33559 0.78548 1.4816 0.82211 0.33164 -0.7853 -0.91458 -0.25819
0.037731 0.78884 0.58119 -0.90665 -0.77613 -0.53513 -1.4133 -2.2591 1.1266 -0.1456 0.43951 0.91356 0.44819 0.23366 -1.358 0.5761 0.37465 -1.0663 0.44706 -0.49686 -0.51286 2.232 0.91732 -1.3007 -1.3404 0.77932 0.066562 -0.063154 -0.095677 0.89456 -0.59625 0.1102 1.1253 1.8189 -0.039897 -0.077264 -0.52554 -0.45251 -0.44994
0.071865 0.42887 0.69117 -1.1113 -1.1515 -0.40316 -1.1299 -2.0609 1.2806 0.10088 0.032602 0.32978 0.71489 0.26468 -1.2721 0.44419 0.9259 -1.5066 0.3502 0.045898 0.36611 2.0695 0.80687 -1.3227 -1.2814 0.60426 0.31502 0.15411 -0.45165 0.55621 -0.12864 -0.41257 1.1191 1.9477 -1.0413 -0.14084 -0.18617 0.023533 -0.61153
0.25782 0.33907 0.85372 -0.70779 -1.2961 -0.48118 -0.76862 -1.9538 2.2849 0.99084 -0.68371 -0.52393 0.80204 0.46481 -1.106 0.17432 1.1158 -1.3046 -0.017052 0.59555 1.1231 1.4831 1.0342 -1.1839 -1.2536 0.34356 0.55967 0.31773 -0.89925 0.41831 0.4025 -0.58459 0.93668 1.4453 -1.8353 0.2822 0.64486 0.20626 -0.66589
0.26045 0.25488 1.1379 -0.69037 -1.3395 -0.49015 -0.53515 -1.4892 2.5667 0.37921 -0.97094 -0.27218 0.64272 0.73838 -1.0784 -0.08976 0.87919 -0.98424 -0.3121 0.84206 1.562 0.31576 1.1606 -1.1262 -1.1559 0.097832 0.56549 0.29906 -0.94678 -0.034093 0.80107 -0.48266 0.4739 0.66722 -2.3046 0.27109 1.241 0.26441 -0.6066
0.25043 -0.10528 0.9087 0.017252 -2.3177 -0.50662 -0.78107 -1.0656 2.7196 0.50702 -0.85703 -0.28425 0.79046 0.98373 -0.97946 -0.70979 1.1795 -0.58423 -0.35224 1.0195 1.4774 -0.68036 1.3158 -0.03945 -1.0022 -0.10055 0.24618 0.26146 -0.71201 -0.23794 0.7528 -0.20904 0.07208 -0.038224 -2.2917 0.012207 1.5989 0.21603 -0.42319
0.63663 -0.11577 0.51799 0.20957 -1.7503 -0.83262 -0.22462 -0.70009 2.4562 1.4491 -0.75329 -0.73599 0.68606 1.0024 -0.88802 -0.74885 0.80508 -0.38871 -0.41561 0.80018 1.3848 -1.6093 1.2197 0.74155 -0.90033 -0.20565 -0.21689 0.45517 -0.059036 -0.31588 0.74029 0.019876 -0.17951 -0.39982 -1.5648 -0.50408 1.4632 0.15595 -0.27145
0.93859 -0.51907 0.52821 -0.43062 -1.8714 -0.85059 -0.31092 -0.68551 1.0204 1.6291 -1.278 -0.72993 0.6635 0.76748 -0.81035 -0.72513 0.67166 -0.21329 -0.36982 0.75948 1.1452 -2.2883 1.0525 1.2853 -0.96274 -0.22386 -0.75173 0.44614 0.49801 -0.34635 0.40103 0.21099 -0.20381 -0.40939 -0.59802 -1.2931 0.88648 0.50864 -0.069193
1.1899 -0.528 0.0039156 0.55285 -1.7265 -0.72936 0.52261 -0.54244 0.59915 2.1669 0.25169 -1.3483 0.59626 0.46543 -0.48085 -0.18156 0.50191 0.19629 -0.26536 0.59957 1.0146 -2.1097 0.33153 1.3239 -0.8664 -0.30089 -1.0482 0.3579 0.47892 -0.12866 0.34894 0.11198 0.037667 -0.32367 0.30593 -1.7178 0.17864 1.0758 0.11583
1.1382 -0.49962 0.56513 0.075077 -1.9209 -1.0143 -0.013574 -0.24888 0.37866 2.0652 0.11412 -1.4264 0.47282 -0.071039 -0.51451 -0.12932 0.64126 -0.13622 -0.020001 0.69753 0.93194 -1.6588 -0.7422 1.5464 -0.067851 -0.16837 -0.92181 0.052581 0.27732 -0.19672 0.17248 0.0015552 0.18154 -0.15507 0.80952 -1.7789 -0.8387 1.8062 0.2349
0.80921 -0.71258 0.40368 0.37439 -2.0217 -0.90622 0.23859 -0.048094 -0.66263 1.3794 0.61731 -1.1985 0.44622 -0.42391 -0.50009 -0.21566 0.54933 0.21723 -0.37455 0.90365 0.91422 -1.2819 -1.2147 0.97176 0.63602 -0.033289 -0.4437 -0.30787 -0.32887 -0.077555 0.097231 0.0031807 0.39697 0.11029 0.8406 -1.1485 -1.2723 2.0719 0.30429
0.87394 -0.52681 0.68023 0.64528 -1.7728 -0.92428 0.021547 0.16075 0.031029 1.1252 0.41372 -1.445 0.42475 -0.41073 -0.72398 -0.22572 0.24604 0.095355 -0.31268 0.97471 0.91986 -1.0178 -1.6255 -0.35711 1.5995 0.04553 0.13765 -0.12033 -0.34076 -0.21653 0.34279 -0.033873 0.22139 0.42165 0.71141 -0.50378 -1.3709 1.3461 0.18055
0.6883 -0.91869 0.071974 0.71378 -1.9849 -0.7789 1.0574 0.23104 -0.3664 0.43984 1.095 -0.4305 0.56579 -0.14535 -0.84137 -0.69959 0.5269 0.26089 -0.11333 1.2696 1.2199 -0.68155 -1.4464 -0.47156 2.0972 0.11369 0.40307 0.17463 -0.29617 -0.13651 0.41494 0.208 -0.067295 0.48538 0.417 -0.044954 -0.77636 0.3174 -0.010599
0.63534 -1.0949 0.099269 0.26544 -1.3624 -1.5767 1.1474 0.29097 -1.2208 0.46305 -0.0026146 -0.064266 0.6351 0.033175 -0.52713 -0.47416 0.21244 0.47507 -0.21655 0.96344 1.5355 -0.47774 -1.5865 -0.69042 1.6775 0.068636 0.18773 0.72145 -0.084782 -0.00079191 0.59702 0.45201 -0.19587 0.44017 0.45217 0.43927 0.067993 -0.72496 -0.36603
0.86238 -1.2848 0.064264 0.75011 -1.9503 -1.0082 1.4462 0.64329 -0.80207 0.027906 -0.57576 0.6652 0.53795 0.065192 -0.33825 -0.60111 0.28006 0.79351 -0.021034 0.76671 1.4769 -0.67997 -1.298 -0.54652 1.2002 -0.060351 -0.27175 1.1643 0.05403 0.18383 0.48616 0.78556 -0.33708 0.014079 0.46887 0.71611 0.46566 -1.3527 -0.71865
0.93605 -1.3488 -0.11005 0.90351 -1.6384 -0.96079 1.374 1.4173 -0.67524 0.054639 0.071106 1.0331 0.56485 -0.18429 0.10696 -0.41897 0.34454 0.93088 0.5144 0.82018 1.581 -0.073837 -0.81756 -0.19588 0.75358 -0.48914 -0.72629 1.533 0.12416 0.31316 0.75461 0.95254 -0.4048 -0.5393 0.21078 1.212 0.7609 -1.4186 -0.98559
0.77085 -0.93343 0.18733 0.56582 -1.26 -1.2338 1.155 1.7068 -1.123 -1.2053 -0.016492 0.1161 0.49711 -0.51433 0.58997 -0.63107 0.79115 0.93044 1.0392 0.64594 1.2243 0.095831 -0.40785 0.25677 0.12204 -0.83049 -1.1353 1.8488 0.5017 0.30332 0.87029 0.73546 -0.77245 -1.1361 0.22028 1.6589 0.58644 -1.1459 -1.1734
0.83485 -1.0052 -0.2694 1.0309 -0.7125 -0.88261 1.4301 1.4275 -1.2068 -0.45297 0.0016047 0.21233 0.37618 -0.9555 1.3116 -0.24174 0.53605 1.799 1.0941 0.18978 0.69873 -0.42045 0.36011 0.51596 -0.34049 -1.2246 -1.2833 1.74 0.71172 0.20033 0.8008 0.37597 -1.2505 -1.5547 0.30278 1.8319 0.3378 -0.46053 -1.1091
0.27256 -0.91876 -0.38352 0.88279 -0.94271 -0.20377 2.6234 1.9294 -0.37866 -0.30923 0.4853 1.072 -0.20607 -1.5481 1.8372 0.18076 0.74453 1.9651 1.1103 -0.50541 -0.11294 -0.041809 1.3778 0.33188 -0.3135 -1.6912 -1.0826 1.3795 1.3484 0.058953 0.58741 -0.019858 -1.3694 -1.4721 0.48317 1.1133 0.13002 0.27437 -0.73253
0.18095 -0.46325 -0.53802 1.5714 -0.63803 -0.17775 1.6483 1.6086 -1.0298 -0.026732 -0.1932 0.19248 -0.43305 -1.9272 2.0975 0.4089 0.7299 1.8911 1.2051 -1.1709 -0.53051 0.63058 1.8924 0.46827 0.15834 -1.9477 -0.43561 0.51538 1.3285 -0.080167 0.10138 -0.13375 -1.2052 -1.2486 0.33957 -0.0069417 0.15524 0.10946 -0.012598
-0.10883 0.32528 0.15424 1.1683 0.5875 0.1922 1.1542 1.6883 -1.7531 0.56246 0.45021 0.24622 -0.96184 -1.9347 2.2691 1.3788 0.78426 1.9685 0.9448 -1.4841 -0.7933 0.57924 1.0248 0.53723 0.39748 -1.7157 0.3994 -0.51839 0.83216 -0.56286 -0.40488 0.02064 -0.52978 -0.69055 0.10151 -1.3671 0.23881 -0.20264 0.73064
-0.92024 0.72176 0.27065 1.6731 0.72267 -0.04984 0.27383 1.1772 -0.34739 1.7166 0.4702 0.34563 -1.5066 -1.5286 1.8683 1.4599 0.33853 1.9853 0.91783 -1.7948 -1.1933 -0.019228 0.54706 0.72393 -0.47134 -1.2313 1.0071 -1.4173 0.022373 -0.70518 -1.0276 0.14838 0.24924 -0.067034 0.026484 -1.8382 -0.13695 -0.49099 1.2098
-1.2451 1.0293 0.27066 1.3671 0.75392 0.35609 0.039346 1.0218 0.33799 1.1543 0.60353 0.6287 -1.8123 -1.0428 1.17 1.0974 -0.16617 1.1726 1.2933 -1.2836 -1.0152 0.50214 -0.59627 0.69372 -0.3422 -0.8008 1.2497 -1.9546 -0.97161 -0.71968 -1.4113 0.10096 0.84432 0.6174 -0.019774 -1.4021 -0.62888 -0.35437 1.1989
-1.1124 1.1187 1.1504 2.0984 1.3267 0.48323 0.60024 0.77834 -0.45912 0.20848 0.76163 1.2562 -1.5569 -0.59793 0.51356 0.59094 -0.17512 0.39565 1.3172 -0.76525 -0.53755 0.73291 -0.86397 0.074756 -0.3403 -0.33934 1.2279 -1.6487 -1.2334 -0.25879 -1.3492 -0.40753 1.1468 0.98611 -0.11616 -0.79662 -1.0696 0.13769 0.92828
-1.1136 0.93466 0.7033 1.0721 1.347 1.0313 0.053742 0.59797 -1.4354 0.52045 1.2347 -0.68424 -1.5859 -0.19741 0.0049643 0.13521 -0.36704 0.16251 0.9398 -0.27371 -0.014471 0.17122 -0.98458 -0.5072 -0.28779 -0.11433 0.94311 -0.95414 -1.2026 0.12898 -0.89284 -0.89913 0.98771 0.86694 -0.4294 -0.058218 -1.2129 0.1738 0.49423
-0.87609 0.96498 0.49216 1.1752 0.8068 1.5301 -0.3313 0.67703 0.064028 -0.78772 0.56269 -0.15486 -1.5691 0.21285 -0.03072 -0.18985 -0.082361 0.0040431 0.3064 0.045264 0.072758 -0.085198 -0.79097 -0.98869 -0.22252 0.011167 0.57231 -0.28929 -0.55456 0.60873 -0.41306 -1.1097 0.90532 0.52815 -0.45611 0.15889 -0.65749 0.73597 0.14924
-1.2073 1.0562 0.76707 1.2636 1.0498 1.4042 -0.0015417 1.2184 0.38436 0.57197 0.30425 0.35715 -1.6602 0.21422 0.0050476 -0.58989 0.012231 -0.27655 0.060278 0.33011 0.23284 0.03149 -0.72247 -1.3947 -0.059314 -0.13059 0.26093 0.10531 0.20927 0.80963 -0.18965 -0.84352 0.60889 -0.038187 -0.41223 0.53805 0.14387 0.65248 0.080944
-1.36 0.76018 0.35764 1.3629 0.98376 0.67467 0.053006 1.0624 -0.076151 0.30441 -0.31311 0.44053 -1.8275 0.20544 0.076197 -0.003131 0.78311 -0.14525 -0.38846 0.78302 0.28581 -0.1322 -0.66061 -0.91179 0.91065 -0.07413 0.099646 0.022812 0.43596 0.22462 -0.054959 -0.32639 0.13393 -0.24496 -0.045743 0.73662 0.64352 0.49782 0.13293
-0.67846 1.1728 0.47273 1.6287 1.0737 0.67098 0.5102 0.7627 -0.66097 -0.64006 -0.39131 0.398 -1.5847 0.26695 0.10753 0.40649 0.73463 -0.11138 -0.34369 0.60025 -0.18738 -0.64945 0.025363 -0.25937 0.35883 0.068933 0.039547 -0.11258 0.36736 -0.54632 0.08727 0.10744 -0.36232 -0.15209 0.54617 1.1736 0.77549 0.31326 0.22915
-0.86846 1.0335 0.42388 1.6733 0.92322 1.107 0.83249 0.96094 -0.7865 -0.94683 -0.70381 0.2318 -1.7269 0.36302 -0.049982 0.06873 -0.03478 -0.17875 -0.12297 0.17991 -0.15351 0.16958 0.29815 -0.19977 0.50005 0.14067 -0.20808 -0.34639 -0.28278 -1.3258 0.05611 0.31694 -0.75584 0.16449 1.193 1.4659 0.34251 0.074923 0.094084
-0.93742 0.9752 0.83106 2.0404 0.97742 0.80224 0.68946 1.0754 -0.76945 -0.40046 0.44466 0.85905 -1.6506 0.2061 -0.10347 0.012286 -0.65339 -0.097781 0.13474 -0.11537 0.18229 1.0199 1.1148 -0.11142 0.74165 0.15538 -0.30764 -0.3408 -0.61987 -1.2835 0.13483 0.106 -0.64872 0.45532 1.3631 1.119 -0.088302 0.35904 -0.033351
-0.75644 1.1057 1.0463 1.887 0.65387 1.1169 0.16011 0.48225 -0.41731 0.33186 0.050638 0.303 -1.4734 -0.12969 -0.34149 -0.29253 -1.0972 -0.047477 -0.015515 -0.41246 0.39726 1.5111 1.6825 -0.27396 0.88101 0.04567 -0.28867 -0.19167 -0.4632 -0.75663 0.182 -0.12076 -0.37758 0.33044 0.76158 0.73466 -0.17395 0.20586 -0.074905
-0.89458 0.8043 0.28401 0.69929 0.95588 0.81529 0.22767 1.2371 1.1206 1.1186 -0.64522 1.2975 -1.5981 -0.027638 -0.2615 -0.48249 -1.2271 0.072693 -0.19299 -0.43738 0.35392 1.5098 1.5432 -0.43332 0.84734 0.062123 -0.10429 -0.076951 -0.34247 -0.31979 0.12444 -0.21522 -0.16096 0.082719 0.23203 0.17134 -0.17725 0.034875 -0.051364
