39 261
-1.1408 1.769 0.77048 1.9516 0.80813 0.50832 -0.084747 0.15736 -0.9573 0.17655 0.40293 -0.079838 -1.9765 0.09863 -0.34896 0.10383 -0.39194 -0.13582 0.29849 0.14743 0.30931 0.010789 0.76355 -0.26809 0.96749 0.085801 0.057909 -0.0312 0.10216 0.40701 -0.23488 0.15509 0.0082127 0.11274 0.14837 -0.3954 0.035725 -0.4687 0.020416
-0.94273 1.7445 1.1147 0.90866 0.91662 1.2633 -0.22782 0.60413 -1.408 1.2961 0.2497 1.587 -1.9556 0.26263 -0.42769 0.26692 -0.027328 -0.36384 0.66214 0.1278 0.47501 -0.13129 0.09819 -0.10694 0.56483 0.13117 -0.022602 0.052077 0.037452 0.60537 -0.2882 -0.015863 -0.21388 0.11813 0.51105 -0.37609 0.18685 -0.76989 0.0044338
-1.1771 1.4964 1.2223 1.4101 0.60615 0.73377 0.010762 0.26259 -1.2881 1.4213 -0.17215 1.3371 -1.9741 0.11374 -0.35009 0.20493 0.16361 -0.47333 0.40292 0.16097 0.44195 0.369 0.26774 -0.26492 0.23329 0.090271 -0.02166 0.24806 -0.045398 0.60325 -0.16242 -0.53934 -0.12128 0.11816 0.60549 -0.24617 -0.015532 -0.96091 -0.034535
-1.0424 1.3026 0.55572 1.9177 0.64121 0.67861 0.16469 0.58092 -0.55928 0.58168 0.2551 0.5747 -1.8294 0.040729 -0.25162 0.12153 0.41952 -0.52075 0.19205 -0.28844 0.46922 0.83523 0.22365 0.13194 -0.18965 0.085246 0.020249 0.4555 -0.15092 0.12828 0.18305 -0.68119 -0.097876 0.10803 0.27997 0.18993 -0.037523 -0.54406 -0.14636
-0.79813 1.369 1.2703 2.1166 0.27929 1.6133 -0.054695 0.82027 -1.3811 -0.28189 0.46047 0.2655 -1.8401 0.16096 -0.017179 0.0983 0.47012 -0.37006 -0.56325 0.10691 0.5385 0.71761 0.18675 -0.4116 -0.55288 0.048329 0.10502 0.44657 -0.25565 -0.31017 0.60117 -0.37949 -0.1703 -0.11548 -0.22203 0.17323 -0.25653 0.10303 -0.21641
-1.1723 1.5246 1.0145 1.8361 0.3328 0.74596 0.05549 0.63614 -0.18445 1.2989 -0.21264 0.53971 -1.946 0.26715 0.16761 0.05546 0.0635 -0.066263 -0.23407 -0.048193 0.63286 0.24152 0.54338 -0.10392 -0.1249 -0.086535 -0.088522 0.24917 -0.43377 -0.6483 0.75443 -0.29684 0.045834 -0.50653 -0.70935 0.29445 -0.11642 0.60185 -0.19966
-1.0643 1.4817 1.0557 1.9231 0.29467 0.92111 -0.81334 0.91868 0.0022514 1.2294 0.78579 0.54173 -1.8729 0.18392 0.18733 -0.21197 -0.19098 0.44975 -0.16245 -0.30332 0.12108 0.22139 0.47739 -0.67796 0.38291 -0.17417 -0.25949 -0.03429 -0.26057 -0.51257 0.51647 0.029283 0.0029543 -0.81954 -0.81255 -0.1159 0.2648 0.64952 -0.052085
-0.73721 1.6372 1.2637 1.5169 0.50758 -0.021419 0.54652 1.2581 -0.8939 1.5953 -1.1266 0.88251 -1.8943 -0.14183 0.067767 -0.48817 -0.38151 0.5133 -0.62216 -0.0062766 -0.33999 -0.32368 0.70323 0.02886 0.49947 -0.12714 -0.4883 -0.64974 -0.14546 -0.2058 0.16815 -0.19652 0.4874 -1.34 -0.50973 -0.28113 0.39719 0.29163 0.45514
-0.88868 1.5341 0.93233 1.8792 0.55955 0.94691 -0.096641 1.0804 -1.0184 1.3927 0.4144 0.7508 -2.0667 -0.11874 -0.012833 -0.088502 -0.19852 0.3282 -0.33351 0.079431 -0.61641 -0.61066 -0.1328 0.087595 0.38512 -0.019778 -0.54083 -1.2782 -0.16538 -0.61844 -0.38989 -0.24758 0.60669 -1.5229 0.077712 -0.057647 0.88296 0.085319 1.2722
-0.85379 1.4898 0.3065 1.828 1.2659 1.0365 -0.5608 0.4592 -0.098738 0.38041 -0.88096 0.98393 -1.9961 -0.48477 -0.79233 -0.26139 -0.28045 0.31518 -0.56256 0.69804 -1.6763 -0.35519 0.26072 0.35734 0.42462 0.55635 0.097747 -1.4592 -0.26455 -1.299 -0.77233 -0.35826 0.49743 -0.69443 0.55348 0.22454 0.288 -0.044423 1.7593
-1.3041 1.4886 0.87356 1.4141 0.56191 0.15684 0.091062 0.20363 -1.7674 1.7589 1.0917 1.0074 -1.9601 -0.64406 -1.4785 -0.6157 -1.3202 -0.19971 -0.70795 0.51461 -2.2531 0.38474 0.58174 1.0236 0.56771 1.5066 1.0494 -1.3576 -0.58267 -1.7518 -0.96805 -0.7191 0.29818 0.37006 0.46535 0.16273 0.12756 -0.72988 2.0494
-1.1726 1.534 1.2952 1.7027 0.53602 0.22127 -0.041935 0.13507 -0.53683 1.0978 -0.30917 1.0474 -1.8835 0.2909 -1.5936 -0.69024 -2.105 -0.70399 -1.1711 0.73329 -0.91381 0.26598 0.82357 0.17525 0.30196 1.9086 1.9874 -0.86955 -0.84194 -1.4425 -0.75548 -0.40438 -0.058617 1.5929 0.40447 -0.9441 -0.26447 -1.4323 1.798
-1.406 0.090169 0.56999 1.4269 0.88381 -0.11331 0.82646 -1.4446 -0.72114 2.0031 0.78953 1.2866 -0.93435 1.4064 -1.8389 -0.90214 -2.3726 -1.0185 -1.484 0.63064 -0.26965 -0.0079546 -0.06683 0.45555 -0.99957 2.5654 1.9182 -0.51175 -0.95279 -0.47795 -0.31016 0.015578 -0.076028 2.0496 0.23384 -1.8519 -0.11567 -1.6543 1.0517
-1.3051 -0.1584 0.026424 -0.67616 0.14543 -0.46732 0.7202 -1.5303 -0.13997 2.1799 0.65243 1.7646 -0.038237 2.1209 -2.0345 -1.6046 -2.2927 -0.72442 -1.0025 0.51351 0.4955 0.63418 -1.3995 0.093686 -1.6107 2.8875 1.0068 0.028491 -0.78566 0.82039 0.28209 0.74514 -0.24686 1.7179 0.57324 -2.2115 0.01146 -0.9685 0.072692
-0.11358 0.14289 -0.06889 -0.50829 -0.16764 -0.30375 0.18116 1.1059 -0.78092 1.8444 -0.12769 0.80323 -0.35999 1.9451 -2.0907 -1.8409 -2.0561 -0.78524 -0.78383 0.46405 1.1155 0.65664 -2.2039 0.82967 -1.7288 2.688 -0.097314 0.41452 -0.39764 2.1016 0.81547 1.3683 -0.17434 1.0098 0.88872 -1.3554 -0.4375 0.21935 -1.1113
0.57811 -0.45827 -0.32911 -0.66721 -0.094024 -1.3911 0.30727 -0.12455 -0.90048 -0.15336 0.59894 -1.3647 0.82827 1.8565 -1.4098 -1.6078 -0.79308 -0.28163 -0.059774 0.32321 1.8061 1.0601 -2.7627 0.020895 -1.2459 1.9577 -1.0389 0.71927 0.087027 2.2674 1.0905 1.5161 -0.21299 -0.51471 0.87872 0.34351 -0.62863 1.0302 -1.7432
0.39451 -0.97157 -0.83584 -0.77615 -0.074039 -0.71363 1.0333 0.54866 -0.17944 -0.23733 0.99456 -0.83627 1.112 1.3515 -1.457 -1.6015 0.61731 0.32105 0.74707 0.37375 1.0772 1.5286 -2.2363 -0.41967 -0.77264 1.2534 -1.3101 1.1002 0.22853 1.6911 1.2318 1.5326 -0.62237 -1.2312 0.76842 2.0483 -1.0439 1.3178 -2.0771
0.021468 -1.5329 -1.0978 -0.78984 -0.26996 -0.64558 0.82392 0.6234 0.72789 -1.1843 1.3711 -0.37131 1.1848 0.50607 -1.1548 -1.5684 0.40401 0.81019 1.2288 0.13129 -0.51955 1.928 -0.65504 -0.59528 -0.094551 0.82089 -0.90827 1.2222 0.37987 0.50286 0.82065 0.82896 -1.1399 -1.5209 -0.0030677 2.6825 -0.68374 0.77469 -1.8611
0.42418 -1.2386 -1.4361 0.074241 0.58147 0.003646 1.0722 0.99869 0.7124 -0.77397 -0.01904 0.46038 1.1997 0.21202 -0.39378 -1.4545 0.3579 1.0275 1.6016 -0.6652 -0.18288 1.7346 1.0623 -1.0494 0.25197 -0.059736 -0.22095 1.525 0.61423 -0.4201 0.31746 -0.11477 -1.3337 -0.82765 -0.80214 2.2229 -0.16302 0.024619 -1.4236
0.61756 -1.583 -1.8053 0.18377 0.32494 0.54145 0.64878 0.49957 1.5102 -0.35166 -0.5885 -0.075993 1.0074 0.7538 0.083996 -1.0077 0.24426 0.93599 1.1413 -1.3911 -0.60208 0.94514 1.2442 -1.0938 -0.26332 -0.35762 0.098822 1.1459 0.72972 -0.56308 -0.25043 -1.3344 -0.89528 -0.21317 -1.1416 0.70559 0.62388 -0.37679 -0.91235
0.62636 -1.1636 -1.822 -0.56381 0.90307 0.58675 0.17534 -0.50682 1.3349 0.81804 -0.29026 -0.70921 0.93672 0.81399 0.44818 -0.79394 -0.030154 0.8649 0.53961 -1.4766 -0.53902 0.42973 1.5019 -0.50471 -0.65952 -0.43179 -0.05251 0.65034 1.0085 -0.20816 -0.87645 -2.2008 -0.10987 -0.0076233 -1.1828 -0.70504 1.1798 0.081423 -0.31047
0.542 -1.0526 -2.1594 -0.42714 1.046 0.50376 -0.33871 0.25989 1.4467 1.094 -0.16857 -0.99374 0.90452 0.37712 0.324 -0.60663 -0.38258 0.41018 -0.92051 -1.2201 -0.77511 0.31948 0.61625 0.45322 -0.39468 -0.4527 -0.37493 0.32774 1.1746 0.46901 -1.5266 -2.2846 0.65644 0.2108 -1.1732 -1.4487 0.85446 0.9596 -0.19711
1.1429 -1.1729 -1.8843 -0.31868 0.75381 0.57014 -0.54613 0.077974 1.1071 0.31935 -0.26207 -0.63011 0.76412 0.29523 0.5691 0.12983 0.31941 -0.39034 -1.7734 -0.9771 -0.12059 -0.29474 -0.10457 0.66724 0.45741 -0.51245 -0.20926 0.25842 1.439 0.95899 -1.6967 -1.706 1.0155 0.0033096 -1.4132 -1.5885 0.0085312 1.4624 -0.21387
0.82426 -0.93662 -2.1647 -0.36789 1.0494 0.039942 -0.58387 0.23077 1.3857 0.74623 0.29753 -0.82337 0.75702 0.31755 0.57469 0.60901 0.91714 -1.3627 -2.2748 -0.37376 -0.4005 -1.0159 -1.0002 0.12609 1.0345 -0.63687 -0.030148 0.38368 1.3632 0.88515 -1.238 -0.53925 0.91354 -0.018094 -1.4216 -0.93702 -0.50395 1.3179 -0.19348
0.68906 -1.079 -2.3079 -0.36429 0.94134 -1.5026 -0.19467 -0.58456 1.5415 -0.037384 0.36334 0.03977 0.63498 0.45157 0.75974 1.1444 1.0356 -1.501 -2.2035 0.06703 -0.72878 -1.6999 -1.032 -0.3146 1.465 -0.686 -0.11482 0.12441 1.0401 -0.055848 -0.42036 0.5797 0.5013 -0.14 -1.0331 -0.37002 -0.41962 0.50217 -0.037025
0.92871 -0.63772 -1.2296 0.6628 -0.4605 -1.4492 -0.89093 0.32756 0.78366 0.14007 0.26713 0.38159 0.36375 0.23479 0.87203 1.2982 0.84415 -1.4079 -1.8021 0.025965 -0.51611 -1.7917 -0.88962 -0.10725 1.6581 -0.67972 -0.25842 -0.20762 0.54068 -1.0757 0.46796 1.4994 0.3588 0.38404 -0.32019 0.61893 0.14215 -0.80213 0.47633
1.0017 -0.42087 -1.1514 0.5115 -0.79896 -1.9533 -0.29709 -1.1351 -0.47907 -0.48127 -0.5164 0.45526 0.22797 0.11738 0.63643 1.6261 0.27383 -1.1747 -0.87785 -0.21226 -0.35068 -1.9533 -0.93488 -0.090094 1.1078 -0.55543 -0.49819 -0.69199 -0.38554 -1.7968 0.84422 1.9427 0.63421 0.30309 0.81578 0.88057 0.36257 -1.7401 1.0068
1.2924 -0.26103 -0.80566 0.69152 -0.32746 -1.709 -0.28951 -0.43675 -0.8309 -0.29038 -0.67206 1.1487 0.19453 0.0024203 0.30507 1.326 -0.59058 -0.6308 0.025961 0.45288 0.16629 -1.5276 0.25979 0.32143 -0.37416 0.051709 -0.51454 -0.93432 -1.0337 -1.8354 0.87664 2.0554 0.80904 0.14775 1.9145 0.67708 0.2838 -1.6902 1.2605
1.0793 -0.24264 -0.7331 0.32882 -0.47958 -1.7088 -0.67327 -0.33314 -0.46863 -0.66617 0.44418 1.6164 0.087287 -0.35361 -0.086428 0.45087 -1.4131 -0.27355 0.72902 1.0773 -0.47536 -0.22651 0.25306 0.24227 -0.93948 0.54775 -0.65517 -0.69741 -1.5561 -1.4522 0.70128 1.5075 0.7121 -0.10422 2.3613 -0.1891 -0.038988 -1.0519 1.1184
0.61232 -0.45509 -0.29756 -0.29582 -0.32703 -1.4975 -0.88229 -0.38456 -0.7995 -0.60963 0.36054 0.33839 0.20913 -0.48104 -0.29561 0.060275 -1.5469 -0.18032 1.4654 0.94564 -0.16855 1.1205 -0.052569 0.33211 -0.64133 0.77252 -0.55851 -0.27199 -1.4026 -0.71016 0.59765 0.72805 0.15473 0.0087661 1.7037 -1.1838 -0.65271 0.012884 0.59406
0.86412 -0.70782 -0.57366 -0.7908 -0.47906 -1.5203 0.7699 -0.025987 -0.58339 1.0862 0.67744 -1.1651 0.88078 -0.84976 -0.20181 -0.48997 -1.8037 -0.057796 1.3822 0.91689 -0.3999 1.3809 -1.1726 -0.16883 -0.83417 0.86144 -0.30694 0.30565 -0.83333 0.034834 0.77932 0.15312 -0.26489 0.77937 0.48479 -1.2064 -0.75714 0.61893 0.048517
0.6814 -0.5528 -0.93158 -0.85562 -1.2063 -0.38197 0.62494 -1.3858 0.37573 -0.25033 -0.34811 -0.37932 0.88983 -0.78135 -0.074606 -0.68126 -1.6364 0.40489 1.1267 0.82235 0.13697 1.028 -1.5169 -0.83728 -0.42102 0.83638 -0.20871 0.57022 -0.21728 0.43147 1.1197 -0.19785 -0.64617 1.0614 -0.6225 -0.81811 -0.77326 0.73288 -0.41122
0.71612 -0.62891 -1.0011 -1.0582 -0.56489 -0.013433 0.39204 -0.93603 1.0932 -1.1786 -0.090384 0.95687 0.86045 -0.77455 0.31781 -0.64957 -1.2898 0.9255 1.1807 0.61042 0.91511 0.77142 -1.552 -0.75696 0.14075 0.58776 -0.094211 0.19093 0.66019 0.58942 1.1079 -0.13837 -0.8312 1.2751 -1.1245 0.28717 -0.53243 0.45196 -0.57306
0.17132 -0.35522 -1.3289 -1.6677 -0.091637 -0.48875 0.22314 -0.50385 0.61692 -2.4806 -0.44644 -0.047995 0.96872 -0.90984 0.39541 -0.24202 -1.0227 1.4718 1.1495 -0.17272 1.2788 0.18972 -1.5819 -0.99165 0.28434 0.2485 0.0084532 -0.3073 1.1817 0.60634 0.46121 0.25866 -0.64745 0.65197 -1.1427 1.2702 -0.30002 -0.11984 -0.49072
0.18927 -0.48474 -1.1753 -1.8148 0.17492 -0.66818 0.26163 0.34112 0.17393 -1.7909 -0.57893 0.21526 1.0602 -0.96701 -0.11116 0.45959 -1.0496 1.53 1.0726 -0.21778 1.5597 -0.42709 -0.53047 -1.2029 -0.32281 0.23655 0.32114 -0.93639 1.2383 0.75785 -0.37194 0.6638 -0.19281 -0.2272 -0.9628 1.6815 -0.18657 -0.24977 -0.29822
0.0095238 -0.093755 -0.9768 -1.8199 0.65748 0.29245 0.73431 0.954 0.22664 -1.1481 -0.4119 -0.38697 1.0996 -0.67859 -0.35569 0.85524 -0.66557 0.9848 1.6733 -0.037641 1.1042 -0.63573 0.65294 -1.2367 -0.44287 0.22442 0.52928 -1.1064 0.69582 1.1958 -1.1066 0.80702 0.45088 -0.93467 -0.45308 1.2285 0.30382 -0.12634 -0.13465
0.053757 -0.3426 -0.93335 -1.8571 0.88293 0.50895 0.39847 0.60698 0.2223 -1.3732 -1.2691 -0.28626 1.1155 -0.31098 -0.83914 0.99295 -0.10897 0.45488 2.2182 0.15483 0.54086 -0.72351 0.87766 -1.0182 -0.0032266 0.11907 0.45671 -0.8543 -0.13871 1.5449 -1.3731 0.15569 0.68116 -1.0066 -0.19146 0.34439 1.0426 0.22513 -0.10954
-0.34622 -1.0476 -0.22523 -2.2856 0.54271 1.1175 0.02278 0.29049 0.20164 -1.6435 -2.1841 -0.1693 1.0963 -0.27745 -1.0533 0.72348 0.64216 -0.11225 2.1614 0.50742 -0.082417 -0.56291 0.30677 -0.43636 -0.1418 0.087229 0.027536 -0.46027 -0.77636 1.3509 -1.0465 -1.2359 0.80791 -0.47934 -0.39978 -0.11115 1.4737 0.015036 -0.069157
0.033362 -0.88333 -0.2061 -1.9035 0.68321 1.8231 0.39429 0.7084 0.034607 -0.49738 -1.3855 0.20461 1.1558 -0.34009 -1.1596 0.28228 1.0502 -0.55386 1.116 0.82493 0.13911 -0.84759 0.37273 0.59848 -0.052691 0.12515 -0.051262 0.28903 -1.1521 1.0152 -0.44591 -2.4777 0.66049 -0.26915 -0.60978 -0.050172 1.4862 -0.13785 -0.051102
-0.10532 -1.3335 -0.35565 -1.6492 0.48748 1.9562 0.65134 0.58702 -0.78397 -1.3327 -1.5276 -0.13024 1.1201 -0.62256 -0.94319 -0.15991 1.1647 -0.51747 -0.25974 1.1896 0.34129 -1.3692 0.67579 1.0633 -0.40814 0.10576 0.2732 0.92806 -0.69623 0.49813 0.20017 -2.8676 -0.13181 -0.54506 -0.40919 0.43939 0.7987 0.20283 -0.36391
-0.17421 -1.4356 -0.46767 -0.65772 0.13511 2.0526 1.2667 0.39623 -0.25739 -1.3001 -0.74366 -0.44629 1.1912 -0.24126 -0.40683 -0.60004 1.445 -0.19835 -1.5285 1.0887 -0.21612 -1.5307 0.592 1.3666 -0.15888 0.022967 0.27831 1.5838 0.049456 0.23661 0.80925 -2.0761 -1.1062 -0.95055 0.41882 0.71473 0.11186 0.25121 -0.97612
-0.4634 -1.4238 -0.70766 -0.78788 0.098635 1.1779 1.4967 1.2914 -0.88557 -0.50378 0.31655 -0.42075 1.2658 0.16453 0.11101 -0.06419 1.344 0.092027 -2.2501 0.10637 -0.99945 -1.0355 1.1274 0.86815 0.28838 -0.44712 -0.29287 1.8381 1.0136 -0.21588 0.85232 -0.58205 -1.6174 -0.91642 1.4218 0.72575 -0.21527 0.29414 -1.4921
-0.78443 -1.6619 -0.81834 -1.0058 0.35643 -0.14308 1.3676 0.75157 -1.8026 -0.43958 -0.84418 -0.82426 1.1813 -0.23288 0.9349 0.32389 1.3965 0.6904 -2.0461 -0.80171 -1.0928 -0.19308 1.6573 0.93994 0.070695 -1.1597 -1.0183 1.7231 1.7138 -0.33454 0.43604 0.65083 -1.5478 -0.65863 2.2722 0.48979 -0.37254 0.10208 -1.5433
-0.072014 -1.2616 -0.81958 -0.36466 0.50355 -0.36456 1.1433 -0.40132 -1.723 -0.70643 -0.1959 0.24845 1.0761 -1.1721 1.4266 1.1722 0.82337 0.66967 -1.1828 -1.0297 -1.0547 0.76454 1.6767 0.83244 0.032623 -1.6866 -1.2775 1.3043 1.5638 -0.28376 -0.26573 0.97572 -1.0647 -0.13793 2.4161 -0.19054 0.31161 0.045124 -0.86995
0.45759 -0.6621 0.10593 -0.032268 0.77502 -0.38168 0.22017 -0.77588 -0.97621 1.1619 -0.35721 0.71369 0.40901 -1.4469 1.7866 1.8136 1.1295 0.34676 -0.78856 -1.3721 -1.5094 2.0516 1.3538 0.60944 0.14915 -1.8225 -1.0932 0.13897 0.8815 -0.46576 -0.79105 0.60649 -0.16825 0.46456 1.6686 -0.80903 0.53399 0.080858 0.18619
-1.0343 -0.18711 -0.086535 0.5057 1.2622 0.014043 -0.068486 -0.28226 -0.42299 0.5574 0.4239 -0.97805 -0.32482 -1.5772 1.846 1.9577 0.99171 -0.24679 -0.95824 -1.6957 -1.0749 2.6087 0.88226 1.6974 0.31797 -1.5077 -0.56923 -1.0652 -0.22044 -0.34102 -0.88881 0.14712 0.68235 0.98857 0.21016 -1.1738 0.67298 0.32739 1.1943
-2.0509 0.031355 1.0164 -0.23907 0.51599 0.54168 0.7249 -0.18277 0.75585 0.96287 0.82756 -0.524 -0.44509 -2.0414 0.96518 1.4916 0.50412 -0.36848 -0.9731 -0.80885 -0.16643 2.1749 0.35458 1.6392 0.066683 -0.95775 0.49497 -1.8631 -0.98261 -0.34936 -0.85834 -0.13919 1.4871 1.1699 -1.5068 -0.71355 0.23327 0.51286 1.7731
-1.5705 0.37915 1.235 0.60796 0.4095 -0.98916 -0.28826 -1.1893 1.2531 0.97369 0.3168 0.11199 -0.37551 -1.9263 0.092396 0.94552 0.54882 -0.67713 -0.82011 0.006299 0.23377 1.1121 -0.29212 1.7417 0.69439 -0.22078 1.7084 -1.8784 -1.4123 0.011506 -0.73426 0.21928 1.5796 0.95051 -2.5497 -0.47876 -0.82398 0.18268 1.5927
-1.4248 0.41296 1.1889 0.34557 0.024951 -1.9555 -1.0777 -1.0994 1.074 0.3613 2.1007 0.38103 -0.20649 -0.37478 -0.39662 0.5846 0.74895 -1.0841 -1.1575 0.66284 0.15742 -0.18228 0.4422 1.0866 0.94401 0.3549 2.1242 -1.0506 -1.2107 0.38492 -0.7682 0.94687 1.421 0.92494 -2.6187 -0.29913 -1.1004 -0.12026 0.67052
-1.8385 -0.39487 0.82365 0.33804 0.57139 -0.93144 0.53298 -0.21028 0.88593 0.44748 1.7564 0.24648 -0.17194 0.70945 -0.55821 -0.083684 0.90653 -1.2973 -0.45197 0.6347 0.64723 -1.2549 -0.16567 0.24924 0.21699 0.36923 1.7717 0.27257 -0.96421 0.23811 -0.10763 1.6423 0.76266 1.093 -1.6484 -0.097663 -1.5708 -0.39692 -0.66784
-2.2353 -0.49142 1.2225 0.95968 0.084445 -0.56593 0.41772 -0.02967 0.36608 0.85182 2.1076 1.1395 -0.15472 0.52218 -0.43021 -0.13224 1.024 -1.5318 0.70601 1.634 1.46 -1.8201 -0.33431 0.079486 0.050931 -0.18936 0.81858 1.5827 -0.62781 -0.19101 0.94657 1.8576 -0.44182 0.70899 -0.39553 -0.29889 -1.7379 -0.059383 -1.6647
-1.4207 -0.32484 1.0167 1.2583 -0.60782 -1.583 1.1058 -0.37762 -0.41565 1.7477 1.4471 -0.029634 0.041526 0.86103 0.56941 -0.39865 0.84995 -0.66102 1.4964 0.99477 1.7503 -1.3308 -0.10507 -1.0502 0.34571 -1.0186 0.29526 2.1466 -0.4051 -0.4622 2.0066 1.2602 -1.2455 0.024451 0.72732 -0.03979 -1.5086 0.75168 -1.9075
-0.78698 -0.24072 1.0001 0.88892 -1.3427 -0.44219 0.48692 0.25087 -0.50446 -0.03798 0.61171 -0.20656 -0.087443 1.0397 1.6592 -0.36578 0.45572 0.40985 1.5454 -0.39053 1.0089 -0.93148 -0.21326 -1.9105 0.74419 -1.6101 -0.10139 1.7869 -0.13155 -0.50538 2.5157 0.59256 -1.8514 -0.71132 1.0858 -0.16792 -0.74417 1.0504 -1.3992
-1.3337 -0.014751 1.0547 1.9321 -1.2572 -0.40008 1.5636 0.9541 -1.0468 0.13498 1.5843 0.70012 -0.85318 0.98251 1.9463 -0.68106 0.38874 1.5749 1.6155 -0.79261 0.91241 -0.26846 -0.30548 -1.9203 1.3202 -1.9663 -0.92206 0.69313 0.2592 -0.41614 1.796 -0.30283 -0.94592 -0.96493 0.61408 0.069688 0.57731 0.55825 -0.33036
-0.91391 1.1168 0.36717 0.96332 0.43619 0.59779 0.085161 1.6104 -0.11425 0.67075 0.43509 1.2911 -1.5568 0.26679 1.8376 -0.22158 0.37617 2.1687 1.804 -1.0928 0.45314 -0.21258 -0.58333 -1.0421 1.5975 -1.9511 -0.97359 -0.53985 0.35483 -0.38873 0.44598 -0.7162 -0.082173 -0.84934 0.47159 0.453 1.6968 -0.19619 0.96355
-1.1394 1.4843 0.70105 1.0062 1.3458 0.94439 -0.15313 0.32096 -0.51872 0.68564 -1.3195 1.5574 -1.7589 -0.45019 1.6336 -0.010486 0.1694 1.8992 0.74132 -0.50988 0.097291 -0.48319 0.23134 -0.26151 0.99085 -1.38 -0.75726 -1.4084 0.55066 -0.38197 -1.1435 -1.0313 0.58426 -0.68894 0.27241 0.35407 1.8642 -1.33 1.8258
-0.86073 1.4351 0.37206 1.8687 1.2401 0.5876 -0.12713 0.92323 -0.24965 0.71202 -0.15562 2.5262 -1.9095 -0.036022 0.93666 -0.071731 -0.10637 1.1007 0.53344 -0.70432 -0.2842 0.10149 0.47726 0.83771 0.50602 -0.37276 0.015739 -1.8115 0.30253 -0.5741 -1.9283 -1.2066 0.4882 0.24497 0.61705 0.66245 1.4036 -2.0697 1.9858
-1.0337 1.4425 1.1437 1.6552 1.0047 0.84131 -0.00016748 0.32096 -1.1996 -0.12439 0.66512 1.427 -1.8601 -0.26191 0.086203 0.21957 -0.029784 -0.08343 0.17426 0.13953 -0.10014 0.10668 -0.085261 1.0694 -0.7531 0.14933 0.87037 -1.999 0.13842 -1.0408 -1.7019 -0.77195 -0.30048 0.61461 0.61217 0.17288 0.15414 -2.2042 1.9415
-1.7212 1.6891 0.92574 1.1137 0.56115 0.18439 0.61851 1.1125 -1.3591 0.62422 0.85337 1.1042 -1.7147 0.19252 -0.3637 0.20027 -0.52437 -0.5361 -0.3383 -0.47833 1.0307 0.7054 0.97517 1.2533 -1.5954 0.44413 1.4132 -1.7726 -0.018287 -1.2081 -0.94715 -0.71167 -0.99281 0.52462 0.14837 -0.38769 -1.0593 -1.5669 1.7096
-0.90079 1.3371 0.4065 1.4246 0.90481 0.94825 -0.19353 0.71902 0.22615 1.4497 2.4604 1.9906 -1.3631 1.0206 -1.0002 0.10027 -1.4485 -0.54456 -0.38287 -1.2208 0.6549 0.41813 0.35117 -0.13648 -2.2863 1.3008 1.9179 -1.3639 -0.015433 -1.0724 -0.20695 -0.51279 -1.5348 -0.23575 -0.31205 -1.0376 -1.4012 -0.40809 1.5033
-1.2088 1.2782 0.79739 0.89308 0.79266 1.0554 0.11397 1.0901 -0.014082 0.036288 -0.10196 -0.21805 -1.6185 1.9019 -1.4309 -0.042373 -1.5203 -0.48496 -0.62799 -1.9713 0.37413 0.23293 -0.55319 -0.7789 -1.8095 1.7712 1.4084 -0.88436 -0.26565 -0.5009 -0.65705 -0.72154 -0.44083 -1.1066 -1.0485 -1.9073 -0.57486 0.030637 1.1855
-0.66498 0.94058 1.0454 0.73486 0.63601 -0.094216 -1.1712 2.19 0.32291 2.659 0.76427 -0.37953 -1.3343 2.3871 -1.6174 0.31564 -1.4147 -0.50701 -0.72481 -2.1173 -0.25044 -0.27935 -1.5026 -0.85301 -1.4631 1.8766 0.49087 -0.19033 -0.7471 0.33527 -1.1549 -0.88997 0.90321 -1.4966 -0.64239 -0.97287 0.82717 0.66372 0.57689
0.30196 0.04709 0.67489 -0.22838 0.35095 0.14145 -1.5087 1.0317 -0.83737 -0.19573 -0.20007 -0.95292 -0.0048198 2.0798 -1.5018 -0.37503 -1.4117 -1.8153 -1.627 -0.90146 -0.72972 -1.0227 -2.1118 0.41098 -1.9665 2.0404 -0.74594 0.58613 -1.1241 0.64104 -1.3152 -0.59477 2.0347 -1.6798 0.25697 0.083376 0.74832 0.69639 -0.074908
0.49382 0.013857 1.0248 -0.14308 0.29217 -0.048358 -2.0106 0.65927 -1.0897 -1.1068 0.2424 -0.46918 0.10304 1.8218 -1.2675 -1.0522 -0.89203 -2.0936 -1.6785 -0.0077367 -1.7829 -0.22881 -0.91466 1.017 -0.92987 2.0803 -1.6622 1.2259 -1.226 0.64301 -0.7786 -0.30302 2.0689 -1.1747 1.6132 1.5126 -0.089043 1.0931 -0.84532
0.55753 -0.018502 1.1531 -0.18622 0.13182 -0.30443 -1.6607 0.67365 -0.78448 -0.69149 0.5136 -0.29349 0.067716 0.80948 -0.62879 -1.3438 -0.62924 -2.2131 -1.3583 0.92706 -2.2144 0.70934 -0.66697 -0.13132 -0.73433 1.5445 -1.7524 1.3662 -0.74891 0.28965 0.48605 0.28515 1.129 -0.47559 2.4216 2.1363 -1.1584 1.5872 -1.2973
0.7679 -0.27608 -0.5213 -0.27634 -2.0611 -1.4082 -0.45525 0.031863 -0.91469 -1.1721 3.1149 -2.3379 0.61883 -0.030889 -0.022443 -1.3654 -0.65005 -1.8013 -1.4853 0.98828 -1.8567 2.0352 0.96624 -0.76054 0.038125 0.77176 -1.5264 1.2818 0.023724 -0.22335 1.5175 0.47921 0.072268 0.22812 1.9347 1.5792 -1.0653 1.4758 -1.3201
0.5805 -0.24241 -0.28594 -0.1558 -1.3969 -1.2699 -0.34165 -0.97334 0.32155 0.87908 0.29861 -1.222 0.71037 -0.21227 0.13848 -1.5404 -1.0028 -1.0316 -1.1783 0.78856 -1.6491 2.6225 1.4531 -1.1282 0.63245 0.62147 -0.90459 0.94712 1.0239 -0.31151 2.3406 0.75385 -0.91412 0.49281 0.62636 1.0202 -0.10681 1.7915 -1.0977
0.30767 0.056934 -0.31431 -0.4703 -1.7068 -1.4148 -0.72309 -0.76512 0.97406 0.60198 -0.81125 -1.2295 0.7321 -0.4718 0.47254 -0.90989 -1.0841 0.22167 -0.83672 0.19008 -1.6203 2.6302 1.357 -0.71662 1.2519 0.43226 -0.43548 0.56768 1.519 0.03359 1.9403 0.96418 -1.0278 0.42964 -1.1736 -0.54457 1.2616 1.173 -0.82545
0.35641 0.040175 -0.50901 -1.2618 -1.301 -1.5924 -0.94593 -1.2417 1.6616 0.17055 -1.0765 -0.06079 0.72077 -0.63573 0.69579 0.24066 -0.94721 1.2584 -0.20384 -0.46764 -1.3602 1.6431 1.2916 -0.36933 2.141 -0.04085 -0.09619 0.33437 1.6901 0.69807 0.90617 0.96884 -0.65815 0.24118 -2.3147 -1.0614 1.8414 0.56015 -0.77819
0.4362 0.10827 -0.82079 -1.2844 -0.8727 -1.5451 -0.91596 -1.147 2.1168 0.76699 0.16307 0.41149 0.72542 -0.62567 0.64555 0.43161 -0.60149 0.76968 -0.074843 -0.39888 -1.1545 0.20079 -0.095791 1.5223 1.5572 -0.21819 0.22979 -0.092348 1.0623 0.93042 -0.61153 0.78317 -0.34632 0.19198 -2.8164 -1.0924 1.1945 -0.07614 -0.6273
0.10317 0.4929 -0.27426 -1.2255 -0.26482 -1.7856 -0.80575 -1.741 2.2307 1.0923 1.3846 0.2776 0.75671 -0.32046 0.61407 0.77877 0.0093684 0.42907 0.3477 -0.21191 -1.4107 -0.74064 -0.052174 1.634 1.5553 -0.29908 0.51169 -0.36135 0.3804 0.73609 -1.3481 0.53482 -0.087786 0.28948 -2.2011 -0.61001 0.097622 -0.43031 -0.30127
0.037222 0.49098 0.097742 -1.1074 -0.65644 -1.4453 -0.98307 -2.089 0.85855 1.3353 1.2642 0.89536 0.52359 -0.21753 0.37213 0.70118 0.1027 -0.53682 0.42466 -0.62501 -1.2217 -1.7468 -0.26804 0.80273 1.3766 -0.44389 0.64825 -0.52074 0.066063 0.38009 -1.0393 0.26662 -0.22875 0.7343 -1.104 0.4244 -1.103 -0.27933 -0.085589
-0.14515 0.49885 0.17749 -0.89071 -0.95251 -1.3535 -0.98612 -2.2652 0.63178 -0.093304 1.3962 0.72253 0.45968 0.088394 0.24784 0.78041 0.021487 -0.67281 0.58895 -0.53793 -0.75907 -1.7368 0.097112 0.20439 1.3708 -0.4136 0.73961 -0.43768 -0.040969 0.14332 -0.3817 -0.23607 -0.24954 1.1911 0.1262 0.77252 -0.88605 -0.73216 0.027003
0.26106 0.74694 0.3898 -0.74394 -1.1815 -0.93738 -1.0903 -2.6316 0.54219 0.50278 0.71721 1.5568 0.45378 0.34819 -0.018722 0.54962 0.082618 -0.67207 0.31292 -0.69395 -0.026891 -1.4878 0.72824 -0.074244 1.084 -0.30274 0.57664 -0.032424 -0.06622 0.35385 0.67482 -0.23859 0.29355 1.4851 0.77353 0.9496 -0.48113 -1.1326 -0.1525
0.20263 0.28871 -0.14432 -1.5206 -1.9087 -1.319 -1.9697 -2.5549 -0.38906 0.20803 0.29081 2.0973 0.22714 0.74228 0.099011 0.78416 0.29014 -0.23613 -0.089209 -0.67604 0.35529 -0.62676 1.0818 0.21743 0.2511 -0.33201 0.10726 0.1099 -0.12977 0.54313 1.1168 -0.033287 0.63541 1.5024 0.72221 0.1967 -0.072833 -1.467 -0.30046
0.41947 0.60569 0.46626 -1.1527 -0.90814 -0.877 -1.1392 -1.9583 0.35631 1.8584 1.5172 2.035 0.38115 0.50266 0.40404 0.58427 0.61205 0.53627 0.26594 0.003858 1.1699 -0.77976 1.2448 -0.20717 -0.29684 -0.73316 -0.20528 0.064988 -0.13681 0.53793 1.1524 0.19104 0.85435 0.86566 0.67071 -0.74806 0.084525 -1.3768 -0.077202
0.2621 0.44052 0.6252 -0.81114 -1.0833 -1.5751 -1.7047 -1.7741 -0.18811 2.178 1.4226 1.4751 0.40311 0.19864 0.22854 0.5357 0.73574 0.86134 0.52351 0.33923 1.6259 -0.67013 0.25779 0.12626 -0.82551 -0.6827 -0.37553 -0.42602 -0.58585 0.052354 0.37773 0.10368 0.43441 0.069599 0.48011 -1.571 -0.33849 -0.69039 0.4815
0.85774 0.74855 1.2519 -0.44899 -1.1203 -1.5146 -1.7846 -1.9044 0.16648 1.6382 1.4509 0.78641 0.0080961 0.23509 0.034577 0.43402 0.82958 0.98573 0.36442 0.45117 1.0529 -0.1472 -0.43123 0.15773 -1.0881 -0.25584 -0.11474 -0.81808 -0.73713 -0.58575 -0.43807 -0.2421 -0.22765 -0.75076 0.89485 -1.7363 -0.43084 -0.085498 1.1549
0.20805 1.1824 0.44919 -0.1266 -0.231 -0.37565 -0.61853 -0.61357 -0.80401 1.1005 0.079669 0.76988 -0.58312 0.17934 -0.40751 -0.1744 0.29096 0.26135 0.045415 -0.065345 0.54339 -0.00060504 -1.3855 -0.66839 -0.72212 0.19143 -0.050607 -0.78502 -0.6162 -1.0329 -0.79431 -0.63517 -0.69749 -1.2127 1.0015 -0.94884 -0.53374 0.32461 1.3397
0.40764 0.51445 0.74401 -0.47159 -0.56162 -0.33502 -1.1466 -0.61784 -0.50885 0.53915 1.1533 1.0016 -0.074424 0.29322 -0.61542 -0.36181 -0.18635 -0.0045741 0.00020708 -0.24979 0.20686 0.64712 -1.5871 -0.70745 -0.53504 0.66522 0.0089065 -0.3155 0.11995 -1.0711 -0.76676 -0.71471 -0.93301 -1.1927 0.92713 -0.36947 -0.014455 0.36826 0.92278
0.58169 0.15476 0.55009 -0.58528 -0.515 -1.377 -1.4851 -1.6773 0.091184 0.57394 1.3225 0.57755 0.41583 0.067943 -0.72945 -0.15374 -0.56926 -0.16688 -0.58201 -0.6819 -0.37554 0.90497 -1.1588 -0.55519 -0.48693 0.98674 -0.0074028 0.70097 0.90847 -0.32865 -0.29474 -0.061575 -0.62392 -0.64825 0.34452 0.012196 0.55281 -0.096762 -0.20849
0.6226 0.10985 0.36462 -0.71887 -0.96865 -1.3321 -1.6365 -1.332 0.39872 0.43989 0.23246 0.9366 0.74115 0.29815 -0.31355 0.63778 -0.62077 -0.27073 -0.76793 -1.0712 -0.87215 1.2254 -1.3185 0.079338 -0.50528 0.81199 -0.75693 0.89957 1.0234 0.57286 0.42822 1.1614 0.38672 0.36098 -0.72003 0.24603 0.77853 -0.44502 -1.3163
0.7382 0.060301 0.51034 -0.82376 -1.1006 -1.3825 -2.0028 -1.3673 0.7112 -0.12034 0.28516 0.23257 0.75368 0.15437 0.6079 0.93393 -0.05716 -0.17178 0.28422 -0.88289 -0.21728 0.38486 -1.4896 0.10958 -0.94552 -0.21966 -1.4984 0.526 0.50782 1.1835 1.2154 2.0711 1.627 0.93607 -1.5154 0.40411 1.0488 -0.85242 -1.6468
0.52492 0.27222 1.0553 -0.9871 -0.73044 -1.6856 -2.0065 -1.917 0.74337 0.10179 0.41573 0.067409 0.58142 -1.1452 0.20961 0.90566 0.58925 0.81683 1.8575 0.59211 0.83764 -0.52094 -0.89878 0.60628 -1.195 -0.83515 -2.0761 0.30205 -0.45292 1.5468 1.6884 2.085 2.2302 1.2536 -1.9019 0.95891 0.46617 -0.51959 -1.6542
0.52927 0.78466 1.4582 -0.88828 -0.45017 -1.0168 -1.9193 -1.6161 0.71145 -1.0915 1.0885 0.36777 0.2968 -1.9636 -0.11308 0.61213 0.93916 1.6165 2.2074 1.6451 0.6249 -1.221 -0.51266 1.3959 -1.8276 -0.81999 -1.6041 0.29716 -1.1407 1.4351 1.4055 1.315 1.7403 0.86532 -1.1025 1.3947 -0.4672 0.42279 -1.2674
0.70231 1.1524 1.6675 -0.27601 -1.0194 0.086654 -2.4232 -0.89425 -0.23093 -1.3082 1.4852 -0.69356 -0.32213 -2.4542 0.55576 4.4479e-06 1.638 2.0685 2.4003 1.9989 1.1944 -1.7343 0.2179 0.42531 -1.0992 -1.5299 -0.36614 0.75341 -1.245 1.0729 0.40748 -0.10422 0.43289 0.46211 0.08472 1.6338 -1.4861 1.2177 -1.0162
-1.2031 -0.40574 1.0716 0.29416 0.88337 1.2204 0.12058 -0.16681 -0.56936 0.21946 1.5341 -1.0636 -0.18323 -2.138 0.93558 -0.62786 1.9775 1.8938 2.6092 1.7932 1.3187 -1.192 0.89511 -0.77402 -0.18638 -1.8979 0.4804 0.53566 -0.87371 0.11758 -0.040761 -1.2707 -0.083548 -0.056999 1.3199 1.4353 -1.9226 2.2643 -0.31947
-1.221 -0.093167 0.94156 0.12811 0.93657 0.70132 0.19368 -1.1874 -0.96116 -0.35848 2.0708 -2.0438 0.23332 -1.7376 0.93805 -0.67338 1.9875 1.4574 1.4264 1.3494 1.4021 -0.37403 1.8441 -1.426 0.34508 -1.9213 1.3643 0.053009 -0.16234 -1.1897 -0.45112 -2.4537 -0.46735 -1.3415 1.6277 0.13436 -1.2815 2.1422 1.0343
-1.3648 1.7163 0.72139 1.2182 1.3514 1.0225 -0.3714 0.10986 -1.3329 0.22465 -0.044827 -0.35149 -1.5335 -1.451 0.58964 -0.59377 0.98952 1.8424 0.14093 1.7947 0.39852 0.70007 1.7027 -1.7137 1.8568 -1.1389 1.2596 -0.47069 0.57136 -1.76 -0.74978 -3.0585 -0.34243 -1.9248 1.3918 -1.4506 -0.61387 1.3718 1.9275
-0.92214 1.7838 0.61649 1.3095 1.0857 1.9065 -0.52288 -0.26997 -0.12815 0.78911 -0.7037 0.57046 -1.7084 -0.3079 0.82705 -0.30201 0.041402 1.2283 -1.275 1.075 -1.0264 0.52883 0.10174 -1.7917 2.0471 -0.26615 0.80364 -1.1869 0.8125 -1.8444 -1.0494 -2.4792 -0.17253 -2.1606 0.83227 -2.6057 0.19769 0.18488 2.6289
-1.0597 1.3784 1.0181 1.6017 0.81362 0.64578 -0.47622 0.74526 0.12317 1.3603 -0.020016 0.050115 -1.6949 -0.55478 0.22619 0.19859 -0.15034 0.57026 -2.1542 1.2507 -1.3098 1.0997 -1.2854 -1.8738 1.6246 0.34154 0.25338 -1.3633 0.67417 -1.0976 -1.3056 -1.629 -0.44531 -1.711 -0.083643 -2.6747 0.97008 -1.0043 2.1919
-1.7715 0.41549 0.70344 0.38509 2.547 0.32767 1.6043 -0.98368 0.49252 1.1069 -0.27219 1.8367 -0.66025 -0.72281 -0.82564 0.36889 -0.69299 0.08139 -2.3863 1.2729 -2.0561 1.0642 -2.1471 -0.92154 0.80315 1.5235 -0.22435 -1.0912 0.1791 -0.54287 -1.1706 -0.20632 -0.90163 -0.91295 -0.052925 -1.1459 1.6386 -1.126 1.123
-1.4321 0.88471 0.57099 0.089604 2.3681 -0.95433 1.2404 -2.5942 -0.91767 -0.90207 -0.79959 0.78546 0.0044356 -0.78847 -0.82016 0.26467 -0.57083 -0.087014 -2.5705 0.81566 -2.5034 0.26128 -2.8035 -0.099737 0.49636 1.4546 0.13477 -0.056462 -0.074929 -0.14667 -1.4105 1.3439 -1.9824 0.53399 -0.022136 0.56038 1.9258 -0.76069 -0.39355
-1.7726 1.3239 1.3919 0.91273 0.87501 -1.7481 0.76875 -1.804 0.85037 -2.3595 -1.6353 0.401 -0.53697 -0.61089 -0.4375 -0.016374 -0.69316 -0.68731 -1.5004 -0.47687 -2.257 0.83762 -1.5488 0.77654 0.39083 0.96196 0.15712 0.59835 -0.078661 0.30352 -1.1189 2.6895 -2.1332 1.9405 0.29659 2.2483 1.5858 -0.27515 -1.8455
-1.8156 0.65039 1.0522 0.66231 1.1293 -0.76186 0.59602 -1.9325 0.58288 -1.3578 -1.1637 1.3035 -0.20279 -0.37288 -0.050003 0.26079 -0.39322 -1.7493 0.056785 -1.7502 -0.15483 1.1634 -0.39935 1.3364 0.32453 -0.010405 0.17524 0.52976 -0.016406 0.31943 -0.1619 3.1836 -1.1108 2.3388 0.21447 2.7868 1.2655 -0.1196 -1.8736
-1.6623 0.43941 0.86739 0.6715 1.2618 -1.5827 0.57401 -3.3013 -0.0049727 -2.042 0.29606 1.3143 -0.18694 -0.65179 -0.21353 0.2338 -0.22728 -1.2328 1.6339 -1.6138 0.62556 1.1931 1.3922 1.7046 0.33186 -0.69099 0.67552 0.087061 -0.13812 -0.054175 0.17884 1.8986 0.2189 2.0309 -0.15736 1.6989 -0.069944 -0.47939 -0.9631
-1.972 0.62078 0.72405 -0.10483 0.74888 -1.1413 -0.49359 -2.5179 1.7039 0.41815 1.4064 1.0905 -0.24846 -0.45604 -0.047999 0.11261 -0.22107 -0.12598 2.1803 -0.79302 0.70445 0.5013 1.6017 2.1068 0.2727 -0.71073 1.4218 -0.47148 -0.4915 -0.76302 0.021474 0.48527 1.1864 0.82621 -0.13347 0.33303 -1.2219 -1.1521 0.69425
-2.0442 0.78253 1.272 -0.15002 0.10433 0.48994 -0.50967 -0.83879 1.4577 -0.68567 0.51181 2.0454 -0.62149 0.65892 -0.28405 -0.18443 -0.85835 -1.1578 1.1965 -0.54113 1.3492 0.85194 1.0345 0.25286 -0.53968 -0.2284 2.1936 -0.91708 -0.56356 -1.0886 -0.79262 -0.71222 1.4619 -0.019218 -0.16689 -1.3008 -1.6748 -1.7136 2.0499
-2.2301 0.84959 1.2054 0.62929 0.6168 0.90166 -0.62018 -1.7554 0.79332 0.30356 0.60929 0.49302 -1.1313 1.5667 -0.78093 -0.39697 -1.4125 -1.7471 1.2193 0.013331 1.1198 1.0644 0.48569 -0.49929 -1.511 0.85951 2.0746 -1.4218 -0.47848 -1.0301 -1.351 -1.1732 1.1351 -0.70419 0.03446 -1.6338 -1.0789 -2.0592 2.5408
-2.0946 0.9767 1.3725 0.79605 1.3562 0.75759 0.42192 -1.295 1.2714 -0.57062 1.6803 1.2981 -1.015 2.3454 -1.3477 -0.50568 -1.5432 -1.9423 0.67325 0.81989 0.37054 0.57594 -0.78582 -0.5065 -2.1451 1.7859 1.1481 -1.2752 -0.12782 -0.41374 -0.82677 -0.67727 0.82473 -0.79652 -0.24604 -1.2991 0.23586 -1.2549 2.076
-0.42667 -0.32033 0.21515 -1.3093 -1.1362 -0.64929 -0.30135 -0.7621 1.8146 -0.12976 -1.273 0.29658 0.24792 2.4912 -1.8488 -0.57062 -1.6865 -2.3237 0.082742 0.72634 -0.21779 0.70147 -0.9257 0.22584 -2.969 2.3267 0.053478 -0.66819 0.18766 0.56081 -0.31614 -0.25251 0.16728 -0.19025 -0.68734 -0.42526 0.61796 -0.22596 0.59523
-0.24408 -0.45234 0.43443 -1.5555 -1.2878 0.3992 0.14632 -2.0252 2.205 -0.68388 0.60899 -1.2971 1.1265 2.2905 -1.8411 -0.32153 -1.4374 -2.4551 0.39326 0.6974 0.42258 0.54153 -0.99223 0.395 -2.2829 2.3417 -1.0462 0.26692 0.45802 1.7729 0.72143 0.33638 -0.13687 0.64969 -0.91276 0.3217 0.83208 1.0964 -1.1428
-0.12613 -0.66778 0.66979 -1.4888 -1.5061 0.75189 0.50405 -1.2906 2.0696 -1.0476 0.86951 -1.424 1.265 1.6832 -1.6246 -0.15525 -0.45509 -2.098 0.8338 0.38831 0.70584 -0.28193 -0.30249 0.35835 -1.9031 1.525 -1.2972 0.75958 0.35631 2.2708 1.487 0.10941 -0.14318 1.4136 -1.2739 0.59929 -0.0079137 2.3117 -2.2154
-0.18902 -1.1573 0.8772 -1.1982 -2.1059 0.85348 0.19647 -1.3369 1.7614 -1.6466 1.1846 -2.4629 1.1545 0.8244 -1.0089 0.098394 0.99848 -0.67446 0.94505 0.70989 1.1937 -0.74119 -0.41511 1.186 -0.5543 0.35979 -1.1102 0.84986 -0.15809 1.7955 1.7288 -0.64227 -0.23472 1.3996 -1.2694 0.96787 -0.75221 2.5866 -2.1803
-0.039375 -1.0255 0.78697 -0.7441 -1.7133 1.1309 0.57049 -0.6778 1.5143 -0.71079 1.0817 -1.5427 1.1971 0.83961 -1.002 -0.14862 1.135 -0.36647 0.0021296 0.42877 2.2031 -1.1793 0.052884 -0.1777 0.66579 -0.21894 -0.68728 0.72322 -0.49444 0.60728 1.545 -1.3273 -0.10581 1.0797 -0.63635 0.88103 -1.2658 2.5655 -1.2649
0.24228 -1.3317 0.55869 -0.56453 -2.0556 1.0536 0.5464 -0.12984 1.037 -0.46779 0.69524 -1.3542 1.0236 0.67008 -0.74071 -0.60229 0.96501 -0.010025 -0.49269 0.20745 2.4525 -1.5231 0.87375 -0.91054 1.469 -0.26698 -0.35671 0.45995 -0.69861 -0.54014 0.68479 -1.5196 -0.4023 0.19202 -0.26972 0.62172 -1.428 1.386 -0.3171
0.49316 -1.4905 0.28425 -0.27428 -1.8649 0.64306 0.74232 0.2151 1.2394 -1.2254 1.1709 -0.87538 0.97554 0.49267 -0.55573 -0.67699 0.65427 0.52852 -1.1134 0.42105 2.2177 -1.1538 0.91379 -1.2473 2.0803 -0.18327 -0.4193 0.58682 -0.24559 -0.63329 0.37936 -0.82943 -0.2496 -0.82192 0.23027 0.13959 -0.46621 0.24968 0.13088
0.49603 -1.7086 0.52502 -0.36872 -1.778 0.38934 0.67002 1.071 0.54843 -0.82583 0.185 -0.55256 0.98406 0.33563 -0.46294 -0.87046 0.29885 0.18858 -1.5463 -0.082573 1.5598 -1.2926 0.46884 -1.2742 1.4281 -0.16887 -0.24893 0.72131 0.32966 -0.51868 -0.045164 -0.11532 -0.059166 -1.3818 0.51945 -0.15553 0.34924 -0.46836 0.18886
0.27177 -1.5253 -0.051911 -0.31919 -1.6957 0.22656 0.51035 1.8173 -0.19767 0.41369 -0.46975 0.35683 0.98916 0.22996 -0.16268 -0.44669 0.36307 0.25957 -1.1456 0.075063 1.0034 -0.84563 0.55398 -0.96787 1.1549 -0.064778 0.066233 0.91988 0.49244 -0.32386 -0.48903 0.69036 -0.07422 -1.7856 0.92209 -0.14728 1.247 -0.83719 0.13602
0.27416 -1.7367 0.18342 -0.26799 -1.1877 -0.55103 0.97988 1.1316 0.66721 -0.35681 -0.31747 0.64789 0.98981 0.33658 0.26264 -0.1326 0.20864 0.036419 -0.72891 0.25285 0.29847 -0.65707 0.73054 -0.30708 0.9969 -0.03058 0.42142 1.0116 0.74339 -0.38243 -0.57961 1.2273 -0.21525 -1.9965 1.4524 0.099199 1.4269 -0.87427 0.026745
0.52326 -1.6107 -0.47816 -0.33477 -1.9848 -0.7482 0.18786 1.1383 -0.44751 -0.33493 -0.46118 -0.10293 0.92389 0.60454 0.60866 -0.17329 0.14252 -0.33385 -0.16981 0.096407 -0.71703 0.34387 0.4772 0.90069 0.64017 -0.040989 0.40533 0.90713 0.70465 -0.79078 -0.53567 1.1079 -0.97305 -1.6861 1.3771 0.26932 0.80913 -0.81469 -0.11428
0.64132 -1.5542 0.34881 0.15837 -1.6713 0.0019122 0.94087 1.2917 0.3656 -0.044767 -0.14957 0.30473 0.94753 0.91121 0.82974 0.30912 -0.25149 -0.62671 0.38751 -0.52502 -1.5655 0.97554 0.72077 0.80133 -0.042781 -0.14352 0.093482 0.70503 0.73478 -0.92965 0.094725 0.42791 -1.4477 -1.0369 1.2333 0.20561 -0.16744 -0.56353 -0.22431
0.82404 -1.091 0.30127 -0.20273 -1.7711 -0.23975 1.1347 0.91478 0.080865 0.043077 0.72419 0.92693 0.9731 0.67604 1.0599 0.58023 -0.79084 -0.43669 0.48014 -1.4447 -1.4318 1.0523 1.1308 0.18842 0.062955 -0.19586 -0.39874 0.66492 0.32225 -0.88806 0.64846 -0.67118 -1.6121 -0.56532 0.47199 -0.19393 -0.94353 -0.64662 -0.37498
0.93529 -0.94561 -0.084468 -0.29848 -2.2158 0.15908 0.43542 0.17012 1.1842 0.33078 1.2862 0.60429 0.94205 0.46308 1.21 0.79169 -0.95466 0.26783 -0.22428 -1.8104 -1.4183 1.419 0.84148 -0.29452 0.16463 -0.31607 -0.79026 0.56803 -0.30766 -0.32421 0.96442 -1.0948 -0.93983 0.026428 -0.05413 -1.0177 -0.93727 -0.81449 -0.45962
1.1392 -0.70405 0.45336 -0.81418 -2.2986 0.33253 -0.45268 -0.64555 1.3181 1.3486 -0.19638 -0.062673 0.7579 0.089377 1.5254 0.15717 -1.0622 0.4598 -1.2233 -2.4151 -1.9256 1.0486 0.012826 -0.52736 -0.74684 -0.55781 -0.7399 0.4869 -0.74955 0.31198 1.1158 -0.73074 0.37842 0.59046 -0.56112 -1.6045 -0.47562 -0.97718 -0.53647
0.80694 -0.59675 0.80216 -1.3095 -1.6457 -0.39128 -1.1798 -0.21121 1.4137 0.76639 -0.56457 0.65246 0.76376 -0.25175 1.5442 -0.021229 -0.67329 0.77133 -0.96391 -1.8837 -1.275 0.86461 -0.85973 -0.80359 -1.2493 -0.70054 -0.62334 0.35449 -0.9767 0.63279 1.1412 0.24248 1.5168 1.3183 -1.0807 -1.4719 0.0064356 -0.53747 -0.43992
1.0168 -0.15333 0.6611 -0.98231 -1.309 -1.1417 -1.3183 -0.21802 1.4014 0.45907 -0.51727 0.35384 0.56868 -0.33058 1.7063 -0.3364 -0.36203 1.4478 -0.62803 -0.68276 -0.3365 0.21526 -1.3945 -0.54884 -1.1595 -0.86412 -0.29912 -0.028419 -0.71238 0.8389 0.87085 1.2419 2.2522 1.6371 -1.0286 -0.95675 0.065458 0.31433 -0.20367
0.68132 0.51183 0.11469 -1.0226 -1.2802 -1.6601 -1.4817 -1.7383 1.5974 -0.41798 0.15029 -1.0096 0.30297 -0.47751 1.7148 -0.6862 -0.16693 1.9588 -0.0616 0.26733 0.40374 -0.30503 -1.5513 -0.26163 -0.69898 -0.86951 -0.097296 -0.57784 -0.55229 0.63741 0.26234 1.41 1.8647 1.1888 -0.82017 -0.25849 -0.37126 0.85119 0.12794
0.62744 0.59594 0.065743 -0.95021 -1.2315 -0.46779 -0.88694 -0.54175 1.5832 -0.92372 -0.15551 -0.94035 0.23818 -0.35452 1.4042 -0.76772 0.18754 1.5331 0.77632 0.88647 0.48671 -0.40419 -1.6525 -0.65205 -0.42697 -0.80334 0.11114 -1.3862 -0.1619 0.46141 -0.48412 1.0652 0.99462 0.75804 -0.52637 0.47506 -0.98371 0.94706 0.50831
0.78859 0.95996 -0.22193 -0.98831 -0.24435 -0.15032 -0.4841 -0.063645 1.3994 -0.63242 -0.17064 -0.86002 -0.068913 -0.42692 0.75378 -0.77993 0.19792 1.2298 1.1194 0.95348 0.67216 -0.45159 -1.2707 -1.5243 0.028828 -0.53239 0.33478 -1.8578 0.094289 0.43162 -1.0708 0.19126 0.21034 0.0059665 -0.1032 0.8336 -0.93207 0.52058 0.70989
0.52216 1.1658 0.05299 -1.347 0.53652 -0.19489 -0.56736 0.19908 0.63653 -0.45636 -1.1479 -0.19622 -0.097323 -0.16128 -0.087038 -0.57372 0.28976 0.88324 0.88023 0.9003 1.03 -0.75705 -0.52935 -1.978 0.30838 -0.22784 0.36317 -1.8249 0.24618 0.38956 -1.2452 -0.56761 -0.26995 -0.32088 0.15003 0.8022 0.027667 -0.22075 0.77291
0.53381 0.95788 -0.11478 -0.70089 -0.25136 -0.0055431 -0.34537 -0.043288 1.1526 -1.9606 -1.4524 0.0045632 -0.072669 0.030052 -0.5908 -0.61447 0.5634 0.23057 0.24474 0.65807 0.13491 -0.33834 -0.35207 -1.5505 -0.068512 -0.031125 0.37356 -1.1881 0.47271 0.39858 -1.2897 -0.73632 -0.46659 -0.54028 0.085561 0.41277 1.4529 -0.86481 0.45404
0.47011 0.74088 -0.63913 -0.66751 -0.20224 -0.13475 -0.38768 -0.21279 1.0777 -1.2843 -2.4254 -0.51538 0.0019462 0.073168 -0.92051 -0.41319 0.71173 -0.35451 0.060588 0.49579 0.10719 -0.17037 -0.41725 -0.57213 -0.82917 0.17263 -0.12372 0.14053 1.0555 0.3632 -0.58486 -0.66414 -0.90952 -0.23909 -0.29286 0.29937 2.1656 -0.5017 -0.23877
0.60563 0.2437 -0.52157 -0.73241 -0.25397 -0.20402 -0.16695 0.14718 0.44466 -0.81139 -2.2008 -0.90078 0.06705 0.13106 -0.7769 -0.022452 0.70986 -0.62373 0.040175 0.23411 0.04845 -0.58183 -0.45262 0.83737 -1.1122 -0.014298 -0.70232 1.3779 1.7678 0.44185 0.22032 -0.5343 -1.2855 0.14712 -0.72086 0.53638 2.2453 0.54966 -0.91362
0.7999 0.11201 -0.65071 -0.24407 -0.53398 0.013585 0.07595 -0.25782 1.3727 -1.2368 -1.7405 -0.96962 0.064937 -0.44732 0.24859 0.99836 0.87676 0.18833 -0.36283 -0.67257 0.58801 -1.2197 0.15619 1.3917 -0.16982 -0.62224 -0.97306 2.0667 1.8702 0.51539 0.71255 -0.46015 -1.3732 -0.25582 -0.90883 0.92618 1.775 1.4684 -1.2839
0.67992 0.18822 -0.38635 -0.32322 -0.21917 -0.12287 -0.046096 0.40816 0.79449 -1.3389 -0.76793 -1.9071 0.084321 -1.0049 1.1068 1.807 1.2804 0.37978 -0.6303 -1.2753 0.17847 -1.2435 0.49581 2.1988 0.6568 -1.0954 -0.81291 1.8138 1.2964 0.42781 0.69514 -0.42539 -0.94096 -0.3416 -0.88757 1.0502 0.50972 1.5981 -1.0281
0.50561 0.44157 0.20209 -0.35367 -0.58563 -0.10635 -0.49155 0.024105 -0.43012 -1.8038 -0.016683 -1.2679 -0.24297 -1.1499 1.5551 1.9804 1.3563 0.50747 -0.54324 -1.438 -0.47639 -1.6406 1.0644 2.4893 1.1372 -1.3387 -0.0050382 0.33641 0.049178 0.031318 0.24271 -0.016962 -0.013311 -0.22443 -0.29889 0.40799 -0.40531 0.88722 -0.15276
-0.2266 1.6239 1.1594 0.6622 0.35561 -0.79129 -1.6067 0.92245 -0.49435 -1.0914 -0.51752 0.45224 -1.0018 -1.0154 1.5704 1.7806 1.2448 0.54705 -0.73946 -1.2293 -0.10875 -2.1304 1.3105 1.3693 1.3386 -1.3001 1.1103 -1.3801 -1.5409 -0.68823 0.02176 0.15854 1.1469 0.62218 0.43546 -0.32238 -1.4826 -0.15805 1.0317
-0.45928 1.7447 1.3537 0.92799 0.14271 -0.97365 -1.6725 -0.44764 -0.28044 0.14358 0.64692 0.14178 -1.0996 -0.46026 0.5822 1.1006 0.96691 0.56821 -0.36466 -0.73379 0.27558 -1.3725 0.61298 0.96252 1.2041 -0.76873 2.0315 -2.7581 -2.8187 -1.3221 -0.37557 0.22414 1.8512 1.0415 1.1313 -1.1042 -2.2265 -1.0794 1.9718
-0.061361 1.5389 1.35 0.79298 0.084973 -0.42072 -1.2235 -0.8564 -1.4358 0.41861 1.5234 0.10616 -1.1383 0.67485 -0.67069 -0.47516 0.2728 0.3896 -0.42646 0.59548 1.0326 -0.52329 0.046855 -0.14767 0.29502 0.25873 2.236 -2.905 -3.2595 -1.3968 -0.50742 0.50151 1.7038 0.95281 1.883 -1.2962 -2.3611 -1.3678 2.164
0.017046 1.6678 1.1559 1.0044 0.078885 -0.9857 -1.092 0.53305 -1.6227 -0.31385 -0.51947 0.2032 -1.1104 1.7165 -1.8595 -1.8729 -0.4829 -0.13489 -0.27597 1.2451 1.0182 -0.21556 -0.62566 -1.4267 -0.4703 1.0194 1.5545 -1.9606 -2.8035 -1.1179 -0.49209 0.80906 0.87561 0.13222 2.015 -0.35692 -1.9422 -1.3722 1.5328
0.21837 0.46355 0.9861 0.61071 0.52745 -0.40353 -1.18 1.2357 -0.95034 -1.54 0.97424 -0.088442 -0.63553 1.9823 -1.9861 -2.4931 -0.48782 -0.075096 0.19239 1.0894 1.4086 1.0047 -0.7965 -2.3938 -0.51724 1.2497 0.48278 -0.56347 -1.5469 -0.66845 -0.093922 1.3979 0.019197 -1.0381 1.6964 1.069 -0.10724 -1.0402 0.49604
1.0898 -0.009913 -0.50189 0.19693 0.074257 -1.2268 0.14593 1.6052 -0.76384 -1.2322 -0.94347 -0.27754 -0.02448 1.7241 -1.9807 -2.8447 -0.61627 -0.14376 0.91463 0.71345 0.3419 1.8377 0.28724 -1.991 -1.0913 1.1736 -0.42301 0.75613 -0.23243 -0.24967 0.2624 1.3889 -0.13199 -1.9646 1.1065 1.9639 1.4462 -0.48376 -0.29722
1.313 -0.29528 -0.99093 0.29189 -0.009837 -1.1957 -0.48556 0.94396 -0.77812 -0.79775 -2.3699 -0.265 -0.092479 1.5463 -1.5279 -2.722 -0.82779 0.21259 1.7397 0.88644 -0.70582 1.7949 1.8472 -0.082499 -1.4471 0.96687 -1.0221 1.1736 0.88024 -0.24327 0.38531 1.0107 -0.1694 -2.2738 -0.031896 1.6276 2.5396 -0.2382 -0.57853
1.3472 -0.1547 -1.2058 0.60327 0.059773 -0.014901 -0.52461 0.87779 1.0921 -0.37058 -1.8097 -0.61721 0.039011 1.1509 -0.83133 -2.1673 -0.73834 0.22253 1.6938 1.0771 -1.8466 1.5691 2.1947 0.46804 -0.97031 0.68168 -1.1694 1.1465 1.5134 -0.1407 0.39572 0.20207 -0.16606 -1.0774 -0.85122 0.44073 2.2625 0.23571 -0.39495
1.3643 -0.66468 -1.7491 -0.0094496 -0.0039856 0.99075 -0.49399 -0.27994 0.52916 0.82812 -0.82147 -1.7389 -0.021318 0.38805 -0.61553 -1.2736 -0.84088 0.47849 1.7932 0.56515 -2.0349 1.0701 1.6833 1.727 -1.0627 0.56819 -1.0061 0.73565 1.4658 -0.010587 0.15874 -1.0596 -0.56599 0.28758 -1.2506 -0.765 0.78871 0.59755 -0.13754
1.5671 -0.36645 -1.8884 -0.30244 0.84801 1.1124 0.34165 0.35965 0.51547 1.6785 0.78675 -1.8302 0.16043 0.15262 -0.53621 -0.89124 -0.84211 0.47997 1.2677 0.53818 -1.1485 0.51287 1.3023 1.8717 -0.84216 0.73807 -0.63117 0.37404 1.2396 0.2418 -0.021966 -1.9006 -0.86084 1.4713 -0.95388 -1.2617 -0.52408 0.55588 0.082412
1.6656 -0.72318 -1.8981 -0.36794 0.43894 0.64862 0.72151 -1.2772 1.0337 0.55731 0.31923 -0.74228 0.41861 0.19388 -0.45191 -0.76656 -0.77781 0.38651 -0.18011 0.040562 -0.49114 -0.15313 0.68627 0.88321 -0.36262 0.71406 -0.43707 0.1878 0.99481 0.65927 -0.3761 -2.1857 -1.0798 1.9286 -0.41781 -1.2891 -1.9679 0.60212 0.066093
1.3733 -0.80285 -2.0535 -0.67142 0.43782 0.70551 0.11039 -0.87643 0.45398 0.69938 0.14405 -1.942 0.59633 0.083018 -0.28567 -0.22724 -0.32469 0.22493 -1.1274 -0.35059 0.30293 0.29065 0.039577 -0.20376 -0.2532 0.73472 -0.54474 0.21921 1.1324 0.89665 -0.28201 -1.6965 -0.86769 2.0944 0.06141 -0.97593 -1.9758 0.46077 -0.09744
1.4196 -0.84589 -2.0425 -0.35132 0.51884 0.93325 -0.30729 0.11737 0.552 1.306 0.0069482 -1.6076 0.68941 -0.38659 -0.42031 0.15519 0.085116 -0.11608 -1.385 -1.1071 1.0715 0.35005 -0.39666 -1.3659 -0.19965 0.66983 -0.71211 0.16588 1.3125 0.88153 -0.23124 -0.88504 0.095889 1.7978 0.27921 -0.76837 -1.1623 0.6615 -0.1345
1.6638 -0.73485 -2.3875 -0.5341 0.59514 -0.21819 -0.50933 0.03619 0.78315 1.0849 -0.23254 -1.4883 0.67785 -0.56377 -0.17974 0.65189 0.33165 0.18945 -1.5312 -0.5913 2.2326 0.37668 -0.20781 -1.151 -0.042395 0.59948 -0.56986 0.046951 1.2202 0.45678 -0.4734 -0.14362 0.99201 1.0048 -0.32351 -0.5933 -0.37486 1.1473 -0.20576
1.4976 -0.91742 -1.7884 -0.4733 0.57191 -0.47372 -0.26319 0.10047 1.1214 1.0792 -0.4806 -2.2544 0.83767 -0.79588 -0.22051 1.1163 0.47244 -0.040284 -1.7635 0.33552 2.1157 0.34947 -0.80431 -1.0793 0.80559 0.56191 -0.25986 0.055259 1.033 0.10054 -0.78266 0.65881 1.5756 0.22994 -0.7164 -0.40421 0.41184 1.4465 -0.25943
0.96504 -1.0477 -1.5526 -0.098883 0.47979 -0.59909 -0.91 1.333 1.0811 0.40115 -1.5182 -1.4295 1.0342 -0.76496 -0.29723 1.4515 0.30765 -0.72148 -1.2468 0.84915 1.7731 -0.35397 -1.002 -1.1269 1.4673 0.45531 0.057037 0.14319 0.33126 -0.29634 -1.0648 1.1461 1.2196 -0.78813 -0.79906 -0.38921 0.77112 1.2312 -0.41109
1.018 -0.87963 -1.0869 -0.053527 0.75843 -1.0703 0.25092 1.8179 1.2151 0.42291 -0.90761 -0.97271 1.1342 -0.77087 -0.25954 1.5837 0.29206 -1.1617 -0.23768 1.2311 1.7501 -0.70559 -0.84661 -0.50305 1.8535 0.323 0.57027 0.32781 -0.42264 -0.60147 -0.6586 1.2397 0.44657 -1.2044 -0.53163 0.14447 0.97142 0.32301 -0.57916
0.61788 -1.0949 -0.8674 -0.087537 0.23634 -1.3504 0.49406 1.8819 0.64519 -0.1314 -1.1598 -0.59223 1.172 -0.48076 0.086732 1.0059 -0.086268 -1.2916 -0.034199 1.3255 0.83659 -0.68001 -1.0021 0.19144 1.8207 0.058296 0.96687 0.41502 -1.1611 -0.6195 0.010295 0.79979 -0.63296 -1.4131 0.15473 0.35793 0.73333 -0.47793 -0.67246
1.0689 -1.179 -0.55922 -0.17988 -0.70489 -0.60662 0.44917 1.9404 -0.11975 0.27765 -1.6779 0.64079 1.0651 0.097484 0.13877 0.59395 -0.37923 -1.0186 0.07648 0.95536 0.17617 -0.54351 -0.49535 0.31337 1.2409 -0.16813 1.1574 0.49307 -1.5475 -0.47483 0.76022 0.1361 -1.4895 -1.6741 0.89905 0.60583 0.0017315 -1.2688 -0.62327
0.84828 -1.0356 -0.45673 -0.15455 -0.7266 -0.37062 0.86914 2.2058 0.29109 0.061537 -0.64585 0.4394 1.0521 0.56268 0.19863 -0.10434 -0.43727 -0.77479 0.16634 -0.25883 -0.26351 -0.13528 -0.41902 0.015953 0.82011 -0.37638 1.0134 0.60068 -1.5084 -0.03228 1.2599 -0.10542 -1.7459 -1.5721 1.1728 0.82929 -0.25926 -1.7026 -0.48348
0.79428 -0.67673 -0.80071 -0.54613 -0.64197 -0.86838 0.98521 1.1951 0.6815 -0.70413 -0.39087 0.025328 0.95615 0.81826 0.50817 -0.59501 -0.35672 0.035013 -0.089516 -0.89195 -1.0432 0.79198 0.14277 -0.40307 -0.14552 -0.45851 0.77857 0.62568 -1.2644 0.31587 1.2217 -0.13293 -1.4675 -1.6047 0.83641 0.83279 -0.15583 -1.6606 -0.33998
1.1758 -0.95763 -0.75925 -0.46626 -0.24235 -0.92851 0.27371 2.0115 0.42767 0.082329 -1.355 0.32759 0.903 1.0059 0.90306 -1.0643 -0.13786 0.59406 -0.18378 -1.1657 -1.694 0.963 0.43053 0.012948 -0.83346 -0.57254 0.40613 0.37592 -0.57272 0.49862 0.78679 0.086351 -0.67086 -1.3747 0.31295 1.0241 0.05502 -1.187 -0.11417
1.6021 -0.78291 -1.268 -0.50924 -0.44752 -0.95424 -0.28621 1.4551 0.81605 -0.2397 -1.1726 0.44432 0.69456 1.2928 0.8288 -1.1593 0.047462 0.63613 -0.035829 -1.4635 -2.3138 0.55357 0.83898 -0.0042857 -1.1977 -0.61735 -0.083697 -0.010997 0.3199 0.37827 0.096635 0.23435 0.010121 -0.5942 -0.0046359 0.63041 0.17567 -0.19664 0.11312
1.4167 -0.45734 -1.4044 -0.43869 -0.030883 -1.1302 -0.52376 0.1562 1.63 0.5257 -2.1353 -0.7591 0.66937 1.0602 0.66889 -0.83267 0.26077 0.4306 0.28885 -1.2928 -2.3754 0.59617 1.3951 -0.059105 -0.99338 -0.48433 -0.65721 -0.35521 1.2016 0.18971 -0.36828 0.04268 0.54132 0.80491 -0.19695 -0.21904 -0.073692 0.95702 0.38225
1.9771 0.1282 -1.7629 -0.25449 -0.083978 -0.45616 -0.42438 -0.22007 0.95318 0.73004 -0.39692 -0.57397 0.40801 0.62886 0.61808 -0.14327 0.1309 0.30039 0.11827 -0.82099 -1.8951 0.96034 0.99319 0.011058 -0.46931 -0.32769 -1.0498 -0.48579 1.6433 -0.063241 -0.755 -0.51529 0.96161 2.1183 -0.68129 -1.3653 0.046763 1.7938 0.49307
1.9836 -0.21885 -1.7697 -0.25184 0.062012 -0.66922 -0.71628 -0.93586 0.86687 0.72238 -0.39171 -1.4877 0.41736 0.12532 0.43389 0.55398 0.17334 0.05482 -0.19845 -0.44429 -0.30925 0.3647 -0.10349 -0.14112 0.65359 -0.11347 -1.2787 -0.37124 1.6816 -0.25814 -1.0581 -0.93276 1.0189 2.4233 -1.2101 -1.5859 -0.087429 1.5347 0.44836
1.7718 -0.24828 -1.5186 -0.25551 -0.1334 -0.65413 -0.77572 -1.1106 1.5894 1.4655 -1.4205 -0.65691 0.53074 -0.1713 0.15653 1.0546 -0.0040037 -0.62402 -0.84106 -0.025975 0.86303 -0.6823 -1.2837 0.14369 1.4657 -0.022249 -1.1569 -0.047227 1.3427 -0.27109 -1.2448 -0.50311 0.79075 1.5654 -1.3707 -0.68847 -0.089725 0.57556 0.25388
1.8414 -0.26278 -0.73302 -0.43013 0.097509 -1.0675 -0.90769 0.23594 2.1714 0.96494 -1.7476 0.24515 0.52636 -0.89054 0.29871 1.5433 -0.11222 -1.136 -1.1118 0.28327 1.0631 -0.97868 -0.80316 -0.30071 1.0195 0.072214 -1.029 0.43868 0.71455 -0.51239 -0.88048 0.17817 0.24958 -0.22159 -0.9945 0.2643 0.46847 -0.8579 -0.039734
1.5692 0.0032833 -0.75101 -0.16504 -0.41247 -1.3437 -0.77037 1.0807 1.0074 -0.96988 -1.3967 1.255 0.555 -0.99101 0.61877 1.7378 -0.18968 -1.4907 -0.44967 0.34403 0.52759 -1.0813 -0.10292 -0.089266 0.45334 -0.021257 -0.88226 0.60179 0.22042 -0.5921 -0.036793 0.90025 -0.53615 -1.5857 -0.35172 1.0284 1.0438 -1.804 -0.17097
1.4548 -0.081527 -0.43904 -0.432 -1.0355 -2.0943 -0.29288 0.66956 -0.25724 -1.0647 -0.70585 0.71318 0.50112 -1.3583 0.93679 1.4777 -0.62464 -1.2003 -0.06192 -0.15515 -0.59192 -1.4061 -0.13251 0.96932 -0.53652 -0.18269 -0.46992 0.28995 -0.049009 -0.57987 0.69091 1.1405 -1.0061 -2.0986 0.37482 0.79665 1.667 -1.7949 -0.23325
0.99334 0.49341 -0.0029483 -0.36673 -1.4636 -1.502 -0.18529 0.15805 -0.13698 1.0882 -0.84847 -0.4073 0.47589 -1.5622 0.84035 1.4791 -0.77981 -0.66386 0.40432 -0.86393 -1.4767 -1.1692 0.55212 1.7127 -1.3019 -0.1727 -0.14467 -0.16101 -0.1577 -0.24409 1.0515 0.7377 -0.89454 -1.6233 0.86227 -0.15166 1.5083 -0.95628 -0.19359
1.0709 0.35832 0.38976 -0.52895 -1.5655 -0.67378 -0.67642 -0.83866 0.58004 1.4594 -1.3147 -0.80548 0.43014 -1.4745 0.67678 1.5881 -0.82751 -0.22716 0.70997 -1.0857 -2.1236 -0.20026 0.55228 2.3133 -1.6305 -0.22925 0.65198 -0.56534 -0.35188 0.58986 0.77928 0.19309 -0.21029 -0.41093 0.7968 -1.0514 0.90106 0.22503 -0.20135
0.34357 0.894 0.26319 -1.3147 -1.0033 -1.0066 -1.4336 -1.2808 0.10805 0.19731 0.21015 -0.6122 0.30582 -1.2068 0.49432 1.4058 -0.5038 0.035909 0.61098 -0.94632 -1.9488 0.013091 -0.76029 2.42 -0.88821 -0.31195 1.4794 -0.65491 -0.929 1.3781 0.34992 -0.34817 0.56557 0.90837 0.1175 -1.6457 0.053003 1.3899 -0.29293
0.33434 0.5383 1.0969 -1.1235 -0.621 -0.98348 -1.9911 -0.68442 0.061428 0.51455 1.0987 -0.92573 0.41823 -0.35089 0.1889 0.89425 0.29912 -0.058597 0.19668 -0.53608 -1.1834 -0.42926 -1.6869 2.5195 -0.32288 -0.4394 1.9573 -0.60628 -1.357 1.8028 0.14934 -0.52897 0.86931 1.5901 -0.30927 -0.94251 -1.3228 1.9613 -0.31277
0.21746 0.69578 1.1231 -0.97234 -1.2847 -0.86069 -1.2963 -1.8529 0.30095 -0.55631 2.0649 -1.2413 0.26982 0.57644 0.015764 0.18566 1.1149 -0.079205 -0.055074 -0.048785 -0.14668 -0.82853 -1.791 1.7296 0.74173 -0.53993 1.7643 -0.22694 -1.6095 1.4717 0.36392 -0.43625 0.69788 1.5147 -0.10351 0.50139 -2.5519 1.814 -0.33833
0.32018 0.62565 1.2193 -0.78889 -1.4021 -1.2263 -0.92369 -2.0007 -0.34431 -1.2094 1.7964 -0.68732 0.10024 1.2097 -0.072319 -0.19895 1.5736 0.11503 -0.033137 0.14742 0.1332 -0.39622 -0.91354 -0.11531 1.3687 -0.61918 0.94687 -0.023599 -1.4932 0.58213 0.77253 -0.25034 -0.049633 1.2499 0.33971 1.7191 -3.1031 1.0485 -0.23395
0.97437 0.71896 0.84206 0.28502 -1.5944 -0.81197 -1.0976 -1.2762 -0.47433 -0.36138 1.9242 -1.0083 -0.05802 1.2353 0.26181 -0.89092 1.4829 0.64486 -0.16558 0.05975 0.4008 -0.21379 -0.086077 -1.6215 1.7923 -0.76673 -0.0076496 0.077588 -0.97125 -0.23883 0.81141 -0.090544 -0.68383 0.81524 0.67523 2.1623 -2.3861 -0.17339 -0.022877
1.541 0.46366 0.31785 0.46192 -1.0667 -0.85178 -1.3631 -0.68969 -0.61732 -1.2896 1.0614 1.0288 -0.16353 1.0449 0.037922 -1.2052 1.1632 1.058 -0.26927 -0.69935 1.0232 -0.071513 1.0871 -2.3233 1.1819 -0.7043 -0.78188 0.037195 -0.15864 -0.89166 0.40928 0.082678 -0.79964 0.50049 0.50761 1.774 -1.1022 -1.1845 0.22822
1.1611 0.79103 0.50921 0.26443 -0.38201 -1.1963 -1.6531 -1.1858 -0.0014835 -0.53911 0.031031 1.0595 -0.27835 0.63586 0.099477 -1.0263 0.91391 1.0024 -0.13996 -0.9704 1.023 0.33696 1.7688 -2.1765 0.47685 -0.53922 -1.0839 -0.24631 0.64001 -0.95609 -0.50672 0.23076 -0.2291 0.096306 0.44649 0.9442 0.25787 -1.738 0.50943
1.2126 1.0012 0.14094 0.51494 -0.086583 -1.233 -1.5077 -0.73707 -0.086463 0.37376 -0.81871 0.96821 -0.46855 0.068429 0.081102 -0.4097 0.29545 0.7189 0.096095 -0.90819 0.80988 0.32516 1.9011 -2.1476 -0.30821 -0.37455 -0.86174 -0.48068 0.94899 -0.60398 -1.4295 0.26739 0.74135 -0.23265 0.24023 -0.32851 1.4109 -1.0851 0.73898
1.1774 0.48009 -0.30258 0.42747 -0.51695 -1.2823 -2.0629 -0.62788 -0.17275 0.72744 -0.60141 -0.39976 -0.50816 -0.27052 -0.15483 -0.15514 0.23996 -0.15795 0.088711 -0.29459 0.69022 0.46391 1.5007 -1.1584 -0.87921 -0.12499 -0.31503 -0.90924 0.86239 -0.36727 -1.6887 -0.0030855 1.4102 -0.33331 -0.036799 -1.1601 2.0189 0.076282 0.97826
1.273 0.77817 0.12158 0.87895 -0.50594 -1.0833 -2.0873 -0.31995 -0.015757 1.2057 -0.61546 -0.01561 -0.43898 -0.089118 -0.61628 0.039028 0.44711 -1.1021 0.12632 0.39528 0.71717 0.33363 0.53357 0.14393 -0.28039 0.2611 0.1736 -1.107 0.5687 -0.36746 -1.4665 -0.20386 1.7949 -0.27802 -0.18829 -1.3978 2.0908 0.96581 1.1417
1.2406 0.75144 0.4809 0.53814 -0.53175 -0.45824 -2.2155 -0.045807 -0.13631 1.5232 -1.4065 -0.5246 -0.44984 0.12873 -1.0396 0.27602 0.20432 -1.3241 -0.18384 1.1139 0.39643 0.25414 0.012884 0.93272 0.59265 0.69687 0.23502 -1.0339 0.28622 -0.89827 -0.90676 0.041349 1.7678 -0.35916 -0.29399 -1.2551 1.4257 0.8943 1.0689
1.0318 0.26695 0.058329 0.63639 -1.1354 -1.2377 -1.3682 -0.16978 0.41994 0.19703 -0.56156 0.43641 -0.27326 0.1778 -1.2902 0.38215 -0.32082 -1.5092 -0.19627 1.8734 0.39399 0.052229 -0.29536 1.2131 0.82428 1.029 -0.13906 -0.63216 -0.043709 -1.4496 -0.097166 0.49064 1.2689 -0.49214 -0.14221 -0.72355 0.57317 -0.29586 0.75632
1.1077 0.039938 0.3827 1.0251 -1.8165 -1.2372 -0.95962 -0.28416 0.34839 0.44406 0.43948 0.81884 0.035236 0.017502 -1.5111 0.18134 -0.95046 -1.6932 0.30973 2.3994 0.12741 0.018006 -0.72453 1.3144 0.2971 1.1894 -0.55356 0.03003 -0.36807 -1.5558 0.86302 1.194 0.57125 -0.23109 -0.0049362 -0.20026 -0.27282 -1.5976 0.28099
1.5266 -0.4673 0.22954 0.6068 -1.5793 -1.5962 -0.38398 -0.19607 -0.045056 0.94833 0.49204 1.3214 0.34173 -0.29714 -1.4116 0.011131 -1.5265 -1.1052 0.83407 2.2131 -0.13757 0.1649 -0.61757 1.1673 -0.73029 1.215 -0.85739 0.6791 -0.70011 -1.2588 1.9435 1.3306 -0.0049721 0.10492 0.13479 -0.020289 -0.95405 -1.8626 -0.21056
1.3164 -0.84789 0.38174 -0.15868 -2.301 -1.09 -0.077154 0.18421 -0.20125 0.66809 0.67589 0.095515 0.6202 -0.65658 -0.91844 -0.18715 -1.9321 0.12595 1.6563 2.045 0.19291 0.18216 -0.24337 0.39043 -1.7722 1.0464 -0.98598 1.0642 -0.86323 -0.50393 2.4047 0.80018 -0.37889 0.273 0.0040198 0.07176 -1.4025 -1.3319 -0.61974
1.0711 -0.71447 0.47729 -0.4685 -2.4631 0.051909 0.69696 -0.19263 0.22479 0.043539 0.49564 -0.068957 0.73459 -1.0644 -0.45619 -0.66929 -2.043 1.3034 1.758 2.0286 0.56116 0.2305 -0.57414 -0.32298 -1.8011 0.7595 -0.60122 1.0105 -0.96316 0.60882 2.0791 0.034623 -0.47035 0.19761 -0.23496 0.087978 -1.2785 -0.10189 -0.84487
0.6673 -0.91812 0.22914 -1.2655 -1.6298 0.26778 0.29811 -0.45484 0.52519 0.29118 0.34135 -1.5899 0.82014 -1.4136 -0.22369 -1.0025 -1.568 1.7082 1.4188 1.7409 0.31274 -0.012753 -0.59051 -0.8819 -1.7903 0.42391 0.023315 0.61827 -0.76033 1.5399 1.1123 -0.69882 -0.66829 -0.022991 -0.54444 0.17711 -0.67572 1.0045 -0.79579
0.43865 -0.72048 -0.26679 -1.1966 -0.72324 0.4756 1.2986 0.34825 0.59627 0.11789 0.3489 -1.4684 0.91353 -1.0287 -0.082338 -1.2819 -0.61318 2.0856 0.99912 1.4362 0.18705 -0.20764 -0.2541 -0.87714 -0.93976 0.17416 0.67581 0.24887 -0.20289 1.9407 -0.013196 -0.81495 -0.73788 -0.20873 -0.6833 0.281 -0.097815 1.5595 -0.60507
0.37423 -0.62221 -0.48535 -1.3366 -0.086212 0.39669 1.628 0.7219 0.16352 -0.046148 -0.054944 -0.7982 0.92508 -0.64068 -0.075332 -1.223 0.097704 1.8646 0.62128 1.0265 0.32512 -0.68006 -0.025696 -0.74516 -0.25883 0.065206 0.96426 0.066019 0.29487 1.5447 -0.77222 -0.59399 -0.75133 -0.4353 -0.39445 0.25023 0.25996 1.6116 -0.38754
0.14534 -1.0405 -0.8196 -1.3803 -0.3264 0.066337 1.5674 -0.085191 -0.43387 0.19623 -0.88566 -1.631 0.82771 -0.22208 -0.10922 -0.91571 0.57885 1.1985 0.51104 0.93545 0.13019 -0.79142 -0.25997 -0.58849 0.46209 -0.030981 0.66379 0.019516 0.67869 0.73327 -1.0936 -0.29442 -0.75492 -0.52129 -0.031786 0.16913 0.27267 0.97943 -0.18371
0.4119 -0.89271 -0.9151 -0.69726 -0.19904 0.81968 1.6098 0.1138 -0.069296 0.1738 -0.17466 -1.2389 0.83381 -0.05987 -0.090486 -0.66229 0.58908 0.67068 0.45725 0.51477 -0.53486 -0.5059 -0.055837 -0.47083 0.63948 -0.096631 0.35441 0.11499 0.82163 0.054644 -0.75597 -0.052985 -0.59751 -0.31669 0.35655 0.2505 0.17464 0.47472 -0.02293
0.32539 -0.77532 -0.86464 -0.58271 0.063272 1.033 1.6661 0.24762 -0.44714 0.065004 -0.36603 -0.83732 0.87359 -0.11233 -0.031649 -0.36038 0.45694 0.58566 0.47214 0.20855 -0.43026 -0.36341 0.12186 -0.43219 0.50612 -0.043143 0.032489 0.044824 0.61039 -0.44004 -0.47991 -0.070513 -0.55373 0.030306 0.47126 0.38304 -0.024451 -0.043241 0.053007
0.36984 -1.0046 -0.94135 -0.75484 0.20468 0.74909 1.8197 0.09252 -0.34516 -0.26401 -0.41945 -0.83953 0.82793 -0.055417 0.086361 -0.046068 0.27231 0.72108 0.51258 0.2132 -0.034455 -0.1957 0.3157 -0.44738 0.62768 0.029351 0.039267 -0.050682 0.37743 -0.5823 -0.55555 -0.17098 -0.43122 0.25612 0.75395 0.16044 -0.036692 -0.13733 0.010599
0.27433 -0.73252 -1.1844 -0.69751 0.25101 0.80565 2.1003 -0.42097 -0.10908 0.21361 -0.60341 -0.28441 0.79855 -0.17375 -0.11282 -0.14268 -0.025428 0.25229 0.32032 -0.0052011 -0.068707 -0.021556 0.36581 -0.64304 0.36408 -0.01487 0.08071 0.074406 0.34683 -0.78111 -0.70425 -0.39065 -0.59572 0.19922 1.0077 -0.21561 0.068408 -0.037612 -0.11422
0.11314 -0.86006 -0.90341 -0.8751 0.52752 0.84411 1.5841 0.088169 -0.71318 0.36391 -1.0998 -0.70638 0.87588 0.033804 -0.1225 -0.10185 -0.1844 -0.22855 0.17002 -0.23103 -0.21457 0.80651 0.16476 -0.43398 0.42269 -0.099261 0.075875 0.26633 0.42467 -0.81272 -0.9832 -0.76102 -1.0008 0.1756 1.255 -1.0096 0.18457 0.045972 -0.20021
0.26125 -0.92827 -0.80092 -0.68272 0.52241 1.1228 1.83 0.096771 -0.52014 0.69817 -1.161 -0.77569 0.88127 -0.018079 0.20637 0.2827 -0.68155 -0.29034 -0.15722 -0.74261 0.047528 1.12 -0.25237 -0.28639 0.51571 -0.16628 0.21526 0.70032 0.66953 -0.62744 -1.0952 -0.87829 -1.411 0.42558 1.1783 -1.4075 0.51922 0.29627 -0.2629
0.25524 -1.0587 -1.2317 -0.625 -0.12577 1.3437 1.5549 0.088019 0.0619 0.32463 -0.81357 -0.5195 0.79172 -0.0032451 0.37671 0.49405 -0.82248 -0.89288 -0.78694 -1.3809 0.24811 1.7065 -1.4976 -0.22887 0.62234 -0.21946 0.21866 1.1089 0.92869 -0.17573 -1.1159 -0.93294 -1.6591 0.31214 0.51976 -1.1435 0.87163 0.10204 -0.39417
0.44513 -0.91167 -0.98376 -1.0159 -0.25208 0.84827 1.4801 -0.34705 1.103 -0.12415 -0.85956 0.049106 0.7011 0.23006 0.80285 0.74508 -0.80101 -1.5154 -0.97304 -2.1924 0.53853 1.8499 -1.7637 0.35513 0.82397 -0.37921 0.29314 1.268 1.0528 0.55844 -0.7081 -0.51813 -1.5055 -0.20817 -0.62885 -0.098813 1.1061 -0.16023 -0.60068
0.16661 -0.44893 -0.42883 -1.9282 0.19288 0.22231 0.81965 0.15239 0.92593 -0.52709 -0.96608 0.019927 0.6343 0.30125 1.418 1.3108 -0.41912 -1.7555 -1.3028 -2.7519 0.15257 1.4623 -1.4843 1.0872 0.44862 -0.62647 0.10977 1.2981 0.81466 1.3743 0.25589 0.19905 -0.76387 -0.63398 -2.1835 1.0457 0.81212 -0.32031 -0.97422
0.15854 -0.32738 -0.50632 -1.4589 -1.0008 -0.26944 0.092404 0.20206 1.8161 -2.0053 -1.2902 0.3391 0.63971 0.35759 1.7867 1.7375 0.12288 -1.2172 -0.95385 -3.0035 -0.32837 -0.0058803 -0.46269 1.3907 0.26998 -0.92562 -0.59298 0.74564 0.38999 2.1598 1.4807 0.95703 0.54529 -0.82618 -2.853 1.4653 0.013137 -0.12096 -1.3114
0.55647 0.0082911 0.037278 -1.4563 -1.5031 0.19574 -1.1863 1.1063 1.2989 -1.1894 -0.19314 0.20433 0.42916 0.12507 2.0353 1.4401 1.167 -0.55321 -0.42273 -2.4763 -0.5902 -1.6845 0.059559 0.97012 0.25385 -1.5045 -1.3059 -0.2402 -0.13577 2.5441 2.5362 1.2927 1.9196 -0.052152 -2.6222 1.2958 -0.76082 0.3533 -1.2506
0.6124 0.77456 0.66047 -0.77603 -1.7151 -0.34377 -1.1152 -0.44195 1.4679 -0.72467 0.92672 -0.36088 0.049366 -0.77681 1.7342 1.3719 2.2487 0.71888 0.47036 -1.2798 -0.74464 -2.218 0.55608 0.44991 0.66554 -2.0358 -1.5424 -1.5972 -0.81869 2.0062 2.2578 0.24897 2.841 0.91206 -1.2409 0.39212 -1.266 0.65574 -0.30097
0.55814 0.95484 0.78414 -0.69015 -0.94685 0.23497 -1.7588 -0.8237 -0.31319 0.0076904 0.75408 0.28676 -0.32436 -1.5321 1.0593 1.2556 3.0416 2.1343 0.53715 0.11513 0.24778 -2.6169 0.74082 -0.034048 0.92203 -2.0702 -0.92954 -2.3841 -1.1019 0.7622 1.3318 -0.80055 2.4564 1.7936 0.19216 -0.49282 -1.0065 0.80433 0.89323
0.21427 1.5348 0.52781 0.20055 -0.32868 0.0060223 -1.1109 -0.67229 -1.4585 -0.7612 -0.64154 0.66286 -1.0976 -1.6477 -0.34703 0.38443 2.7563 1.7633 -0.96056 1.2253 1.0601 -1.9967 0.027362 -0.76139 1.1982 -1.1279 -0.0013719 -2.0914 -1.2126 -0.81439 0.041086 -1.3754 1.2853 1.7359 1.6119 -0.9335 -0.2923 0.20658 1.7193
-1.0974 1.1873 1.214 1.0697 0.95091 0.9388 -0.62957 -0.12677 -0.96851 -0.5782 -0.73899 1.2559 -1.5232 -1.1509 -0.84284 -0.012253 2.2802 1.4748 -1.3243 1.0462 2.0706 -1.4215 -0.70981 -0.53267 1.5403 -0.54008 0.79331 -1.0411 -1.09 -2.0588 -1.0608 -0.71424 -0.1119 0.4818 2.3129 -0.32873 0.49478 -0.80521 1.6732
-1.0114 0.57927 1.1163 2.4232 1.0364 0.16431 -0.076019 1.6181 -1.1423 -0.83969 -0.47814 1.3499 -1.3035 -0.97891 -0.75113 -0.13585 1.2036 1.1258 -1.3608 0.74731 1.7923 0.36232 -0.68077 0.093011 0.74081 -0.065777 1.5564 0.41046 -0.96263 -2.6518 -1.361 0.7144 -0.85106 -0.86344 2.1458 0.77181 0.95664 -1.5559 0.93731
-0.39472 -0.59161 0.31793 1.1647 -0.55375 -2.3032 0.054878 1.6735 -0.89644 -0.83794 -0.41129 1.4117 -0.24319 -0.42257 -0.44377 -0.40914 0.18774 0.419 -0.70786 0.12375 0.83227 0.76624 0.40686 0.58806 -0.44253 0.060455 2.0574 1.026 -1.2994 -2.8858 -1.4979 1.4465 -0.8441 -1.9021 1.6417 1.1553 0.83893 -1.7293 0.47464
-0.15391 0.55522 0.75844 1.667 0.42473 -1.3516 -0.69872 1.3622 -1.2045 -1.5859 0.49293 2.0963 -0.87861 0.82968 0.14095 -1.1169 -0.87808 -0.3178 0.13142 0.015616 -0.049439 1.1419 1.0996 0.69901 -0.87086 0.06046 2.3439 0.8794 -1.4618 -2.1084 -0.98205 1.7619 -0.31506 -1.8037 0.50682 0.69092 0.40474 -0.87117 0.30823
-0.97234 0.80151 0.68045 0.64085 1.2328 -0.4989 -0.85826 0.885 0.25284 -0.74679 0.089585 0.92689 -1.0073 1.7039 0.41317 -1.8168 -1.7741 -0.67476 0.78787 -0.24528 -0.80591 1.4255 0.83853 0.9375 -1.0533 0.14797 2.1391 -0.20045 -1.5244 -1.3305 -0.53601 0.85112 0.42279 -1.0252 -0.43173 0.069454 -0.012894 -0.10689 0.83015
-0.82825 0.96861 0.24125 1.1159 0.49743 0.045544 -0.53041 0.447 -0.65134 0.46744 -0.24263 -0.36613 -1.472 2.2416 0.28084 -2.0144 -1.5334 -0.21036 1.3777 0.30553 -0.99009 1.0279 0.5636 0.77821 -0.67599 0.37638 1.4038 -1.209 -1.0389 -0.44494 -0.071644 -0.20165 0.72937 -0.39786 -1.3803 -0.57562 0.016846 0.089894 1.3064
0.2543 0.71242 -0.41338 0.43383 0.096519 0.65734 -0.0069345 0.82831 0.70414 0.826 0.45271 0.60377 -1.045 2.7803 -0.83317 -2.6533 -1.8247 -0.66318 0.34149 0.7905 -0.74826 -0.035419 0.82576 0.52995 -0.76828 1.2203 0.245 -1.5095 -0.29704 0.2459 0.51963 -0.71437 0.60654 0.0012071 -1.3305 -0.76285 -0.21616 0.23082 1.3809
1.4265 0.32425 -1.6272 -0.31926 -0.73151 -0.73195 -0.57057 0.85638 0.57989 -0.86963 1.2241 0.34339 -0.3065 2.8535 -1.2176 -2.5333 -1.6242 -0.46236 -0.069623 0.90691 -0.87975 -0.85994 -0.10216 0.94683 -0.85706 1.6012 -1.3873 -1.1858 0.59746 0.74649 1.1327 -0.48648 0.15728 0.12699 -0.74057 -0.28984 -0.75032 -0.16305 0.78476
1.6278 0.099673 -1.5013 -0.39039 0.18593 -0.38838 0.25103 0.023947 -0.090866 -0.64678 0.66772 1.1662 0.05342 1.8377 -1.3148 -2.0804 -1.2763 0.44533 0.066154 0.62383 -0.86773 -0.26457 -0.43124 0.40714 -0.53101 1.7312 -2.8295 -0.51115 1.8273 1.3668 1.9177 0.5722 -0.12507 0.13342 0.055135 0.41915 -1.6301 -0.16651 -0.1552
1.687 -0.31306 -2.1377 -0.67808 0.24457 -0.50858 0.060612 0.28695 -1.4548 0.53038 0.76751 -0.028081 0.17193 0.16319 -1.422 -1.2425 -0.46836 1.4041 0.52386 0.68311 -0.68647 -0.32623 0.58602 -0.72997 -1.1327 1.3664 -3.1483 -0.24591 2.4083 1.4901 1.6046 0.81152 -0.5167 0.41144 0.60226 0.64583 -2.1221 0.20921 -0.51948
1.3331 -0.40119 -2.1192 -1.012 0.47318 0.061038 0.36806 -0.52095 -0.73281 -0.48727 1.3977 -1.4128 0.34505 -1.0656 -1.5626 -0.066134 0.035505 2.0763 1.1617 0.64636 -0.58822 -0.19926 1.3693 -2.0517 -0.97531 1.0849 -2.2608 -0.17274 2.4158 1.2879 0.52192 0.5914 -0.62794 0.77928 0.31326 -0.36075 -1.6342 1.1116 -0.62621
1.2203 -0.51752 -2.3496 -0.2521 0.78217 0.47994 0.17846 -0.21997 0.43857 0.0035291 0.16203 -0.095378 0.48452 -1.4698 -1.4881 0.71919 0.37632 1.795 0.9762 -0.12363 -0.20908 0.29113 0.36279 -2.2788 -0.24537 1.0909 -0.88954 0.058218 1.8138 0.89451 -0.57598 0.24363 -0.64252 1.2189 -0.30774 -1.8153 -0.34776 1.7952 -0.56334
0.7309 -1.1984 -2.0514 -0.29408 1.7114 0.71898 0.73644 0.34065 0.33762 1.4302 -0.66686 -0.78758 0.73299 -1.4953 -1.5555 1.2117 0.59968 1.2484 0.99521 -0.20888 0.43663 0.039616 -1.0751 -2.2472 1.1787 0.86544 0.046893 0.52308 0.79153 0.52003 -1.2333 -0.073325 0.026452 1.4023 -1.0684 -2.4151 1.477 0.99569 -0.73268
0.50297 -1.6411 -1.3076 -0.44224 2.0952 0.48515 0.27856 -0.37239 -0.74715 0.78721 -2.1358 -0.52306 1.0449 -1.2601 -1.3186 1.3272 0.85098 0.71296 1.0697 -0.15374 1.2198 -1.0594 -2.0116 -1.3551 1.2799 0.57283 0.63085 1.1215 -0.032917 0.09407 -1.5157 -0.052186 0.97863 1.0794 -1.2166 -1.3481 2.5284 -0.034903 -1.0271
0.30996 -1.5105 -0.72116 -0.045177 2.017 0.6466 -0.26591 -0.23759 -0.30834 -0.68118 -1.6526 0.7293 1.2613 -1.0935 -0.77424 1.0312 0.73622 0.25289 0.94632 0.7007 1.4812 -1.6403 -2.5271 0.60166 0.18888 0.17075 0.92135 1.7297 -0.51765 -0.52079 -1.7713 -0.14161 1.2829 0.36775 -0.35131 0.47792 2.7339 -1.1258 -1.0762
0.26046 -2.0848 -1.1365 -0.085931 1.1956 1.0538 0.039303 1.051 -1.2552 -1.8113 -1.3086 1.3136 0.89787 -0.52426 -0.019241 0.75328 0.49154 -0.6128 0.87409 1.3166 1.4093 -1.2779 -1.747 1.6236 0.16192 -0.20431 0.96011 1.9009 -0.47883 -1.3507 -1.9744 -0.46873 0.6916 -0.46447 0.89633 1.9887 1.4101 -1.3507 -0.98451
0.1328 -1.7003 -0.87406 0.45312 1.4757 1.8049 0.48897 1.3228 -1.59 -2.7279 -0.23356 -0.0041533 0.90354 -0.18473 0.65685 0.58559 -0.1263 -1.484 0.78837 1.5439 1.0653 -0.55095 -0.19599 2.0225 -0.4823 -0.46686 0.79274 1.9849 0.01221 -1.7216 -1.9408 -1.1953 -0.9874 -1.3021 1.8388 2.3452 -0.55666 -0.73972 -0.7644
-0.020709 -1.4771 -1.2498 0.56816 1.7273 1.4239 1.7383 1.6819 -1.5185 -1.5828 0.90188 -0.81692 0.72453 0.035004 1.11 0.70556 -1.0936 -2.2029 0.19252 0.76027 0.49363 0.16048 1.0172 0.90901 -1.0441 -0.68301 0.24894 1.8767 0.65436 -1.5387 -1.4856 -1.8278 -2.4702 -1.8129 2.047 2.0173 -1.5425 0.10308 -0.76832
0.307 -1.2914 -0.6189 -0.16939 0.94706 1.4212 1.9952 1.3356 -1.3777 0.087653 0.35628 0.0054666 0.71247 0.069779 1.9439 1.0787 -1.504 -2.672 -1.1162 -0.95777 -0.66329 1.2667 1.0362 -0.20331 -0.6734 -0.81371 -0.35754 1.7457 1.0165 -0.1828 -0.23112 -1.6521 -2.9378 -1.5788 1.2816 0.90639 -1.5909 1.0337 -1.1102
0.29654 -0.78728 -0.23263 -0.80686 -0.24767 1.3895 1.1196 0.55181 -1.0892 -0.1858 0.17485 -0.41885 0.65455 -0.20455 2.4416 1.6656 -1.5285 -2.8667 -1.8366 -2.259 -1.3461 1.8507 1.8916 -0.49931 0.43956 -1.2609 -0.92302 1.2173 0.79795 1.8968 1.429 -0.61136 -1.7144 -0.56585 0.062088 -0.12171 -0.75133 1.3391 -1.4185
0.2687 -0.47205 -0.078281 -1.4556 -1.1173 0.91272 -0.060067 1.1092 -0.1508 -0.5686 -0.86696 -0.46413 0.2939 -0.72873 2.8793 1.9046 -0.21583 -1.5964 -1.51 -2.6843 -1.1684 1.1294 1.281 -0.61097 0.77703 -1.9528 -1.3188 0.0047014 0.32905 3.2836 2.8018 1.0281 0.5176 0.54227 -1.1147 -0.36573 -0.16546 0.97434 -1.282
0.15925 0.44715 0.024748 -1.2465 -1.5993 -0.5743 -1.2199 0.23045 0.28522 -1.5421 -1.0857 -0.028434 -0.094962 -1.2652 2.6596 1.7054 1.6392 -0.0042543 -0.85081 -1.7299 -0.38989 0.34588 0.64293 -0.45888 0.8287 -2.3799 -1.4627 -1.3639 -0.064853 3.1525 2.7577 1.9817 2.4284 0.54421 -1.1759 -0.67748 0.75494 0.4696 -0.26214
-0.30745 1.2442 1.2284 -0.84714 -1.1778 -0.35703 -1.1541 -0.36541 0.65778 1.4141 0.41538 0.60048 -0.61788 -1.8242 1.8536 1.6426 2.7457 1.2635 0.41577 -0.22587 -0.070417 -0.18848 0.89459 -0.56295 1.0171 -2.303 -1.0382 -2.357 -0.47466 1.482 1.5168 2.1389 3.025 0.44863 -0.52348 -0.4164 0.91247 -0.012706 0.83974
-0.71653 1.7304 1.0138 0.76415 0.49752 0.24841 -0.48949 0.55406 -0.97656 0.66753 -0.043429 0.38496 -1.56 -2.3446 0.71732 1.684 2.5921 0.98558 1.1248 1.2321 -0.82026 0.18102 0.66198 1.0732 1.218 -1.5091 -0.15459 -2.4199 -0.94919 -0.49492 0.30427 1.3976 1.8721 0.49759 -0.036804 -0.89209 0.44842 -0.42228 1.5013
-0.81408 1.3613 1.3216 1.7624 0.46009 0.89733 0.13622 1.0432 -0.99724 0.21555 -0.92181 0.95901 -1.6779 -2.0994 -0.023585 1.0782 1.9498 0.81333 1.7394 1.7179 -0.068693 0.17196 0.3987 0.55084 0.53814 -1.0551 1.0264 -1.6549 -1.5714 -1.6895 -0.40948 0.24198 0.13052 0.48308 0.23718 -0.82025 0.36399 -0.73303 1.6893
-1.5508 0.97653 1.5936 1.6975 0.44908 1.9304 0.30246 0.35665 -0.49212 0.4351 -1.3579 0.7604 -1.5783 -1.4197 -0.37958 0.31153 1.1773 0.8023 1.2482 0.93449 0.59125 0.087065 -0.98404 -0.063981 0.22339 -0.61625 1.9843 -0.67362 -2.2001 -1.8085 0.18307 -0.68598 -1.2005 0.94234 0.16928 -0.41832 -0.17196 -1.0177 1.2943
-2.0957 0.45014 2.0116 0.73511 -1.1203 1.0363 0.8183 -1.104 1.3009 -0.090002 2.0876 1.6057 -1.0065 -0.41591 -0.31481 -0.44724 0.47716 0.5691 0.81341 0.16504 0.17694 0.32109 -0.0059708 0.77985 0.062256 -0.062192 2.0964 0.11462 -1.8717 -1.2161 0.67865 -1.5592 -1.4289 0.69623 0.11728 0.24936 -0.19178 -0.8745 0.78013
-1.661 1.1728 1.3392 1.1695 -0.046894 1.3671 0.4462 0.66088 0.057915 0.38862 -0.56815 0.37055 -1.676 0.43892 -0.23645 -1.4409 0.14159 1.4569 0.19897 -0.34335 0.92474 0.43493 -0.012452 0.60561 -0.5527 0.052143 1.3623 0.61864 -0.82492 -0.27299 0.61123 -1.5339 -0.77833 0.3806 -0.59923 0.8795 -0.4999 -0.74974 0.10213
-1.4803 1.2068 1.3725 1.5144 1.2651 1.3071 -0.24656 1.4964 -0.61183 -0.31871 -0.37747 0.8847 -1.8405 0.80191 0.10472 -1.3526 0.3302 1.7848 -0.86396 -0.44017 1.1422 0.22379 0.4428 -0.17873 -0.80253 -0.15124 -0.024135 0.48011 0.70169 0.044618 -0.17727 -1.2095 -0.10507 -0.39833 -0.65788 0.31863 -0.34156 -0.15777 -0.082591
-0.89861 1.1749 0.23162 2.042 1.2273 1.7568 0.016603 0.52341 -0.74335 1.0495 1.0214 0.69416 -1.523 0.45752 0.4413 -0.69211 0.78401 1.3641 -0.99072 -0.29207 0.85762 -1.0538 0.64908 -0.62754 -0.82907 -0.41432 -1.2545 -0.047682 1.9248 -0.19811 -1.1594 -0.33776 0.35181 -1.6133 -0.36896 -0.19822 -0.075001 0.61537 0.26547
-0.78274 0.52857 -0.25535 1.5611 1.9684 1.2976 0.016023 1.9622 0.71841 -0.12097 -0.37333 -0.0024879 -1.3401 -0.47836 0.14862 0.42092 0.25184 0.2744 -1.0232 -0.077659 -0.5919 -0.23992 0.33911 0.68661 -0.12732 0.034006 -1.7877 -0.69729 1.947 -0.98528 -1.5902 0.40743 0.48592 -1.9929 0.075669 -0.83058 -0.033599 0.93817 0.68547
-1.4424 1.1057 0.94181 1.5086 1.423 -0.10762 0.1311 0.69849 0.63413 1.1776 -0.63561 -0.080219 -1.6671 -1.2274 -0.32605 1.0772 -0.15332 -0.010752 -0.41675 0.14876 -1.4306 -0.067902 -0.37367 0.023786 0.29314 0.37728 -0.84696 -0.61668 1.2697 -1.4516 -1.5907 0.77421 0.38427 -1.5101 0.32377 -0.604 -0.24157 0.76086 0.74553
-1.7736 1.5251 1.5265 2.023 0.30755 0.037205 0.37242 0.47579 -1.7167 0.68854 0.76917 0.33769 -1.901 -1.6387 -0.64999 1.2069 -0.92965 -0.5761 -0.36213 0.27414 -1.6921 -0.12559 -0.79117 -0.56647 0.45074 0.54018 1.1939 -0.7436 -0.67549 -1.525 -1.1964 0.99761 0.21866 0.096063 0.13742 -0.077812 -0.64867 0.036048 0.79546
-2.0446 1.247 1.7961 1.5095 1.0561 0.7854 -0.16626 0.088785 -0.1596 0.40122 0.70852 0.69895 -1.5228 -0.52243 -0.16492 1.1616 -1.1798 -1.2598 0.19807 0.26866 -1.609 -0.47733 -0.053763 -0.50052 0.34971 0.51554 2.7053 -1.1399 -2.3856 -1.8148 -1.0107 0.42577 0.18891 1.1058 0.58999 0.67451 -0.54635 -0.86033 1.2263
-2.3155 0.21271 1.7635 1.4339 1.9099 1.5281 0.024492 -0.62178 -0.32596 -0.90959 -0.49881 1.4143 -0.9866 1.3467 -1.1467 -0.81346 -1.9196 -1.3947 0.63367 0.27626 -0.32038 0.23033 0.019767 -0.40701 -0.10453 1.2274 3.1625 -1.3027 -3.0665 -1.3721 -0.70484 -0.030646 0.49099 1.6133 0.6362 0.9997 -0.43381 -1.294 1.4548
-2.2476 0.1259 0.87244 0.34492 0.26969 0.56708 0.61589 -0.9871 -0.039341 0.2139 -0.57251 0.48868 -0.85396 2.2257 -1.9457 -2.1281 -2.8563 -1.5393 -0.08929 0.5036 0.076892 0.91361 0.64649 -1.1965 -1.1302 1.9829 2.0136 -1.0382 -2.552 -0.61559 -0.036995 -0.36043 0.82284 1.4828 0.5661 0.6174 -0.41103 -1.377 1.274
-0.89458 1.3031 1.8983 0.26832 -0.24123 0.72388 0.30422 0.18463 -0.28559 0.96525 -1.0792 0.032135 -1.2774 2.7703 -1.8958 -2.5675 -2.5051 -1.7883 -0.30211 1.1013 0.66917 0.42969 0.96945 -1.1223 -1.3579 2.1199 0.21074 -0.01624 -0.66377 0.79395 1.0796 -0.023165 0.93796 0.55949 0.12356 -0.12402 -0.2364 -0.76952 0.56639
0.12744 -0.50286 -0.51857 -0.62778 -0.65493 0.74458 0.42567 0.6105 0.12443 1.1193 0.14002 -0.049838 -0.14715 2.4446 -1.4907 -2.471 -1.9606 -1.1354 -0.074516 1.4475 0.8404 0.53528 0.7767 -0.99881 -1.7346 2.0946 -1.351 0.49098 0.598 1.7863 1.9345 0.6889 0.7218 -0.093684 -0.06719 -0.96338 0.29558 0.085191 -0.18737
-0.23511 -1.2786 -0.96314 -1.6679 -0.82095 0.13543 0.82571 0.02813 -0.011975 0.94995 -1.2547 -1.2404 0.76308 1.6143 -1.39 -1.8135 -0.94407 0.47036 0.55752 1.62 0.40315 0.65764 -0.30208 -0.99448 -1.3259 2.069 -2.2655 1.0495 1.7516 1.9873 2.2256 0.91888 0.18279 -0.65877 0.053166 -1.3192 0.47039 0.56929 -0.99346
0.087041 -1.0638 -0.7348 -0.92417 -0.28398 1.0354 1.4381 0.49905 0.47616 0.89539 -1.4605 -0.39902 0.79977 0.32052 -1.3784 -1.4459 -0.45567 1.0363 0.8303 1.6387 0.014265 0.66101 -0.74287 -0.63011 -0.99912 1.7044 -1.9544 1.245 2.1124 1.7354 1.548 0.79085 -0.37209 -0.68319 -0.28336 -1.0798 0.87125 0.93185 -1.6294
-0.28982 -0.8996 -0.84249 -0.84843 0.26902 1.2443 2.0345 0.16467 0.35876 0.27662 -2.0158 -1.4597 0.9109 -0.32567 -0.21108 0.018611 0.2796 1.3886 1.0529 1.3497 -0.23889 0.46594 -1.0455 -0.30867 -0.63226 0.72613 -1.2149 1.0928 1.7226 0.9359 0.43236 0.21387 -0.74947 -0.46437 -0.68822 -0.48678 1.1287 0.77385 -1.7061
-0.13143 -0.79851 -0.6255 -0.6213 0.7156 1.2093 2.1842 -0.10275 0.7883 0.14306 -1.5727 -1.376 1.0068 -0.1738 -0.017175 0.34947 0.51857 1.3699 1.2302 0.84524 -0.20835 0.065525 -1.122 0.49944 -0.27936 0.16338 -0.35883 0.58893 1.0871 0.4539 -0.26112 -0.2685 -0.98216 -0.2445 -1.0687 -0.25103 1.0238 0.82271 -1.1953
-0.21727 -1.1846 -0.77801 -0.87499 0.48854 1.6717 1.8236 0.65593 0.52972 0.32068 -1.0513 -1.2553 0.89951 -0.37247 -0.25836 0.33621 0.24357 1.1305 0.76088 0.54381 -0.41948 -0.40991 -1.1335 0.82331 -0.19254 0.11469 0.00038993 -0.14712 0.15876 0.13093 -0.71105 -0.6543 -0.94435 0.025843 -1.3767 -0.13627 0.9072 0.72376 -0.36114
-0.33373 -1.0554 -0.63717 -0.70248 0.82863 1.7314 2.0581 -0.082076 0.63444 -0.35856 -0.62846 -1.1382 0.97202 -0.32221 -0.3731 0.31918 0.38325 0.66354 0.41895 0.11519 -0.39146 -1.0179 -1.2232 0.96594 0.36973 0.099415 0.092662 -0.10662 -0.070262 0.21517 -0.7767 -1.0472 -0.89311 0.060747 -1.4231 -0.12353 0.68697 0.4074 0.1128
-0.26384 -1.2323 -0.3875 -0.79023 1.0176 1.9497 2.072 -0.1606 -0.033257 -0.53587 -1.0481 -1.4503 0.94381 -0.25971 -0.26466 0.31646 0.59605 0.37789 0.13281 -0.13804 -0.10491 -1.7176 -1.2774 1.3749 0.4385 0.17709 0.31828 0.0002521 -0.30064 0.34206 -0.64715 -1.0411 -0.99875 0.21285 -1.1885 0.018003 0.61307 0.054687 0.19062
-0.458 -1.2451 -0.3969 -0.45066 1.3686 1.8807 2.4726 -0.13371 -0.06018 -0.7267 -0.63506 -0.92487 0.99574 -0.069432 -0.17882 0.23717 0.74034 0.25652 -0.56393 -0.56669 -0.25369 -2.0975 -1.3058 1.6772 0.18205 0.30659 0.42641 -0.02465 -0.45071 0.1911 -0.32433 -0.85034 -0.96208 0.35654 -0.52557 0.26997 0.46901 -0.26159 0.20674
-0.57328 -1.2867 -0.51969 -0.23529 0.94151 1.5153 1.9637 -0.32811 -1.0032 -1.3752 -0.54726 -0.87794 1.083 0.075095 -0.34414 -0.15224 0.6878 0.092543 -0.84377 -1.074 -0.073474 -2.2235 -1.0497 1.7658 -0.011186 0.30955 0.42018 -0.23685 -0.47975 -0.2612 -0.13596 -0.58791 -0.74307 0.41142 0.2613 0.40434 0.0054131 -0.2665 0.091857
-0.27181 -1.1676 -0.27752 0.034615 0.96408 1.5074 1.6765 0.3689 -1.5308 -1.2335 1.0752 -0.72732 1.1923 0.28238 -0.36304 -0.24124 0.69274 0.1833 -0.80895 -1.3041 0.2939 -1.809 -0.76369 1.7656 0.063876 0.35734 -0.0030031 -0.25569 -0.41609 -0.58202 -0.023992 -0.17292 -0.060568 0.52862 0.81985 0.4672 -0.49109 -0.29418 -0.050922
-0.27755 -1.4335 -0.52225 -0.10625 0.9188 0.82716 1.0247 -0.093698 -2.0673 -1.5049 1.2836 -1.3223 1.2493 0.32497 -0.55201 -0.29044 0.17399 0.15252 -0.9382 -1.2298 0.43167 -1.3516 -0.69204 1.3507 -0.042716 0.29275 -0.37566 -0.018756 -0.18676 -0.59767 -0.094187 0.24662 0.71733 0.38344 1.0141 0.27743 -0.88115 -0.46241 -0.2662
-0.28322 -1.5944 -0.86653 0.023384 1.2067 0.9103 0.96976 -0.43172 -2.1455 -1.7006 1.0768 -1.3239 1.2511 -0.20882 -0.48539 -0.42731 -0.016918 0.17907 -0.88372 -0.61912 0.53754 -0.91994 -0.49574 0.86046 -0.39658 0.22844 -0.49908 0.28079 0.10524 -0.38655 -0.12204 0.52742 1.3053 0.42864 0.97274 0.40498 -0.90281 -0.3396 -0.49279
-0.051958 -1.6328 -0.52 0.20388 1.4864 1.2012 0.89838 0.57118 -2.0511 -1.4064 1.0298 -0.90277 1.3502 -0.37625 -0.30294 -0.38735 0.00074487 -0.087299 -0.33784 -0.030766 0.55935 -0.67087 -0.59467 0.37358 -0.70418 -0.055701 -0.25231 0.90868 0.44464 -0.03906 -0.21047 0.85672 1.5105 0.3927 0.54366 0.42477 -0.86824 -0.15188 -0.93726
-0.3083 -1.9036 -0.73914 -0.38889 1.2181 0.40788 1.0708 0.42566 -1.967 -1.9644 1.2424 -0.81459 1.3168 -0.29001 -0.013815 -0.004697 0.11146 0.067879 -0.081323 0.62794 1.0747 -0.23386 0.045399 0.36379 -0.28858 -0.25931 0.35723 1.4639 0.59805 0.14449 -0.69789 1.0408 1.0013 -0.16717 0.41525 1.003 -0.74118 0.56213 -1.5341
-0.96387 -1.638 -1.0083 -0.074397 0.92801 0.35047 1.2206 0.52022 -2.629 -1.9274 1.2918 -1.8564 1.3723 -0.10548 0.72092 0.28636 0.057454 -0.19665 0.34424 1.0783 0.93617 -0.62673 -0.063141 -0.2186 -0.41296 -0.96272 0.6325 2.1057 0.71156 0.46935 -0.59445 0.95538 0.11926 -0.93114 0.56922 1.3908 -0.81493 1.0785 -2.0163
-0.40695 -1.4994 -0.71658 0.16687 0.7828 1.3025 1.4395 0.82606 -2.6083 -2.076 1.8243 -2.126 0.99577 0.30109 1.4266 0.29517 0.22753 -1.1049 0.8255 0.76552 0.007137 -0.12767 1.3561 -0.39382 0.53718 -1.7687 0.34726 2.3084 0.92046 0.7496 -0.31326 0.4698 -0.94437 -1.4432 1.0538 1.4568 -0.95501 1.6284 -2.1687
-0.35753 -1.532 -0.46192 0.12085 1.517 0.66802 1.7812 1.2874 -2.0484 -0.96404 1.4864 -1.1249 0.96223 0.47764 2.4587 0.72273 0.791 -0.64135 1.0889 0.1206 -0.77045 0.39449 1.6847 -0.95309 0.97165 -2.5203 -0.46875 1.8275 0.98445 0.94316 0.30279 -0.40684 -1.7459 -1.213 1.3906 1.4237 -0.71506 2.1732 -1.485
-0.22503 -0.47552 -0.369 0.019126 0.94804 1.6306 2.2898 0.87754 -3.2341 -2.0668 0.10343 -1.6721 -0.067298 0.045463 2.9332 1.4064 1.0894 -0.31146 0.45939 -0.74597 -0.95533 1.3311 2.2453 -1.2691 2.1827 -2.9427 -1.2608 0.79008 0.96448 0.86669 0.68614 -1.1795 -1.8577 -0.46096 1.1223 0.37913 -0.34563 1.4541 -0.40663
0.1466 0.0045916 -0.3886 0.32104 -0.6739 1.8981 1.337 0.040971 -1.661 1.1793 0.86916 0.61723 -0.6885 -0.84511 2.9908 1.4732 1.3141 -0.014722 -0.3056 -1.5808 -1.0076 1.3847 2.4964 -1.2764 2.9927 -2.7481 -1.4528 -0.65798 0.65489 0.52734 0.58676 -1.5214 -1.4062 0.63212 0.95631 -0.56372 0.54234 0.60653 0.88814
-0.3775 1.1921 0.094593 0.93973 0.9855 1.4071 0.92433 -0.83002 -1.5773 -0.51775 0.029524 -0.45087 -1.3718 -1.3555 2.4737 1.6271 1.5181 -0.10507 -0.84899 -2.0166 -0.80142 1.5881 1.7536 -0.95054 2.3496 -2.3083 -0.89941 -1.6791 -0.0066788 -0.032483 0.57934 -1.007 -0.24595 1.4608 0.10217 -1.8218 0.75705 -0.71981 1.7726
-1.0944 1.4644 1.0724 1.4632 0.91728 0.76219 0.28252 0.10496 -0.66831 1.0042 -0.059684 1.3194 -1.6571 -1.4915 1.6148 1.7722 1.5277 0.37817 -1.3096 -1.9969 0.40254 2.1491 0.74745 0.036992 2.0543 -1.4272 0.25074 -2.2467 -0.63206 -0.64832 0.060939 -0.091366 0.77346 1.706 -0.55552 -1.8195 0.91078 -1.323 1.9747
-1.1978 1.4625 0.87722 1.5189 1.1395 0.688 -0.11973 0.14216 -1.192 1.3017 0.11001 2.5228 -1.6397 -1.2875 0.86455 1.2471 0.94195 0.60058 -1.0668 -1.0295 1.24 1.1449 -0.7138 -0.32482 1.2255 -0.78312 1.0959 -2.0256 -1.3129 -1.0383 -0.21909 0.65669 1.3866 0.99624 -1.2064 -1.2909 0.69369 -1.8177 1.6478
-1.425 1.2492 1.2803 1.6882 0.6532 -0.029224 -0.10121 0.13522 -0.42846 0.51268 -0.2711 1.0911 -1.7115 -0.42885 0.10309 0.54775 0.47058 -0.25229 -0.40127 -0.57922 1.3604 0.5031 -0.098758 0.33504 0.94938 -0.36851 1.173 -1.3644 -1.5988 -1.0812 -0.42686 1.085 1.3792 -0.22125 -1.5247 -0.29675 0.24504 -2.3406 1.0522
-1.2457 1.5773 1.59 1.881 0.74299 0.53715 -0.20642 1.3233 0.29641 -0.65412 0.9163 1.607 -1.795 0.11124 -0.09818 -0.079728 0.22416 -0.21111 -0.017893 -0.035338 0.69481 0.022328 -0.53846 0.36812 -0.67031 -0.21659 0.80323 -0.6646 -1.2085 -0.66608 -0.085443 0.96938 0.59881 -0.89585 -0.94195 0.50273 0.039193 -1.8236 0.65304
-1.1878 1.4058 0.89218 1.4532 0.73797 0.6054 0.25117 1.1348 -0.60095 -0.025388 -0.3569 2.0534 -1.7572 -0.051558 -0.14178 -0.38875 -0.01196 -0.035321 0.30425 0.18167 0.2254 -0.30717 0.039136 0.21453 -1.5922 -0.038683 0.021055 -0.13338 -0.54584 -0.16535 0.32946 0.20197 0.0060574 -1.1186 -0.60694 0.7315 -0.43092 -1.2997 0.34676
-0.98237 1.372 1.0115 1.7496 0.74602 0.74591 -0.1391 0.87457 -1.0658 0.6382 0.685 1.4793 -1.8948 -0.014046 -0.097522 -0.41902 0.020137 0.32689 0.48841 -0.25522 0.014143 -0.31648 0.28096 -0.17352 -1.0877 0.087492 -0.39618 0.11381 0.18561 0.29287 0.1265 -0.44379 -0.49332 -0.72347 -0.15309 0.9112 -0.20292 -0.23973 0.1222
-1.1572 1.2797 0.96895 1.8355 0.73996 0.45662 0.096629 0.71182 -0.64371 0.53048 0.38343 0.18512 -1.8467 -0.3366 -0.10615 -0.24556 0.29653 0.10845 -0.27479 -0.46975 -0.53619 -0.53225 1.0372 -0.29192 -1.4018 0.02679 -0.37394 0.23546 0.4973 0.47423 -0.16822 -0.84085 -0.46304 -0.30993 0.11244 0.50054 -0.025218 0.47149 -0.079101
-1.5583 1.2372 0.55433 1.456 1.01 0.8782 0.056308 0.37895 -1.2294 0.96296 0.21542 -0.40222 -1.5791 -0.48078 0.082538 0.17886 0.60556 -0.042126 -0.63486 -0.68334 -0.37438 -0.17341 0.88678 0.20314 -1.2535 -0.059939 -0.19469 0.26679 0.50428 0.36886 -0.39031 -0.77748 -0.12785 0.024523 0.071409 0.22769 0.27242 0.76739 -0.22118
-1.2625 1.3264 1.1651 1.8977 1.1061 0.74204 -0.72336 0.94681 -0.051366 -0.1446 -0.42775 0.61049 -1.667 -0.512 0.16724 0.19351 0.55225 -0.17462 -0.83139 -0.51896 -0.20668 -0.16249 0.79532 -0.018238 -0.60711 -0.096439 0.080895 0.22971 0.30353 0.12851 -0.26473 -0.29709 0.043932 0.28428 0.038246 -0.074016 0.27984 1.0443 -0.19114
-1.5431 1.4676 1.1059 2.2701 0.6177 -0.16313 -0.5274 0.53322 -1.1192 1.4935 0.48607 0.050474 -1.9082 -0.29186 0.21647 0.25501 0.56254 -0.28089 -0.80436 -0.49206 -0.11082 -0.36621 0.88615 0.27124 -0.0044494 -0.20883 0.16814 0.089544 0.059315 -0.030896 -0.15157 -0.066963 0.11136 0.16094 -0.14619 0.019092 0.097098 0.80308 -0.12528
