39 253
-0.72832 0.9495 0.72552 1.2033 -0.060914 0.74756 0.195 1.1396 -1.242 0.38058 -1.7426 0.20312 -1.2963 0.20326 -0.17254 0.028691 0.12521 0.41844 -0.228 -0.05229 -0.88225 0.66555 0.0035037 1.4392 -0.048281 0.17576 -0.12233 0.062376 -0.084584 -0.32996 0.21762 0.18908 -0.34617 0.0052147 0.11732 0.114 0.41517 0.2655 0.0047136
-0.51293 0.7971 0.63219 1.6856 0.38707 -0.30943 0.49518 0.71287 -1.4411 0.88271 0.11414 1.0077 -1.2459 0.07615 -0.20304 -0.10702 -0.14664 0.61277 -0.16168 -0.3356 -0.61393 0.99047 0.31062 1.816 0.053921 0.20765 -0.084976 0.14111 -0.088263 -0.36911 0.16048 0.32018 -0.48453 0.10628 -0.16644 -0.046512 0.18499 0.16821 -0.043782
-0.56566 0.48782 0.68128 0.87171 0.10996 0.77807 0.17842 0.32417 -0.29381 0.92623 0.1907 -0.32718 -1.1144 0.050686 -0.059619 -0.045424 -0.35801 0.71584 0.11903 -0.614 -0.98056 0.73153 0.091961 2.0764 0.4935 0.16654 -0.10946 0.17093 -0.21681 -0.36017 -0.088096 0.58865 -0.49739 0.28269 -0.24953 -0.42234 -0.84182 -0.13923 -0.14339
-0.54043 0.9855 0.82104 1.4755 0.51689 0.58597 -0.026744 0.21107 -0.34406 -0.1491 -0.40631 0.2156 -1.0948 0.12709 -0.0068412 -0.082397 -0.32525 0.55741 0.24322 -0.75314 -0.59674 0.3034 -0.13511 1.4676 0.062233 0.10511 -0.12616 0.33598 -0.17017 0.14534 -0.30005 0.46652 -0.10968 0.49647 -0.17733 -0.55607 -1.5164 -0.32715 -0.25294
-0.77297 0.70126 0.46917 0.85355 0.72479 0.49629 -0.33927 0.89787 0.0042675 1.2953 0.81415 0.52464 -1.0912 -0.016391 -0.0013301 -0.34753 -0.4609 0.26878 0.75603 -0.85109 -0.30446 0.51666 -0.65568 -0.17466 -0.33932 -0.016629 -0.18643 0.11217 -0.27944 0.45165 -0.50883 0.15013 0.31276 0.81012 0.18547 -0.11248 -1.7887 -0.27459 -0.23402
-0.60129 0.9353 0.73603 0.84614 0.80505 0.88043 -0.50774 -0.32292 -0.83325 0.32987 1.4045 1.3777 -1.1613 -0.11297 0.29807 -0.2416 0.17108 0.26245 0.45985 -0.44467 0.058557 0.74734 -0.47789 -0.2492 -0.22503 -0.12963 -0.16886 -0.031129 -0.0094138 0.7277 -0.65566 -0.18973 0.65415 0.58515 0.20708 0.15442 -1.3844 0.082593 -0.13249
-0.37199 0.76547 0.56354 1.1678 0.57317 0.58313 -0.46922 0.53722 -1.0601 0.29264 0.49718 -0.15602 -1.1549 -0.15467 -0.035665 -0.43486 0.2307 -0.10108 0.31229 -0.14605 0.32464 0.8719 0.030705 -0.8221 0.056025 -0.11296 -0.10896 -0.16783 0.13942 0.48816 -0.63248 -0.5416 0.94072 0.35032 -0.34182 0.50186 -0.59838 0.39302 0.023414
-0.65678 0.61802 0.10213 0.85193 0.52536 1.3765 -0.60998 0.17202 0.37694 -0.44579 -1.0821 -0.21004 -1.2221 -0.099215 -0.039826 -0.054527 0.68005 -0.49673 0.080879 0.2033 0.27519 0.53058 -0.15158 -1.1249 0.059853 -0.071957 -0.056167 -0.23265 0.14028 -0.34001 -0.43066 -0.35332 0.85024 0.095345 -0.88439 0.45137 -0.095501 0.49573 0.097534
-0.83404 1.2461 0.68137 1.4774 0.68541 1.2298 -0.29067 0.5455 1.2194 0.2966 0.19082 -0.28015 -1.248 -0.21661 -0.098658 -0.20704 0.18949 -0.54734 -0.14875 0.71037 0.30778 -0.048752 0.23606 -1.0187 0.3883 -0.007119 0.16275 0.17215 0.56123 -0.84853 0.094504 -0.28503 0.4509 0.074184 -1.3514 0.15737 0.6713 0.36029 0.11106
-0.77005 0.65481 0.098048 1.46 0.4433 0.61724 -0.34142 0.8339 0.34886 0.84248 -1.0073 1.4391 -1.1781 -0.18536 -0.039191 -0.12003 -0.44617 -0.33258 -0.023954 0.83055 0.28166 -0.53228 0.36851 -0.38715 0.70216 -0.018895 0.30418 0.13937 0.28766 -1.1444 0.49736 -0.040145 -0.1192 -0.043525 -1.1786 -0.16352 0.95741 0.012993 0.081072
-0.69349 0.64723 0.74154 1.5546 -0.052088 0.63676 -0.14181 0.58799 -0.36966 0.57905 -0.0028058 0.69126 -1.1793 0.15818 0.23525 0.53993 -0.79135 -0.018908 -0.21182 0.44041 0.4941 -1.2542 0.10356 0.16717 0.5338 0.047021 0.43503 0.2689 0.3487 -0.53711 0.51492 0.28462 -0.75625 -0.27674 -0.0087285 -0.48671 0.82569 -0.54079 0.03109
-0.75171 0.81387 0.23271 0.71354 0.16785 0.77714 0.54547 -0.054775 -1.3534 0.27288 -0.5751 1.1554 -1.167 0.22422 0.012632 0.054828 -0.96581 0.15692 0.030039 0.091497 0.12118 -1.1848 -0.42494 0.23521 0.031112 0.036793 0.30581 0.17851 0.058286 0.29193 0.42557 0.30559 -0.78259 -0.42372 1.1164 -0.22398 -0.090744 -0.67171 -0.01891
-0.7007 0.75484 0.22577 0.41483 0.40344 1.1321 0.30725 1.15 -0.48365 0.60278 -0.64281 0.19603 -1.2441 0.31247 0.29963 0.29083 -0.55572 0.15863 0.39722 -0.44841 -0.13556 0.25825 -0.38417 0.34926 -0.43592 0.016359 -0.1004 -0.15656 -0.27258 1.106 0.105 0.20646 -0.31529 -0.39647 1.8226 0.32796 -0.65083 -0.28554 -0.069587
-0.4664 1.3127 1.3088 0.36659 0.77563 0.93002 -0.47196 0.92246 -0.57625 -0.21682 -0.28939 0.78102 -1.133 0.25111 0.20991 0.10236 -0.024654 0.36222 0.28681 -0.30634 -0.2187 0.90312 0.14606 -0.70458 -0.25731 -0.036772 -0.25291 -0.18978 -0.16955 1.2667 -0.21282 -0.18744 0.072912 -0.41221 1.1547 0.58119 -0.6426 0.29166 -0.02184
-0.62746 0.78631 0.12772 0.82878 0.63249 0.92575 -0.20444 0.48666 -0.6329 -0.038844 0.45968 0.42629 -1.1805 -0.034005 -0.11184 0.058642 0.7939 0.062322 0.075037 -0.0019156 -0.097098 1.2813 0.50849 -0.75392 0.073102 -0.035078 -0.38237 -0.45983 -0.54532 0.83678 -0.21478 -0.21559 0.52619 -0.44798 -0.056373 0.40452 -0.42668 0.28456 -0.0044555
-0.3406 0.93332 0.65156 1.0423 0.1082 1.2446 -0.86908 0.3022 0.85489 0.48242 -0.62004 0.8107 -1.1515 -0.041227 -0.082616 -0.11366 0.71446 -0.20559 -0.18846 0.0079458 -0.69041 0.57052 0.3499 -0.58708 0.42634 0.02435 -0.2432 -0.2009 0.064372 -0.10256 -0.23266 -0.11316 0.68572 0.015406 -0.68904 -0.49218 0.30921 -0.058958 0.064674
-0.53603 0.93118 0.66144 1.1388 0.64048 1.0239 0.34149 0.14829 0.18132 0.99915 -1.9213 0.30934 -1.2744 -0.20072 -0.28204 -0.51649 0.62902 0.028209 0.19844 0.44599 -0.76303 0.31167 0.3648 -0.6344 -0.14345 -0.022973 -0.052861 0.066575 0.31056 -0.93666 0.080065 -0.017711 0.58327 0.41576 -0.89933 -1.1372 0.95526 -0.64869 0.14111
-0.97078 0.61078 0.24974 1.4246 0.36449 0.91223 0.62095 0.61531 0.51112 0.99716 -1.3046 1.2655 -1.2011 -0.087685 -0.023559 0.49798 -0.13775 -0.068488 -0.0046139 0.84217 0.17033 0.031839 -0.81053 -0.15909 -0.26143 0.065274 0.22396 0.11151 0.17958 -1.0828 -0.16473 -0.10704 -0.10746 0.85795 -0.21069 -0.90915 1.5293 -0.79777 0.21057
-0.47554 1.0157 0.53462 0.8817 0.27376 0.70399 -0.61808 0.19762 -0.22029 0.28588 -0.48888 0.88846 -1.1151 -0.10849 -0.037048 0.27411 -0.52932 0.13101 -0.05399 0.74734 0.32293 -0.21869 -1.2916 0.98069 -0.9773 0.18179 0.82358 0.23477 -0.38416 -1.2271 -0.80199 -0.5686 -0.79121 0.42304 0.037251 -0.02761 1.7959 -0.2208 0.37068
-0.73097 0.74525 0.23288 1.3252 0.99363 1.6258 0.15031 -0.38951 -0.032509 0.26954 -0.85184 0.038077 -1.1975 0.28678 -0.029751 -0.20752 -0.72788 -0.57769 -0.2796 -0.36589 0.49435 0.41959 -0.7242 1.7476 -0.87508 0.27672 1.1813 -0.13868 -1.6347 -1.0761 -1.0898 -1.0128 -1.2521 -0.49194 0.014766 1.3244 1.118 0.35811 0.54123
-0.55326 0.83231 1.322 0.46312 0.036234 0.77223 1.055 1.2071 0.19629 -1.6246 -0.21653 0.20426 -1.073 1.0082 0.091287 -0.80855 -1.3662 -1.23 -0.81281 -0.54861 -0.060198 0.18889 0.26686 2.1088 -0.30082 0.49673 1.5515 -0.36176 -1.9361 -1.0461 -1.0077 -1.425 -1.5477 -0.86573 -0.40634 1.7209 0.040964 1.0525 0.71715
-0.61312 0.87864 0.68995 0.55631 0.57021 1.0608 0.24556 0.48106 0.59223 -0.65368 0.3045 -0.83679 -0.93608 1.3599 -0.30792 -1.7045 -1.7284 -1.4392 -1.6703 -1.0357 -0.58866 -0.14504 1.1891 1.5639 0.19451 0.82155 1.3659 -0.69969 -1.9593 -0.5554 -0.1616 -1.2388 -1.2237 -1.4089 -1.0904 1.2513 -0.83497 0.79953 0.7884
-0.22714 0.75127 -0.28137 0.52924 -0.5593 0.29594 -0.71287 0.75894 0.9242 0.97971 0.85326 0.038225 -0.93419 1.9917 -0.47084 -2.2271 -1.9823 -1.3359 -2.2356 -2.0382 -0.82776 -0.73694 1.3615 1.12 0.79156 1.1205 0.8856 -0.88662 -0.95145 0.31861 0.66908 -0.49385 -0.24771 -1.0225 -0.79074 0.090081 -1.0349 0.31763 0.73269
0.66985 0.90063 -0.81873 -0.56439 -1.3792 -0.39734 -0.45242 -0.18727 -0.01937 1.4802 2.166 1.4928 -0.46064 2.1154 -0.85583 -2.787 -1.459 -0.8396 -2.0693 -2.0897 -1.8917 -1.2623 1.354 0.46812 0.33243 1.2964 0.11803 -0.91154 0.22891 0.82439 1.5116 0.72773 1.1559 -0.30593 0.081524 -0.93568 -1.0655 -0.57985 0.68014
0.97285 0.36999 -1.2897 -1.0146 -0.80258 -1.4299 -1.6857 -0.87496 -0.74753 1.4768 0.66722 0.43791 -0.088436 2.1322 -1.0375 -1.8643 -0.91193 -0.29071 -1.6112 -0.52688 -1.412 -0.80841 0.37628 0.46716 0.33642 1.4967 -1.2125 -1.0981 1.0025 0.91065 2.0671 1.8438 2.171 0.92241 1.5077 -1.2538 -1.1696 -1.6227 0.56726
1.4747 0.18018 -1.5162 -0.90831 -0.44835 -1.2954 -1.8122 -0.2952 -0.74544 0.77334 0.46401 0.88959 0.11886 1.4832 -1.4667 -1.5016 -0.73237 0.85327 -0.51536 0.52702 -0.87806 0.048782 -0.27618 -0.36292 -0.82255 1.7821 -2.0686 -1.0215 1.3148 0.60929 1.8408 2.1705 2.349 2.0036 2.3181 -0.9795 -0.93775 -1.7828 0.36517
1.5327 -0.14218 -1.8639 -0.69351 -0.86677 -1.594 -1.3721 -1.1578 -1.0281 0.52302 0.7975 -0.31111 0.40657 0.23354 -1.9024 -1.187 -0.65367 1.672 0.70667 1.0138 0.52107 1.568 -0.44791 -0.93417 -2.1425 1.8355 -2.3325 -0.83752 1.0423 0.42637 1.1562 1.9815 1.2881 1.9648 1.9493 -0.24722 -0.91851 -1.4861 0.027152
1.854 -0.18363 -1.3678 -0.17409 -0.10566 -0.89244 0.076057 -0.77079 0.43638 0.78855 1.9652 0.37476 0.82148 -0.46859 -2.0393 -0.91862 -0.45758 1.6101 1.1502 1.8584 1.1426 2.1024 -0.28361 -0.8188 -2.2877 1.7432 -1.7402 -0.36451 1.2089 0.40352 0.28474 1.1352 0.12834 1.534 0.58164 -0.13593 -0.77087 -0.2625 -0.43155
1.5141 -1.0351 -2.4216 -1.1741 0.31965 -0.44006 -0.16785 -0.36463 0.85396 1.0844 0.13171 -0.75133 1.4318 -0.87511 -2.0762 -0.40631 -0.25956 1.4813 1.5531 1.3917 1.5016 1.993 -0.13503 -1.2525 -2.1455 1.5608 -0.80607 0.17436 1.2613 0.44787 -0.57069 -0.039203 -0.94155 0.29444 -1.4115 -0.55575 -0.69993 0.80572 -0.82583
0.60628 -1.515 -2.2496 -1.8968 1.0947 0.35483 -0.13841 0.53668 1.9193 0.64746 -0.075018 -2.2453 1.7787 -0.93615 -1.957 0.13716 -0.18221 1.4687 1.3508 0.58927 1.7008 0.97714 -0.71442 -1.8444 -1.3759 1.1886 -0.050988 0.81423 1.2559 0.77762 -0.94781 -0.80698 -1.2264 -0.39684 -2.6649 -0.8497 -0.26199 1.6501 -1.1992
0.69297 -1.9252 -2.2716 -1.0355 0.98634 -0.40035 0.40642 0.32778 1.3957 0.68138 -0.58952 -2.349 1.7752 -0.9142 -1.6688 0.40212 0.038478 0.66256 0.52589 -0.25268 0.85166 -0.64503 -1.3942 -1.9145 -0.83125 0.7154 0.64152 1.4591 0.97936 1.0246 -0.98208 -0.96237 -0.30595 -0.57148 -2.9978 -0.74178 0.49021 2.3326 -1.4178
0.83926 -1.9776 -1.6924 -0.58869 0.87279 0.88677 -0.2309 0.94509 1.4566 0.38154 -0.74531 -1.5878 1.8535 -0.54357 -0.95661 0.78517 0.83749 0.23388 0.033984 0.20655 0.7057 -1.8171 -1.4318 -1.0703 0.65776 0.13725 0.82203 1.7577 0.56866 0.85845 -0.60001 -0.37806 0.73824 -0.29219 -1.8701 -0.13833 1.296 2.3018 -1.4033
0.75969 -2.2226 -1.469 -0.80631 1.1904 0.15882 -0.23504 0.49166 0.2435 -0.80447 -1.3013 -1.4779 1.8643 0.014417 -0.2705 0.91355 1.1348 0.24901 0.26814 0.96064 0.8908 -2.5027 -1.3279 -0.65792 1.9238 -0.31166 0.71625 1.5778 -0.086815 0.70759 0.089756 0.14186 1.5693 -0.16959 -0.41965 0.12978 1.4525 1.7761 -1.0875
0.5964 -2.2859 -1.4869 -0.79996 0.71478 -0.31719 -0.37353 0.021493 -0.35118 -1.2391 -1.16 -1.1638 1.8711 -0.006967 0.12189 0.83595 0.86427 0.54056 0.71543 1.4607 1.127 -1.7708 -1.0344 0.18451 2.2659 -0.67156 0.41753 1.5809 -0.33846 0.55603 0.10228 0.80133 1.4729 0.073874 0.54553 0.23771 1.4054 0.85701 -0.98234
0.49582 -2.1729 -1.8118 -0.48407 0.97858 -0.10023 0.57695 1.1614 -1.1123 -0.62899 -1.3117 -0.27471 1.6069 0.030694 0.28555 0.23102 1.3387 0.66459 0.47007 2.2701 0.33003 -1.4949 -1.3178 0.44072 2.241 -0.71995 -0.20532 1.9508 0.052161 0.55769 -0.42402 0.87159 0.67448 0.082909 0.8064 0.82344 1.1675 -0.088476 -1.2303
0.84019 -1.7481 -1.0096 -0.15963 1.6564 1.1453 1.6466 1.8584 -1.1413 -1.1542 -0.93126 0.51726 1.3002 0.15233 1.2638 0.55834 1.7668 0.20488 1.5486 2.5078 1.1582 -1.2512 -0.93552 1.265 2.3777 -1.3206 -0.74755 2.3595 0.87224 0.44267 -1.1188 0.48143 -0.87152 -0.72485 0.89839 1.3743 0.71086 -0.80043 -1.4345
0.76258 -1.881 -1.1361 0.11706 1.6187 1.0791 1.7147 1.4894 -0.18501 -0.85955 -0.042017 0.8897 0.9625 -0.4228 2.2419 1.1399 1.7179 -0.38889 1.6089 1.787 1.0652 -1.18 0.35155 1.1918 1.6913 -2.0683 -1.3062 2.2295 1.4868 -0.14177 -1.4287 -0.30691 -2.3156 -1.8004 1.0802 1.9168 0.1748 -1.4937 -1.3666
0.80747 -1.8727 -1.6772 0.98473 1.6044 0.81571 2.2117 0.2302 -1.1669 -2.801 -0.66437 1.2616 1.2859 -1.062 2.8732 1.8456 1.4948 -1.0383 1.1161 -0.057896 -0.65327 -0.16499 1.0143 1.2494 0.81664 -2.4237 -1.4614 1.138 1.096 -0.69043 -0.8501 -1.1277 -2.764 -2.3426 1.0627 1.6205 -0.58107 -1.6594 -0.65746
0.8047 -0.30156 -0.58669 0.97874 0.7999 2.3945 2.5436 2.2929 -2.1713 -1.9537 0.79683 1.8074 -0.028972 -1.5962 3.0047 2.083 1.2062 -1.3991 0.065664 -1.1123 -2.3108 0.082445 1.7276 0.77429 -0.2096 -2.48 -0.87297 -0.21246 0.51125 -0.91279 -0.032914 -1.2494 -2.1542 -1.2357 1.2103 0.72518 -0.82561 -1.3433 0.24429
-0.37958 0.58361 -0.061945 0.93033 0.085232 1.6452 1.5966 1.6927 -2.1336 1.0354 0.032404 0.97284 -0.94979 -1.7595 2.6807 1.9265 0.7321 -0.89283 0.043342 -1.6099 -1.7763 0.20365 1.7758 0.22778 -0.26303 -2.2275 0.064934 -1.5926 -0.57746 -0.9819 0.85445 -1.1364 -0.93061 0.19268 0.94913 -0.43324 -1.0791 -0.93365 1.2475
-0.65919 0.97163 0.65248 1.1862 0.24036 1.5681 0.1903 -0.19916 -0.10738 0.71983 0.5829 0.95492 -1.1528 -1.5696 2.0014 1.9576 0.39444 -0.53571 -0.37711 -1.7776 -0.79959 1.0118 1.4937 -0.051816 -0.67295 -1.7547 1.1236 -2.3041 -1.3365 -0.77518 1.3111 -0.65767 0.19981 1.3113 0.50699 -1.4596 -0.7756 -0.53325 1.9204
-0.75092 0.99633 0.96287 1.3089 0.30485 0.69022 0.65919 -1.6832 -0.65856 0.68135 0.16729 0.14054 -1.2413 -0.97223 0.85603 0.93902 0.067065 0.11592 -0.95696 -1.6043 -1.0011 1.2333 0.22637 -0.61903 -0.96538 -0.67861 1.5003 -2.214 -1.5835 -0.55296 1.0166 -0.45423 0.90821 1.2238 -0.54506 -1.24 -0.60506 -0.40613 1.8686
-0.94492 0.65657 0.11452 1.1392 0.90251 1.5369 0.35077 0.37588 -0.73947 0.21141 -0.0077051 1.3736 -1.1962 -0.082378 0.2733 0.33348 0.090168 0.53665 -0.76265 -0.72008 -0.071269 0.56178 -0.55364 -0.45274 -1.0018 -0.0090098 1.1642 -1.4326 -1.3681 -0.4409 0.42845 0.14176 0.94577 0.62953 -0.96421 -0.27124 -0.21415 -0.16804 1.3011
-0.78816 0.98824 0.99296 1.4495 0.40458 0.88674 0.47424 1.1675 -0.40641 -0.52426 -0.28481 0.37437 -1.1603 0.046471 0.043339 0.080686 -0.15032 0.46012 -0.68185 -0.31858 0.31325 -0.64447 0.20383 -0.86756 -0.96566 0.057465 0.3832 -0.38635 -0.38214 -0.29769 -0.24082 0.17657 0.63021 -0.016764 -0.39227 0.49977 0.12049 0.16678 0.4652
-0.61708 1.0847 0.54979 0.75527 0.60516 0.82592 0.065933 0.6235 -0.43013 -0.20451 -0.18324 -0.033509 -1.155 -0.10216 0.14176 0.09043 -0.32266 0.081135 -0.22998 -0.52483 -0.18222 0.053925 0.93964 -0.41054 -1.0223 0.0756 -0.29921 -0.078882 -0.256 -0.46381 -0.39015 0.10828 0.2979 -0.88154 0.60528 0.38645 0.55161 0.63682 0.10782
-0.55138 1.0005 0.57565 1.3194 0.88514 0.41397 0.30051 0.035961 -0.76151 0.70881 -0.32029 -0.62696 -0.9863 -0.31682 0.31005 0.41912 -0.28555 -0.11937 -0.86837 -0.44112 -0.95338 0.71428 0.53024 -0.4273 -0.57684 0.064303 -0.39584 -0.27887 -0.30545 -0.2637 -0.25726 0.1284 0.30589 -0.70916 1.444 -0.54438 0.85344 0.84469 0.24736
-0.82115 0.89682 0.8933 1.0217 0.87664 0.50509 -0.12991 -0.89535 -1.4894 1.3257 -0.98131 -0.16532 -1.2214 -0.41834 0.014295 -0.26543 -0.71071 0.084004 -0.45225 -0.066513 -1.1615 1.0697 0.096159 0.43641 0.20382 0.16861 -0.26786 -0.53174 -0.26077 -0.16273 -0.050505 0.27405 0.63373 0.036494 0.81574 -0.94657 0.98647 0.63297 0.32108
-1.1048 1.082 0.72795 0.83404 0.33154 1.0378 -0.020679 -0.81581 0.11091 1.7908 -0.090989 -0.72592 -1.1329 -0.47776 -0.33476 -0.25408 -0.45202 -0.035103 -0.31297 0.060633 -0.57864 1.6831 -0.51225 0.44584 0.27313 0.42791 -0.025744 -0.63921 -0.076293 0.16217 -0.082325 0.53476 0.65635 0.81736 -0.14128 -0.74156 0.8785 0.22055 0.26342
-1.2522 1.2132 0.90878 0.93115 0.63123 -0.34808 -0.14828 0.46227 0.83694 -0.56787 -0.82779 0.90972 -1.0641 -0.48587 -0.37746 -0.010662 -0.54706 -0.068017 0.043963 0.49217 -0.27169 1.1703 -0.51985 1.1664 -0.055651 0.43538 0.51868 -0.49435 0.37963 0.67368 -0.39052 0.21931 0.30387 1.0313 -1.309 -0.15868 0.086898 0.0031557 0.012545
-0.95301 0.89318 0.21258 0.19704 0.74706 0.47844 0.56353 -0.55691 0.78891 -0.41735 1.0554 0.263 -0.84603 -0.33455 -0.50561 0.16368 -0.069758 -0.2099 -0.038763 0.59293 0.24893 0.38423 -0.71282 0.99669 0.048067 0.37502 1.3362 -0.73307 -0.01927 0.19775 -1.1549 -0.22408 -0.032199 0.68295 -1.7867 0.61297 -0.4489 -0.023212 0.22896
-1.0875 0.43273 0.31665 0.7037 0.71726 0.38828 -0.014844 -0.50297 1.408 -0.067251 -0.14335 -0.34747 -0.48326 0.38651 -0.68279 0.16291 0.34863 -0.57167 -0.14818 0.27165 0.49637 -0.85518 -0.13303 0.30398 0.33897 0.21503 1.8088 -0.9576 -0.51626 -0.41156 -1.705 -1.2936 -0.2963 0.45553 -0.99515 0.34995 -0.94862 0.033536 0.93144
-1.3212 0.67696 1.0965 0.7422 0.72561 0.77827 0.9627 -0.82989 -0.37226 1.1104 1.3688 -0.92431 -0.74223 1.3559 -1.342 -0.37321 -0.53597 -1.9562 -0.67045 0.09914 0.41786 -0.81715 0.58209 -0.094067 0.041124 0.92393 1.7953 -0.75403 -0.91931 -1.2061 -1.5474 -1.9658 -0.11155 0.10463 0.30297 -0.34046 -0.45158 -0.021142 1.5058
-1.3508 0.49774 1.1209 1.0188 0.17555 0.35207 0.30101 -0.14727 -0.49776 -0.11692 0.0653 0.52615 -0.95816 1.7443 -1.4742 -0.60876 -1.0851 -2.3969 -2.2519 0.13602 0.57316 -0.18654 -0.43078 -0.29842 0.036478 1.7344 1.2003 -0.22154 -1.1522 -1.2143 -0.70604 -1.973 -0.16754 -0.075913 1.7195 -1.077 -0.01673 -0.05932 1.492
-0.21191 0.37903 0.56645 1.2091 -0.48735 0.15169 0.048468 0.54282 -0.41198 0.65253 -0.10191 0.7088 -0.82424 2.0389 -1.303 -0.99355 -1.6041 -2.2045 -2.9551 0.42937 0.44363 0.64314 -1.2744 0.32121 0.16912 2.1598 0.22203 1.006 -0.81904 -0.29025 0.79392 -0.70419 -0.45338 -0.091731 1.4791 -0.87081 0.18127 -0.23769 0.17057
0.82523 -0.91856 -0.27796 -0.83016 -2.2511 -1.5774 0.25366 0.33084 0.55464 0.13487 -0.33269 0.4461 0.83795 2.0833 -1.0535 -1.4609 -1.3838 -1.7808 -2.9885 -0.23748 0.35836 1.7915 -1.4588 0.023857 0.16179 2.1182 -1.2663 1.9521 0.37741 1.1375 2.3425 1.7771 -0.72343 -0.24928 0.08686 0.2114 -0.1023 -0.20893 -1.7595
0.59874 -0.80021 -0.31767 -0.90884 -1.6328 -2.913 0.92536 -0.57117 1.0061 -1.4473 1.0051 -0.69591 1.5958 1.5572 0.037212 -1.3219 -0.93181 -0.79165 -1.7245 -0.63314 0.36875 1.0982 -0.72584 0.084021 -0.52243 1.0191 -2.6461 2.5245 1.7631 2.4919 3.3427 3.7245 -0.7571 -0.1521 -1.4043 1.3509 -0.48791 0.17861 -3.4454
0.64459 -0.49213 -0.0647 -0.48893 -1.2817 -2.9532 0.83647 -0.068247 1.5538 -1.5322 0.95951 -0.06532 1.4613 -0.18086 0.94102 0.18891 0.69324 1.2661 0.71749 -0.79501 0.1415 -0.24552 -0.25891 -0.43025 -0.056143 -0.6712 -3.1436 2.0978 2.357 2.5073 2.9611 4.3345 -0.46935 0.14918 -2.2103 1.8618 -0.26297 0.59064 -3.7972
0.89721 -0.19733 -0.44326 -0.058595 -1.4578 -2.5151 -0.18201 0.10222 1.6671 -0.77795 0.46218 0.32978 0.86133 -1.3468 1.6901 1.141 1.9949 2.5126 2.7061 -0.82188 0.27578 -1.1 0.95986 -0.50396 0.68208 -2.2715 -2.6648 0.71345 1.8512 1.5192 1.5263 3.0924 0.11006 -0.017965 -1.3815 1.5522 -0.02815 0.49358 -2.4721
0.82325 0.79934 -0.65382 0.054088 -1.0683 -1.1711 -1.01 0.91161 0.17531 -0.36835 -0.5476 -0.17178 -0.35083 -1.8304 1.4358 1.2639 1.819 2.0938 3.5413 -1.0943 0.72633 -1.4547 1.6034 -0.26666 0.85915 -2.6573 -1.31 -0.49368 0.7566 -0.18961 0.10177 0.91865 0.58659 -0.37172 -0.26103 0.42229 0.4211 -0.022116 -0.31064
-0.64697 0.73863 1.1799 1.5735 1.1941 1.3182 -0.3274 0.1552 -0.87086 0.1323 -0.74121 0.68858 -1.0536 -2.1675 0.91685 1.2479 1.3309 1.6372 3.1024 -0.26909 0.066193 -1.0138 1.5992 -0.094006 0.10857 -2.1684 -0.021754 -1.4204 -0.29624 -1.4542 -0.98427 -1.1846 1.0811 -0.60536 0.91105 -0.83869 0.56349 -0.37976 1.597
-0.88077 0.69535 0.94104 0.92085 0.8027 0.91805 0.064281 -0.014889 -0.059668 1.006 0.20443 1.1004 -1.0932 -2.011 0.54619 1.4054 0.66756 1.8816 2.3717 0.10165 -0.46573 -0.80364 0.30954 0.20268 0.1983 -1.2491 1.0796 -1.3292 -1.1592 -1.6675 -1.3086 -2.3812 1.1422 -0.45019 1.3079 -1.3716 0.43682 -0.37638 2.247
-1.2342 0.70328 0.71136 0.87665 0.26962 0.96154 -0.6849 0.64982 -0.15861 0.42417 1.3142 0.34059 -1.096 -1.3012 -0.11175 0.57296 -0.14283 0.7649 0.89914 0.74803 -0.30378 0.36255 -0.14786 0.39536 0.20279 -0.27693 1.5111 -0.88635 -1.3023 -1.0667 -1.1345 -2.3019 0.66557 -0.056231 0.95052 -1.1968 0.086535 -0.15926 1.8725
-1.3498 0.60393 0.84588 0.98692 0.21012 0.80786 0.25629 -0.035699 0.70901 1.0652 -0.065983 -0.22269 -1.0923 -0.43104 -0.15229 -0.34432 -0.55485 0.06944 -0.16341 0.68794 0.043601 0.42491 -0.3946 0.35925 0.0096681 0.19459 1.2532 -0.46195 -0.92932 -0.42707 -0.9883 -1.9043 0.29726 0.20632 0.86893 -0.46946 -0.18346 -0.017065 1.0834
-1.1544 0.93135 1.2064 0.74272 1.7516 1.4648 -0.73824 -0.29754 -0.61529 -1.09 -0.083097 0.95199 -0.9929 -0.38951 -0.13618 -0.063111 -0.049494 0.4085 -0.27635 0.76969 -0.27454 0.23757 -0.55388 -0.030052 -0.12754 0.27413 0.63961 0.071879 0.038992 0.23988 -0.25928 -1.0781 -0.4156 0.45509 0.47781 -0.13397 0.16186 0.15934 0.35667
-1.0754 0.48949 0.36705 0.314 0.28824 0.73431 0.63469 0.64478 0.56211 0.062547 -0.0016218 0.57583 -0.91062 -0.33851 -0.17288 0.16359 -0.17915 0.19844 -0.88459 0.68183 -0.045484 0.9642 -0.46826 -0.0037827 0.34213 0.30572 0.1565 0.066418 0.6016 0.49697 -0.18319 -0.33054 -0.50763 0.021077 0.60419 0.34236 0.34734 -0.16868 -0.034652
-1.3399 0.51417 0.76642 1.007 1.1894 0.92034 0.62718 0.079425 -0.18594 0.30559 0.67526 0.88972 -0.83453 -0.26491 0.01125 0.38446 0.1117 0.20284 -0.91715 -0.091942 0.66919 1.0297 -0.38872 0.87574 0.39867 0.26925 0.22497 0.13309 0.50911 0.37656 -0.14117 0.23122 -0.7126 -0.56462 -0.088306 0.2185 0.26674 -0.39402 -0.19765
-1.6216 0.60323 0.93494 0.95479 0.98472 0.37093 0.54062 -0.38454 0.55272 0.074019 0.54612 0.22004 -0.80207 -0.2342 -0.12193 0.44169 0.28584 -0.18297 -0.51138 0.090597 -0.36095 1.214 0.24343 0.59089 -0.60433 0.1372 0.34703 0.083696 -0.14016 0.39885 0.10039 0.70968 -0.41029 -0.66217 -0.90334 0.17837 -0.17626 -0.53666 -0.27396
-1.6174 0.51962 1.0744 0.47248 0.34374 -0.49231 -0.024491 0.64497 1.907 -0.51866 0.64965 0.85644 -0.75637 -0.065834 0.047824 0.65239 0.41498 0.32258 0.0022526 -0.37519 -1.2116 -0.062944 -0.4487 0.18955 -0.49502 0.023007 0.33203 -0.10389 -0.7697 0.24708 0.29298 0.87337 0.31153 -0.32116 -1.2877 0.11334 -0.65334 -0.31913 -0.21479
-1.3502 0.85271 1.4147 1.141 1.3284 0.23605 -0.39857 0.8507 1.2757 -0.26577 1.2387 0.87484 -0.76942 0.14583 -0.059777 -0.20562 0.40771 0.31382 0.0864 -0.0088981 -0.39341 -0.26666 -0.061345 -0.064892 -0.3618 -0.035552 0.30614 -0.14173 -1.0731 0.1882 0.41494 0.81525 0.62108 0.47998 -1.4447 0.016789 -0.44477 0.057768 -0.12114
-1.3134 0.457 1.1776 0.87143 0.98393 1.1558 0.31495 -1.3016 0.85184 -0.015229 0.43322 -0.53838 -0.84673 0.10339 -0.18502 -0.58383 0.50655 0.48997 0.54496 0.57753 0.073711 -0.76241 0.0042982 -0.19257 -0.40051 -0.0087238 0.84377 -0.45173 -1.9441 -0.58728 -0.55354 0.038421 0.72125 0.87444 -0.31063 0.3292 -0.27329 0.30559 0.19075
-1.3093 0.52327 1.0816 1.0773 0.96091 0.63124 0.39074 -1.052 -0.47041 -0.70145 0.36027 0.24916 -0.86358 0.19538 -0.23052 -0.7414 0.58616 0.49702 0.86099 0.85666 -0.025757 -1.2772 0.05521 -0.18058 -0.51025 -0.052962 1.741 -0.47831 -1.9106 -1.6665 -1.0823 -0.93376 -0.076013 0.60094 0.30992 0.1978 -0.26131 0.79225 0.83579
-1.3868 0.47117 0.25078 1.5142 1.6247 0.39004 0.56621 0.43672 0.31103 0.49954 0.73004 0.56929 -0.82466 1.3399 -0.58194 -2.343 -0.77273 -0.81705 -0.30888 0.63597 0.36507 -0.17017 0.18605 -0.35857 0.25922 0.35296 2.398 -0.40774 -1.6988 -2.7305 -1.4328 -1.6785 -0.81436 0.0034709 0.73404 0.082788 -0.36815 0.86296 1.4483
-1.6042 0.40003 0.53626 1.1818 1.2367 0.84442 0.98454 0.49083 0.59804 -0.45617 0.35671 -0.23152 -0.73554 2.4874 -0.61847 -2.533 -2.0615 -1.0698 -1.3723 -0.19801 0.67871 0.044103 0.26542 -0.56295 1.0462 1.1953 2.2033 -0.25936 -0.94145 -3.0903 -1.4178 -1.8955 -1.1101 -0.72609 0.087891 -0.27422 -0.73904 0.63541 1.6806
-1.07 0.3885 0.62884 1.275 1.1888 1.2406 0.6172 0.22912 -0.1664 -0.43692 0.73706 0.13064 -0.88059 3.037 -0.63663 -2.5395 -3.2606 -1.4195 -1.7268 -0.54034 -0.24614 0.017218 0.075792 -0.80459 0.71284 1.8144 0.99796 -0.00058349 0.33813 -1.9677 -0.60528 -1.2815 -0.83716 -1.0719 -1.0793 -0.41583 -0.89311 0.27246 1.2108
1.0402 -0.12885 -2.2377 -0.57179 -0.51834 -0.5616 0.41728 -0.058553 1.2686 0.37614 0.23509 1.196 -0.11402 3.0947 -0.61415 -2.2234 -3.9311 -1.8665 -2.2563 -0.79536 -1.1353 -1.2003 -0.46129 -1.532 0.65988 2.0562 -0.55818 0.080262 1.1403 -0.36129 -0.062873 -0.33492 -0.20667 -0.5318 -1.2365 -0.55368 -0.65403 0.064614 0.29031
1.5753 -0.21554 -1.2749 -1.6847 -0.0058677 -1.3235 -0.13787 -0.70598 -0.018331 0.21284 -0.74787 1.3233 0.94523 2.7296 -0.58595 -1.9302 -3.5079 -1.5635 -2.4542 -0.75642 -0.82908 -1.6708 -0.319 -1.7688 1.0604 1.9682 -1.8722 0.25638 2.1219 1.5206 0.82084 0.93844 0.0033994 0.65309 -0.87916 -0.54701 0.2997 -0.0084365 -0.77888
1.4039 -0.01056 -1.5275 -2.1052 -0.1845 -1.5224 -0.039397 -0.57919 -0.40201 -0.61163 -0.41997 0.88039 1.1963 1.6821 -0.51785 -0.92368 -2.6154 -1.1279 -1.6858 -0.5127 -0.059461 -1.5436 -0.69449 -1.4785 1.0286 1.608 -2.1629 0.1786 1.9523 2.7883 0.97454 2.1458 0.010248 1.2725 0.34412 -0.27451 1.7442 -0.3301 -1.5809
1.4013 -0.18075 -1.7252 -2.4179 -0.73681 -2.0979 -0.087571 -0.607 -1.612 -0.73497 -1.7003 0.92313 1.1844 0.54462 -0.28038 0.37237 -1.0902 -0.2658 -0.11974 -0.68181 0.53724 -1.5408 -0.95095 -0.24586 0.52588 0.7205 -1.6234 -0.085976 1.4243 3.0351 0.65231 2.5559 -0.12814 0.67385 1.1788 0.27524 2.5332 -0.72777 -1.7075
1.6322 -0.33553 -1.5941 -2.1912 -0.69505 -1.962 0.0948 -0.29711 -1.4314 -0.70599 -1.7762 1.7234 1.1897 0.49311 -0.4855 -0.097694 0.049751 -0.70481 0.90515 -0.81903 0.73185 -0.59124 -0.71754 1.2955 0.22536 0.0061736 -0.757 -0.4035 0.52523 2.6551 0.23164 2.1177 -0.1741 -0.40901 1.8156 1.2225 2.5163 -1.1921 -1.2477
1.6758 -0.43688 -1.3158 -2.136 -0.6868 -1.2429 -0.21905 0.2183 -1.1123 -1.0846 -0.92731 2.2203 1.2261 0.54951 -0.73899 0.04755 0.80895 -0.56734 1.4066 -0.86801 0.13775 0.16724 0.27246 2.0738 -0.10415 -0.11887 -0.30739 -0.68532 -0.14071 1.7238 -0.055371 0.9967 0.04105 -1.3242 2.1259 2.0492 0.96928 -1.5182 -0.44762
1.8917 -0.39199 -1.5396 -2.2243 -0.41516 -0.72608 -0.93903 0.1659 -0.92995 -1.0321 0.25824 1.5134 1.0734 0.38179 -0.92742 0.12033 1.3766 -0.55634 1.8231 -0.77681 -0.64573 1.1678 1.259 2.5561 -1.2318 -0.082821 -0.57846 -0.59644 0.083632 0.81927 0.30031 -0.18122 0.34742 -1.2385 1.7719 2.2306 -1.1194 -1.5809 0.13803
2.0587 -0.76853 -1.5941 -1.6236 -1.2636 -0.15981 -1.1287 -0.19368 -1.0663 -1.131 1.4629 1.001 1.0311 0.068735 -1.1439 0.027188 1.4531 -0.45616 1.4312 -0.62732 -1.3758 1.755 2.3586 1.1016 -2.0299 0.0070179 -0.86609 -0.3203 0.20033 0.09745 0.65937 -1.1279 0.68868 0.055592 1.4364 1.3867 -2.5737 -1.0377 0.41255
1.8828 -0.95427 -1.5645 -1.1776 -1.0478 -0.1524 -0.73106 -0.79179 -0.53869 0.41242 1.4653 0.70211 1.118 -0.26008 -1.227 0.052869 1.2494 -0.21115 0.52582 -0.24745 -0.94318 2.0946 2.9174 -0.58365 -2.2325 0.17535 -0.83857 0.059217 0.40163 -0.50611 1.0643 -1.734 0.77797 1.8053 0.92156 0.045509 -2.9842 0.16671 0.47112
1.8024 -1.3553 -1.4536 -0.79367 -1.4087 0.3177 -0.78552 -1.3296 0.31899 1.57 1.0996 -0.67873 1.1463 -0.61338 -1.0965 0.41754 1.0496 0.48099 -0.22212 0.24573 0.42227 2.5243 2.3526 -1.7456 -1.8437 0.44826 -0.74088 0.29967 0.36306 -0.81111 0.96474 -1.6504 0.48321 2.9415 0.061625 -1.9738 -1.8033 0.958 0.31635
1.672 -1.6277 -1.4617 -0.8262 -0.90281 -0.066032 -0.85585 -1.4466 1.2856 2.7346 -1.0457 -0.52713 1.2475 -0.71408 -0.85839 0.59929 0.63105 0.95344 -0.85063 0.34471 2.0626 2.5919 1.3605 -2.263 -0.94669 0.4918 -0.41065 0.50206 0.21227 -0.62381 0.42227 -0.88119 0.23361 2.6832 -1.0988 -3.3189 -0.24002 1.5598 -0.055483
1.4254 -1.6608 -1.3365 -1.1036 -0.72554 -0.69043 -0.90388 -0.051832 1.4792 2.546 -1.2457 -0.76092 1.4104 -0.97468 -0.85531 0.36338 0.24678 0.75373 -1.2124 0.041674 2.9831 1.6254 -0.99665 -1.846 -0.57465 0.38237 0.019825 0.6726 0.073091 -0.1043 -0.38182 0.010641 0.37822 1.3856 -2.177 -3.4483 1.1394 1.8146 -0.4941
1.2534 -1.5784 -1.0164 -0.80749 0.14336 -0.88189 -0.59637 1.0178 2.2174 1.4199 -1.0228 -0.94434 1.6337 -0.78699 -0.55477 0.43625 0.48424 0.42988 -0.75855 0.31755 3.1257 0.38273 -2.3607 -1.0702 0.53914 0.11326 0.4658 0.93208 0.1391 0.38258 -1.159 0.80482 0.72268 -0.85298 -2.9374 -2.424 1.6502 1.3477 -0.79282
1.2884 -1.8225 -0.94475 -0.64202 -0.37943 -1.19 -0.53425 1.8479 2.3071 1.1522 -1.1851 0.067012 1.5381 -0.55075 -0.18591 0.62175 0.92424 0.015963 -0.24806 1.0132 2.6653 -0.65089 -3.0107 -0.010552 1.3734 -0.19902 0.82792 1.265 0.31233 0.41232 -1.5974 1.0928 1.0137 -2.8934 -2.8379 -0.53116 1.5664 0.48851 -0.90467
0.57112 -2.2255 -1.4196 -0.85355 -0.57423 -1.5174 -0.93376 1.5952 1.3486 -1.2859 -1.1691 -0.8925 1.4594 -0.13972 0.2796 0.7036 1.0005 -0.85826 0.28988 1.3058 0.55463 -2.0441 -2.7097 0.21292 1.0246 -0.55908 0.727 1.483 0.45673 -0.17256 -1.4928 0.85972 0.71136 -3.9797 -2.1683 0.974 0.9106 -0.70166 -0.78649
1.1326 -1.9217 -0.84958 -0.069271 -0.87928 -0.19975 -0.26516 1.5922 0.85772 -0.99599 -1.2422 0.51464 1.1834 0.10521 0.72651 0.75396 0.75225 -1.603 0.46724 1.5799 -1.4466 -2.7399 -1.9323 0.73175 0.26025 -0.81213 0.47789 1.528 0.56346 -0.60497 -0.98445 0.19777 -0.059867 -3.6636 -0.88701 2.2433 0.13446 -1.5306 -0.57027
1.0788 -1.585 -0.55797 0.15387 -0.52122 -0.71868 0.78489 2.0211 0.62811 -1.2837 -1.0182 1.6752 1.0857 0.11654 1.3327 1.1368 0.2443 -1.5658 0.61725 1.4582 -2.6889 -2.8355 -0.85551 0.4144 -0.41371 -0.91105 -0.050236 1.2703 0.16924 -0.50165 0.13839 -0.72687 -0.94256 -1.6523 0.51678 2.3723 -0.20014 -1.6432 -0.35758
1.3323 -1.1223 -0.43381 -0.14347 -1.8162 -0.49258 0.61275 0.33049 -1.3292 -1.4897 -0.74574 -0.3576 0.83985 0.12804 1.7024 1.3509 0.17092 -1.4844 -0.014032 0.80954 -2.9564 -2.0002 0.76684 0.1306 -1.2187 -0.98838 -0.52358 0.98103 -0.26548 -0.066282 1.2365 -0.64259 -1.9273 0.080481 1.2697 1.8424 -0.5729 -1.2269 -0.36522
1.243 -0.94362 -0.31424 -0.13189 -2.0993 -0.58923 1.1301 -0.74041 -0.96237 -1.4953 0.28566 -0.90796 0.68979 -0.24438 1.7991 0.68919 0.3522 -0.67124 -0.93759 -0.21214 -1.9433 -1.4005 0.9158 0.059638 -1.792 -1.0767 -0.75694 0.55332 -0.53363 0.59575 2.1672 -0.27801 -2.2664 1.7224 1.5856 0.81725 -0.59028 -0.28133 -0.39768
0.98282 -0.52435 0.19329 -0.6715 -2.1591 -0.3599 0.62298 -1.0332 -1.4728 -0.61771 -1.383 -0.51266 0.44414 -0.61436 2.0434 0.53215 0.57034 0.2503 -0.053386 -1.469 -1.6343 -0.96452 1.0465 -0.31981 -1.7017 -1.348 -0.73601 0.29434 -0.52364 0.68352 2.6291 0.5304 -1.8644 2.2563 1.0914 -0.35928 -0.32548 0.85997 -0.2764
0.8463 -0.2781 0.19984 -0.062379 -2.1416 -1.4804 -0.085689 -1.0731 -0.82457 0.37827 -1.2112 -2.0069 0.21599 -0.81005 2.0361 0.65047 1.1499 1.6084 0.07456 -1.9688 0.092835 -0.23978 0.72053 -0.62547 -0.76793 -1.4048 -0.27182 -0.11627 -0.24308 0.35878 2.2383 1.1194 -0.8207 1.7352 0.71844 -0.91508 0.081697 1.6003 0.062065
0.95063 0.27669 -0.34949 0.87257 -1.0127 -1.7785 -0.13399 0.58982 -1.0959 -0.18886 -0.76211 -0.90669 -0.14062 -0.85123 2.0484 0.49137 1.0409 2.2815 0.54881 -2.0698 0.52771 -0.43807 0.11458 -0.24132 0.15434 -1.2928 0.20205 -0.57855 -0.18115 -0.24125 1.0897 0.97933 0.35031 0.87176 0.47547 -1.1436 0.22162 1.8309 0.49712
0.33294 0.97432 0.14838 0.46877 -0.53638 0.32316 -1.2196 -1.0057 -1.6077 -0.25377 -1.2234 -1.3206 -0.65293 -0.59687 1.6119 0.30157 0.78078 2.4878 1.0188 -1.5697 0.44393 -0.25409 -0.53297 0.15257 0.77427 -1.0006 0.46406 -0.99818 0.24023 -0.68461 -0.72913 0.82652 0.81654 -0.51121 0.44254 -0.756 0.37037 1.0622 0.76878
0.45804 1.0326 0.58389 1.003 -0.030518 -0.46121 -1.4548 0.10302 -1.5037 -0.72643 -1.3496 -1.615 -0.72804 -0.38418 1.3398 0.40255 0.30099 1.8365 1.4493 -0.97084 -0.05468 -0.025174 -0.72043 -0.28571 1.5226 -0.7109 0.62171 -1.4542 0.58471 -0.26406 -1.8379 -0.043802 0.86946 -0.55272 0.45813 -0.12811 0.59966 0.098118 0.87017
0.19666 1.3239 0.30361 0.43954 0.49606 0.078989 -1.1909 -0.60276 -1.5854 -0.9423 -0.27086 -0.026763 -0.68473 -0.26023 0.81127 1.0981 0.24003 0.45437 1.2908 -0.88261 -0.60475 0.42126 -0.4433 0.12914 0.87257 -0.39732 0.50878 -1.3892 0.54703 0.063703 -1.9044 -0.9255 0.5662 -0.090795 0.18959 0.31419 0.6 -0.62367 0.73434
0.47965 1.0835 0.33517 0.34572 0.71525 0.38896 -1.3047 -0.41738 -1.3395 -0.8529 -1.4659 0.14894 -0.65095 0.032497 0.14866 1.0746 0.81488 -0.15255 0.32306 -0.67124 -0.019101 0.12237 -0.19566 0.97958 0.33423 -0.12461 0.49959 -1.5662 -0.064284 0.12164 -1.3356 -1.2937 0.19996 0.82113 -0.21736 0.48527 0.62349 -1.3944 0.65029
0.49563 1.4997 0.39415 0.82783 0.026035 0.32337 -1.2465 -0.66427 -0.68826 -0.69723 -1.6978 0.25809 -0.77518 0.054363 0.010145 0.88378 0.63803 -0.092696 -0.28702 -0.58749 0.27149 0.04257 -0.13379 0.72982 0.028569 -0.053512 0.53105 -1.6761 -1.2353 -0.52824 -0.77423 -1.2921 0.38621 0.87783 -0.3849 0.60364 0.52088 -1.2042 0.82896
0.3524 1.3789 1.5141 1.2715 -0.72366 0.75918 -1.925 -0.58043 -0.82423 -0.92916 -0.11165 -0.58424 -0.83213 0.30243 -0.73677 0.40182 0.32411 -0.40093 -0.37374 -0.72313 1.1619 -0.26505 0.14494 0.67269 -1.0706 0.21533 0.55338 -1.7821 -1.7975 -1.4572 -0.76491 -1.0823 0.67669 0.23972 0.096605 0.91128 0.21386 -1.1844 1.1779
0.35842 0.94732 1.4005 1.6172 -0.21315 0.13723 -2.2325 -0.59399 -2.0617 -0.68005 0.63642 -1.3299 -0.78354 0.50233 -1.3969 -0.63891 -0.5031 -0.88231 -0.96947 -0.086725 0.57194 -0.14348 0.6546 1.328 -1.0268 0.8329 0.6252 -1.645 -1.9483 -1.7592 -1.1233 -1.1569 0.97974 -0.57043 0.67646 1.2205 -0.14915 -1.2923 1.402
0.48746 1.1953 1.0214 1.0469 0.74553 -1.2458 -1.7346 0.60897 -1.2311 -1.2061 -0.75849 -0.40474 -0.6971 0.7441 -1.9663 -1.1813 -1.3335 -1.2012 -1.521 0.43267 0.3318 0.40312 1.3231 1.0875 -1.6969 1.4223 0.35981 -0.72157 -1.0921 -1.5181 -1.1383 -0.97845 1.0622 -1.3868 1.2797 1.1356 -0.50588 -0.97131 1.1835
0.78734 0.083132 0.21184 0.27993 -0.23434 0.41924 -2.0223 0.74599 -1.7331 -0.36935 -0.001742 -1.4612 -0.23667 0.89154 -1.9769 -1.595 -1.8147 -1.8064 -2.0492 0.79854 -0.41975 1.0356 1.8382 0.1746 -2.4515 1.712 -0.09664 0.2327 0.32555 -0.5721 -0.70648 -0.3299 0.56855 -1.4855 1.2327 0.59215 -0.53336 -0.66672 0.59379
1.1572 -0.46363 -0.53625 -0.13639 -1.3491 -1.1185 -1.0512 -0.75703 -0.77974 0.59547 0.61263 -1.0008 0.53072 0.71348 -1.5885 -0.9533 -1.8524 -2.0808 -1.8097 0.96415 -1.0683 1.658 1.9361 0.15979 -2.4538 1.7754 -0.60615 1.2427 1.3157 0.38589 0.25998 0.12782 0.023218 -1.3133 0.89571 -0.40867 -0.19234 0.71472 -0.13296
1.1769 -0.57375 0.031617 -0.20907 -1.9329 -1.8344 -1.0821 -0.42745 0.073014 1.3726 0.48442 -3.1378 0.83735 0.3453 -1.2188 -0.20646 -1.3138 -1.7767 -1.4922 0.78429 -1.6499 1.6492 1.5922 0.64509 -2.0818 1.659 -0.87352 1.7012 1.4462 0.86798 1.3173 0.91442 -0.85364 -0.72962 0.10784 -1.4081 0.34369 2.1278 -0.78117
1.2149 -0.66332 0.081519 -0.40647 -2.4666 -2.4372 -1.3861 -1.02 -0.14005 1.5363 -0.069619 -4.5661 0.93083 -0.023563 -0.38158 0.33282 -0.8696 -0.74225 -1.5429 0.47952 -1.6334 1.8543 0.59269 0.41461 -0.31237 1.2228 -0.79786 1.8321 0.61049 0.82422 1.8419 1.4042 -1.2568 -0.55885 -0.65846 -1.9114 0.60975 3.2648 -1.1507
1.0482 -0.49646 0.36863 -0.60884 -1.6394 -2.2629 -0.92021 -1.0654 0.20216 1.5821 0.37952 -3.3876 1.1463 -0.23643 0.10837 0.18949 -0.69375 -0.0239 -0.33872 -0.68338 -1.5593 1.1473 -0.43811 0.72413 1.1187 0.66644 -0.64269 1.7582 0.10135 0.26603 1.6674 1.5419 -1.0167 -0.31696 -1.2824 -2.0033 0.81406 3.0139 -1.2575
0.92316 -0.58004 0.32599 -0.65626 -1.4737 -2.2709 -0.85186 -1.0886 0.83978 1.0194 0.67139 -2.5005 1.3998 -0.36319 0.64358 -0.12655 -0.6316 0.47592 0.4457 -0.83724 -2.1969 0.61295 -1.0514 1.3504 3.0583 0.325 -0.4493 1.3021 -0.051836 -0.15614 0.88111 1.3041 -0.67314 0.05599 -1.8252 -1.6588 0.8657 0.99536 -1.1319
0.93809 -0.56837 0.10265 -0.82403 -1.7185 -2.0331 -1.3002 -1.7835 1.1588 0.70328 0.93196 -1.0348 1.406 -0.58793 1.0475 0.19335 -0.94175 0.72091 0.62357 -0.60958 -1.9715 -0.25213 -1.7811 1.8322 2.7999 -0.01937 -0.23726 0.83043 0.22603 -0.19873 0.41581 0.44204 -0.019895 0.6773 -1.7947 -1.0145 0.31702 -1.0385 -0.90649
0.97477 -0.30585 -0.34305 -0.90952 -1.8624 -1.7767 -2.4526 -2.6604 0.66719 0.14847 1.7018 -0.5844 1.2653 -0.62124 1.2066 0.24389 -1.0409 0.52107 0.60604 -0.91849 -1.2907 -1.0345 -2.2092 1.623 1.0264 -0.34911 0.098796 0.30807 0.36511 -0.01861 0.29226 -0.056953 0.38667 1.6734 -1.5058 -0.093188 -0.54215 -2.5499 -0.73401
0.70214 0.37594 0.16103 -0.95616 -1.3538 -1.3746 -1.9145 -3.0696 0.56673 0.043324 2.1634 0.21843 1.1503 -0.51943 1.1388 0.38367 -0.86377 0.71883 0.47173 -0.68975 -0.64311 -1.5577 -1.9823 1.2094 -0.10688 -0.53025 0.53384 -0.19303 0.014943 0.6635 0.060661 -0.086675 0.92094 2.1333 -0.58166 0.99911 -1.496 -1.9365 -0.55009
0.34435 0.5635 0.77188 -1.8045 -1.0843 -1.8292 -1.4139 -2.7303 -0.83122 -1.458 2.5259 -1.3851 0.94242 -0.23667 1.0841 0.39114 -0.70975 1.0111 0.40532 -0.026277 0.48452 -1.6952 -1.143 0.49683 -1.0152 -0.66171 0.6872 -0.70125 -0.4889 1.246 -0.31068 -0.052469 1.0687 2.2155 0.46879 1.4946 -1.8069 -0.48297 -0.40604
0.36754 0.61602 0.4711 -1.6924 -0.97518 -1.4501 -2.17 -1.8902 -0.67108 -1.8912 2.3901 -2.246 0.88055 0.12206 0.80267 0.14482 0.12414 0.57681 0.54766 0.78997 1.3991 -1.0668 -0.21712 -0.75308 -0.37292 -0.79429 0.50994 -0.93863 -0.69771 1.6169 -0.83537 0.25855 0.82424 1.8411 1.1303 1.6131 -1.4218 1.0994 -0.36889
0.55536 0.40674 0.3775 -1.3523 -0.78959 -1.6084 -1.9995 -2.1792 -0.74818 -1.5121 2.1512 -1.6286 0.85834 0.22169 0.26507 -0.4573 0.78173 -0.0016357 0.46083 0.4845 2.1094 -0.36089 0.043582 -1.1907 0.12533 -0.90477 -0.05693 -0.93527 -0.33248 1.3396 -1.0578 0.34937 0.69463 1.0318 1.0958 1.2236 -0.65174 1.9307 -0.36765
0.8899 0.84291 0.20104 -1.5787 -0.53901 -1.2314 -1.5989 -1.6575 -1.0875 -0.31366 1.6798 -1.7277 0.51854 0.11293 0.06341 -0.36322 1.398 -0.35002 0.96434 0.70597 2.2227 -0.0059027 0.80833 -0.94091 1.7283 -1.0336 -0.72811 -0.49853 0.53372 0.42043 -0.71574 0.25405 0.44522 0.20493 0.75174 0.48019 0.2758 1.1797 -0.26604
0.99835 0.88891 0.00401 -0.43525 -1.3475 -0.74641 -0.95085 -1.3031 -0.51162 -0.1271 0.45906 0.0036378 0.21432 -0.33676 -0.025933 0.087091 1.1443 -0.51672 0.90061 1.4061 2.1455 -0.074567 0.91185 -0.80214 2.1468 -1.1648 -1.0549 -0.16206 1.1636 -0.40762 -0.04331 0.075861 0.14544 -0.63406 0.30539 -0.057771 0.81411 0.14314 0.078848
0.49398 0.55793 -0.069933 -0.50992 -1.3188 -1.1595 -1.4949 -0.34068 -0.24656 -1.2715 1.1031 -0.56924 0.046699 -0.84736 0.15905 0.76847 0.72155 -0.51711 0.83906 1.2178 1.8132 0.26506 0.35822 -0.41159 1.1965 -1.1153 -0.76572 -0.099723 0.97576 -1.4391 0.77024 -0.30331 -0.70183 -1.2937 -0.12252 -0.42117 0.7632 -1.2049 0.62297
0.31473 0.54873 0.59216 -0.38908 -1.3578 -0.20152 -0.86112 -0.093866 -1.1704 -0.38672 1.8351 0.80758 -0.24096 -1.1038 -0.039905 0.92997 0.35615 -0.011651 0.67519 0.51418 1.0817 0.10163 0.15065 0.19974 0.71814 -0.73187 0.14019 -0.042556 0.25803 -1.5849 1.052 -0.3769 -1.4396 -1.8814 -0.22196 -0.41241 0.2379 -1.4316 1.1786
0.036876 0.56084 0.55751 -0.63928 -1.3569 -0.44238 -0.23994 0.10337 -0.79456 -0.12601 0.99255 0.52349 -0.43218 -0.81631 -0.088204 0.85316 -0.89323 0.82578 0.46364 -0.26689 0.21336 -0.33686 0.30933 0.10739 -0.16068 -0.19813 0.94703 -0.035835 -0.39879 -1.3165 0.64349 -0.54443 -1.324 -2.2617 -0.090666 -0.64341 -0.31056 -1.1136 1.4994
-0.20831 0.98961 1.2997 -0.70558 -1.2621 -0.48076 -0.58048 -0.53014 -0.11969 -0.69212 1.2291 -0.71838 -0.46493 -0.12097 0.029474 0.47785 -1.0051 0.76726 0.3264 -0.7546 -0.76201 -0.21187 0.075048 -0.60466 -0.27069 0.36794 1.275 0.20192 -0.60712 -0.5724 -0.13897 -0.55178 -0.84875 -2.0916 0.031439 -1.0236 -0.47654 -0.66669 1.3617
-0.18414 0.69383 0.77237 -0.72655 -0.59832 -0.16989 -1.2874 -0.40845 -0.91264 0.038194 1.6576 0.010867 -0.25077 0.26777 0.066764 0.32516 -1.0547 0.28466 -0.086517 -0.81814 -1.7269 0.24155 -0.94934 -0.69286 -0.71391 0.86837 1.0787 0.24343 -0.49526 0.34317 -0.85576 -0.37106 -0.12371 -1.2852 0.074383 -1.1266 -0.27306 -0.059659 0.83649
0.12155 0.48239 0.71376 -1.8118 -0.20786 -0.29712 -1.7358 -0.75941 -1.1053 -0.15801 0.53791 -0.19578 0.11771 0.51973 0.20092 0.17492 -0.63391 -0.013601 -0.16454 -0.92457 -2.0726 -0.1279 -1.3622 -0.42872 -0.43866 1.0357 0.57255 0.29395 -0.036457 0.60975 -1.0758 -0.13947 0.47883 -0.43151 -0.082415 -0.88449 -0.13673 0.040624 0.03122
0.46947 0.60323 0.61434 -1.3608 -0.80288 -0.47017 -2.0709 -1.1248 -0.66984 -1.3043 0.39018 -0.29401 0.45106 0.6943 0.21 0.17334 -0.44407 -0.39717 -0.041017 -0.43775 -1.6558 -0.23479 -1.3302 -0.58605 -0.19061 0.88091 0.19484 0.42124 0.22847 0.73867 -0.8994 0.39253 0.72495 0.41768 -0.16164 -0.1505 -0.26926 0.18181 -0.78528
0.40292 0.80287 1.3139 -1.4572 -1.5038 -0.42899 -0.88809 -2.3298 -0.37124 -2.08 0.91255 -0.36601 0.62897 0.63402 0.42165 0.49257 -0.17905 -0.9169 0.020861 0.011471 -1.6282 -0.13775 -1.5852 -0.98005 -0.42828 0.41322 0.0014746 0.37345 0.16761 0.47305 -0.17117 0.69356 0.48635 1.0433 0.066683 0.70465 -0.52244 0.052598 -1.2666
0.36051 1.0732 0.89675 -1.0851 -1.1465 -0.73186 -1.6148 -2.21 -0.94686 -2.0515 0.66595 -0.54567 0.57492 0.53511 0.62144 0.54983 0.08944 -0.95872 0.61151 0.16521 -1.0949 -0.073249 -1.1502 -1.0148 -0.30814 -0.1492 -0.16883 0.11263 -0.12834 0.38234 0.71505 0.65811 -0.15357 1.5539 -0.091247 1.4 -0.44414 0.179 -1.2562
0.60421 1.0041 1.3099 -1.4004 -1.2471 -0.14763 -1.5324 -1.8092 -0.80999 -1.8793 0.45112 -0.67813 0.49092 0.59422 0.58469 0.26801 -0.023943 -0.065567 0.90737 -0.25466 -0.25747 -0.079743 0.027731 -1.3384 -0.2498 -0.59182 -0.45691 -0.32509 -0.27185 0.40529 1.22 0.25462 -0.10054 1.6221 -0.073929 1.9623 -0.112 0.54832 -0.83682
0.68917 0.94914 1.144 -1.43 -1.6079 -0.13275 -1.5828 -2.3009 -1.2774 -2.4023 -0.5774 -0.49661 0.24893 0.41882 0.30562 0.070206 0.18612 0.50225 0.84236 -0.62059 0.7673 -0.4452 0.80053 -1.3681 0.12499 -0.74155 -1.0785 -0.62508 -0.29568 0.72555 1.4593 -0.305 0.42698 0.96233 -0.0050163 1.8729 0.5383 0.62547 -0.33477
0.8852 1.3084 1.3274 -1.6372 -1.657 0.72284 -1.5531 -2.1451 -0.6758 -2.279 -0.94228 -0.60402 0.021691 -0.094233 0.064664 0.27608 0.52311 0.62232 0.41787 0.19514 0.68463 -0.099155 1.5551 -1.074 0.56279 -0.70656 -1.852 -1.0037 -0.3782 1.017 1.4182 -0.64197 1.3696 0.60951 0.73799 1.5576 1.2764 0.61368 0.16858
1.1241 1.3643 0.98513 -1.1831 -0.66937 0.54666 -2.1673 -1.7101 -0.49236 -0.99476 -0.96623 -0.67005 -0.1516 -0.96661 -0.10774 0.049505 1.163 1.4146 0.23944 0.79228 0.36892 -0.075505 2.0145 -0.065366 0.6609 -0.65902 -2.1841 -1.2003 -0.63859 0.73299 1.2174 -0.6003 1.8143 0.21055 1.318 0.71966 1.5345 0.48529 0.51153
0.56397 1.0558 1.3582 -0.99105 -0.67743 0.27102 -1.7587 -1.2033 -1.6389 -0.72403 -0.60916 0.00241 -0.13041 -1.8773 -0.79643 -0.35645 1.3776 2.1187 -0.087967 1.7871 1.1766 1.1835 2.6882 0.6266 0.83195 -0.34932 -1.7835 -1.0266 -0.76696 -0.031006 0.65186 -0.076973 1.4994 0.13362 1.3904 -0.63394 1.3011 -0.039736 0.69884
0.064457 1.0099 1.3942 -0.51016 -0.59231 -0.32138 -0.91729 -1.6115 -0.83328 0.45954 -0.90987 0.33649 -0.21113 -2.4199 -1.1625 -0.6854 1.1198 2.0188 -0.11743 2.2262 0.9646 1.5013 1.7453 0.93458 1.061 -0.056624 -0.59669 -0.44908 -0.57109 -0.70372 -0.22951 0.47584 0.54524 -0.52091 1.1651 -1.6447 0.79766 -0.67513 0.68674
-0.65133 0.84328 1.205 -0.14377 0.57328 0.65535 -0.38615 -1.9503 -0.91162 0.55486 0.41941 0.059265 -0.3953 -2.415 -1.032 -0.64381 0.48244 1.5271 0.43962 2.4875 0.67741 1.8426 0.36414 1.0939 0.2921 0.17244 0.71157 0.22832 0.095532 -0.64411 -0.86646 0.68213 -0.62524 -0.87921 0.25793 -2.2251 0.23777 -1.2093 0.45912
-1.3839 -0.08164 0.43649 -0.17743 1.1051 0.013636 0.69239 -0.38094 1.5685 1.7119 -0.088955 0.59877 -0.10953 -1.7224 -0.70087 -0.76538 0.29516 1.2686 0.93449 1.5319 -0.38953 1.8822 -0.26747 1.3219 -0.52093 0.23986 1.556 0.58328 0.80585 -0.65197 -1.4425 0.15984 -1.3391 -0.58144 -0.42041 -1.7583 -0.40307 -0.93024 0.22188
-1.4843 0.21745 0.50407 -0.58278 0.76988 0.69781 0.41276 -1.0801 0.96489 -0.29964 0.23819 0.9107 -0.01928 -1.0209 -0.66719 -0.1561 0.58555 0.86046 0.76116 0.86946 0.13469 1.4977 -0.96565 0.88964 -0.98991 0.27739 1.8032 0.60227 1.3955 -0.41454 -1.6133 -0.48418 -1.7978 -0.48382 -1.2382 -0.82233 -0.83974 0.064402 -0.12711
-1.4651 0.39886 0.70784 -0.70946 0.84784 1.114 0.69018 -1.016 0.9606 -0.8223 0.66189 -0.68337 0.07364 -0.47255 -0.42365 0.42338 -0.1507 -0.35892 0.042968 0.33442 0.10781 0.84548 -1.2717 0.16087 -0.30424 0.26477 1.3321 0.31926 1.3447 -0.13946 -1.3455 -0.83048 -1.1479 0.14712 -1.3184 0.47129 -1.538 0.94203 -0.47108
-1.305 0.38678 0.66637 -0.19315 0.83019 1.3436 -0.12649 -2.6199 0.61406 -0.23791 1.3833 -0.71925 0.015437 0.02591 -0.21938 1.1041 -0.071328 -0.6896 -0.093014 -0.53736 -0.50571 -0.074174 -0.85409 -0.10942 0.33951 -0.056149 0.81736 0.20043 0.41006 -0.18332 -0.9561 -0.33108 -0.24456 0.38506 -0.85736 1.468 -1.5435 1.6023 -0.70407
-1.3514 -0.069563 1.3678 0.74298 1.0431 0.51835 0.58295 -0.74159 1.6017 -0.50741 0.2043 -0.87166 -0.0138 0.017047 -0.42095 0.86164 0.35931 -0.4859 -0.31561 -0.08078 0.24808 0.075374 0.66758 -1.4143 0.8778 -0.39102 0.59003 0.0099423 -0.68729 0.10438 -0.24945 0.50664 0.6391 0.99969 -0.28684 1.6464 -1.1732 0.86845 -0.56383
-1.605 -0.0012055 1.2697 -1.1734 -0.1118 0.20145 0.49124 -1.0331 1.0329 -1.0659 0.20906 0.94417 0.03759 0.11986 -0.3526 0.31306 -0.015449 -0.87715 0.27101 0.57811 0.85405 0.19597 1.1445 -1.57 1.9177 -0.58625 0.71766 -0.42859 -1.8267 -0.592 -0.10005 0.79314 0.92666 0.94353 -0.21795 1.2852 -0.47941 -0.21802 0.21545
-1.2987 -0.18763 1.6613 -0.41068 0.26326 0.34412 -0.40696 -1.442 1.1857 0.047153 -0.15848 1.4237 -0.21861 0.47853 -0.34226 -0.33471 0.011306 -0.74433 0.88194 1.0554 1.4369 0.14466 1.1826 -1.5861 0.81016 -0.42462 1.1517 -0.79019 -1.9457 -0.99628 0.048718 0.48513 0.58126 0.059812 -0.4627 0.3881 0.49492 -1.5177 1.2224
-1.4689 -0.037299 1.1896 0.17928 0.5145 0.90696 0.74975 -0.90967 0.87236 1.0027 -2.0017 0.92598 -0.5672 1.0108 -0.93728 -1.3638 -1.0046 -0.76009 0.90732 0.75173 0.79741 -0.5392 1.585 -1.0581 -0.084812 0.32365 1.2202 -1.0076 -1.4854 -1.2112 0.14264 -0.41831 0.18119 -0.6711 -0.72123 -0.41101 0.95689 -2.2915 1.972
-1.1584 0.070372 0.80389 -0.61517 -0.41966 2.0587 1.538 -0.4191 1.383 0.92403 -0.48919 1.7281 -0.57527 1.527 -1.3788 -1.5658 -1.0065 -0.46584 0.34381 0.99473 0.42056 -0.46835 1.2638 -0.67884 -1.4043 1.2194 0.89543 -0.91149 -0.55299 -1.2289 -0.091428 -1.1792 -0.34095 -1.1507 -0.74791 -1.1092 1.3937 -1.6587 2.0033
-0.60571 -0.3262 0.45501 0.26771 0.12308 2.0104 1.1874 -0.32577 1.1592 0.96856 -0.98239 -0.62145 -0.20775 1.6677 -1.4282 -1.5647 -1.7672 -0.76211 -0.3054 0.96595 0.056195 -0.91685 0.24554 -0.071632 -1.9404 1.9244 0.25598 -0.24334 0.46985 -0.45424 -0.14231 -1.4239 -0.5005 -0.82742 -0.74999 -1.4834 1.1372 -0.81418 1.1374
-0.21411 -1.6545 -0.25479 -1.9771 -0.39074 0.72516 0.91257 -0.15221 0.33005 1.6665 -1.2677 -0.083017 0.88859 1.6687 -1.5388 -1.1624 -1.901 -0.92689 -0.89264 0.25539 -0.45007 -1.1383 -0.4692 0.78104 -1.8518 2.1606 -0.27494 0.47646 0.83214 0.066601 -0.45556 -1.1194 -0.68334 -0.26432 -1.0915 -1.2479 0.71715 0.48666 -0.2144
0.18187 -1.4469 -0.020303 -1.9895 -0.46449 0.33401 1.3836 -1.3624 0.53811 0.9125 -0.91427 -0.60615 1.4983 1.3686 -1.243 -0.77678 -1.408 -0.80832 -1.349 0.10758 -0.38345 -1.6801 -0.65433 0.5389 -1.615 1.7747 -0.43291 1.3144 0.80882 1.4661 -0.37926 -0.58047 -0.52016 0.51862 -0.75825 -0.88781 0.15515 1.2286 -1.5212
0.34212 -1.2828 0.010566 -1.715 -0.60261 0.50808 1.2405 -1.1583 -0.1726 0.44608 -0.78036 -1.207 1.572 1.2003 -0.71913 -0.56299 -1.0665 -1.3075 -1.3945 0.042278 0.14146 -2.2336 -0.89856 0.46939 -0.49335 0.93058 -0.36796 1.7533 0.43791 2.0231 -0.40351 -0.17633 -0.532 1.4829 -0.23833 -0.58164 -0.41282 1.5249 -2.1275
0.32603 -1.5729 -0.21514 -1.7807 -1.0046 0.5553 1.3525 -0.90964 -0.29078 0.19937 -0.067656 -1.1824 1.5362 1.1564 0.23909 -0.50677 0.54215 -1.2938 -1.2272 0.019139 0.81491 -1.8612 -1.3974 0.3691 0.066724 -0.033546 -0.13434 1.911 0.2953 2.0327 -0.12175 -0.14823 -0.87367 1.6155 0.80494 -0.19911 -0.37482 1.2838 -1.9783
0.54207 -1.4948 -0.24117 -1.8925 -1.1982 0.16089 1.4989 -0.41316 -1.0527 0.25566 -0.043785 -1.0598 1.406 1.14 0.4912 -0.56242 0.88805 -1.4515 -1.3107 -0.77757 1.9184 -1.5181 -1.3136 -0.030144 0.63768 -0.53322 -0.12549 1.9696 0.54093 1.8629 0.48462 -0.00022554 -1.2705 0.94655 1.7498 0.28253 0.033189 0.61935 -1.4905
1.0402 -1.7089 -0.51074 -1.7975 -1.7531 -0.72667 0.85932 -0.078788 -2.4005 -0.031234 -1.0193 -0.83496 1.2056 1.1622 1.1723 -0.2814 1.3968 -0.97661 -1.6914 -1.247 1.9589 -0.45822 -0.86101 -0.0284 0.62576 -0.83912 -0.55158 1.8055 0.88331 1.1579 0.92229 0.3648 -1.3875 -0.10579 1.8735 0.80015 0.49009 0.19731 -1.0489
1.2646 -0.98194 -0.76516 -1.0813 -1.9004 -1.1263 1.1831 0.17697 -1.3762 -1.0242 -0.60767 0.20184 1.0816 0.9759 1.9273 0.23229 1.972 -0.57206 -1.1642 -1.8875 1.473 0.50117 -0.57152 0.69945 0.58916 -1.1877 -1.5984 1.5885 1.5788 0.92215 1.6862 1.155 -0.25192 -1.317 1.6478 1.0465 0.67766 -0.29452 -0.88601
1.4162 -0.71571 -0.42522 -0.81742 -2.231 -1.0058 0.03302 0.8853 -1.1786 -1.2114 -0.77523 -0.21758 0.93039 0.2907 2.3746 0.57852 2.1526 -0.020778 -0.56567 -2.2242 0.85319 0.80848 -0.088347 0.98565 0.53565 -1.4808 -2.5891 0.36511 1.7194 0.10046 2.1636 1.6814 1.0709 -1.6247 1.1177 1.1026 0.14847 -0.36385 -0.61998
1.5026 0.1019 -0.19352 -0.12036 -1.4868 -1.7096 -0.24727 0.936 -0.42077 -0.27421 -0.17981 -0.85349 0.4988 -1.1563 2.4006 1.6577 2.2235 1.2124 0.45564 -0.80275 -0.11631 1.0844 0.49646 0.83421 0.058296 -1.7115 -2.8838 -1.0678 1.0802 -0.66514 2.2547 1.611 2.258 -1.781 0.57403 0.9061 -0.81972 -0.1463 -0.10885
1.3466 0.53397 0.12305 0.25663 -1.7835 -0.64161 -0.93504 0.48462 -0.0084792 -0.44192 1.5207 -0.18939 -0.013561 -2.1924 1.5119 1.8919 1.4537 2.1661 0.89015 0.35787 -0.44456 1.4444 0.9189 0.17524 0.11606 -1.6266 -2.3235 -2.1915 0.2207 -1.5464 1.4041 1.2567 2.3177 -1.5397 0.37122 0.53952 -1.272 0.17001 0.62479
0.78709 0.96583 0.16247 0.28929 -1.349 -0.93195 -1.2145 0.46026 -1.1955 0.059 0.34341 0.079632 -0.38895 -2.7054 0.66946 1.3887 1.0779 2.5397 1.3574 1.3569 -1.3862 1.3091 0.82696 -0.6375 0.49671 -1.3001 -0.90861 -2.5015 -1.0099 -1.9276 0.19153 0.40057 1.2124 -0.81002 0.19289 0.047598 -1.0036 0.36063 1.2606
-0.74545 0.94061 1.6318 0.93016 0.15153 0.020873 1.1779 -0.37304 -0.54854 0.18273 -0.53637 -0.60013 -0.73893 -2.9026 -0.22563 1.0835 -0.15971 1.9296 1.5181 1.3516 -1.5413 1.4235 0.88022 -0.96109 0.70174 -0.63148 0.55559 -1.8293 -1.5969 -1.5915 -0.76585 -0.19433 -0.13757 -0.33659 -0.010614 -0.40696 0.093135 0.17422 1.5201
-1.0847 0.37163 1.1067 0.22703 0.78508 -0.1231 1.4129 0.34604 1.597 0.14863 -0.54214 0.43629 -0.58814 -2.3574 -0.68639 0.36674 -0.56516 1.6763 0.94863 1.1324 -1.1496 1.4718 0.61865 -0.72206 0.5651 -0.079087 1.8554 -0.82573 -1.6717 -1.1146 -1.5986 -1.0127 -1.2692 0.38667 -0.19257 -0.28451 0.83975 -0.25981 1.3343
-1.1321 0.18009 0.66833 0.65813 0.67303 0.68228 0.84914 -0.95492 0.50074 0.28964 -1.278 0.19144 -0.56254 -1.427 -0.70325 -0.27751 -0.69394 1.1525 0.70101 0.1864 -1.2052 1.3401 0.17324 0.37348 0.47631 0.33155 2.2576 0.16005 -1.152 -0.30767 -1.876 -1.1935 -1.2855 0.39658 -0.72458 -0.045667 1.0925 -0.58261 0.80002
-1.5535 0.11661 1.0466 -0.66965 0.013244 0.45555 0.30428 -0.86417 1.399 1.328 -0.17713 0.35897 -0.26021 -0.28846 -0.39815 -0.73676 -0.73574 -0.074765 -0.27896 -0.62069 -0.76161 0.97027 0.58727 0.40364 0.06043 0.47294 1.8093 0.4948 -0.26857 -0.12002 -1.759 -0.92849 -0.56094 0.58836 -0.52774 0.34921 0.89401 -0.71152 0.33333
-1.296 0.095043 0.49334 -0.047653 0.47949 0.28739 0.34954 -0.53291 1.1059 0.16422 0.49459 0.6437 -0.30201 -0.096715 -0.11764 -0.29832 -0.65204 -0.71675 -0.27793 -0.36499 -0.92298 0.24837 0.80329 0.71006 -0.29657 0.44378 0.97883 0.30182 0.069921 0.12299 -1.1181 -0.86197 0.40564 0.83485 -0.35034 0.46718 0.61202 -0.32789 -0.012712
-1.3137 0.32525 0.42966 -0.026651 0.99193 0.23153 0.042032 -1.2241 0.6787 0.089798 0.37977 0.36305 -0.15463 0.053712 -0.19784 -0.073639 -0.81416 -0.69202 -0.43685 0.27265 -0.097842 0.97854 1.0386 0.9309 -0.57932 0.42708 0.16067 -0.050692 0.26595 0.068267 -0.42636 -0.49767 0.83965 1.2092 0.1117 0.19704 0.56573 0.098846 -0.10789
-1.0725 0.26634 0.80964 -0.0076174 -0.062551 -0.68873 1.0124 -0.8647 1.9795 1.6757 -0.82862 -0.53459 -0.21173 0.062654 -0.32716 -0.4917 -0.43011 -0.64306 -0.96077 0.54876 0.14483 0.64542 0.92978 1.3447 0.099208 0.33175 -0.0040305 -0.17087 0.14251 0.21734 -0.15302 -0.31673 0.48233 1.5243 -0.093097 -0.48196 0.36855 0.56714 -0.19757
-1.3868 0.022008 0.66917 -0.73455 -0.46936 0.26303 0.64634 -1.2817 1.4197 1.5712 0.57552 0.29718 -0.0094508 -0.10191 -0.37447 -0.19367 -0.72402 -0.92174 -0.94315 0.60456 1.1291 0.98913 0.94008 1.2249 0.093162 0.34532 -0.048654 0.090788 0.44974 0.79917 0.09658 0.20634 -0.29648 0.96137 -1.1038 -1.2044 -0.0044725 0.46196 -0.3858
-1.2241 -0.1826 0.66672 -0.79566 -0.19393 0.18658 0.90386 -0.77178 2.331 2.1261 0.76121 -0.62143 0.056278 -0.033392 -0.30041 0.00089408 -0.29672 -0.90069 -0.66528 0.43237 1.5135 0.058033 -0.15446 1.2917 0.61574 0.14942 0.13224 0.44879 0.80238 1.3984 0.7272 0.71141 -0.39853 0.65763 -1.4756 -1.245 -0.76936 -0.30192 -0.68305
-1.467 -0.20143 -0.043134 -0.72549 -0.32264 -1.5806 0.77778 -0.45573 1.7557 1.7658 2.6111 1.4775 0.087845 0.011186 -0.06861 0.43496 0.60337 -0.39508 -0.16959 -0.27256 1.1508 -0.89891 -0.9404 0.91043 0.18234 -0.13522 0.91073 0.16558 -0.034208 1.7731 0.96307 0.96282 -0.28231 0.055934 -1.6914 -1.1819 -1.3612 -0.42764 -0.52171
-1.3353 -0.09459 0.49404 -0.64008 -0.42698 -0.8507 1.049 0.92139 2.4287 1.1612 1.2387 0.16948 0.10804 0.22388 0.22851 0.54079 1.5067 0.44142 0.086627 0.17863 1.4643 -1.3122 -0.73611 -0.13546 -0.58591 -0.58398 1.5684 -0.61841 -1.1218 0.80193 0.6089 0.7751 0.13724 -0.035076 -0.69815 -0.68816 -1.7271 -0.68256 0.41471
-1.178 0.084851 0.86277 -0.15773 -0.59877 -0.4939 0.79034 -0.0023619 0.42718 -0.012234 1.2349 0.89532 -0.11072 1.3141 -0.37809 -0.52103 1.6728 0.19626 0.62241 0.15654 1.2902 -1.6515 -1.243 -0.92952 -0.2198 -0.17122 1.7328 -1.4215 -2.1823 -0.64143 0.12309 0.11095 0.81511 0.099665 0.48226 -0.29168 -0.98178 -0.1023 1.5278
-1.159 0.06185 1.4985 0.63103 -0.67689 -0.20445 0.30385 -0.24552 0.71502 0.77382 0.62646 -0.76 -0.41175 1.9807 -1.1243 -1.4041 0.65794 -0.069842 0.50143 0.48694 1.3997 -0.93964 -1.4423 -1.4172 -0.65111 0.86728 1.1519 -1.6819 -2.3295 -1.8343 -0.17994 -0.43886 1.0744 0.28209 1.5558 -0.1134 0.043644 0.38899 2.2829
-1.1205 0.17157 0.76202 0.83069 0.83144 0.35458 1.3617 0.8158 0.15937 1.2799 0.82404 -0.67777 -0.73255 2.0786 -1.6405 -2.2555 -0.17161 0.078282 -0.15447 1.206 1.4063 -0.13966 -1.1955 -0.52785 0.0083346 1.7208 -0.21251 -0.99953 -1.423 -2.2075 -0.036199 -0.98068 1.3414 0.34855 1.9134 0.22294 0.85421 0.6872 1.9606
0.89323 -1.1804 -1.1516 0.7486 -0.48123 0.043494 1.0392 1.0563 0.45781 -0.43105 0.069494 0.67322 0.45792 1.7973 -1.8002 -2.5021 -0.99252 0.15125 -0.41188 1.8083 1.9914 0.98685 -0.99441 -0.28324 0.16132 2.3281 -1.3363 0.072319 0.10532 -1.5469 -0.24536 -0.99114 0.80006 -0.20107 1.3448 0.40492 1.1222 0.78986 0.80396
0.65864 -1.5628 -1.436 -0.8072 -0.89411 -1.3612 1.5172 1.6651 1.1779 -1.0954 0.34282 0.26053 1.7128 1.036 -1.6213 -2.3606 -1.6186 0.0054543 -0.90122 2.1873 1.7114 1.143 -0.99659 0.242 0.88349 2.4117 -2.1044 1.3061 1.8101 -0.56346 -0.22637 -0.66176 -0.13165 -0.97731 0.30286 0.48714 0.76665 0.17511 -0.74597
0.56643 -1.5787 -1.1339 -0.57016 -0.13136 -0.68827 2.6511 1.8712 1.7497 -0.61068 0.83589 0.16723 1.872 0.21679 -1.0205 -1.1748 -1.5046 -0.50496 -1.1266 1.5988 0.87372 1.0595 -0.69007 0.49364 0.64397 1.8797 -1.7033 2.02 2.4599 0.64055 -0.27918 -0.35075 -1.3718 -1.7786 -0.80674 0.44195 0.33576 0.055538 -2.0387
0.37251 -1.5308 -1.1338 -0.61664 -0.078079 -0.49434 2.6851 1.8494 1.551 -0.70719 0.62297 0.3549 1.973 -0.72556 0.033607 0.11913 -0.96969 -0.029612 -1.1339 1.039 0.051594 0.41704 -0.32363 0.64014 0.16339 0.68263 -0.46763 2.2923 1.957 1.3918 -0.5069 -0.21142 -2.5921 -2.0516 -1.08 0.21116 -0.13912 -0.23825 -2.5737
-0.14892 -1.6321 -1.475 -0.90034 -0.16819 -1.3575 3.1381 1.8369 1.8447 -0.25657 1.0545 0.70725 1.893 -0.23268 0.56493 0.38701 -0.12823 -0.36602 -1.0047 -0.38411 -0.68203 -0.23754 -0.40157 0.17816 0.65785 -0.25515 0.35894 2.3493 1.4116 1.892 -0.17138 0.54282 -3.0621 -1.4877 -1.2727 -0.27375 -0.9015 -0.3642 -2.769
0.062572 -1.4052 -1.2371 -0.86352 -0.6463 -1.4551 2.6742 1.7728 1.4194 -0.6402 1.1898 0.72561 1.7949 0.45606 1.2092 0.14331 0.28149 -1.0248 -1.3902 -2.0427 -1.5558 -0.3329 -0.6952 0.072777 0.37444 -0.87316 0.4762 2.0754 1.3728 1.9922 0.089332 1.547 -2.6491 -0.50908 -1.5327 -0.032778 -1.0646 -0.15148 -2.5327
0.1924 -1.2147 -0.97406 -0.86826 -0.68499 -2.1414 2.1102 1.0584 1.1955 -1.6415 0.87749 0.57825 1.6969 0.23016 2.105 1.1825 1.3899 -0.34049 0.095567 -3.0274 -1.2488 -1.0685 -1.0749 -1.1349 -0.23745 -2.0248 -0.48891 1.6142 1.6789 1.8265 0.96765 2.2123 -1.4329 0.33767 -1.3818 0.86197 -0.7017 -0.37462 -2.1162
0.57931 -0.82651 -0.83344 -0.77173 -1.0561 -2.2609 1.0988 0.97759 1.1169 -1.4078 0.53191 1.3512 1.4112 -0.15294 2.5438 2.0256 1.9779 0.1122 1.4364 -2.9755 -0.6496 -2.1813 -0.052559 -0.95477 0.29753 -2.7156 -1.2727 0.54438 1.4989 1.3857 1.8191 2.6248 0.11 0.73635 -0.83581 1.5638 -0.096207 0.020708 -1.318
1.1469 0.0069276 -1.2616 0.016555 -1.3389 -2.2793 0.020049 -0.11196 1.5765 -1.3687 1.1242 0.40773 0.66222 -0.76912 2.4488 2.2638 2.4216 0.8631 2.0449 -2.8072 -0.43964 -2.0308 1.0867 -0.80483 -0.10224 -2.9128 -1.3539 -0.87634 0.31244 0.19469 1.7083 1.5287 1.2894 0.72262 0.43352 1.7405 0.75555 0.26471 0.042157
-0.24612 1.0096 0.68451 1.2363 0.16935 0.60141 -0.67082 1.1412 -0.42687 -2.3141 -1.7536 -0.145 -0.91223 -1.2211 1.897 2.1186 2.3426 1.7639 2.9304 -1.9385 -0.47384 -1.4962 1.5044 -0.33 0.36761 -2.6585 -0.83567 -1.8659 -0.62584 -1.1725 1.2032 0.14003 1.8916 0.62812 1.6966 1.002 0.51662 0.13156 1.2397
-0.54695 0.97629 0.94044 0.96095 -0.26252 0.45645 0.20666 1.4515 -1.6971 0.63445 0.79049 2.0361 -1.101 -1.551 1.042 1.6604 1.5657 2.0168 2.4319 -0.95902 0.12261 -0.56128 1.7973 0.086053 0.31867 -1.9833 0.26732 -2.1239 -1.7128 -2.0097 -0.15353 -1.2167 2.0525 -0.20959 1.9527 0.1461 0.48123 0.04235 2.0377
-0.58599 0.97438 1.0067 1.6048 0.38975 0.32589 -0.99524 0.63668 -0.46016 0.76335 0.20304 0.060247 -1.0831 -1.194 0.29639 1.2769 0.21707 1.7736 1.524 -0.10132 0.34102 0.41574 1.6951 -0.36369 0.38882 -1.0857 0.99613 -1.666 -1.9205 -1.7717 -1.2373 -1.9183 1.4046 -0.55231 1.3733 -0.72979 -0.29378 -0.60231 1.989
-0.7123 0.70875 0.83195 1.447 1.5115 1.6219 -0.38307 -0.11645 0.1626 -0.1287 0.47004 1.7426 -1.0881 -0.33466 -0.1098 -0.19029 -0.26389 0.55848 0.2915 0.39614 -1.2374 0.84813 1.3007 0.17495 -0.0050276 -0.25561 1.314 -0.85012 -1.7316 -0.95218 -1.6278 -1.8767 0.92183 -0.1854 0.0002108 -1.2615 -0.2636 -0.58432 1.4003
-0.91953 0.60704 0.61207 0.96399 0.99294 0.542 -0.43294 1.3389 0.90153 1.0755 0.51423 1.1312 -1.1199 -0.13901 -0.16207 -0.17969 -0.0474 0.16588 0.12841 0.2025 -0.86415 0.49542 0.22634 -1.023 -0.76401 -0.161 0.94653 -0.060811 -1.0517 -0.047332 -1.5885 -1.5101 0.20603 0.48382 -1.3171 -0.9869 0.21083 -0.58293 0.66235
-0.54546 0.89611 1.0866 0.41381 1.0593 0.70214 -0.17072 0.86121 0.99858 0.71468 -1.0947 0.54823 -1.2565 0.15363 -0.073803 -0.51784 -0.080264 -0.23691 -0.65865 0.73651 0.38285 -0.60281 -0.10913 -0.17011 -0.35929 -0.079607 0.25144 -0.10748 -0.23977 -0.11437 -0.61118 -0.94855 0.0069251 1.079 -1.2834 -0.80356 0.63352 -0.24906 0.59836
-0.75513 0.97725 0.36248 1.3242 0.20691 1.0058 0.13888 -0.95153 -0.82246 0.66402 -0.20206 0.51272 -1.2749 0.16754 0.18131 -0.3247 0.032602 -0.81273 -1.0495 0.13597 0.51632 -1.4489 0.33475 0.20952 -0.6854 -0.055219 -0.1298 -0.65361 -0.57668 -0.86383 -0.096445 -1.0464 0.020231 0.51931 -0.080863 -0.564 1.5572 -0.12049 1.2829
-0.7499 0.60843 0.94784 1.3927 0.34844 0.59404 -0.2539 0.60253 -0.63568 0.95944 -0.71548 0.47747 -1.2162 -0.066993 -0.45236 -0.52024 -0.52143 -0.10808 -1.035 0.43636 0.23864 -0.70365 -0.43455 0.83828 -0.56995 0.70185 -0.29683 -0.83697 -0.26216 -1.4167 0.31166 -0.56842 0.15843 -0.34623 1.4219 -0.36249 0.91534 -0.38072 1.403
-0.33869 0.77514 0.071626 1.3619 0.96367 -0.57696 0.14023 1.5782 -0.61149 -0.095607 0.8541 0.34942 -1.0909 -0.25756 -1.0071 -1.1465 -1.4405 -0.091493 -1.7963 0.3863 0.2638 0.38484 -0.7899 1.673 -0.90482 1.6159 -0.22631 -0.55339 0.10149 -1.1968 0.31978 0.1326 0.90457 -0.82273 1.7295 0.027421 0.11924 -0.16186 0.81077
-0.72881 1.0146 0.64238 0.9002 0.15829 0.11728 -0.50147 0.70729 -1.3579 1.3722 0.59342 0.80602 -1.2194 -0.14737 -0.8038 -0.547 -1.9873 -0.027047 -1.4336 0.92307 -0.15234 1.2723 -0.30343 0.96373 -1.0614 1.4555 0.088038 -0.66572 0.2665 -0.26758 -0.15955 1.2218 0.78584 -0.69049 0.9098 0.49408 -1.0893 -0.085562 0.0152
-1.064 -0.23683 0.059899 -0.32816 1.1343 -0.7953 0.61143 0.99667 0.9276 -0.16667 0.92822 -0.21239 0.13117 -0.18562 -0.51882 -0.14096 -1.4684 -0.26759 -0.58401 1.7053 -0.89506 0.95938 0.32975 0.35703 -0.77576 0.93739 0.75579 -1.027 0.14676 1.0057 0.33261 1.9335 0.59781 -0.14175 -0.078719 0.15629 -1.7326 -0.0086266 -0.19187
-0.82424 -0.27263 -0.67332 -0.93469 0.33037 -1.8547 0.32306 -0.028867 0.93383 -0.78467 1.4856 -1.0443 0.87787 0.039475 -1.7499 -0.57565 -1.0104 -0.33104 0.82296 1.3507 -0.52642 0.79475 0.044211 -0.80654 -0.8047 1.0656 1.282 -1.3001 -0.29486 1.7473 0.74775 1.6052 -0.46499 0.22767 -1.0836 -0.45745 -1.6164 0.20832 0.15769
-0.73921 0.4295 0.4541 -0.16218 0.11636 -0.4138 1.3748 -0.64039 0.3839 1.1103 0.4796 -0.59802 -0.3119 0.9296 -2.1586 -0.88578 -0.060004 0.67017 0.97567 1.3681 0.1951 0.46684 -0.63308 -1.0822 -1.0362 1.4853 1.4157 -1.2452 -0.29162 1.4834 1.3417 0.82091 -1.5195 0.53318 -1.1891 -0.89421 -1.1237 0.59202 0.61717
-0.79671 0.31458 0.86341 0.35577 0.33142 -0.128 1.9579 0.68962 0.03098 1.6642 0.045122 0.04475 -0.65076 1.4725 -2.0404 -0.66951 0.55896 0.89033 1.0243 0.1493 -0.2202 -0.6128 -0.77765 -1.7154 -0.46261 1.4469 0.90585 -0.48611 -0.19947 0.52604 1.4782 -0.32661 -2.0259 0.035522 -1.0047 -0.84138 -0.29116 1.1129 0.78478
-0.33417 -2.1762 -1.2513 -0.1684 0.53674 1.2596 0.86136 1.1603 0.38472 -0.61608 -0.44125 -0.75962 0.70466 1.5032 -2.3431 -0.58351 0.50573 1.6191 0.97047 -0.75759 0.035208 -0.6755 -1.1303 -1.5628 0.35582 1.7889 0.080456 0.36457 -0.10806 -0.41813 0.93321 -0.62448 -1.893 -0.65477 -0.58441 -0.15366 0.070454 1.2792 0.31773
0.47673 -1.8286 -0.5937 0.24114 1.8984 0.30528 1.4362 0.67897 0.3422 -0.68109 -0.44424 -1.4489 1.7307 1.289 -2.4272 -1.0616 -0.31784 1.9471 0.16512 -1.6688 -0.35049 -0.61035 -1.4674 -1.2094 0.93407 2.2393 -0.51187 1.5971 0.22298 -0.64631 0.33841 -0.68602 -0.69946 -0.58413 -0.23014 0.8499 0.31253 0.9546 -0.68111
0.63144 -2.0558 -0.63653 -0.11508 1.7292 -0.55355 0.3026 -0.50097 0.042116 -1.5462 -1.3341 -0.87759 1.9739 1.1509 -1.3898 -0.87111 -0.405 1.875 0.14374 -1.538 -1.0134 -0.68487 -0.60713 -1.2264 1.0619 1.625 -0.76809 2.2285 0.12568 -0.3681 -0.88663 -0.14645 0.22996 -0.10874 -0.14198 1.4458 0.34334 0.43422 -1.8169
0.59159 -2.1778 -0.51878 -0.029082 1.9638 0.21616 -0.30236 -0.085119 -0.35624 -0.97 -0.65455 0.46045 1.9589 0.76862 0.0071177 -0.15142 -0.19412 1.3829 0.051949 -0.87456 -0.82939 -1.0624 0.74506 -1.2714 1.2751 0.37611 -0.70282 2.0866 -0.12374 0.38138 -1.721 0.57735 1.2868 0.754 0.3333 1.2106 0.61682 -0.32513 -2.2724
0.37437 -2.3785 -0.74133 -0.5112 2.5146 0.32556 -0.23091 -0.22961 -0.51812 -0.37616 -1.4733 1.263 1.7781 0.44661 -0.037931 -0.82764 -0.24633 0.23007 0.73017 -0.69908 0.084413 -0.73054 0.79671 -0.85555 1.1449 -0.35236 -0.54096 1.0853 -0.51774 0.50532 -1.9653 0.33177 1.6252 1.2698 0.6839 0.089026 0.82414 -1.0514 -1.5745
0.80001 -1.9739 -1.0734 -0.070779 2.7314 0.84214 0.22303 0.021077 -0.56858 0.12662 -1.9521 0.44122 1.6454 0.43563 0.19491 -1.291 0.30878 -0.46248 1.0356 0.4933 0.62212 0.065319 0.37088 -0.14992 0.20158 -0.61492 -0.2576 0.3223 -0.49671 0.59458 -1.8361 -0.035272 1.331 1.2055 0.719 -0.97291 1.3255 -1.3341 -0.5728
0.9418 -1.9671 -1.1833 -0.1929 2.4805 0.72606 0.10475 -0.010999 -1.0659 0.24865 -2.2463 0.11954 1.5462 0.38771 0.23133 -1.1703 0.28039 -0.89131 0.32003 1.0404 0.80586 0.093015 -0.23037 -0.1112 -0.67105 -0.54253 -0.43131 0.16313 0.48641 0.55356 -1.1222 -0.47817 1.0587 0.90754 0.22314 -1.2323 1.4486 -0.95877 -0.0037987
1.0151 -2.0331 -1.5385 -0.15181 1.6078 0.84121 -0.0065685 0.43843 -0.38065 -0.32519 -1.3243 0.45766 1.4582 0.35139 0.38111 -0.81381 0.64563 -1.5036 0.18447 0.92624 1.2272 -0.063488 -0.77734 1.0748 -0.70095 -0.49841 -0.6579 0.04418 1.2654 0.06062 -0.6074 -0.36647 0.6295 0.74647 -0.2991 -0.74021 1.1944 -0.089093 0.17851
0.95456 -1.9427 -2.131 0.40393 1.0654 1.1605 0.92937 0.16422 0.41654 -1.2952 -0.96258 -0.01506 1.2249 -0.25404 0.12594 -0.24979 0.61195 -1.3612 0.18946 1.2072 1.608 -0.22978 -1.2088 1.5064 -0.47212 -0.41827 -0.652 0.16467 1.5396 -0.54956 -0.29103 -0.028073 0.47511 0.44829 -0.4394 0.11001 0.80951 0.66949 0.14399
0.83976 -2.0355 -1.5434 -0.12012 1.5384 0.36237 1.0081 0.93025 -0.80699 -0.77029 -1.4498 -0.14261 1.3673 -0.37248 0.31652 0.37263 0.25145 -1.3763 0.36001 1.6693 1.7276 -0.36312 -0.68814 1.4871 -0.075782 -0.3765 -0.44158 0.28196 1.6125 -1.3971 0.0029351 -0.23466 0.16844 -0.30238 -0.35419 0.78053 0.15402 0.40101 0.16298
0.98363 -1.6597 -1.5816 0.47408 0.79667 0.90726 0.75463 1.2796 -0.95417 -1.1488 0.18768 0.18136 1.1315 -0.36928 0.52304 0.82075 -0.55074 -1.5119 0.17425 1.6177 1.4706 -0.62271 -0.041309 1.3282 0.48739 -0.36129 0.044461 0.70136 1.2605 -1.578 -0.29785 -0.56922 -0.82021 -1.0551 0.10634 0.99635 -0.12984 -0.24385 -0.0074095
0.35937 -1.9569 -1.2686 0.56452 1.1756 1.2985 1.7857 1.8542 -0.95863 -1.7211 -0.1378 -0.40975 1.1651 -0.35127 0.62741 1.3575 -1.38 -1.4353 -0.2828 1.0529 0.72147 -0.56512 0.27783 1.4465 -0.29329 -0.2526 0.14734 1.0544 1.0291 -1.1221 -0.4431 -0.94087 -1.8801 -1.477 0.48811 0.9844 -0.56367 -0.71073 -0.41069
0.68069 -1.5439 -0.89734 -0.25405 0.12674 1.2954 2.2072 1.7456 -0.96747 -0.53919 -0.069182 0.49869 1.0649 -0.19648 1.0784 1.3736 -1.5164 -1.9014 -0.63913 -0.14153 0.043101 0.07808 0.39944 1.219 -0.87766 -0.49398 0.22763 1.1918 0.63377 0.10557 -0.49719 -1.0679 -2.5479 -1.4884 0.73184 1.0368 -0.69473 -0.27047 -0.81018
0.67511 -1.3807 -1.0033 -0.9496 -0.64695 0.82359 2.0205 1.687 -0.70831 -0.61907 0.63682 1.3156 0.95333 -0.21536 1.7049 1.8236 -1.3605 -2.023 -1.1332 -1.2403 -0.46361 0.24353 1.1577 0.33189 -0.92239 -1.0057 0.1715 0.6502 0.0093729 1.3676 -0.034107 -0.7573 -2.5591 -0.96183 0.84257 0.68362 -0.62813 0.61191 -0.79142
0.51563 -1.2833 -0.31142 -1.3055 -0.10337 0.11047 1.8021 0.7699 -0.82211 -0.93495 0.99219 -1.7075 1.0503 -0.05687 1.8676 1.6515 -0.36831 -2.1607 -1.5568 -2.3682 -0.86442 0.40894 1.6948 0.40323 0.22978 -1.3557 0.23172 -0.50926 -0.46081 1.5857 0.77246 -0.29688 -1.6076 -0.0092296 0.58201 0.029952 -0.84649 1.4276 -0.1204
0.68094 -0.52244 -0.042227 -1.1804 -1.0309 -0.33903 -0.075943 1.3731 -0.77551 -0.3221 0.50399 -1.3649 0.56145 -0.13639 1.2598 1.2343 0.58904 -1.382 -1.3535 -2.9887 -0.70763 0.923 1.066 0.51057 0.49886 -1.161 0.51883 -1.7205 -1.3174 1 1.3114 0.34441 -0.24323 0.89532 0.55836 -0.71672 -1.362 1.5467 0.80139
0.42406 0.39431 0.64551 -0.48212 -1.6744 -0.075385 -0.3287 1.063 -0.5667 0.84062 0.15777 -0.45176 -0.36224 0.15136 0.49485 0.89475 0.45823 -0.78943 -1.1294 -2.5082 0.1723 0.87989 0.51116 -0.66815 1.5307 -0.62114 0.59761 -2.382 -1.9828 -0.25107 2.0233 0.69486 1.4314 0.89959 0.31163 -0.701 -2.0814 0.33716 1.536
0.41919 -0.14147 0.31519 0.11458 -1.7886 -0.79376 -0.4935 0.83157 -0.29044 1.348 0.66749 1.6592 -0.31759 0.55723 -0.32986 -0.0092382 0.084628 -0.26802 -0.65329 -1.6666 0.81992 1.1031 0.2505 -2.0021 1.8048 -0.019391 0.62979 -2.0729 -2.3957 -1.1463 2.2436 0.80909 2.2014 0.19669 -0.31213 0.013826 -2.1507 -1.1079 1.6507
0.62655 -0.6427 0.092384 -0.18878 -1.3314 -0.51446 -1.2906 0.91741 0.6849 0.12615 1.3424 0.98773 0.18748 0.60729 -1.1044 -1.0549 -0.58829 1.0547 -0.50607 -0.15669 0.18216 0.92912 0.6365 -2.7062 0.32543 0.66908 0.32352 -0.99597 -2.2663 -1.0531 2.0529 1.0954 2.2522 -0.7032 -0.64972 0.64966 -0.89785 -2.6394 1.0631
0.96129 -1.0416 0.18975 -1.3127 -1.139 -1.0692 -0.72132 2.0485 0.048891 -0.65512 -1.1501 1.9286 0.64975 0.70147 -1.2188 -1.812 -1.0276 1.8804 -0.033886 0.25706 -0.29681 0.28295 1.0354 -2.9802 -1.291 0.98341 0.04755 0.33569 -1.5366 -0.15782 0.98095 1.0372 1.792 -1.302 -1.0444 0.85298 1.036 -2.6123 0.06139
1.2791 -1.2006 -0.31452 -1.1764 -0.67101 -0.67816 -0.74144 1.8105 0.61372 0.12348 -2.801 -0.35907 0.77754 0.62305 -0.63623 -2.0079 -0.95184 1.9641 0.76989 1.0538 -0.63905 0.011162 1.4834 -2.0837 -2.6428 0.6735 -0.18544 1.3306 -0.52128 0.81388 -0.47599 0.91179 0.79618 -1.2111 -0.87113 0.16901 3.0957 -1.3676 -0.81007
1.0399 -1.1791 -1.2603 -1.3178 0.19125 -0.94585 -0.062059 0.76619 0.35365 2.3546 -3.0033 -0.76317 0.75417 0.62278 -0.034158 -2.1119 -0.032071 1.0998 0.8003 1.3261 -1.3272 -0.49231 1.6178 -0.19686 -2.3735 0.080946 -0.43135 1.6388 0.41115 1.1589 -1.5048 0.38051 0.076907 -0.57829 -0.64299 -0.87024 4.116 0.58946 -1.1576
1.0753 -0.95641 -1.4205 -1.067 0.53666 0.010652 -0.32621 0.24579 -0.32979 2.6651 -2.7164 -1.2081 0.59768 0.32295 0.40609 -1.7799 0.42556 0.54203 0.91537 0.90345 -1.68 -0.39713 0.70256 2.3015 -2.0904 -0.25042 -0.43857 1.1807 1.011 0.6484 -1.6807 -0.42154 -0.80372 0.51925 -0.41671 -2.1087 3.4395 2.002 -0.73636
1.2325 -1.0537 -1.7945 -1.0304 0.4404 0.4994 0.67747 0.52909 0.34378 2.2293 -0.69381 -1.7882 0.65754 0.10868 0.85007 -1.2359 0.43805 -0.23605 0.65983 0.47996 -0.89819 -0.77849 -0.39498 3.3481 -0.27014 -0.51284 -0.23596 0.73914 1.1998 0.085174 -1.2501 -0.75665 -1.1241 1.3335 -0.067428 -2.2859 1.1823 2.4148 -0.23754
1.6518 -0.78655 -2.0035 -0.48536 -0.58954 -0.039089 0.2055 0.038453 -0.21824 1.258 0.57171 -1.4648 0.40191 0.12496 0.78749 -0.74893 0.016468 -0.52454 -0.011869 -0.14692 0.20217 -0.66668 -1.9266 3.258 0.67308 -0.27573 0.0082266 0.3249 1.1059 -0.16757 -0.52284 -0.87518 -0.98392 1.1936 0.17002 -1.2615 -1.4632 2.3294 0.11398
1.2364 -0.62805 -1.7008 -1.115 -0.18928 0.024854 0.14006 0.26186 -0.20998 0.32081 1.016 -1.5799 0.46364 0.31198 0.94279 -0.61347 0.32666 -0.71808 -0.26429 -0.41699 0.40292 -0.49213 -1.8552 1.7456 1.5095 -0.30922 0.1505 -0.027599 0.80248 -0.15615 0.32689 -0.48837 -0.54196 0.43831 0.72157 -0.028297 -2.8089 1.3734 0.2085
1.1504 -0.084446 -2.0498 -0.72882 -0.50366 0.13544 -0.14368 0.57281 -0.68289 0.98703 0.96335 -0.29233 0.070077 0.2277 0.87245 -0.2348 0.16463 -0.20757 -0.38996 -0.63438 0.063106 -0.20832 -1.208 0.022524 2.099 -0.16077 0.21795 -0.18241 0.51834 0.026423 0.55629 -0.019033 -0.15323 -0.14283 0.87448 0.95023 -2.5858 0.60911 -0.070996
1.2129 -0.47613 -2.2257 -1.4994 0.058688 -0.89272 -0.32267 0.97023 -0.62161 -0.55266 1.3109 0.078783 0.6538 0.30621 0.76302 -0.14601 0.068605 0.20443 -0.13797 -0.37354 0.066485 0.40811 -0.8105 -0.91256 2.018 -0.21907 -0.071209 -0.19829 0.69046 -0.05715 0.39347 0.33762 0.12442 -0.36588 0.98467 0.96982 -1.4229 -0.59521 -0.25004
1.8231 0.13356 -2.2294 -0.097662 -0.65874 0.30776 -0.39008 0.46705 -0.55197 0.12057 -0.24992 0.52744 0.13053 0.49172 0.58804 -0.11261 0.19023 0.042299 -0.1148 -0.48386 0.1125 0.59946 -0.45439 -0.82731 1.7586 -0.44206 -0.84437 0.18441 1.5241 0.38348 -0.012721 0.67544 0.4329 -0.35906 0.53787 0.75779 -0.27352 -1.527 -0.67556
1.5391 -0.13681 -1.9045 -0.87768 -0.0011731 -0.27304 -0.044025 0.090475 0.29184 0.35291 -0.18888 1.0049 0.47635 0.050978 0.77056 0.48438 0.20291 -0.1195 0.27804 -0.24894 -0.32222 1.0368 -0.19635 -0.82584 0.40165 -0.59253 -1.9699 0.15624 2.5088 0.7637 0.19352 0.58212 0.48652 -0.20939 -0.20236 0.34888 0.81947 -1.6704 -0.69467
1.7829 0.1949 -2.0848 -0.74423 -0.24819 -0.19502 -0.35157 0.27727 0.31474 -0.43987 -0.26965 1.0339 -0.03601 -1.0915 1.1593 2.0083 0.80735 -0.081941 0.76364 0.16721 -0.42944 0.53217 0.076181 -0.62727 -0.39638 -1.1174 -2.5971 0.11338 2.5614 1.1001 0.72038 0.58123 0.66892 0.15289 -0.50624 0.0091303 1.0631 -1.5145 -0.50729
1.6036 0.13549 -2.0018 -0.98273 -0.24732 -0.20792 -0.79222 0.92407 0.14223 -0.13468 0.48078 1.1489 -0.23866 -2.2673 0.72347 3.0047 1.1782 0.61603 0.59609 0.27267 -0.052497 0.042009 -0.3415 0.65367 -0.51969 -1.0571 -2.1966 -0.20848 1.5285 0.9275 1.1963 0.28463 0.52527 0.16479 -0.50696 -0.21637 0.91118 -0.85799 0.0087985
0.992 0.88269 -1.3986 -0.50559 -0.66626 0.45737 -0.36137 0.058136 0.77918 0.41377 -0.33051 -0.25276 -0.39697 -2.7835 0.78991 2.9266 1.7474 1.0096 0.89766 0.594 0.30648 0.099957 -0.35959 0.60569 -1.0571 -1.0687 -0.93289 -0.63152 -0.167 0.20472 1.1817 0.0049735 0.057234 -0.27949 -0.29441 -0.3284 0.5944 -0.10255 0.6016
-0.26282 1.0371 0.82261 0.25078 -0.0092362 0.65656 0.20477 0.16372 -0.28179 -0.40852 -0.26551 -0.2915 -0.86905 -2.8547 0.62471 2.5908 1.4562 1.56 0.78401 0.58735 -0.33772 0.25457 -0.42884 0.41463 -1.1172 -0.60325 0.48371 -0.8321 -1.4472 -0.54378 0.63959 -0.22787 -0.46114 -0.41114 -0.1075 -0.15644 -0.11605 0.37945 0.80755
-0.87848 0.43122 1.0727 1.1832 0.72035 0.77561 -0.048934 0.36692 -0.19882 -0.48848 1.2974 0.70556 -0.85069 -2.3955 0.20931 1.9349 1.0452 1.6441 0.67835 0.11803 -0.81586 -0.15473 -0.56531 0.69051 -0.30475 -0.32847 1.5865 -1.0189 -2.3812 -1.3447 -0.27108 -0.68111 -0.64869 -0.57029 0.018542 0.32383 -0.39255 0.67595 0.85459
-1.1783 0.83566 0.25849 0.56627 1.2915 0.75494 0.55497 0.80444 1.0255 -0.39924 0.38314 -0.59909 -0.79087 -1.6445 -0.30273 1.0714 0.51182 1.4827 0.24456 -0.42399 -0.28157 -0.043986 -0.56341 0.33225 -0.055263 -0.063173 1.9563 -0.65429 -2.2019 -1.4017 -1.213 -1.064 -0.054379 -0.055512 0.26463 0.8928 -0.52879 0.95981 0.44009
-0.98361 1.0083 0.19447 0.27465 1.3771 0.77218 -0.23378 -0.38245 0.63362 -1.0059 0.19078 -0.55629 -0.65449 -0.69209 -0.35822 -0.31063 -0.28989 0.52858 -0.20838 -0.21227 -0.8276 0.28357 0.38947 -0.20706 -0.10298 0.10481 1.6608 -0.11121 -1.1218 -0.63726 -1.4923 -1.211 0.62443 0.38833 0.39422 1.1843 -0.13055 0.93372 0.12146
-1.1759 0.49192 0.56288 0.26461 1.2376 1.034 -0.79316 -0.49095 -0.49312 -0.56421 1.4759 0.81396 -0.70979 -0.37964 -0.1269 0.017663 -0.49178 -0.16399 -0.92094 0.63613 -0.41649 0.55331 0.96799 -0.2738 0.88396 -0.077116 0.97942 0.2606 -0.020705 0.21357 -1.1924 -1.0115 0.85114 0.55899 0.6392 0.98277 0.52189 0.50639 -0.07821
-1.3875 0.49411 0.96408 0.69781 1.2431 0.74469 -0.49519 0.20865 0.5836 -0.67826 -0.37002 -0.65741 -0.68218 -0.20485 -0.055358 0.57886 0.35543 -0.33663 -1.1839 0.83714 0.047579 0.31916 1.1542 0.68439 1.271 -0.1174 0.47404 0.43523 0.47924 0.74953 -0.41695 -0.52685 0.42762 0.65168 0.7768 0.305 0.40756 -0.39992 -0.096061
-1.1995 0.449 0.22257 0.13752 0.7205 0.13339 0.50558 -0.81523 0.3467 0.70703 0.020611 -0.047664 -0.80349 -0.22635 -0.043078 0.59189 0.58251 -0.32777 -1.3102 0.75654 0.41542 1.1922 1.117 0.93401 0.37422 -0.085528 0.33214 0.34264 -0.24196 0.62615 0.10446 0.29619 -0.34573 -0.28987 0.058199 -0.48571 -0.089429 -1.3083 0.065753
-1.4315 0.62094 0.85533 0.42613 0.82737 -0.80682 1.2867 0.47166 1.4931 0.99665 1.1146 2.3597 -0.97313 0.031617 0.28704 0.20668 0.56473 -0.18205 -1.0782 0.58077 0.074933 1.4885 0.95729 -0.0012231 -0.70165 -0.054621 0.15637 0.12918 -0.53661 0.31629 0.2692 1.0638 -0.83695 -0.70743 -0.44734 -1.2984 -0.80795 -1.6534 0.18448
-1.2528 0.99906 0.94868 1.1351 1.1684 -0.4721 0.71767 0.39849 0.8928 0.62384 1.7975 0.58785 -0.76369 0.060625 0.24268 -0.20237 0.56551 -0.058421 -0.37745 0.061831 -0.9798 0.080923 0.051605 -0.15465 -0.95782 0.0014164 0.1119 -0.097129 -0.38703 0.26065 0.15107 1.4717 -1.0548 -0.76452 -1.2403 -1.7346 -1.115 -1.1153 0.1919
-1.3381 0.54113 1.0141 0.82223 0.91749 -0.56213 -0.38354 -0.34717 2.0002 0.33561 1.5884 -0.55008 -0.67761 -0.089434 0.0050632 0.075291 0.94864 0.01973 0.4949 -0.50615 -0.63292 -0.0063557 -1.0311 -0.48897 -1.6412 0.14977 -0.087209 -0.42918 -0.12327 0.069159 -0.19051 1.1142 -0.60523 -0.072752 -1.1668 -1.3729 -0.66345 0.11987 0.055094
-1.138 0.79178 0.64023 0.85441 0.95114 -0.24223 0.16889 -0.42049 1.61 1.0936 -0.41998 -0.98671 -0.82353 0.017293 -0.056591 0.0079469 0.87161 -0.15859 0.87156 -0.82892 -0.72203 -0.49972 -1.521 -1.1783 -1.5646 0.13546 0.041348 -0.28442 -0.09589 -0.083298 -0.33402 0.27201 0.15699 0.65105 -0.62245 -0.46745 0.041693 1.4179 -0.13363
-1.3533 0.72596 0.25504 1.0946 0.95116 0.093772 0.37681 -1.5711 -0.21855 -0.59794 -0.5775 -1.145 -0.75848 -0.10298 -0.24281 -0.10538 0.53602 -0.50088 0.54427 -0.19836 -0.1728 -0.51613 -1.1307 -0.90662 -0.12195 -0.02974 0.30572 -0.051769 -0.2782 -0.35243 -0.23523 -0.30403 0.50913 0.81858 -0.24449 0.44597 0.70716 2.1187 -0.29225
-1.4589 0.44902 0.8437 1.4838 0.75779 0.54056 0.27347 -0.34702 1.2705 -0.88483 0.79211 -0.78078 -0.63645 0.13025 -0.08399 -0.27298 0.61216 -0.43551 0.14538 0.21677 0.10738 -0.88942 -0.8752 0.10317 1.3804 -0.13598 0.45943 0.13144 -0.28517 -0.59975 0.090614 -0.4152 0.26676 0.91541 -0.053438 1.4236 0.76779 1.6578 -0.33774
-1.2621 0.81466 1.1762 1.6622 0.78233 0.20571 -0.32441 0.049984 0.94393 -1.3685 -0.14037 0.045473 -0.76795 0.36755 -0.064021 -0.25121 0.41737 -0.29438 0.24312 -0.011761 0.602 -0.29404 -0.41625 0.30299 1.5074 -0.20983 0.61543 0.36491 -0.21868 -0.938 0.30672 -0.10484 -0.31272 0.28358 -0.30903 1.7127 -0.13293 0.14963 -0.26974
-1.3904 0.48039 0.56829 1.3189 0.33407 -0.052984 0.22458 -0.23116 0.63793 -0.31951 0.5103 -0.11356 -0.81606 0.55748 0.060885 -0.3978 -0.19077 -0.10487 0.18295 -0.39256 0.73232 -0.71787 1.1085 -0.22434 1.24 -0.34671 0.3329 0.29439 0.011001 -1.0428 0.24498 0.41255 -0.31192 0.37906 -0.040253 1.3932 -0.96628 -1.2583 -0.17509
-0.96608 0.55788 0.25124 1.4143 0.52636 -0.40427 0.20731 -0.85101 0.38747 -0.58714 1.0595 1.5566 -0.93115 0.72476 0.26075 -0.41003 -0.81432 -0.10497 0.31257 -0.52977 0.10289 -1.2113 1.4702 -1.057 0.2893 -0.38163 0.084488 0.24911 0.35425 -0.50593 0.15335 0.46412 0.18146 0.41744 -0.42418 0.56237 -0.91077 -1.5042 -0.062997
-0.74933 0.76847 0.26968 1.4355 0.79772 0.82231 0.24484 0.11178 0.82123 -0.11479 -0.7307 0.35619 -1.0403 0.51144 0.21812 -0.1751 -0.71909 -0.084475 0.94177 -0.15869 1.1345 -0.51202 1.1046 -1.2637 -0.72997 -0.34732 -0.29125 -0.048161 0.39747 0.18078 0.044315 0.34771 0.54577 0.33938 -0.2972 -0.32065 -0.27156 -1.4444 0.099598
-0.90682 0.7012 0.2194 0.8509 0.80924 0.5126 -0.58052 -0.29168 -1.2386 1.2997 -0.46238 0.36835 -1.0862 0.52696 0.25028 0.23205 -0.26542 -0.030255 0.79889 0.22936 1.2546 -1.2326 0.76742 -1.1088 -0.76152 -0.31726 -0.46178 -0.34557 0.015443 0.61884 -0.04693 -0.13462 0.48788 -0.0069971 0.20294 -0.8171 0.80135 -0.58863 0.16765
-0.58419 0.89531 0.83263 0.50173 0.38448 0.73042 -0.63046 -0.078879 0.10059 0.81333 -0.9536 -0.47916 -1.0671 0.15234 -0.010961 -0.05168 -0.13295 -0.071871 0.64006 0.3188 0.8553 -1.2933 0.79098 -0.8008 -1.3584 -0.21175 -0.2433 -0.25255 -0.17065 0.68568 -0.3519 -0.38869 0.085469 -0.82344 0.79814 -0.88463 1.1915 0.28796 0.18953
-0.88557 0.8793 0.6816 1.0826 0.4944 1.4373 0.16712 1.7693 0.78084 -0.090683 -1.4966 -0.89458 -1.2014 0.10961 -0.172 -0.44581 0.040911 -0.2116 0.1904 0.20596 0.25411 -0.42393 -0.082425 0.34013 -0.66019 -0.16722 -0.11341 -0.16685 -0.55231 0.4618 -0.37968 -0.43395 -0.22314 -1.1591 1.15 -0.6892 1.0482 1.1518 0.17188
-0.53683 0.67145 0.49178 1.358 0.44103 0.49758 0.96204 0.30849 -1.9937 0.88738 -0.202 0.14941 -1.2225 0.2978 0.029027 -0.12261 0.40055 -0.66464 0.46031 0.017972 0.026505 0.64991 -0.3214 0.45154 -0.13893 -0.10315 0.046431 0.082157 -0.2097 -0.023884 -0.15307 -0.4608 -0.58516 -1.2482 0.64072 -0.44685 0.62303 1.5567 0.15405
-0.84017 0.53495 -0.1595 1.1347 0.73417 0.90499 0.074049 -0.1633 -1.149 1.1124 -0.74571 -0.85376 -1.1667 0.2533 -0.034449 -0.65954 0.32359 -0.45667 0.011728 -0.076086 -0.60518 0.053388 -0.11773 0.40687 1.1481 -0.08222 -0.17397 0.24942 0.39307 -0.35719 0.22252 -0.13609 -0.6612 -0.6071 0.19196 -0.21524 -0.38629 0.80555 0.15573
-0.61332 0.63234 -0.17649 1.0207 0.41584 1.0579 -0.3493 0.32332 0.58526 -0.22074 -0.02205 -0.46421 -1.2458 0.15201 0.04922 -0.2968 -0.32326 -0.24823 -0.20181 -0.72432 -1.1661 -0.27505 -0.12478 0.42362 1.1371 0.0049487 -0.36056 0.099639 0.59777 -0.48314 0.45044 -0.27989 -0.33121 0.062457 -0.29608 -0.12602 -0.68071 0.47086 0.14494
-0.36088 1.0359 0.93726 1.1965 -0.60646 1.4804 -0.73205 0.10189 0.51158 0.80451 -0.31266 0.071514 -1.1681 -0.12163 0.21131 0.30105 -0.26706 -0.016082 0.24547 -0.75999 -0.32864 0.41365 -0.62874 -0.48683 0.46859 0.040755 -0.41966 -0.079923 0.64852 -0.25777 0.38545 -0.22955 0.044615 0.62403 -0.20618 0.079691 -0.80094 0.027007 0.14925
-0.44851 0.73292 -0.30907 1.1083 0.22588 0.54455 0.22676 -0.089077 -0.4296 0.29444 -0.88234 1.6534 -1.2313 -0.1369 0.062743 0.40046 -0.20861 -0.054842 -0.22271 -0.31335 0.037656 -0.11413 -0.32691 -0.55474 1.2401 0.079156 -0.35346 -0.36332 -0.0719 0.051117 0.32062 -0.32094 0.37817 0.84944 -0.0050278 0.2368 -0.53843 0.068398 0.091895
-0.83016 0.75271 0.30363 0.63091 0.59873 0.77777 -0.52294 -0.17814 -1.3703 0.098748 -0.22916 0.34195 -1.1795 -0.32515 -0.16851 0.080379 -0.2184 0.15515 -0.4424 -0.1988 0.056586 -0.43433 0.15344 -0.80707 1.1711 0.13175 -0.088608 -0.38478 -0.34305 0.062538 -0.054624 -0.30438 0.14081 0.47852 0.23398 0.50658 0.080467 0.043831 0.058332
-0.82663 0.86937 0.74847 1.1685 0.57075 1.2933 -0.35079 -0.1644 -0.58486 -0.13476 -1.3505 -0.2838 -1.1353 -0.3563 -0.33623 -0.30714 -0.25685 0.2534 -0.50686 -0.25114 0.35217 0.13696 -0.016488 -0.57353 0.95026 0.11357 0.030056 -0.17412 -0.19189 0.06759 -0.23392 0.051152 -0.17521 0.32362 0.73896 0.31889 0.22808 -0.34714 0.022237
-0.79776 0.57734 0.13383 0.83398 0.12812 0.50025 -0.63869 0.29273 0.048856 0.49344 -1.1316 1.7112 -1.0803 -0.17058 -0.19849 0.079039 -0.13093 -0.28493 -0.22804 -0.5148 0.48903 0.74578 0.28082 -0.34782 0.72454 0.12093 0.14964 0.025184 0.11424 0.083166 -0.37243 0.176 -0.21915 0.23959 0.75655 0.13024 0.29327 -0.2646 -0.0034965
