39 300
-0.86268 1.2817 0.79231 0.99481 0.52566 0.46261 -0.22954 -0.32899 -0.9901 -0.64612 -0.097694 0.42902 -1.4412 0.27926 0.26252 0.21691 0.041973 -0.37749 -0.76802 -0.29398 0.33837 -0.46139 1.9272 -0.61703 0.043671 -0.22061 -0.1202 -0.021686 0.09724 -0.34411 0.085298 0.70379 -0.0070909 -0.29268 0.2019 -0.34103 0.050086 -0.33146 0.0038872
-0.68844 1.3407 0.70749 1.2251 0.26014 0.58833 -0.42492 -0.19532 -0.81115 1.3259 -0.33224 0.73952 -1.4487 0.1069 0.19853 0.32928 -0.12427 -0.29295 -0.44829 -0.26421 0.38595 0.034054 1.6727 -0.55433 -0.20178 -0.16074 -0.2406 -0.050934 0.011629 -0.49603 -0.021371 0.83294 -0.021298 -0.59362 0.36107 -1.0622 -0.022708 -0.79574 0.001087
-0.27709 1.6657 0.85284 1.2755 0.30628 0.2524 -0.6677 -0.82912 -1.3244 1.132 -0.99245 1.1359 -1.6827 0.13864 0.24985 0.33395 -0.53809 -0.25336 0.44724 -0.31236 -0.2879 -0.26034 1.3245 -0.51602 -0.5322 -0.23489 -0.27957 -0.12223 -0.179 -0.38664 0.20039 0.71546 0.12193 -0.38021 0.4114 -2.1512 0.081769 -0.92313 0.038672
-0.88112 1.4771 1.1059 0.80984 0.086918 -0.90851 -0.51573 0.67046 -1.8873 1.3734 -0.81218 -0.10204 -1.692 -0.097818 0.16815 0.18167 -0.62224 -0.47966 0.25151 -0.31747 -0.57331 0.23227 0.030641 -0.69275 -1.3106 -0.2031 -0.18178 -0.20614 -0.3694 0.087731 0.5175 0.4961 0.11018 0.18825 0.41035 -2.0002 0.28731 -0.43148 0.12843
-0.88024 1.3806 1.0543 0.78863 0.36936 0.586 -0.47013 -0.01958 -0.17485 0.77079 -0.57104 0.099262 -1.4948 -0.13718 0.040402 -0.019875 -0.4537 0.10506 0.27997 -0.0057483 0.03452 0.3429 -1.6667 -0.34687 -1.303 -0.11807 0.041118 -0.1797 -0.3417 0.78082 0.621 0.25475 0.19246 0.49605 0.29983 -1.063 0.1348 0.55987 0.21084
-0.57265 1.6188 0.98294 0.25102 0.23667 1.7232 -0.72303 -1.4087 -1.7621 1.0567 -0.78376 -0.18091 -1.7656 -0.094812 -0.094834 -0.13788 -0.0022439 0.53092 0.60515 -0.18006 0.61681 0.63356 -0.93908 0.0069825 -0.71823 0.031746 0.096018 -0.066318 -0.026471 0.89925 0.25035 -0.29342 0.17484 0.61854 -0.2012 0.24969 0.044025 0.99502 0.14037
-0.88784 1.4944 0.81523 0.62745 -0.33643 0.066151 -0.79214 -0.96514 -0.16711 -0.2571 -1.4969 -1.2819 -1.6738 0.2059 0.033928 -0.10183 0.64407 0.44479 0.76921 0.025453 0.14562 0.2003 -0.39028 -0.55015 0.28461 0.054242 -0.075637 -0.0079487 0.061986 0.64951 -0.44659 -1.0587 0.19525 0.39426 -0.12421 1.1221 -0.15653 0.74539 0.11264
-0.59357 1.4833 0.75027 0.98354 0.83046 0.36077 -0.27749 0.67048 -0.79186 -0.93008 -0.786 -0.27727 -1.6508 -0.10002 0.041209 0.1792 0.54794 -0.1636 -0.56409 0.037236 0.65303 -0.12245 -0.13503 -0.47186 -0.10702 -0.015824 -0.064858 0.10505 0.076075 -0.077326 -1.041 -0.87715 0.5603 -0.024582 0.0063898 0.83873 -0.28993 0.25072 0.061172
-0.61066 1.4586 0.97245 1.2086 1.0012 0.72398 -1.1101 0.77258 -0.54063 1.1702 -0.68472 0.23003 -1.5884 -0.27974 -0.045963 -0.066935 0.51177 -0.41095 -1.2 0.29787 0.8345 0.46197 0.17981 -0.42233 -0.11859 0.12678 -0.0095428 -0.079765 -0.15159 -0.37896 -0.93081 -0.52297 0.27743 -0.31734 0.33395 0.32019 0.13608 -0.18091 0.11258
-0.7365 1.5344 1.094 1.5049 0.26868 0.91042 -0.17307 -0.23885 -1.47 1.0211 -1.9741 0.36938 -1.5633 0.022598 0.14327 -0.019172 -0.088119 -1.0552 -0.12042 0.84604 0.22431 0.5272 0.44748 -0.66057 -0.031959 0.11933 0.54958 -0.21268 -0.32995 -0.056715 -0.24606 0.24515 0.0096572 -0.68614 0.20901 -0.31814 0.46344 -0.01038 0.13292
-1.0158 1.5259 1.198 0.79614 -0.38785 -0.1726 -0.64015 -0.017288 -0.50783 0.078224 -1.1103 -1.0299 -1.6858 0.12053 -0.17305 -0.26523 0.23216 -0.91007 -0.47158 0.20215 -0.29351 0.6108 -0.065498 -0.13729 -0.14553 0.20762 0.54476 -0.24737 -0.046623 0.11306 0.51356 0.64568 -0.58864 -0.71227 -0.38687 -0.06626 0.97561 0.039339 0.010323
-0.86808 1.5027 0.52059 0.9334 -0.27531 -0.59241 -0.19092 -0.00070257 -0.19612 0.5686 -1.596 -0.84599 -1.5453 0.70019 -0.30586 -0.29663 0.57521 -0.38912 -0.44822 0.11602 -0.19911 0.26733 -0.69575 0.41275 -0.13956 0.20313 0.13634 -0.21963 0.22828 0.24161 1.0809 0.76625 -0.63148 -0.39663 -0.757 0.30341 0.91016 -0.10554 -0.058278
-0.53389 1.7178 0.87094 0.63088 -1.025 0.76382 0.8766 0.22023 0.69116 0.026184 -2.3023 -0.59072 -1.4843 0.37298 -0.29848 -0.0069484 0.39286 0.25144 0.22566 -0.53549 -0.42398 -0.23704 0.58079 1.1768 -0.0097487 0.11268 -0.27936 0.061899 0.5682 -0.031872 0.94641 0.99175 -0.20221 -0.2942 -0.82991 0.47252 0.12027 0.025607 -0.16017
-0.4146 1.0168 0.62426 1.9983 0.73415 -0.069924 -1.1399 0.36287 -0.57455 -0.11872 -0.14214 0.33954 -1.3322 0.13959 -0.21794 0.25443 0.29057 0.45782 1.028 -0.071527 -0.52792 -0.68106 0.70622 0.67649 -0.33926 0.065031 -0.78371 0.31063 0.52187 -0.35476 0.53976 0.36229 -0.33781 -0.31762 -0.49429 0.5226 -0.56049 0.41419 -0.20064
0.090522 1.199 0.96352 2.0235 0.20896 0.2048 -0.70592 -0.10894 -0.88255 0.59141 -0.57811 -0.21998 -1.4241 -0.11759 -0.10152 0.45733 0.30954 0.49987 0.72741 -0.10848 -0.73473 -0.70541 0.15965 0.015119 -0.01855 -0.017562 -0.6589 0.62398 0.28776 -0.64231 -0.20544 -0.36355 0.28468 0.29529 0.054477 -0.35759 -1.0876 0.42657 -0.21352
-1.0513 1.3867 1.2115 1.0751 -0.011419 0.90677 -0.99156 -1.1653 -1.6265 2.0917 -0.16168 -0.62912 -1.594 -0.49699 0.18772 0.38817 -0.066705 0.53284 0.0095653 -0.7805 -0.69779 -0.56056 0.54289 -0.19572 0.68176 -0.10242 -0.63474 0.19057 0.034624 -0.75815 -0.16273 -0.77276 0.28127 0.89881 0.48921 -0.78381 -0.32875 0.72409 0.14109
-0.88626 1.3919 1.0874 0.78715 -0.15079 0.96359 0.27069 -0.21252 -0.60721 0.30755 -1.1165 -2.0217 -1.5485 -0.52252 0.69113 0.43311 -0.66302 -0.18251 0.027 0.41499 0.27439 -0.16845 -0.10124 -0.7174 0.32182 -0.19858 -0.37046 -0.67579 0.031585 -0.80222 0.10165 -0.84587 0.32471 1.3393 0.90118 -1.0214 0.39196 0.46673 0.76035
-0.60032 1.4196 0.86043 1.7226 0.2901 0.32605 -0.068755 -0.71195 -0.61472 -0.010014 -2.3451 0.34989 -1.4462 -0.82747 -0.25225 0.3301 -0.6796 0.48524 -0.12826 0.25574 0.82901 0.12273 -0.79465 0.35506 0.93731 0.43035 -0.48 -1.4784 0.20753 -0.7619 0.25497 -0.8311 0.20968 0.88819 1.1958 -0.81235 0.84397 -0.093088 1.3039
-0.84647 1.7228 1.2502 1.0999 0.34977 0.25769 -1.8847 -0.46141 -0.66773 1.1566 -1.0942 1.3253 -1.558 -0.63766 -1.1795 0.5446 -0.9249 0.72172 -0.85279 0.051658 1.2743 0.91925 -1.2866 0.61214 0.77736 1.1605 -0.80954 -1.7715 0.11437 -0.90713 0.30627 -1.0364 -0.050758 -0.087012 0.89672 -0.4123 1.073 -1.1631 1.5124
-0.74145 1.8906 1.1944 1.142 0.21589 0.13237 0.26616 1.025 -1.426 0.031849 -0.68549 -0.41592 -1.665 -1.3254 -1.7126 0.69882 -1.3994 0.57558 -1.1708 -0.15692 0.64176 1.5013 -0.55386 0.99036 0.23987 1.6892 -0.75915 -1.1565 -0.13016 -0.96744 -0.37966 -0.67202 0.7167 -0.86346 0.61264 0.010204 0.70524 -1.5317 1.1161
-1.3987 0.30751 1.4131 0.58706 0.76407 0.7048 -0.25106 0.23932 -0.68165 0.12889 0.56435 0.35663 -0.55914 -1.7633 -1.976 0.45197 -2.045 0.36649 -1.4727 0.52811 0.19084 1.0989 -1.0967 1.3117 -1.7183 2.0369 -0.50902 -0.29095 -0.40028 -0.593 -0.85283 -0.24037 0.92266 -1.3428 -0.022079 0.07497 0.43939 -0.74921 0.41154
-1.6406 -0.14304 1.6916 -0.35018 0.70095 -0.48686 -0.63277 0.60112 0.88272 -0.33457 -0.45563 -0.44554 0.01223 -1.6621 -2.073 0.15136 -1.977 -0.070858 -1.1282 1.5012 -0.4121 1.3731 -0.90459 1.5558 -0.95283 2.1085 0.50161 0.68736 -0.4969 0.22785 -0.88882 0.096027 0.96203 -0.95598 -0.77475 -0.12986 0.056033 0.22128 -0.48008
-2.0428 -0.13936 1.5148 -0.31095 0.47269 -0.87961 -0.23751 0.016639 1.9583 -0.20726 -0.69719 -0.73173 0.33711 -1.4085 -1.5599 0.12016 -1.7762 -0.60477 -1.3416 1.1295 -0.97289 0.9461 -0.99436 1.3045 -0.17393 1.7365 0.94819 1.1385 -0.36661 1.0581 -0.50701 0.91703 0.31976 -0.62633 -1.0549 0.14151 0.10459 1.5483 -1.1084
-2.2096 -0.17461 1.1903 -0.71308 0.70703 -1.52 0.31127 -0.48396 -0.52314 -1.1323 0.26917 -1.756 0.57859 -0.59039 -0.60681 -0.0026633 -1.1012 -0.65818 -1.0473 1.5301 -0.75055 -0.092965 -0.90513 1.1392 -0.1075 0.94089 1.0661 1.0124 -0.15084 1.1364 -0.2825 1.4282 -0.39087 0.12078 -0.97783 0.35014 -0.014526 1.5309 -1.2806
-2.2041 -0.43767 1.4481 -1.1089 -0.0042029 -0.26748 1.4157 -0.223 1.1076 0.27322 2.1955 0.62827 0.63005 -0.56851 -0.53073 -0.1102 -0.4596 -0.32008 0.27819 1.1817 -0.93239 -0.44678 -0.84409 1.7703 0.98092 0.53538 0.9467 0.61344 0.1695 1.3831 -0.24914 1.999 -0.74765 0.72848 -0.021123 0.51443 -0.46631 0.99761 -1.179
-2.1766 -0.37499 1.5212 -0.97086 -0.355 -1.4362 1.3515 -0.3069 0.10209 -1.7486 0.92489 -0.55255 0.6337 -0.13533 -0.65082 0.0052618 -0.46181 -0.75882 0.85073 0.68302 -0.17981 -0.041921 -0.30272 1.3154 1.5563 0.29848 0.7561 0.5019 0.16361 1.5335 0.089354 1.7597 -1.65 0.70029 0.68079 0.57272 -1.2564 -0.22866 -1.0847
-1.893 -0.51482 1.551 -0.81924 0.45018 -0.86739 1.2742 -0.6173 -0.070969 -0.8612 1.2469 -0.28462 0.70722 0.091891 -0.36563 0.41598 0.55019 -1.0355 1.6121 0.027934 0.25098 0.88534 -0.28412 0.2309 0.99689 -0.1609 1.0284 0.87973 -0.086097 1.6701 0.32562 1.2139 -1.434 0.57167 0.48909 0.74335 -1.872 -0.80186 -1.2277
-2.6233 -0.76692 1.4008 -0.79642 0.49939 -0.00081722 0.63968 -0.95325 1.0011 -1.3443 2.0186 0.77701 0.75992 0.45814 0.26917 0.023726 1.3281 -0.12623 1.7214 -1.272 0.10871 0.72899 -0.055008 -0.78688 -0.60514 -0.75155 1.2261 1.1104 -0.61609 1.7858 0.6189 0.60736 -0.87679 0.33699 -0.37092 0.5674 -1.9637 -0.92204 -1.2561
-2.0774 -0.87351 1.354 -1.2271 -0.89763 -0.080481 1.1125 0.099654 1.2619 -0.26187 1.4168 0.95854 0.75609 1.0123 0.69173 -0.26731 1.8415 -0.0047424 2.2134 -0.77605 0.10831 0.23976 0.5095 -1.2068 0.40697 -1.2502 1.6796 0.41595 -1.6311 0.99018 0.99489 -0.12867 0.0087043 0.50465 -1.0098 0.56151 -1.6911 -0.49334 -0.54234
-2.0029 -0.4005 1.9122 0.34901 -0.83555 0.9381 0.82069 0.046196 1.1837 -1.4474 0.94472 -0.46562 0.15087 1.6443 0.94494 -0.72923 2.3101 -0.074802 1.737 -0.70542 0.59118 -0.51347 0.41973 -2.1925 -0.0477 -1.5211 1.7036 -0.73778 -2.2009 -0.2454 1.0563 -0.64695 0.51672 0.59999 -0.79035 -0.06649 -1.0282 0.22208 0.78021
-1.5537 0.18174 1.2941 0.66195 0.54247 1.1566 -0.9875 -0.46187 1.6836 -0.20858 0.35387 -1.1005 -0.48099 2.5696 0.090345 -2.0615 1.9525 0.86604 1.3548 -0.22641 1.0561 -0.6743 0.58578 -2.7029 -0.30944 -0.79221 1.2449 -1.6919 -2.3713 -1.5145 1.1478 -1.1484 0.50976 0.60801 -0.066041 -0.68292 -0.1142 0.1092 2.1404
-1.0539 0.2735 1.1342 1.1468 0.023332 1.1072 1.0872 -0.50898 -0.53864 -1.1075 -0.83955 1.1773 -0.72909 2.7943 -0.84684 -2.931 0.79861 1.4846 0.88976 -0.47409 0.87833 -0.51854 -0.26426 -2.2406 0.17952 0.50144 0.11922 -2.0314 -1.5135 -2.2308 0.6618 -1.2836 0.78147 0.3181 0.50562 -1.2599 1.1536 0.30842 2.8104
-0.58769 0.12553 0.68015 1.6301 0.15678 1.2805 0.12064 0.50719 -0.3681 -0.17367 -1.4317 -0.0045172 -0.75704 2.7116 -1.6572 -3.3167 -0.30841 1.4389 0.39746 0.16676 1.2249 0.10959 -0.57444 -1.406 0.49039 1.7897 -1.2689 -1.2837 -0.022548 -1.8207 -0.053845 -1.1798 0.53519 -0.12684 0.75497 -1.5162 2.0479 -0.12879 2.2683
0.014394 -1.4931 -0.9224 0.72999 1.0665 1.607 0.71843 1.1554 1.1002 -0.3229 -1.5756 0.2075 0.56859 1.7852 -2.0767 -2.7496 -0.8374 0.9212 -0.28774 0.71474 1.1674 0.20245 -1.6005 -0.31993 0.15432 2.5047 -2.0527 -0.12206 1.3161 -0.63584 -0.56103 -0.77021 0.6241 -0.52204 0.42196 -1.3649 2.259 -0.43457 0.92823
0.54777 -1.63 -0.86458 -0.29195 0.62836 1.1186 -0.23126 0.86466 0.80639 -1.5208 -1.3544 0.46035 1.5184 0.7427 -1.7574 -2.1888 -0.72174 1.0448 -0.35722 0.2899 0.65204 0.6142 -1.8683 0.79365 -0.58353 2.4988 -2.4044 1.0339 2.3559 0.47973 -0.74898 -0.1687 0.20095 -0.78947 -0.56694 -0.94301 1.8756 -0.68691 -0.69235
0.40515 -1.5498 -0.84451 0.53921 1.343 1.5461 0.81712 1.1513 1.5056 -1.9488 -0.83758 -0.24413 1.7661 0.011299 -1.0337 -1.187 -0.21685 0.59684 -0.23436 0.75775 0.087929 0.15549 -2.4316 1.5734 -0.19168 1.9084 -2.0156 1.4205 2.3111 0.84883 -0.68053 0.42649 0.19999 -0.44327 -1.1541 0.17331 1.1412 -0.7487 -1.7209
-0.16242 -1.7103 -0.91745 0.12117 1.1607 0.36295 0.90197 0.73753 0.43124 -2.3547 -0.39307 -0.042499 1.8275 -0.81334 -0.20086 0.03111 0.2966 0.15242 0.043199 0.56921 0.13477 -1.0867 -2.1143 1.7312 -0.75763 0.78839 -1.0576 1.1652 1.778 0.19622 -0.7972 0.44926 0.64854 -0.031359 -1.2601 1.1535 0.33853 -0.82333 -1.8979
-0.32594 -1.6081 -1.046 0.84887 1.1387 1.0519 1.184 0.69821 0.26446 -2.8002 0.010717 0.13998 1.8681 -1.1363 -0.13646 0.19128 0.27589 0.051212 0.346 0.99707 0.51215 -1.441 -1.1605 1.7055 -1.3052 0.11781 0.10364 0.78267 1.0245 -0.72476 -0.73735 0.53747 0.66939 0.13886 -0.42648 2.1523 -0.14004 -1 -1.4503
-0.10553 -1.6073 -0.9629 1.0018 1.0048 1.4489 1.12 1.0469 0.70559 -3.0535 0.73554 -0.21982 1.8784 -0.62785 0.023403 0.23906 -0.59603 -0.22445 0.23099 1.5139 0.37785 -1.3116 -0.19144 1.4843 -1.725 -0.18227 0.96433 0.45836 0.39005 -1.6225 -1.0883 0.072771 0.39648 -0.49575 0.58362 2.592 -0.47617 -0.25457 -0.81049
-0.55415 -1.8426 -0.73782 0.32538 1.1603 1.6263 0.96493 1.4743 -0.95102 -3.1955 0.64911 -1.0291 1.785 0.10187 0.35064 0.50624 -1.163 -0.64089 0.72227 1.6719 0.25631 -0.64695 0.95268 1.4177 -1.7654 -0.33732 1.1698 0.57926 0.39528 -1.675 -1.3761 -0.6096 -0.27999 -1.2523 1.0931 2.4764 -0.91803 0.70203 -0.4701
-0.57538 -1.7084 -0.63268 0.078975 0.89733 1.3543 1.8154 1.6162 -1.0134 -2.7373 1.1211 -1.6166 1.7133 0.32781 0.4307 0.5597 -2.0964 -1.6071 -0.0012796 1.0575 -0.75974 -0.20652 2.0698 0.86837 -1.0698 -0.5066 0.78318 0.72842 0.23043 -0.87028 -1.5476 -1.3185 -1.2607 -1.5718 1.3822 1.6406 -1.2493 1.2737 -0.39562
-0.2064 -1.4276 -0.77881 -0.38755 1.1123 1.126 3.6443 1.0991 -0.1877 -1.9147 1.2847 -2.3056 1.5279 0.52247 0.76664 0.72619 -2.187 -1.9202 -0.72588 0.66104 -1.506 0.38937 2.7142 0.050232 -0.23091 -0.59965 0.32106 0.95358 0.215 0.26422 -1.041 -1.7892 -2.2646 -1.2756 1.0865 0.29256 -1.1986 1.2163 -0.62992
0.072127 -1.1691 -0.45369 -0.95012 0.068285 1.7125 2.7433 0.82134 -0.19156 -1.127 1.8235 -1.528 1.4746 0.5902 1.2079 0.5356 -1.7553 -2.5795 -1.6164 -0.56004 -1.9887 1.1804 2.2318 -0.51224 0.071582 -0.79005 -0.078241 0.87082 0.66131 1.9149 0.12075 -0.80515 -2.6117 -0.47658 0.30266 -0.955 -0.79297 1.1969 -0.87595
-0.055718 -1.2682 -0.54109 -1.5831 -1.0994 1.0331 1.5605 -0.58721 0.14752 -0.36547 1.0306 -0.75002 1.2687 0.55233 1.786 0.89778 -0.8312 -2.1686 -1.9602 -2.1612 -1.7643 1.0281 1.4315 -0.46274 0.11097 -1.3771 -0.41032 0.25183 0.85857 2.6265 1.0014 0.48881 -2.1098 0.34107 -0.32775 -1.4251 -0.22119 1.0172 -0.7838
0.14985 -0.80164 -0.077634 -1.5253 -0.6521 0.33587 1.8867 -0.41837 0.64123 -0.04903 0.36111 -0.94195 1.1722 0.16295 1.5864 1.6351 0.89075 -1.2479 -0.95379 -2.8864 -1.6134 0.14157 0.73136 -0.56771 1.1669 -1.7641 -0.41356 -0.57618 0.99436 2.2788 1.4135 1.723 -0.65481 1.0093 -0.48824 -0.94002 0.005613 0.66782 -0.14492
-0.18036 -0.34637 -0.39186 -1.5315 -1.6915 -0.74814 0.37891 -0.71012 0.63784 -1.0359 0.087424 -1.8978 0.74279 -0.02225 1.0568 1.6831 1.5184 -0.64604 -0.10163 -2.4996 -0.9856 0.20812 0.52756 -0.37689 1.264 -1.5848 -0.12693 -1.4202 0.2791 1.0418 0.78042 1.7359 0.65242 1.101 -0.067001 0.2044 -0.11616 0.095351 0.85428
0.2307 0.63109 0.31293 -0.54143 -0.87862 -0.67602 -0.50366 -0.40322 0.60384 -0.80635 1.3652 -1.9053 -0.25998 0.11321 0.46546 1.8874 1.432 -0.60316 0.81846 -1.7252 -0.28811 0.54139 0.73443 -0.51907 0.82746 -0.95163 0.48534 -1.7478 -0.72576 -0.53314 0.033844 0.51347 1.55 1.0811 0.37926 1.1364 -0.048613 -0.33958 1.6357
-0.019146 -0.10745 1.0758 1.0092 -0.29329 1.4891 -0.186 -1.3702 -0.52271 -0.42178 0.62658 0.62286 -0.4684 0.33807 -0.37774 1.2634 0.89038 -0.97893 0.54313 -1.3902 -0.14735 0.69335 1.8103 -0.71457 0.44956 -0.16142 0.93472 -1.5729 -1.651 -1.2339 -0.51999 -1.1213 1.7686 0.86822 0.09631 0.875 -0.14332 -0.31909 1.8577
-0.012181 -0.53574 0.82439 -0.13122 -1.5487 1.5449 -0.82718 -0.68975 0.78306 0.24076 0.90992 0.36688 0.12054 0.86544 -1.0483 0.57674 0.1794 -1.0146 -0.27247 -0.24529 0.20587 0.73261 2.3675 -0.48015 0.85901 0.62216 1.0712 -0.74137 -2.413 -1.2193 -0.60607 -2.7949 1.4638 0.84654 -0.37924 -0.35703 0.034877 -0.14715 1.3035
0.1736 -0.69286 1.1556 -0.64788 -2.0459 1.0318 -0.25719 -0.77156 1.7396 0.72593 -0.68351 -0.84853 0.57925 1.3076 -1.2031 -0.55035 -0.22332 -1.4457 -1.7428 0.4054 0.56564 0.33213 1.4564 -0.68264 0.5748 1.1454 0.81352 0.25731 -2.2167 -0.27796 -0.013244 -2.7247 0.75745 0.85124 -0.88393 -1.7277 0.14859 0.2625 0.23146
0.51516 -0.85036 0.58789 -0.56547 -1.9445 -0.56465 -0.65422 -0.57604 1.5044 2.0571 -0.58207 -1.5418 0.85181 1.5845 -0.54542 -1.4291 -0.35121 -1.5418 -3.4914 0.3957 1.1088 -0.090378 0.14882 -0.43559 0.44085 0.86536 0.15547 1.0211 -1.5715 0.74262 0.73129 -1.282 -0.56445 0.75584 -0.83061 -1.975 0.3431 0.35613 -0.78561
0.8959 -1.0258 0.2541 -0.62393 -2.2128 -1.196 -0.032507 -0.35797 1.0332 1.4109 0.74149 0.027852 0.829 1.4624 -0.13926 -1.6133 0.61926 -0.73973 -3.1632 -0.14331 1.1643 -0.8028 -0.63303 -0.39126 1.1672 0.16247 -0.46821 1.2771 -0.36594 1.111 1.7214 0.95489 -1.2652 0.23237 -0.37096 -1.1418 0.63048 0.27022 -1.3288
1.4541 -0.78969 0.13459 0.26853 -2.056 -1.5075 0.24292 0.064704 0.13334 0.29218 0.24896 0.23558 0.79576 1.0663 0.37304 -1.6414 1.1771 0.049337 -2.0626 -1.1196 1.4724 -0.49185 -0.64385 0.14081 1.2617 -0.36193 -0.98124 1.1693 0.42774 0.76011 2.2734 2.5525 -1.1492 -0.84323 -0.039257 0.31071 0.38956 -0.46694 -1.2497
1.197 -0.79431 -0.26374 0.068943 -2.6608 -2.3866 -0.089219 0.29309 -0.041335 -0.36013 -0.38821 1.2578 0.63393 0.70234 0.78153 -1.0823 1.1372 1.0924 -0.59202 -1.4254 0.86715 -0.26156 -0.50721 0.41788 0.68866 -0.74241 -1.3419 1.1116 0.68016 -0.23148 2.1432 2.74 -0.42395 -1.7802 0.12782 1.3665 0.371 -0.98927 -0.96026
1.2395 -0.7325 -0.44955 0.28511 -2.4247 -1.8905 -1.5477 0.80591 0.56331 0.32186 -0.44453 0.66532 0.4116 0.16021 1.2315 -0.94257 0.84229 1.9445 0.20605 -1.3134 -0.48365 -0.43558 0.68264 0.027051 -0.29381 -1.0344 -1.3068 0.91454 0.97148 -0.73456 1.9246 2.5497 0.77215 -2.0149 -0.11309 1.2808 0.20169 -0.91762 -0.62492
1.2289 -0.18086 -0.39277 0.78276 -1.4846 -1.6209 -2.1158 1.1463 1.593 1.2203 -0.080596 -0.24555 0.25663 -0.54961 1.5582 -0.7685 0.33928 2.4629 1.0514 -0.90641 -1.5364 -0.54294 1.4496 0.49266 -0.09055 -1.3068 -1.2276 0.48638 0.91343 -0.82244 1.0507 1.7548 1.5372 -1.447 -0.48615 0.64624 -0.17576 -0.20435 -0.23339
1.4444 -0.03786 -0.37488 0.64435 -0.34483 -1.288 -1.8194 -0.02166 0.39776 1.1933 1.1393 -0.16669 -0.037935 -0.70868 1.7339 -0.093799 0.16477 3.0911 2.0932 0.21848 -1.4899 -0.58598 0.94928 0.56397 -0.23864 -1.2518 -0.76111 -0.22944 0.9575 -0.64241 -0.37978 0.78913 1.5496 -0.40216 -0.43036 -0.31424 -0.53122 0.57891 0.21422
1.1389 0.46426 -0.74615 0.48218 -0.2555 -1.2128 -0.88474 -1.5746 -0.68759 1.6695 0.10713 0.16456 -0.43998 -1.1189 1.4591 0.096127 -0.10368 2.5543 1.8906 0.97812 -1.6194 -1.2308 0.63924 -0.2071 0.22082 -1.0662 -0.18121 -1.0242 0.81249 -0.20088 -1.7993 -0.59865 0.80201 0.72174 0.027896 -0.88248 -0.99797 0.63849 0.76558
0.58169 0.91701 -0.6951 0.51526 0.067038 -0.49693 -1.1369 -1.5816 -0.63306 1.5607 0.50142 1.0165 -0.80322 -0.9562 0.83828 0.30506 -0.17093 1.1648 1.3281 0.93939 -1.271 -1.015 0.4124 -0.74903 0.70219 -0.74172 0.42163 -1.7353 0.48221 0.0044163 -2.6935 -1.7914 -0.31223 1.3213 0.47707 -1.1091 -0.38492 0.84358 1.2359
0.57846 0.981 -0.11445 0.32718 0.81465 0.52527 -0.28118 -0.27947 0.16271 0.58097 0.18986 0.36499 -0.685 -0.76444 0.04057 0.45804 0.11838 -0.055948 0.26729 0.39207 -0.15051 -0.25728 -0.11413 -0.98715 0.71182 -0.10745 1.0625 -2.0044 0.35504 0.041537 -2.8585 -2.0038 -0.80877 1.2968 0.74895 -0.97694 0.77638 0.30014 1.5238
0.2437 0.77563 -0.38069 0.43491 0.48886 0.0063796 -0.82249 -1.0626 -1.0109 1.9255 -0.87791 0.26256 -0.71619 -0.11999 -0.88476 0.57274 0.058333 -0.8168 -0.58948 -0.11894 0.51087 -0.026787 -0.96751 0.14473 1.2055 0.6115 1.0086 -1.6052 0.0070247 -0.12873 -2.4834 -1.8828 -0.64541 0.11623 0.73989 -0.55153 1.6908 -0.1878 1.3911
0.74906 0.60043 -0.14392 0.64974 -0.30504 -0.54261 -0.89164 -1.2099 -0.11485 1.9436 -0.44985 0.76472 -0.60761 0.40317 -1.5228 0.58704 -0.1426 -1.9873 -1.0595 -0.14339 0.17426 -0.088925 -0.69528 1.0506 0.55428 1.1437 0.50694 -0.60919 -0.035166 -0.61729 -1.3222 -1.143 -0.011908 -1.2053 1.0191 -0.29199 1.8949 -0.57857 0.94894
0.64428 -0.0055751 -0.20021 0.78303 -0.54935 -1.4012 -1.0426 -0.73848 -0.43819 0.69008 -0.2525 1.067 -0.15591 0.30138 -1.4587 0.25578 -0.29096 -2.6758 -1.6813 -0.10789 -1.1903 0.5171 -0.4555 1.916 0.37435 1.2686 -0.54128 0.53673 -0.11204 -1.0869 0.067033 -0.33681 0.30027 -1.9661 0.994 -0.13357 0.91046 -1.0221 0.32686
0.85729 -0.36499 -0.21628 0.30603 -0.93261 -1.3835 -0.99958 -0.75916 -0.76254 -0.10095 1.1498 2.3694 0.2592 -0.052894 -0.84282 0.55784 -0.89355 -1.6848 -1.4157 0.37316 -1.7898 1.6929 -1.0003 2.253 -0.073446 1.3647 -1.1277 1.476 -0.184 -1.3071 1.5625 0.40695 0.25349 -1.6447 0.76468 -0.090461 -0.26038 -0.67503 -0.37355
0.88259 -0.63217 0.18366 0.14265 -1.9822 -0.77936 -0.89423 -0.99876 -0.39094 1.072 2.0205 0.47888 0.54165 -0.89026 -0.1995 0.39402 -1.6525 -0.83701 -1.067 0.25082 -2.5702 1.25 -1.1227 1.5383 -0.58288 1.1267 -1.0604 1.8516 -0.26001 -1.0157 2.3286 0.95519 0.11856 -0.36824 -0.024968 -0.25172 -1.4992 -0.40601 -0.90838
0.58046 -0.35137 -0.083644 0.084961 -2.1235 -1.8784 -0.42838 -2.9237 1.2079 0.95345 2.0415 0.39219 0.58448 -1.0737 0.67245 0.19856 -1.9701 0.11929 -0.57078 0.20918 -2.5343 1.2147 -0.5816 0.69977 -0.36398 0.51737 -0.58787 1.5688 -0.58103 -0.20084 1.9701 1.1148 -0.17202 0.88672 -0.84908 -0.54172 -1.9051 0.58648 -1.221
0.19663 0.12253 0.27919 -0.66798 -0.83897 -2.0127 -0.34568 -3.5247 2.1016 0.49647 1.7797 0.51595 0.83492 -1.1376 1.3282 -0.017056 -1.7027 0.93131 -0.23802 0.22879 -1.5768 0.71264 -1.213 -0.52872 -0.33049 -0.015188 0.15562 0.81237 -0.32029 0.61974 1.1953 1.4364 -0.31493 2.2844 -1.1266 -0.71547 -1.3924 1.1367 -1.1421
-0.22612 0.1591 0.078894 -1.4395 -1.2125 -2.0085 -0.98268 -3.9367 0.50277 -0.48413 1.3643 0.57932 0.75243 -1.0129 1.3961 -0.25137 -1.2572 1.2462 0.34703 0.041823 -0.45 0.1296 -2.0936 -0.81343 0.96744 -0.36224 0.53509 -0.11729 0.13501 1.1902 0.099138 1.5412 -0.44963 2.7161 -1.3458 -0.46955 -0.88138 0.64143 -0.87512
-0.052404 0.59415 -0.13022 -1.5147 -0.52655 -1.6673 -0.76503 -3.0096 0.77191 0.0084596 1.262 1.4749 0.39631 -0.64212 0.99207 0.060918 -0.82547 0.91485 1.279 -0.3015 1.1146 -0.64173 -1.8589 -0.69523 1.0368 -0.58251 0.45339 -0.58858 0.78201 1.4778 -0.27438 1.089 -0.36846 2.4308 -0.80297 0.68746 -0.22886 0.092522 -0.74871
0.0038345 1.0152 -0.080318 -1.3061 -0.53335 -1.2086 -0.3858 -2.3319 0.40009 -1.2978 0.691 0.93692 0.27356 -0.34765 0.61267 0.39896 -0.1322 0.3207 1.6801 -0.43843 1.7396 -1.018 -1.2503 -1.1009 0.23115 -0.8436 0.21034 -0.57264 1.2559 1.7851 -0.29414 0.39368 -0.039792 1.7339 -0.62761 1.7303 -0.062928 -1.0599 -0.73708
-0.2042 0.78836 -0.046466 -1.0292 -0.90844 -0.68784 -0.68204 -2.4852 0.92136 -1.4015 1.2618 1.6909 0.21342 -0.64608 0.58906 1.0304 0.56247 0.86415 1.2222 -0.27707 2.358 -0.4455 -0.27102 -0.85644 0.20079 -1.1804 -0.069829 -0.23631 1.0646 1.9294 0.1621 -0.31293 0.31888 0.84786 -0.34382 2.0558 -0.37404 -1.2694 -0.80498
-0.21382 0.689 0.28231 -1.2826 -0.6597 -0.60109 -1.0632 -1.8355 0.544 -1.18 1.0459 1.5234 0.060911 -0.63212 0.4973 1.4664 1.4651 0.70339 1.1453 -0.04107 2.5168 -1.3199 0.59892 -0.8451 -0.79357 -1.4472 -0.068847 0.11587 0.57536 1.6688 0.36389 -0.53173 0.64894 0.44945 -0.63952 1.7619 -0.51486 -1.1125 -0.70887
-0.29363 0.7988 0.70956 -1.1854 -0.50176 -0.086688 -1.2832 -1.4913 -0.34623 -1.0288 -0.48717 0.23389 -0.23351 -0.6344 0.59387 1.3948 2.0688 1.0386 0.93733 0.16609 2.4821 -1.2263 1.3658 -1.6089 -1.0557 -1.7929 0.24568 0.22565 -0.14111 1.1334 -0.16069 -0.40572 0.80495 -0.23575 -0.54401 0.77725 -0.67551 -0.64069 -0.311
-0.98368 1.1836 0.92246 -0.60228 0.36602 -0.94571 -1.0174 -0.2262 0.17715 -0.34288 0.48358 1.5696 -0.98299 -0.4862 0.82916 1.2274 2.3082 0.9392 0.78653 0.68442 2.6098 -2.0048 1.4822 -1.8153 -1.4265 -1.868 0.37606 0.15792 -0.75177 0.1629 -0.47775 -0.35292 0.58459 -0.91914 0.34545 -0.29918 -0.36044 0.54513 0.26611
-0.33374 1.3673 1.1161 0.84225 0.0029611 0.12979 -0.22651 0.472 -1.7381 0.46732 0.080302 -0.095339 -1.3469 -0.27548 0.85235 0.90565 2.3085 0.43643 0.61146 1.0252 1.8268 -1.273 0.83377 -1.8097 -0.80983 -1.5491 0.59418 -0.77121 -0.99163 -0.7073 -0.97902 -0.010368 0.21833 -1.6962 0.92799 -1.0222 0.52906 0.7838 1.3668
-0.62618 1.5252 0.99251 1.1368 0.38286 0.13798 -0.32856 0.30513 -0.56549 -0.077425 -1.9574 -0.047022 -1.7207 -0.12914 0.66752 0.39722 1.6534 0.080864 0.62118 0.74161 0.94652 -0.53627 0.22013 -1.501 0.16652 -1.0581 0.21104 -1.9898 -1.3141 -1.7909 -1.0717 -0.6216 0.03283 -2.2995 1.8003 -0.87279 1.8631 1.2428 2.452
-0.66134 1.521 1.1592 1.0527 -0.084216 0.23704 0.00090095 0.84223 -2.5683 0.34176 -1.0136 -0.054812 -1.752 0.26914 -0.80607 0.075967 1.0371 -0.42625 1.0014 0.59718 -0.19119 0.063899 -0.11972 -0.59681 -0.28411 0.39209 -0.087406 -2.5102 -1.3078 -2.0253 -1.0219 -1.1701 0.3272 -1.9094 1.6469 0.0076779 2.8088 0.6756 2.7176
-0.50967 1.6146 1.2998 1.0171 -0.15771 -0.021647 0.13124 0.22106 -0.69781 -0.49528 -1.8653 0.58819 -1.6031 -0.37843 -2.1572 -0.65643 -0.49135 -0.70291 -0.61989 0.97696 -1.1337 1.2443 0.14654 1.6352 0.81162 1.801 -0.45653 -2.0667 -0.86458 -0.98404 -0.078343 -1.4486 0.52709 -1.0967 0.89307 0.12353 2.4725 -0.16279 1.9919
-0.69755 1.6522 1.035 0.79569 0.024847 0.43653 -0.47309 0.055639 -0.72291 -0.41929 -1.9371 1.1645 -1.6804 -0.31756 -2.548 -0.85514 -0.50341 -1.1486 -1.0499 1.5909 -1.079 1.4214 0.85044 2.7264 0.21585 2.1627 -0.68546 -0.61785 -0.26388 0.21053 0.89972 -1.2685 0.11535 0.30898 -0.32792 -0.49826 0.99038 -0.87322 0.3476
-0.36549 -0.46716 0.99208 1.4322 -0.22932 0.80177 0.32532 -0.30543 -0.27964 0.17747 0.45417 -0.095147 -0.057484 -0.67881 -2.4245 -0.64859 0.53443 0.29165 -1.1786 1.3389 -0.87473 0.73366 -0.049247 2.2135 -0.43924 1.8272 -0.19749 1.0214 0.49759 1.1244 1.4825 -0.26625 -0.73892 1.636 -1.5587 -1.2728 -1.3145 -1.3384 -1.1675
-1.0754 -1.1842 0.19654 -0.20012 -0.88231 -1.5666 1.6688 -1.1932 0.41032 0.87078 2.4648 1.1128 0.92256 -0.84311 -1.8593 -0.38722 0.92369 0.81948 -1.1931 0.66431 0.32104 -0.38182 -1.0719 1.2818 -1.4584 1.0438 0.17876 2.374 0.53208 0.7757 1.7122 0.5696 -1.8384 2.0075 -1.6737 -1.5772 -2.9074 -0.61669 -2.1514
-0.88466 -0.50907 0.48276 0.87972 -1.1175 -0.93996 2.0286 -0.38361 0.68043 1.0657 1.0931 -0.20899 0.065903 -0.48405 -0.54758 -0.015959 0.94551 1.1842 -1.0662 -0.066928 1.5522 -1.2261 -1.5189 -0.46415 -1.0963 0.16351 1.5979 2.2939 0.19936 0.1428 1.2725 2.0806 -2.037 1.6147 -0.94469 -0.60806 -2.9016 -0.28903 -1.6659
-1.3266 -0.42967 1.0336 2.4878 1.3844 -0.73391 0.99732 -0.13709 -2.1125 -1.1988 0.53395 -0.43014 -0.28078 -0.093983 1.059 -0.23662 0.77339 1.721 0.0071558 -1.4725 1.8617 -1.2202 -1.6611 -2.2045 -0.73392 -1.0607 2.2542 0.79527 -0.75874 -0.97977 0.69753 2.6379 -1.3603 0.003602 0.49288 0.57747 -1.4117 0.37254 0.087776
-1.2108 -0.28941 0.90589 1.8219 0.70482 -0.93934 0.063573 1.0503 -0.9646 -2.376 -0.83723 -1.277 -0.60471 1.8677 0.50839 -0.37181 0.87932 2.3055 2.2832 -1.7671 1.6968 -0.88662 -1.0282 -2.3003 -1.4138 -0.25884 1.7704 -1.079 -1.7535 -2.069 -0.27269 2.3794 -0.13345 -1.6731 1.7173 1.6858 0.38158 0.14984 1.8277
-0.79243 0.31118 0.79596 1.4299 0.77328 -0.71732 -0.21499 2.0212 -2.2856 -1.0209 -1.4773 0.22594 -0.60372 2.1045 -0.86666 -1.5353 -0.92429 1.6104 2.2818 -1.2695 0.25898 0.52869 -0.17747 -0.8319 -0.56737 1.4291 0.43548 -2.3164 -1.8529 -2.4521 -0.86722 1.137 0.96057 -2.4748 1.8908 2.0503 1.7008 0.1243 2.701
-0.58856 0.35135 0.10877 1.4955 1.149 0.24157 -1.019 0.93518 -0.78054 -0.69075 -1.2397 -0.6624 -0.81666 1.6538 -1.6552 -2.435 -2.1737 0.71285 2.4417 -0.43153 -1.1035 1.6369 1.1351 -0.30052 -0.9 2.3791 -1.1956 -1.7852 -1.0337 -1.832 -0.81001 -0.40405 1.4325 -2.2057 1.4077 1.314 1.6096 0.3065 1.7928
1.4184 -1.0962 -0.016774 1.4067 1.9479 1.9789 0.1965 0.72862 -0.61935 -0.034921 -0.49082 -1.6805 1.1321 0.80429 -2.3006 -2.4475 -2.4022 0.83982 2.1485 -0.15553 -1.8532 1.632 1.3951 0.50112 -0.7631 2.7303 -1.7019 -0.47738 0.39875 -0.35417 -0.35309 -1.0231 1.2383 -0.72734 -0.15976 0.36771 0.52658 0.35746 0.153
0.31075 -1.8173 -0.80758 -0.041806 1.2498 1.1939 0.11791 -0.37602 0.89348 -0.59683 0.037215 -0.76102 1.8947 0.32072 -2.1982 -1.7233 -1.8956 1.124 1.563 0.63032 -1.8056 1.6273 0.82458 0.5414 -0.71791 2.4852 -1.4454 0.93837 1.4969 0.69499 -0.15977 -1.4327 0.66264 0.58974 -1.229 -0.21476 -0.22594 1.1515 -1.3792
-0.53714 -1.8846 -1.1352 -0.37919 1.9111 1.5855 -0.12433 -1.0273 -0.028371 -0.42712 -1.054 -1.9859 1.9677 -0.35381 -1.513 -1.1898 -1.7458 0.72255 0.72625 0.75492 -0.89133 0.19744 0.69056 -0.08905 0.043189 1.6733 -0.31357 1.7558 1.6498 1.0145 -0.52066 -1.281 0.33373 1.0918 -1.6828 -0.10505 -0.69228 1.3063 -2.1639
-0.44446 -2.194 -1.1017 -1.0096 1.4219 1.2902 -0.71244 -0.30296 0.83932 0.00056732 -0.41535 -1.3425 1.9335 -0.42199 -0.25425 -0.43912 -1.1742 0.46345 0.35834 0.48584 -0.36211 -0.30225 1.0144 -0.47057 1.0123 0.31079 0.42738 1.6808 1.0102 0.71312 -0.94056 -0.96213 -0.060774 0.70827 -1.3061 -0.016046 -0.22287 1.1482 -2.0031
0.25706 -1.6381 -0.55757 0.10475 2.6225 1.6825 1.0926 -0.2923 0.29304 0.31766 -0.61867 -0.70129 1.978 0.59455 0.088501 -0.197 -0.82307 0.16342 0.25255 0.61349 -0.31429 -1.0446 1.0506 -0.46751 1.002 -0.26148 0.75141 1.2265 0.48802 0.72873 -0.7479 -0.28103 -0.12798 -0.012289 -0.41742 -0.27178 0.35925 0.25011 -1.1449
-0.10469 -1.8511 -1.1799 -0.62082 1.9409 1.782 0.34153 -0.24162 -0.88054 0.27708 -1.2034 -1.0787 1.7675 0.62301 0.21849 -0.44752 -0.99449 -0.41598 -0.07614 0.58724 -0.62668 -0.57566 0.57615 0.27214 1.1114 -0.32245 0.32336 0.5397 -0.021508 0.43385 -0.65185 0.035815 -0.2634 -0.16759 0.29229 -0.42683 0.78556 -0.42971 -0.19272
0.78384 -1.6046 -0.60212 -0.59292 2.0845 2.2291 0.7266 -0.34435 -0.22972 1.1806 -0.8681 0.087714 1.8022 0.49383 0.59749 -0.32798 -0.44327 -0.28431 0.39668 0.45233 -0.78169 -0.5611 0.32069 0.34121 0.47705 -0.16427 -0.26439 0.34405 0.071927 0.34154 -0.3055 0.099921 -0.30568 0.14506 0.71255 -0.37981 0.97804 -0.39491 0.17641
0.23104 -1.957 -1.4211 -1.5883 1.2576 1.0742 0.56703 -1.4912 -0.83207 0.35747 -0.87638 -0.26744 1.5688 0.21424 0.5222 -0.40838 -0.5367 -0.57332 0.35781 0.036297 -0.47221 0.10094 0.47475 0.8495 0.37648 -0.093515 -0.20488 0.011573 0.098234 0.15591 -0.24277 -0.0031104 -0.47558 0.69877 0.23435 -0.2531 0.62732 -0.34372 0.10042
-0.20518 -1.6612 -1.5608 -1.6449 1.4575 1.3949 0.45425 -1.5034 -0.069285 0.2217 -0.049625 -0.78233 1.6628 0.30796 0.59273 -0.087671 -0.40145 -0.34805 0.23221 0.27197 -0.088776 0.1741 0.29237 1.3849 0.54189 -0.034422 0.13514 -0.29579 -0.076206 -0.20804 -0.65935 -0.106 -0.51711 1.2025 0.13191 -0.14076 0.68622 0.41231 -0.12787
0.5113 -1.0761 -0.82973 -0.3608 1.92 2.4655 0.64852 -0.68531 -0.23045 0.70391 -0.13424 -0.64678 1.9019 0.33399 0.23993 -0.3927 -0.72055 -0.85281 0.0016629 -0.28866 0.47466 -0.42408 0.039339 1.1322 0.35551 -0.18938 0.74942 -0.30994 -0.12944 -0.15693 -0.95814 -0.039011 -0.33792 1.1109 0.070594 -0.39762 0.46419 0.7127 -0.33166
0.50625 -1.2027 -1.0672 -0.73498 1.8208 2.1786 1.0672 -0.57627 0.069232 1.3254 0.31028 0.011355 1.7605 0.67498 0.16878 -0.46638 -0.75382 -1.4197 0.36952 -0.43661 1.2344 -0.0017097 0.2161 1.7092 1.3006 -0.34954 1.0289 -0.11194 -0.32235 -0.12871 -1.0796 -0.41239 -0.25312 0.64067 0.33505 -0.50188 0.15832 0.49656 -0.50644
0.46104 -1.3539 -1.1902 -1.6962 1.2752 1.7866 0.69812 -0.52861 -0.84512 0.67488 0.88424 0.14069 1.6215 1.3972 0.13722 -0.44282 -0.66505 -1.8911 0.21466 -0.29264 1.1663 0.35265 -0.33228 1.7161 1.4207 -0.5541 0.85088 0.75299 0.39608 0.80598 -0.41765 -0.7516 -0.18528 -0.2503 0.48631 -0.50771 -0.42988 0.22355 -0.82031
0.90742 -1.7287 -1.4933 -2.1895 0.42582 1.4887 -0.19675 -0.30263 -1.2399 0.70751 0.38948 0.21961 1.3792 1.655 0.4265 -0.62429 -0.67968 -1.9177 -0.67744 -0.23502 0.89307 0.52345 -0.57924 1.4596 0.9936 -0.80032 -0.02075 1.5584 1.371 1.8682 0.69102 -1.2387 -0.25797 -1.0426 0.10348 -0.2757 -1.4205 -0.4068 -1.1187
0.54375 -1.5152 -2.0272 -2.2083 -0.38206 1.9339 0.02498 0.22011 0.17466 0.50136 2.3426 1.3645 1.1936 1.3964 1.5507 0.38289 0.78273 -1.4111 -0.94 -0.75905 0.13049 0.37932 -0.63227 0.35042 0.93846 -1.5051 -1.4382 2.0487 2.3786 2.4339 1.5486 -1.1747 -0.20464 -1.4044 -0.54929 0.10186 -1.9549 -0.54282 -1.2366
1.7862 -0.94512 -1.2669 -1.1885 0.069588 2.3804 0.65082 0.22484 0.95252 -0.070215 2.1394 0.61047 1.2182 0.63082 2.4449 1.5249 2.0979 -0.32071 -1.469 -0.72237 -0.40097 0.22013 -0.23088 -0.65885 0.69005 -1.9788 -2.5184 1.5701 2.8552 2.1637 1.8122 -0.77613 0.081604 -1.0553 -0.97459 0.40061 -2.1687 -0.68433 -1.0859
2.173 -0.43114 -1.3315 -1.1756 0.20457 0.98488 0.63776 0.38902 0.098283 0.56794 1.449 0.49304 0.89728 -0.73226 3.0502 2.6514 2.6055 0.30957 -1.6805 -0.45835 -1.0881 -0.6771 -0.33487 -1.4325 0.44433 -2.2923 -3.1701 0.25312 2.0184 0.6182 1.0529 -0.22161 0.47206 -0.098658 -0.8279 0.23922 -1.4758 -0.88044 -0.45728
1.2175 0.68493 -0.47824 0.066083 0.12647 0.61908 -0.84914 -1.0833 -0.37221 0.4262 0.14067 1.4829 -0.54223 -1.9015 2.682 3.2452 2.5506 0.73142 -1.8202 -0.20662 -0.67728 -1.0527 0.051811 -2.3195 -0.17512 -2.4494 -2.573 -1.2097 0.71245 -1.0929 -0.27967 0.7323 0.78407 0.56546 -0.1286 -0.17415 0.20626 -0.79192 0.59064
0.68112 1.0313 0.15432 0.42836 0.70756 -0.12092 -0.66403 -0.88324 -0.85449 0.40904 -0.13538 0.92792 -0.73226 -3.1521 1.914 3.0608 1.7369 0.10245 -1.1952 -0.035916 0.067385 -0.7703 -0.32241 -1.9898 -0.44332 -2.1252 -0.18672 -2.4412 -1.3271 -2.3366 -1.3717 0.90659 0.85425 0.94252 0.71602 0.048956 1.693 -0.85389 1.8702
-0.11784 1.4632 0.70253 0.56846 0.23893 0.23949 -0.24512 -1.3712 -1.6804 -0.034483 -0.51854 1.0664 -1.0752 -2.88 0.692 2.571 0.43437 -0.7573 -0.28084 0.6885 0.19339 -0.0017424 -0.62739 0.090233 -0.50058 -0.93843 2.1871 -2.638 -2.8337 -2.7279 -1.8658 0.44825 0.24205 0.30203 1.153 0.44327 2.2219 -0.77974 2.58
-0.60829 1.1695 0.95247 0.9157 0.6523 0.25764 0.60639 0.31793 -0.20478 0.66174 -0.58152 0.52085 -1.3561 -0.59169 -0.63532 0.66708 -0.81704 -1.6002 -0.6793 0.86038 0.4284 0.36188 0.068627 1.0513 -1.1533 0.49294 3.4663 -1.9907 -3.2627 -2.3033 -1.0607 -0.62483 -0.86035 -0.37019 1.1956 0.68314 1.516 -0.58128 2.4834
-0.75372 1.139 1.333 0.53887 -0.079292 0.70925 0.39889 0.51824 -0.19692 -0.59245 -0.76885 -0.20145 -1.1117 0.81881 -1.1008 -0.5181 -1.4029 -2.028 -1.2018 -0.14635 -0.23043 0.89389 0.72288 0.99353 -1.4298 1.123 2.8299 -0.75194 -2.8348 -1.3017 0.0029544 -1.2547 -1.7567 -1.0804 0.49043 0.3441 0.09351 0.037064 1.558
-0.5044 0.45557 0.98948 -0.83115 -0.99441 0.25657 0.91623 -0.66837 -0.21375 -0.05721 2.4082 0.70467 -0.28455 1.3428 -1.0069 -1.1062 -1.7613 -1.3144 -1.9525 -1.3751 -0.48348 1.3872 0.35734 0.86402 -1.185 1.5432 0.92792 0.39594 -1.2647 -0.17345 1.2401 -0.71932 -1.4402 -1.1669 -0.21723 -0.28721 -0.59885 0.87668 0.36342
1.3124 0.0497 -0.25619 -0.63233 -1.4988 -1.0896 -0.20245 -0.95954 -0.41662 1.0877 0.89752 -0.30063 0.10414 1.3312 -0.56604 -1.5044 -1.5913 -0.8932 -2.0912 -1.792 -1.5821 0.56053 -0.10703 0.41024 -0.43431 1.4876 -0.70283 1.037 0.10178 0.73235 1.9716 0.40888 -0.32779 -0.47106 -0.69541 -1.0102 -0.81144 1.2139 -0.5294
0.95155 0.256 0.023705 -0.84633 -1.2182 -1.5295 -1.112 -1.2949 0.43541 1.3669 0.16297 -1.1309 0.24633 0.84568 -0.14718 -1.0519 -1.059 0.23437 -1.6367 -1.2649 -1.306 0.06775 -0.13684 0.070585 0.10582 1.0054 -1.7794 1.0829 1.013 1.138 1.6305 1.556 0.88507 0.097651 -0.81172 -1.2919 -0.47555 1.3485 -1.0599
0.2167 0.6467 0.22738 -1.2028 -0.39446 -1.6935 -1.9386 -0.79281 1.2565 -0.32555 0.37689 -0.21783 0.36647 -0.22693 0.4531 -0.36408 -0.35475 1.0156 -0.56007 -0.86391 -0.79052 0.055061 -1.1222 -0.34231 0.36704 0.40021 -1.6357 0.64866 1.1172 0.94295 0.77276 1.8543 1.4363 0.55725 -0.49995 -1.016 0.089 1.1406 -1.0488
0.30476 0.56039 -0.19929 -0.93246 -0.66125 -1.5332 -1.1226 -1.8611 -0.045311 -0.17567 0.32805 0.22951 0.29179 -1.145 0.55519 0.10074 -0.20309 0.8889 0.32008 -0.0095922 -0.67455 -0.11105 -1.8008 0.23484 1.1302 0.093207 -0.6851 0.13431 0.56829 0.39163 -0.43581 1.4661 1.2624 0.25697 -0.20206 -0.11942 0.28951 0.73448 -0.68909
0.37191 0.6119 0.42034 -1.2097 -0.24584 -1.0192 -0.45837 -1.4331 -0.68196 -0.28648 0.95129 0.25593 0.31666 -0.67704 0.32251 -0.12105 -0.21649 0.27678 0.55071 0.54254 -0.74267 -0.42443 -1.379 0.54472 1.3468 -0.028975 0.42049 -0.27171 -0.024014 0.028821 -0.93479 0.52181 0.5578 0.34055 0.3241 0.88213 0.19533 0.24093 -0.27588
-0.0090737 0.78954 0.082312 -1.09 -0.19087 -0.86267 -0.81614 -1.7885 0.27847 -0.83132 1.547 0.5718 0.31626 -0.19105 0.17234 -0.17517 -0.3817 -0.23864 0.6707 0.63682 -0.79579 -0.1204 -0.28729 0.27771 1.0839 -0.073276 1.0312 -0.29607 -0.56692 0.073235 -0.74275 -0.43366 -0.41142 0.68727 0.80395 1.2635 -0.29881 -0.64492 -0.09264
0.14398 0.69757 -0.20513 -0.8528 -0.63586 -1.1571 -0.90626 -1.8017 0.098265 -1.0143 0.31321 0.6272 0.25221 0.059923 0.12081 -0.26527 -0.2141 -0.22902 0.28459 -0.029938 -0.022887 0.77369 -0.11899 0.083019 0.85498 -0.029318 1.0167 -0.2989 -0.31777 0.12184 -0.18786 -0.79061 -0.84282 1.2784 0.71061 1.3174 -0.488 -1.1498 0.0032701
0.066179 0.7235 0.045821 -1.4377 -0.71433 -1.0697 -0.69189 -2.172 0.12615 -0.67073 1.027 0.84646 0.26178 0.36923 0.085646 -0.81718 -0.067842 -0.2948 -0.39153 -0.5576 0.38958 1.0452 0.1055 -0.15719 0.04041 -0.073291 0.88923 -0.33995 -0.078689 0.040977 0.29736 -0.52565 -0.63409 1.2777 0.31923 1.2022 -0.278 -1.423 0.10514
0.15953 0.81989 0.020356 -1.7084 -0.6536 -0.68729 -0.65698 -2.098 0.6242 -0.29629 0.75004 1.3752 0.27175 0.89896 -0.20995 -0.35369 -0.14386 -0.057541 -0.45946 -0.58088 1.3112 0.54551 1.0706 -0.27024 -0.49335 -0.014482 0.74398 -0.36382 0.025976 -0.16062 0.47632 -0.058276 -0.077776 0.84282 -0.011623 0.88434 -0.22571 -1.7483 0.17254
0.51446 0.66251 -0.30535 -0.89018 -0.62222 -1.1512 -1.0898 -1.3266 0.9812 -0.43122 0.8234 1.0612 0.28666 1.0121 -0.31674 -0.26587 -0.34218 0.25254 0.018536 -0.37949 1.1823 0.69708 1.5295 -0.12349 -1.1591 0.1262 0.43483 -0.29557 0.26041 -0.36424 0.45142 0.2397 0.42412 0.3163 -0.16884 0.20526 -0.12137 -1.7016 0.17468
0.58588 0.81198 -0.59451 -1.1868 -0.4776 -1.7361 -1.5867 -0.82574 1.1598 -0.55449 0.93482 -0.28253 0.19364 1.095 -0.37819 -0.49252 -0.38855 0.42068 -0.032526 -0.26772 1.3265 0.93314 0.93349 -0.39846 -2.1235 0.20514 -0.15679 -0.038308 0.21208 -0.27954 -0.025298 0.29331 0.6889 -0.35602 -0.4209 -0.53721 0.067695 -0.92745 -0.018947
0.92853 0.36361 -0.056204 -1.3229 -0.42688 -1.3315 -1.5091 0.0019151 0.59521 0.94032 0.59253 0.074265 0.32179 1.0613 -0.39967 -0.28876 -0.64724 0.34124 -0.13558 0.16833 1.0388 0.49559 0.55612 -0.33187 -2.6279 0.15514 -0.66461 0.12993 0.37939 0.53358 -0.47942 0.066046 0.70382 -0.41293 -1.1365 -0.55267 0.3835 0.89353 -0.34412
0.9823 0.38006 -0.31791 -1.7519 -0.42994 -0.6051 -0.88445 -1.2189 1.2732 1.0687 0.26391 -0.67196 0.47859 0.5805 -0.24499 0.032112 -0.53079 -0.1496 0.19165 0.57175 0.64945 -0.25654 0.4279 0.0044273 -1.6688 -0.05643 -1.2007 0.34418 0.3774 1.3136 -0.65203 -0.12803 0.40627 -0.56799 -1.8528 -0.61309 0.89104 2.173 -0.67759
1.0623 0.4469 -0.53145 -2.0009 -0.17084 -1.1337 -0.98568 -0.4465 2.0439 -0.15259 0.53126 -1.7588 0.50155 0.045074 -0.1375 0.13923 0.74738 -0.38917 0.036977 0.65798 0.66963 -1.1638 0.62145 0.52917 0.40472 -0.38469 -1.3676 0.4696 0.24713 1.7628 -0.21213 -0.062917 -0.22287 -0.35267 -1.8492 -0.606 0.93141 2.5593 -0.83585
1.2931 0.39992 -0.34059 -2.0059 -0.35512 -1.3414 -0.57932 -0.39427 1.0698 0.11144 0.42166 -1.9249 0.32851 -0.60333 0.14708 -0.042596 1.4271 -0.4751 -0.36702 0.3333 0.33925 -2.2475 -0.38296 1.1238 0.75189 -0.79648 -1.0481 0.46684 0.18464 1.3875 0.39808 0.49448 -0.38804 -0.17625 -1.3849 -0.14371 0.22316 1.8324 -0.7092
0.89099 0.47709 -0.26288 -1.1239 -1.0541 -1.1228 -0.66064 -0.11072 -0.020067 0.36858 1.1967 -0.62084 0.032423 -0.85897 0.30095 0.18435 1.7473 0.094606 0.022611 -0.15929 0.46737 -2.5114 -0.30782 1.1486 1.3385 -1.0453 -0.61158 0.34902 0.37447 0.27069 0.71265 1.0527 -0.1301 -0.023926 -0.025945 -0.20789 -0.80063 0.83882 -0.39342
0.57772 0.48867 -0.23799 0.18009 -0.77885 -1.5668 -0.78773 0.37026 -1.0759 1.4103 1.6723 1.3657 -0.2875 -0.89442 0.42712 0.33585 1.6238 0.38041 1.1655 0.19416 0.38888 -2.5775 0.56423 0.20172 1.5636 -1.0574 -0.21058 0.22578 0.66979 -0.76002 0.63741 1.2038 0.43295 0.05328 1.5475 0.2078 -1.7164 0.049356 0.040072
0.33009 0.54666 -0.25575 -0.20097 -0.74839 -1.4 -0.93521 -0.45707 -2.4152 -0.19485 1.9641 -0.20065 -0.51255 -0.93648 0.38808 0.60878 1.1638 0.56396 1.3268 0.4713 0.59811 -1.0445 -0.31109 -0.71895 1.6788 -0.98904 -0.041481 0.17747 0.56079 -1.1828 0.15595 0.91469 0.79579 -0.1934 2.26 0.14666 -1.5841 -1.0289 0.30871
0.39108 0.82338 -0.25823 -0.37194 0.26937 -0.31681 -1.1935 -0.4893 -0.92431 0.079699 1.4801 -0.16929 -0.61115 -0.95697 0.53298 0.92121 0.25882 0.52544 1.3318 0.91866 0.38683 0.38787 0.005927 -1.6338 0.65711 -0.7406 0.12304 0.099909 0.3008 -0.71668 -0.014128 0.23792 0.6832 -0.12641 1.9419 0.51777 -0.71129 -1.2305 0.39944
0.47837 0.90541 -0.087822 -0.32321 -0.0035454 0.48666 -0.046262 0.54736 -1.8693 1.2071 0.025085 0.020056 -0.68429 -0.91027 0.58494 0.87679 0.15968 0.32526 1.7262 1.1246 0.07121 0.92113 0.23412 -1.3387 -0.32435 -0.61226 0.274 -0.1355 -0.16979 -0.18262 -0.36135 -0.20344 0.24986 -0.21455 0.52241 0.95372 0.27298 -1.3391 0.495
0.19353 0.69731 0.45253 -0.15217 -0.39024 -0.31298 0.19897 0.70137 -0.18072 -0.59478 -0.35193 1.4798 -0.95077 -0.68866 0.51701 0.73161 0.74886 0.47368 1.4317 1.2823 0.39369 0.66455 1.3099 -1.0042 0.039325 -0.48298 0.34339 -0.58296 -0.61562 -0.07376 -0.55467 -1.0255 -0.52287 -0.47194 -0.46135 0.42531 1.0688 -1.1037 0.70933
-0.37064 1.1708 0.58426 -0.37209 -0.61586 -0.060054 0.42929 0.14454 0.13963 1.2779 -0.48718 0.5024 -0.86412 -0.57519 0.13333 0.40911 0.56502 -0.10842 0.88141 0.81391 0.15377 -0.038498 0.94262 -0.41893 -0.75874 -0.17458 0.6598 -0.90002 -0.73669 -0.79477 -0.50195 -1.5603 -1.258 -0.62186 -0.58498 0.069203 1.1751 -1.1896 1.1032
-0.2859 1.1595 0.26309 0.52273 -0.060714 0.81692 0.33896 -0.26976 -0.8334 1.1472 0.90233 -0.34651 -1.0936 -0.50193 -0.36128 0.079725 -0.08904 -0.33022 -0.24556 0.010774 -0.62764 -0.12289 0.48169 0.24386 -1.3938 0.38865 0.93935 -1.0843 -0.55926 -1.6081 -0.52868 -1.6495 -1.5367 -0.61342 0.15735 -0.83422 0.81169 -1.1344 1.3904
0.0080891 1.1581 0.25675 0.63653 0.52852 0.74426 0.73464 0.35582 -1.5558 1.704 0.25878 -0.20832 -1.0406 0.19865 -0.70348 -0.084636 -0.94799 -0.24325 -0.4785 -0.81336 -0.70135 0.055969 0.75332 0.60495 -2.0506 1.0439 0.90596 -0.92809 -0.22096 -1.7197 -0.43569 -1.4263 -0.93128 -0.35617 1.3742 -1.0171 -0.13769 -0.28759 1.3382
-0.017672 0.74192 0.18406 -0.16725 -0.38622 0.80516 0.051102 0.29082 -0.9809 1.0713 -0.036694 -0.97251 -0.65344 0.63888 -1.1453 0.0018687 -1.5796 -0.4811 -1.1058 -1.0503 -0.44453 0.96939 -0.32942 0.26488 -1.6453 1.5422 0.47306 -0.55151 -0.12093 -1.0475 -0.51763 -0.56258 -0.078301 -0.00052068 1.8602 -1.1715 -0.79533 0.38081 0.83433
-0.27666 0.24056 0.32382 -0.81859 -0.97644 -1.0017 -0.017482 -0.53698 -1.0345 0.94084 0.11645 -0.94501 -0.087869 0.50769 -1.256 0.063943 -1.9884 -0.87516 -1.4704 -0.55796 -0.67157 2.4081 -0.75813 -0.70355 -1.2425 1.7846 -0.057327 -0.044644 -0.38362 0.22267 -0.39292 0.051151 0.89758 0.085327 1.2992 -1.3838 -0.96107 0.87993 0.019731
0.34771 0.20821 0.5338 -1.4205 -0.47414 -0.59953 -1.2017 -0.47123 0.80843 1.1821 0.92226 -1.4995 0.35781 0.20369 -1.1448 -0.20345 -1.5798 -1.0151 -0.84587 -0.26673 -0.64084 2.7486 -1.1832 -0.79956 -1.0488 1.6025 -0.23439 0.44934 -0.77381 1.3065 0.001941 1.0509 1.5006 0.32772 0.061743 -0.79277 -0.47632 1.0444 -0.76987
0.28412 0.07599 0.3902 -1.5838 -0.69788 -0.64602 -0.61239 -0.3324 1.1784 0.88181 0.14449 -1.8241 0.76421 0.30464 -0.79236 -0.65096 -0.52518 -0.73564 -0.50699 0.65018 -0.42397 1.9963 -1.6726 -0.91927 -0.58529 1.0594 -0.33691 0.54655 -0.8742 1.9371 0.25142 1.1821 1.6916 0.53405 -1.5247 -0.3087 0.2201 1.1267 -1.1744
0.18909 -0.17316 0.15778 -1.3457 -0.77971 -0.59436 0.42611 -0.9354 2.4407 0.17821 -0.92519 -1.6272 0.73719 0.30439 -0.51928 -0.99307 0.18803 -0.54584 0.46508 1.4399 0.11216 1.3199 -1.5218 -0.63438 0.12388 0.45903 -0.26822 0.33257 -0.51817 1.7077 0.43525 0.62264 1.3949 0.56858 -2.3256 0.54467 0.81535 0.92658 -1.0867
-0.0027 -0.21106 -0.041633 -1.3152 -1.1188 -0.058828 0.09991 -0.20981 1.9202 -0.0067552 -0.95859 -1.6244 0.7756 -0.16652 -0.5247 -1.0695 0.83524 -0.62178 0.18261 2.0754 0.059107 -0.17574 -1.253 -0.28575 0.43635 0.14637 -0.29188 -0.027915 0.069395 0.81086 0.52088 0.098896 0.56566 0.53008 -2.4598 1.2498 1.2844 0.44827 -0.62791
0.32156 -0.23656 -0.40016 -0.85628 -1.5052 -0.79765 0.87928 -0.63891 1.2295 -1.2617 -0.77421 -1.6937 0.64641 -0.058726 -0.64456 -0.89884 1.008 -0.22814 0.026081 1.8979 0.29619 -1.2018 -0.31997 0.67258 0.29867 0.014697 -0.36853 -0.28765 0.55405 0.015751 0.58734 -0.32289 0.037847 0.3312 -1.9295 1.2937 1.0916 0.1463 -0.1522
0.305 -0.28784 -0.36691 -0.9287 -1.1242 -0.18752 1.557 -0.22342 1.5696 -0.1331 0.18687 -0.67771 0.58461 -0.055142 -0.78632 -0.57362 0.61456 0.11515 -0.092854 1.5945 0.58297 -2.0704 0.23495 1.2315 0.21349 0.10383 -0.55181 -0.3049 0.90722 -0.63789 0.6382 0.27067 -0.35315 0.45105 -0.67936 0.94742 0.54774 0.27723 0.11969
0.035122 -0.45834 -0.34537 -0.43908 -1.0597 -0.49726 1.8086 -0.5098 0.56325 -0.12595 0.2008 -1.411 0.78624 -0.43308 -0.94273 -0.26769 0.32468 0.22398 -0.025688 1.7692 0.5379 -1.9096 0.33197 0.99381 0.50775 0.20114 -0.89906 -0.044071 0.98724 -0.71684 0.41533 0.61831 -0.42974 0.22608 0.42655 -0.019766 -0.2579 0.33763 0.19293
0.19521 -0.85189 -0.4844 -0.40864 -0.91514 -0.62563 2.1944 0.011716 -0.25614 0.51828 0.52798 -1.7291 0.82504 -0.99693 -0.96291 0.20684 -0.049165 0.38891 0.73835 1.4252 0.87378 -1.2855 0.31388 0.76325 0.87036 0.28753 -0.73774 0.46504 0.85654 -0.54247 0.2073 0.5333 -0.66614 0.064087 1.2571 -0.32077 -0.84044 0.27929 -0.071838
0.069141 -1.0679 -0.40453 -0.92585 -0.85411 -0.50079 2.2619 0.090414 -0.7339 -0.054812 0.53388 -1.2676 0.85575 -1.2416 -0.64382 0.44297 -0.03748 0.44027 0.81877 1.1106 0.62108 -0.65791 -0.43543 0.37241 0.63154 0.29556 -0.17683 1.0589 0.72866 -0.24931 -0.016579 0.066264 -1.2963 -0.36374 1.4203 -0.19485 -1.0898 0.075531 -0.45705
-0.46168 -1.1431 -0.38798 -0.8279 -1.2175 -0.16701 2.8947 0.34889 -0.63131 -0.33988 0.29523 -0.58435 0.93772 -1.0091 -0.047865 0.57418 -0.24759 0.40956 0.52732 0.56619 0.67668 0.042382 -0.070069 -0.25308 0.69433 -0.070759 0.77049 1.5261 0.21744 0.27187 -0.16936 -0.6609 -1.9577 -0.85344 1.2867 0.60357 -1.1805 -0.45115 -0.91608
-0.70835 -1.1734 -0.05559 -0.85492 -0.81075 0.5879 3.0031 0.59755 0.12886 -0.49498 0.76272 -0.10352 0.93275 -0.75754 0.62548 0.82778 -0.05765 0.18282 0.21079 -0.45377 -0.11298 0.51932 0.091543 -0.83324 0.72436 -0.47468 1.4761 1.7394 -0.30279 0.62623 -0.2694 -1.0827 -2.433 -1.0247 1.1962 1.6847 -0.88612 -0.76364 -1.2938
-0.88586 -0.85631 0.066519 -0.58329 -0.39647 0.48728 2.9967 0.22132 0.46121 -0.43915 0.72959 -0.70932 1.0094 0.16612 1.3234 0.39819 0.47794 0.19104 -0.24579 -1.8039 -0.52131 0.92886 1.2433 -1.1654 -0.1179 -1.0493 1.2386 1.5655 -0.34551 1.1887 -0.046652 -0.92944 -2.2216 -1.0169 0.38727 1.4638 -0.34932 -0.61853 -1.4399
-0.53339 -0.50171 0.023125 -0.81577 -0.68212 -0.60576 2.2896 0.59178 -0.077323 0.54782 -0.57917 -1.1314 0.50618 0.86864 2.0001 0.0035641 0.79572 0.029277 -0.90602 -2.6922 -0.8962 1.5055 2.3016 -1.0656 -0.53931 -1.6506 0.48482 1.0293 0.072538 1.2446 0.35647 -0.1182 -1.3377 -0.28701 -0.75024 0.34784 0.31958 0.19402 -1.3157
-0.4238 -0.20791 0.30478 -0.67333 -0.97226 -0.37994 1.1444 -0.50306 0.18976 0.3599 -0.75098 -0.3706 0.14021 0.44058 2.2611 0.38405 1.5993 0.39729 -0.72649 -2.8683 -1.0319 0.40034 1.7689 -0.86909 0.044129 -2.1941 -0.50776 0.21696 0.67652 1.0745 0.90569 1.1027 0.22445 0.38298 -1.5569 -1.4701 0.6272 0.98596 -0.68085
0.24186 0.44397 -0.29984 -0.13737 -0.71453 -0.43624 -0.3232 -0.40738 0.99918 1.6327 -0.94579 -1.3476 -0.4492 -0.013081 2.1257 0.96482 1.7624 0.77104 0.22211 -2.659 -0.44846 -0.83394 0.50106 -0.26565 1.0128 -2.3791 -1.0832 -0.47792 0.8953 0.5635 1.2134 1.7476 1.5184 0.99732 -1.9419 -2.3978 0.71086 1.049 0.1772
0.085913 1.1264 -0.2933 0.23015 -1.0338 -0.92721 -0.22869 -0.58282 2.4479 2.5825 -0.47199 -0.99243 -0.96504 -0.32989 1.6732 1.1054 2.0495 1.5747 1.3437 -1.3483 0.049575 -1.2696 -0.88473 -0.18376 1.0851 -1.9628 -0.79322 -0.99613 0.51994 -0.46765 0.77026 1.341 2.0275 1.0418 -1.4113 -2.1951 0.66215 0.34567 1.0561
-0.93687 1.2181 0.86387 1.405 0.34074 0.084101 -0.3243 -0.65711 -0.58664 0.6763 -0.27099 0.20185 -1.5724 -0.73727 1.3753 1.2139 1.6464 1.7908 1.4711 -0.32127 0.62826 -1.8631 -1.2884 0.15441 1.0474 -1.4233 -0.38038 -1.2497 -0.080608 -1.1984 -0.041414 0.35452 1.5564 0.53724 -0.22997 -0.87965 0.47225 -0.40215 1.5857
-0.80567 1.3398 1.1331 0.97213 0.32811 0.62516 -0.68776 0.16351 -1.8893 -0.24066 -0.16647 0.59468 -1.7255 -0.65721 0.7246 1.1731 0.75745 1.3798 1.2677 0.13987 0.58687 -2.1373 -1.8407 0.37816 0.70444 -0.66891 -0.03586 -1.2848 -0.83592 -1.8389 -0.92344 -0.87646 0.52207 -0.01107 1.4508 0.68364 0.34181 -0.52919 1.7723
-0.39128 1.1905 0.71785 1.454 0.9263 1.101 0.53135 0.34384 -1.1254 -0.46499 -1.6069 -0.16096 -1.5787 -0.55293 0.20232 0.79271 0.1085 0.7896 0.95361 -0.19404 0.39666 -0.88856 -0.84739 0.49959 0.36081 -0.022625 0.055239 -1.2656 -1.2806 -1.8074 -0.95714 -1.4769 -0.0993 -0.86064 2.4326 1.346 0.139 -0.41584 1.674
-0.83547 1.6751 0.94561 1.1359 0.69444 0.87051 0.023798 0.057566 -1.3077 0.16435 -0.063424 0.36436 -1.538 -0.49434 -0.20518 -0.14519 -0.70876 0.28893 -0.10638 -0.32817 0.14525 1.4023 0.25065 0.40751 0.32793 0.69285 -0.41964 -0.97305 -0.99962 -1.1836 -0.58715 -1.5484 -0.3096 -1.1912 2.2082 1.0939 -0.012114 -0.039549 1.1545
-0.33377 1.3809 0.65748 0.67637 0.41565 0.43193 -0.45866 0.056644 -1.3225 -0.0085301 0.079857 -0.76342 -1.3258 -0.72407 -0.5878 -0.36702 -1.0873 0.4846 -0.72244 -0.2802 -0.92794 1.6569 0.37027 0.46456 0.36561 1.066 -0.81393 -0.7791 -0.14637 -0.32672 -0.059931 -0.97682 0.30586 -0.74934 1.1771 0.0092631 -0.33143 -0.16299 0.54669
-1.1541 1.27 1.0809 0.8662 0.21337 0.5669 -0.79823 -0.19219 0.67865 1.2464 0.38601 0.40702 -1.2326 -1.3471 -0.74782 0.0050452 -0.91628 0.3969 -0.91449 -0.44211 -1.2114 1.3928 -0.25836 0.3934 0.59674 0.9757 -0.82519 -0.27217 0.8725 0.32698 -0.033557 0.051859 0.83447 -0.16119 -0.051678 -0.58883 -0.74787 -0.48774 -0.17209
-1.4817 0.83963 0.71087 0.39197 1.1089 0.13608 -0.63984 -0.013132 1.0931 0.059621 -0.28273 1.1411 -0.6753 -1.6244 -1.0222 0.46415 -0.4176 0.62086 -0.547 0.50245 -0.47184 1.6813 -0.60978 -0.18684 -0.12979 0.87686 -0.015619 0.34597 1.0331 0.49035 -0.65864 0.52586 0.90233 0.67016 -0.68066 -0.16818 -0.7399 -1.1939 -0.72288
-1.0832 0.66614 0.55786 -0.28963 1.2391 -0.01291 -0.24583 -1.424 -0.1052 -0.18627 -0.15171 0.40124 -0.41504 -1.5626 -0.51257 0.9703 -0.42097 0.15711 -0.09125 1.0062 -0.41336 1.2885 -0.49373 -0.86172 -0.44059 0.47071 1.2036 0.894 0.80484 0.56649 -1.3946 0.57234 0.71595 0.78311 -1.1054 0.7731 -0.39743 -1.1673 -1.0646
-1.9108 0.71613 0.97201 0.76331 1.0472 0.040448 -0.20021 -1.1403 0.57148 -0.7398 -0.54012 0.33158 -0.70013 -0.65147 -0.04566 0.96263 -0.39929 -0.66929 -0.10618 0.86074 0.061666 0.24247 0.10984 -0.48556 -1.5671 -0.03853 1.7192 1.1396 0.26802 0.61983 -1.7488 0.3382 -0.042271 0.49503 -1.2984 0.91004 0.1549 -0.14468 -1.1134
-2.301 0.50371 1.6002 0.67178 1.0482 0.27612 0.789 0.30082 1.6736 -0.055581 0.10907 -0.66762 -0.57012 0.36503 0.4737 1.1684 0.15607 -1.6566 -0.016315 0.86088 0.14404 -0.27602 0.91984 -0.2936 -1.082 -0.5692 1.9713 0.54362 -0.77234 0.49285 -0.94052 0.32139 -0.41158 0.37139 -1.1347 0.6717 0.58359 0.54481 -0.57882
-1.8245 1.0243 1.66 -0.11564 0.16479 0.47654 0.57458 -0.74067 1.2464 0.1718 -1.5901 -0.70389 -0.8684 0.55496 0.66509 0.83746 0.47758 -1.8564 0.077179 0.49932 0.27593 -0.34349 0.5002 -0.11165 -0.12803 -0.6978 1.6113 -0.46949 -1.7261 -0.21947 0.14646 0.26602 -0.44874 0.074158 -0.57906 0.21509 0.56552 0.97739 0.33606
-1.5188 1.1235 1.5252 0.12735 -0.29032 0.034053 -0.037102 -0.14391 0.57971 1.3747 0.077658 -1.1908 -1.1228 1.4394 0.17053 -0.31693 0.081014 -1.0688 0.44591 0.35228 0.25029 -0.87041 0.64267 0.23854 -0.077742 -0.28463 0.70107 -1.3251 -2.1435 -0.79917 1.2894 -0.010043 -0.35332 0.14083 0.10431 -0.45289 0.89403 0.19758 1.1123
-0.65831 1.2789 1.5643 0.70196 -0.54449 -0.079069 0.87873 -0.69117 -0.21262 0.57326 -0.74622 0.33545 -1.2198 1.7569 -0.79674 -1.315 -0.78612 -0.67841 0.1835 0.2041 0.16467 -0.70635 0.65051 0.49647 -0.10766 0.46225 -0.2694 -1.4193 -1.3423 -0.8883 1.8242 -0.19905 -0.27436 0.65018 0.61488 -0.68773 0.59125 -0.4295 1.2075
-1.3256 1.2719 1.428 0.83663 -0.57911 0.28695 0.42494 -0.99383 -0.00080589 -0.51511 -0.25452 0.27264 -1.1995 1.042 -1.3375 -1.5069 -0.74713 0.2517 -0.087439 0.2936 0.49367 0.1424 -0.11301 1.3616 -0.71557 0.96004 -1.3386 -0.74933 0.11313 -0.62028 1.5149 -0.58126 -0.57743 1.2662 0.80259 -0.81625 0.1506 -0.53482 0.71129
-0.73828 0.42635 0.6577 0.53371 0.4554 1.0598 0.72995 0.23464 0.15095 0.73946 -0.040828 -0.84134 -0.69858 0.25352 -1.3034 -0.91569 -0.81418 1.016 -0.042962 -0.023988 1.5016 0.4951 -0.55769 0.63065 -0.70696 0.969 -1.3223 0.35709 1.1648 0.021685 0.95891 -0.59475 -0.85627 1.4205 0.16672 -0.83352 -0.441 0.072069 -0.083875
-0.39053 -0.56165 0.36919 -1.487 -0.2624 0.14486 0.99185 0.28518 0.96041 1.5183 0.30618 -1.3234 0.217 -0.26798 -1.015 -0.3155 -1.0973 1.018 -0.57357 -0.70902 2.203 0.28121 -0.45059 0.5214 -0.89 0.81379 -0.78199 1.2151 1.6479 0.75055 -0.080699 -0.17438 -0.94583 0.56322 -0.62772 -0.93195 -0.94985 0.84242 -0.78032
-0.94882 0.054912 0.51848 -0.39892 0.26759 -0.15082 0.59699 -0.30353 1.2321 -0.17598 1.0905 -1.701 -0.12085 -0.017441 -0.27691 0.13246 -0.57338 0.79604 -0.73248 -1.0429 2.2503 -0.40334 -0.91321 -0.01412 0.10112 0.38525 -0.31092 1.4869 1.3321 1.6281 -0.62884 0.44875 -0.4806 -0.6086 -0.80395 -0.88851 -0.80825 0.82989 -1.0868
-1.2463 0.23429 1.2321 0.093253 0.88786 0.04005 -0.083309 2.2879 0.48697 0.11506 0.087795 -0.76167 -0.4962 -0.26186 0.47435 0.85823 0.56662 0.2067 -0.081343 -1.1292 1.2868 -0.76002 -1.8681 -0.3482 0.56765 -0.21366 0.21885 1.174 0.55099 1.3367 -0.57021 1.0956 -0.13053 -1.3164 -0.40807 -0.047807 -0.61698 0.77173 -0.97671
-1.0513 0.29157 1.2825 -0.57026 0.36892 -0.61014 -0.30137 1.868 -0.2108 -0.40997 -0.17614 -0.51572 -0.34289 -0.32578 0.79772 0.83351 1.4694 0.20551 0.58832 -0.79027 0.70387 -0.71835 -1.6934 -0.6602 0.22601 -0.56164 0.2765 0.56961 -0.23934 0.54029 -0.30821 1.0465 -0.012488 -1.9616 0.43135 1.5032 0.061664 0.012188 -0.66153
-0.85723 0.6073 0.9251 -0.040615 0.52593 0.033484 -0.83223 1.915 -0.52567 -1.0697 -0.1225 0.027118 -0.46955 0.28057 0.69401 0.30194 0.43863 0.21066 0.90579 -1.0924 0.25668 -0.43624 -0.19359 -0.46717 0.59116 -0.54928 0.26955 0.19695 -0.56188 0.064214 0.2479 0.42881 0.15375 -1.9013 0.77584 2.6517 0.59549 -0.265 -0.44323
-0.79391 0.41623 1.3031 0.69911 0.27011 1.1249 -0.2491 1.0966 -0.14073 -1.1457 -0.11641 -1.0431 -0.56809 0.21137 0.70152 -0.0056671 0.52192 0.19867 0.81797 -1.0758 -1.2884 0.38148 1.2739 0.20279 0.089228 -0.68814 0.17578 0.13492 -0.4559 0.09377 0.20155 -0.41903 0.5772 -1.463 0.51252 2.0944 0.33292 0.071203 -0.36565
-1.1226 0.4968 1.1827 0.60786 0.22846 0.40902 0.062245 0.94267 0.54787 -0.78109 -0.30555 -1.6158 -0.55185 -0.043151 0.89669 0.29662 1.1595 0.69129 0.64231 -0.65946 -1.6461 0.38435 2.0103 0.53329 0.072536 -0.97928 -0.031733 0.27338 -0.36255 0.42773 0.17504 -0.99645 1.1653 -0.42875 -0.19255 0.47533 -0.33609 0.38258 -0.31161
-0.68508 1.0774 0.99548 -0.33499 1.1213 0.7416 -1.9304 1.392 0.16684 0.30972 0.28121 0.18502 -1.0435 0.15157 0.95177 0.040581 1.2847 0.35663 -0.096057 0.19029 -1.3674 -0.0058005 1.4324 -0.41582 0.60513 -1.029 0.39975 0.10952 -0.43806 0.16687 -0.13182 -0.90515 1.379 0.66842 -0.9077 -0.83423 -0.75995 0.78176 -0.029329
-1.0762 0.99966 1.3352 0.7081 0.84509 0.5633 -1.6716 0.27487 0.80074 2.1015 0.30157 -0.54622 -1.2986 0.24576 1.0896 -0.35326 0.87288 0.47181 -0.58018 0.67993 -0.5877 -0.64986 0.65897 -0.86143 1.0859 -0.95913 0.7863 -0.97396 -1.0982 -0.32737 -0.66716 -0.79787 1.1419 1.2674 -0.90709 -1.7159 -0.40144 0.097267 0.89463
-1.0066 1.4094 1.5547 1.4707 1.1154 0.37964 -0.63473 -0.5313 -0.26747 1.0184 0.61077 -0.44136 -1.4782 0.79275 0.8118 -0.44506 0.98107 0.054485 -0.33559 1.0989 -0.4326 -1.0606 0.21559 -0.72093 1.1465 -0.7453 0.96582 -1.8765 -1.3815 -0.81235 -0.60608 -0.53909 0.075887 1.6265 -0.72953 -2.0017 0.44265 -0.70357 1.6001
-0.49692 1.4754 0.77231 1.8441 0.39974 0.28864 0.43265 0.40505 -0.51363 -0.5954 -1.7456 0.43816 -1.5542 1.0703 -0.90256 -1.3811 0.68023 -0.44791 -0.79336 1.2435 0.51021 -1.0461 -0.90989 -0.1592 -0.02539 0.57698 0.5094 -2.2595 -1.1865 -1.0995 -0.58933 -0.21477 -0.90875 1.1608 -0.023759 -1.5218 0.69475 -0.74808 1.7628
-0.72526 1.5963 0.87572 0.92558 1.0073 0.21402 0.58704 0.89114 -0.79236 -0.16653 -1.206 -0.071549 -1.5634 1.5023 -1.6507 -1.8622 -0.17925 -0.35554 -1.0399 0.075513 1.4498 -1.3802 -1.8936 0.2152 -0.29412 1.2335 -0.79583 -1.6444 -0.01327 -1.1051 -0.33997 -0.33686 -1.3933 0.32966 0.65369 -0.55271 0.68039 -0.11579 1.2625
-0.07035 1.441 0.80035 1.2462 0.55398 0.20607 0.12603 0.34904 -0.84547 0.89245 -0.25491 0.48073 -1.5249 0.81773 -2.0115 -1.7199 -0.6575 -0.46278 -0.64553 -0.66448 0.87426 -0.531 -1.4201 0.19834 0.26086 1.3894 -1.6348 -0.20288 1.2726 -0.29093 0.040216 -0.046543 -1.3799 -0.9292 1.1596 0.081369 0.1203 0.83359 0.13324
0.1953 -0.88195 -0.45066 0.77563 0.5516 -0.48262 -0.77218 1.9345 -0.99748 -0.27129 0.89999 -0.7176 0.22709 -0.54563 -1.7875 -0.29598 -0.47123 -0.59495 -1.0653 -0.79879 0.069885 0.111 -0.69018 0.59706 0.74316 1.2413 -2.0403 0.86309 1.9931 0.60178 0.48977 0.45237 -0.76975 -1.4708 1.837 0.30465 -0.60738 1.1033 -0.76612
0.28835 -0.3958 -0.075229 1.0307 0.5354 -0.82117 -1.3023 1.6593 -1.8251 -1.2737 0.097486 -1.0095 -0.11455 -0.90753 -1.226 0.067594 0.26494 -0.24908 -0.86986 -1.1435 -0.7186 0.73538 -1.3817 -0.065784 1.1253 0.83305 -1.1486 1.6264 1.8239 0.99612 1.0869 1.1958 -0.021416 -1.4746 1.3606 0.4068 -1.0034 0.67601 -1.3176
-0.58009 -0.09367 0.03356 0.81713 0.35041 0.11553 -0.48953 0.10378 -0.54908 -1.2916 -0.87228 1.218 -0.40981 -1.3798 -0.39286 0.73774 0.50864 0.48701 -0.043258 -1.2555 -0.79249 1.9838 -1.3284 -0.94355 1.4912 0.072963 0.35033 0.86856 0.15008 0.31066 1.2314 2.028 0.59147 -0.86887 0.83306 0.56287 -0.60933 -0.57438 -0.68814
-1.5499 0.036215 1.1955 1.0952 -0.21958 -1.3385 -0.13569 0.6484 -0.062522 -0.46827 -0.73967 1.5206 -0.4479 -0.87614 0.40428 0.9607 0.75723 1.1016 1.1788 -0.46906 -1.7413 1.4959 -0.30867 -1.1793 1.2359 -0.50678 1.502 -0.38763 -1.3533 -0.66213 0.83432 1.7662 0.91235 0.043503 -0.0382 0.67572 0.53208 -2.4848 0.57599
-0.87281 0.091562 0.55651 1.5136 1.1468 -0.61887 -1.8589 -0.17396 0.29255 -1.64 -0.43943 0.8011 -0.49438 0.073969 -0.94161 -0.47675 -0.12604 1.1148 1.8697 0.090345 -1.2128 1.5492 -0.11664 -0.14122 -0.50444 0.61979 2.0386 -1.4093 -2.5362 -1.2919 0.30792 1.2403 0.95268 0.87426 -0.80777 0.29693 1.3898 -3.4445 1.6715
-0.86309 -0.047555 0.79845 1.6955 1.2855 0.37957 -2.3127 0.46304 2.4017 -1.0782 -1.2076 1.5693 -0.79292 1.1109 -1.6974 -1.6925 -0.69022 1.0534 1.6222 0.069243 -0.41571 0.88038 -0.64779 0.70877 -2.952 1.6559 1.2035 -1.4891 -2.0539 -1.4974 -0.27022 0.19514 0.74351 1.7688 -0.93933 0.21497 1.2601 -2.6661 1.903
-0.28371 -0.45252 0.21422 1.5338 1.7648 1.1981 -0.67362 -0.76662 -0.5496 -0.87143 -1.0301 0.13487 -0.24705 1.3552 -2.0454 -2.3747 -1.2467 1.1085 2.1572 0.44391 0.35543 0.54919 -0.59011 1.1448 -3.4405 2.1572 0.15187 -0.19708 -0.29411 -0.67989 -0.26742 -0.64205 0.4557 1.6372 -1.2579 0.50791 0.47203 -0.45706 0.93959
-0.023405 -1.801 -0.75981 0.11354 1.0931 1.436 -0.24563 -0.19663 1.0257 -1.5544 0.041394 -1.3583 1.0641 0.68164 -1.9001 -1.6848 -1.5553 0.5829 1.4176 0.8929 1.1351 -0.031963 0.32991 0.92919 -2.7397 2.3272 -0.61773 0.78603 1.269 0.27624 -0.25092 -1.1292 0.1754 1.5074 -1.0138 1.1555 -0.52599 2.1124 -0.34662
-0.087008 -1.7052 -1.0368 0.15709 1.1617 0.74057 -0.64977 0.015452 1.1038 -2.0843 0.40138 -2.5999 1.6278 0.5603 -1.221 -0.99283 -1 0.8336 0.72066 0.62591 1.4002 -0.71373 0.39269 0.79431 -1.5644 2.0671 -0.55271 1.4363 1.895 1.1098 -0.28335 -1.5997 -0.033476 0.84433 -1.2004 1.2544 -1.3586 3.3913 -1.5081
-0.27151 -1.8186 -0.7161 0.16517 1.8257 1.5018 -0.63888 1.4879 1.1734 -1.1592 0.86326 -2.1744 1.5927 0.37001 -0.6067 -0.15795 -0.28818 0.70639 0.13831 0.34971 2.1818 -0.67767 1.1772 -0.2306 0.37848 1.0545 -0.065713 1.415 1.1008 1.1234 -0.4909 -1.4722 0.0699 -0.34707 -0.98188 0.28583 -1.6231 3.1705 -2.0564
-0.28485 -1.6888 -0.49337 0.046513 2.0364 1.4764 -0.99571 1.2408 0.51053 -0.49718 -0.20317 -1.3254 1.6857 0.49176 0.05674 0.18386 0.24217 0.49946 -0.32352 0.6578 1.5809 -1.7223 1.5039 -1.1922 1.8681 -0.046701 0.084802 1.0119 -0.062519 0.36115 -1.0506 -1.4958 0.30902 -1.3646 -0.44144 -0.8301 -1.5578 1.9001 -1.8741
0.081956 -1.3871 -0.20136 0.7753 2.3584 1.5365 -0.57161 1.4703 -0.0086971 -0.64997 -0.2427 -0.36394 1.6468 0.58893 0.169 -0.34217 -0.027878 -0.19909 -0.93169 1.0317 0.32985 -1.6479 0.32037 -1.5672 1.963 -0.49179 0.11177 0.82975 -0.62956 -0.31956 -1.0162 -1.2361 0.15431 -1.469 0.36241 -1.3186 -0.69244 -0.00014775 -1.3158
0.28138 -1.8101 -0.56597 0.58312 1.8997 1.1417 0.44216 2.2374 -1.2318 0.36683 -1.1578 -0.23829 1.338 0.59963 0.32688 -1.0073 -0.44208 -0.74632 -1.6618 0.93096 -0.49304 -1.176 -0.90442 -1.8857 1.4804 -0.69118 -0.24766 0.79588 -0.48577 -0.69889 -0.93058 -0.93664 -0.4951 -0.62404 1.7523 -0.41524 0.41691 -1.1155 -0.92975
0.36952 -1.7701 -0.96835 0.084199 1.3225 0.53378 0.46993 1.6087 -1.0515 -0.33797 -1.2354 0.16332 1.1532 0.51427 0.84493 -0.66211 -0.56218 -0.63678 -1.6032 0.54126 0.18375 -0.15374 -0.33847 -1.3588 0.54713 -1.1002 -0.49276 0.97736 0.3268 -0.20072 -0.72002 -0.098623 -1.1401 0.24703 2.5549 1.091 1.3479 -1.0659 -0.74347
0.20246 -1.3925 -1.3426 -0.021188 1.1891 -0.2834 0.42622 0.29568 -0.6852 -2.2543 -1.4108 -0.63108 1.1104 0.068759 1.2406 -0.50406 -0.8336 -1.0819 -1.814 -0.10319 0.36621 1.344 0.95232 -0.36997 0.284 -1.4903 -0.49445 0.67404 1.0105 0.249 -0.51159 0.77176 -1.332 0.49428 2.3317 2.1284 1.6884 -0.51472 -0.41412
0.22975 -1.3028 -1.3726 -0.39716 1.401 -0.16141 0.13729 1.0626 -0.42425 -1.863 -2.2478 0.10955 0.83804 -0.055018 1.5817 -0.018499 -0.22056 -1.4239 -1.0464 -0.78263 0.41386 2.6472 1.5772 0.61666 0.36991 -1.4882 -0.36514 -0.20549 0.69014 0.22833 -0.42191 1.0838 -0.74155 -0.2095 0.87847 2.1653 0.9305 0.017915 0.24879
0.43383 -0.37645 -0.42332 -0.035703 1.7731 0.024151 -0.25535 2.5506 0.269 0.53995 -1.8424 -0.4576 0.22586 -0.028224 1.2469 0.4437 -0.1397 -1.3419 -0.43246 -1.1329 0.41683 2.4943 2.4347 0.8054 0.49792 -1.2711 -0.14696 -1.0844 -0.037397 -0.041905 0.18067 1.3115 0.35234 -1.0354 -0.80134 1.37 -0.16649 0.18846 0.98204
0.13368 -0.28672 -0.89847 -0.23103 0.48001 -0.94708 -0.21632 2.2117 1.9705 1.6657 -0.2815 0.32543 -0.31792 -0.11281 0.44494 0.07567 -0.47553 -1.3223 -0.17735 -0.45644 -0.27203 1.1881 3.2925 0.091625 0.45167 -0.73161 0.162 -1.6631 -1.0447 -0.51171 0.87114 0.99439 1.3519 -1.77 -1.8351 -0.29838 -0.69635 0.055825 1.4583
0.27818 -0.31862 -0.94024 0.37981 -0.28316 0.027164 -0.59953 1.9505 2.6917 1.2656 -0.25994 0.29321 -0.19369 -0.17818 -0.27198 -0.61373 -0.79027 -0.78168 0.3126 0.46874 -1.4293 0.34514 2.8477 -0.44392 0.60124 -0.005404 0.67698 -1.321 -1.487 -0.27027 1.4317 0.75438 1.6363 -1.7243 -1.9987 -2.2069 -0.23384 -0.6544 1.4878
0.30891 -0.60157 -0.73482 -0.50367 0.20812 -0.24197 -1.2311 0.99532 1.7953 1.0112 -0.84291 0.42908 0.010537 0.31019 -0.84853 -1.3167 -0.87955 -0.016301 0.52329 1.2054 -2.3206 -0.24988 0.72753 -0.24209 0.4068 0.64175 1.1088 -0.45887 -1.1597 0.12492 1.5117 0.28498 1.1468 -0.68922 -1.6381 -3.0581 0.9019 -1.0502 0.91784
0.02953 -1.0836 -1.478 -0.98987 0.30201 -0.5757 0.44972 -0.011452 -0.1505 2.1662 -2.6676 -0.23312 0.42292 0.99405 -0.64061 -1.4617 -0.45938 0.77793 0.69106 1.4093 -2.1219 -1.1135 -0.81115 0.49003 -0.8346 0.86075 1.3194 0.47078 -0.45345 0.49219 0.74034 -0.086212 0.16224 0.81252 -1.0601 -2.7604 1.7224 -0.95473 0.077895
0.16845 -1.2069 -1.6223 -1.1674 1.074 0.59106 1.0524 0.23034 0.75169 2.9647 -2.5097 1.0863 0.5891 1.326 -0.25306 -1.5287 -0.40551 0.82557 0.1912 1.4406 -1.3482 -1.6268 -1.1392 1.6009 -0.98974 0.57725 1.1278 1.1416 0.52498 0.47977 -0.32478 -0.22046 -1.081 1.7937 -0.2262 -1.8846 1.6446 -0.022634 -0.63158
0.97106 -1.0147 -1.6956 -0.62121 1.1562 0.18834 1.2285 -0.26412 1.4663 0.84935 -0.098921 -0.018077 0.62926 1.7246 0.32919 -1.299 -0.088153 0.23185 0.31203 0.69554 -0.23243 -1.2565 -1.8738 2.3869 -0.66584 0.18229 0.53007 1.186 1.2241 0.10453 -1.3242 -0.46745 -1.6887 1.3611 0.16247 -0.91292 0.48091 0.6836 -0.88243
1.2462 -0.75747 -2.2469 -0.21302 0.63015 -0.024186 0.93525 -0.43546 0.53993 -0.29355 1.2715 -1.4024 0.56763 2.0047 0.85076 -0.47562 -0.14981 -0.37073 0.28421 -0.64776 0.44675 -0.65869 -2.6132 2.3934 0.25151 -0.20363 -0.25819 0.8288 1.9046 -0.2558 -1.5029 -0.20082 -1.7487 0.60138 0.30893 0.45543 -1.3124 1.3264 -0.72402
1.3768 -0.68437 -2.1061 -0.70543 0.63452 -0.016173 0.89743 0.21041 -0.81377 0.3361 1.0814 -0.58464 0.45798 1.6193 1.0767 0.15865 -0.39082 -1.1861 -0.26604 -1.0052 -0.20182 -1.2344 -1.9683 1.1587 -0.090744 -0.40725 -0.89527 0.27596 2.1209 -0.38036 -1.1379 0.021277 -1.2328 -0.16754 0.52805 1.6542 -2.4401 1.6043 -0.43102
1.701 -0.42783 -2.016 -1.179 0.55353 0.17663 0.059078 0.59922 -0.62379 -0.38248 0.77511 0.1149 0.34056 0.89901 0.95808 1.0812 -0.74816 -1.3736 0.089968 -1.291 -0.11713 -0.95679 -0.20063 -0.602 1.3936 -0.48721 -1.2784 -0.23197 1.3675 0.10663 -0.61314 0.31239 -0.29657 -0.46446 1.1471 1.9635 -1.9908 1.3697 -0.081511
1.9522 -0.19495 -1.7735 -1.2384 0.16151 0.30234 -0.20517 0.51921 0.0016538 -0.60196 0.14151 1.0635 0.26341 0.63061 0.80116 1.6403 -0.5216 -1.4682 0.45232 -1.5048 -0.29419 0.049154 0.2515 -1.3735 1.999 -0.48173 -1.1471 -0.64944 0.22138 0.73177 0.23321 0.5094 0.5437 0.018686 1.6359 1.3077 -0.3809 0.66561 0.31872
1.8506 0.056925 -1.4076 -1.1747 -0.36077 -0.065711 0.080514 -1.0436 -0.76379 0.074109 0.10662 -0.36617 0.14201 0.15019 0.54094 1.1817 0.116 -1.4154 0.53631 -0.99624 -0.46478 1.1996 0.23819 -0.62595 1.9657 -0.31204 -0.90327 -1.0168 -1.0367 0.83059 1.0629 0.27999 1.0487 0.46657 1.3381 0.14837 1.1663 -0.87019 0.72549
1.7581 -0.011649 -0.76688 -1.2199 -0.48532 0.27369 -0.68719 -0.19326 -0.16282 0.54594 -0.36436 1.4904 0.060242 -0.11462 0.037782 0.49907 0.57528 -0.7125 0.50654 -0.024425 0.01342 1.2482 0.43852 0.37013 0.95112 0.11549 -0.96911 -1.3403 -1.8282 0.27843 1.7372 0.13704 1.1949 0.94678 0.64505 -0.48329 1.4454 -1.4981 0.99803
1.9117 0.06226 -0.91955 -0.85988 -0.94779 0.71692 -1.3424 -0.21661 0.29382 -0.057128 -0.63519 1.3364 -0.0083034 -0.3899 -0.61164 -0.161 0.29091 0.30737 0.61092 0.13466 0.6967 1.3582 -0.027865 1.0747 0.12396 0.5928 -0.88544 -1.368 -1.7664 -0.27682 1.9505 0.16328 1.0975 0.7743 -0.32971 -0.47785 0.55108 -2.0517 0.98841
1.5328 -0.1056 -1.4254 -0.70523 -0.68358 0.64663 -0.20738 0.041046 1.4784 0.23861 0.781 2.3538 0.17134 -0.8815 -1.1938 -0.88751 -0.079474 1.0347 0.6841 0.39593 1.0858 1.3804 -0.63504 0.92898 -0.14987 0.95926 -0.74509 -1.0055 -0.84177 -0.46931 1.7099 0.19596 0.68212 0.084443 -1.043 -0.21072 -0.6015 -1.9132 0.70046
1.7854 -0.4182 -1.6693 -0.55046 0.038372 0.64301 0.48882 0.68075 1.0025 0.0014759 1.4307 0.54923 0.67218 -1.0952 -1.4674 -1.2159 -0.090872 1.4883 0.76783 1.0597 0.60304 0.42865 -0.23353 0.31147 -1.6787 1.1413 -0.3567 -0.3536 0.41062 -0.21819 1.0575 0.21767 0.17571 -0.66756 -1.6695 0.15103 -1.5847 -1.656 0.25311
1.4732 -0.93188 -1.6107 -1.2758 0.51605 0.861 -0.33078 0.74332 1.4992 -0.47837 1.2988 0.36998 0.99413 -1.1337 -1.464 -0.44489 -0.13687 2.0085 0.81216 0.92569 0.23764 -0.53985 0.076643 -0.52637 -2.061 1.1726 0.094363 0.38351 1.4752 0.36449 0.45161 0.16557 -0.18868 -0.96487 -1.3715 0.41255 -1.7344 -0.91023 -0.16778
0.73018 -1.2906 -1.8968 -1.3917 0.50167 0.86215 0.11807 0.28945 1.1664 -0.49778 0.40279 0.29901 1.1056 -0.92393 -1.1571 0.33979 -0.1023 1.869 0.97332 0.24189 -0.25697 -1.2942 -0.11202 -1.604 -2.311 0.97252 0.31353 0.82358 1.6109 0.83453 -0.069985 -0.058319 -0.27154 -0.56974 -0.34593 0.049121 -1.258 0.14495 -0.4251
0.88504 -1.4426 -1.8393 -0.84786 0.82054 1.5596 0.73687 0.49331 0.28293 0.64227 -0.52646 -0.56451 1.2 -0.80083 -0.61723 0.92125 0.62071 1.7198 0.90612 0.42823 -0.4768 -0.72398 0.10826 -1.8437 -1.7086 0.73504 0.19231 0.8547 0.81368 0.7648 -0.72817 -0.63098 -0.17016 0.043002 0.67824 -0.56746 -0.45968 0.81846 -0.48909
0.95566 -1.3578 -1.2174 -0.74419 1.4999 1.5738 0.21133 0.11454 -0.20897 0.020826 -0.60584 -0.8085 1.3771 -0.69378 -0.31593 0.92531 1.1254 1.4983 0.60867 0.76156 -0.21517 -0.21939 -0.1851 -1.729 -1.5852 0.56545 -0.049569 0.62831 -0.1765 0.21623 -1.2302 -1.3899 0.094215 0.68208 1.3364 -1.0986 0.4853 1.7806 -0.46681
0.86441 -1.3649 -1.1439 -0.91306 1.5953 1.6386 0.1659 -0.01903 -0.3292 -0.34254 -0.86537 -1.1044 1.4708 -0.90297 -0.2501 0.6904 0.71074 0.7854 -0.23527 0.32732 0.30844 0.40523 -1.0777 -1.435 -0.78533 0.46064 -0.037706 0.34433 -0.98733 -0.58018 -1.9237 -1.9751 0.23618 1.2551 0.80295 -1.1054 1.1387 2.288 -0.51945
0.8875 -1.202 -0.84359 0.16683 2.0734 1.6048 1.0838 0.27168 1.0014 -0.018413 -0.94279 -1.5664 1.6536 -0.97026 -0.13997 0.14899 0.2631 -0.043993 -1.1669 0.497 0.76369 1.052 -1.7912 -0.73388 0.82135 0.23632 0.27293 0.29451 -0.91104 -1.0645 -2.3589 -1.8944 0.34469 1.3201 -0.01706 -0.4483 1.6355 2.5474 -0.58091
0.31102 -1.5755 -1.1752 -0.16233 1.9001 1.4908 0.91162 0.49152 1.3223 -0.80977 -1.5853 -1.4269 1.6081 -0.73826 -0.048573 -0.41695 -0.063622 -1.2318 -2.059 1.0569 1.632 0.39345 -1.3747 0.14769 1.7134 -0.073221 0.896 0.52082 -0.29338 -1.1453 -2.3461 -1.3241 0.36227 0.7094 -1.1676 0.54198 1.6404 1.716 -0.65083
-0.24983 -1.6954 -1.4408 -0.80693 1.0025 0.44241 0.44428 0.88692 1.0492 -1.6326 -2.0108 -0.49097 1.6131 -0.28266 0.14448 -0.11376 -0.53078 -2.0582 -2.1749 1.1161 1.8557 -0.23991 -0.98498 1.044 2.318 -0.25655 1.3511 0.93298 0.96438 -0.99952 -1.6613 -0.36335 -0.22216 -0.23442 -1.5727 1.4504 1.2373 0.015597 -0.63338
0.38443 -1.3928 -1.4543 -0.55858 0.97504 0.13452 1.4426 1.3985 1.3951 -1.6351 -1.0023 0.93335 1.4452 0.38829 0.60247 0.31085 -1.0905 -2.7481 -2.3136 0.77319 1.2322 -1.4722 -0.41333 1.251 1.9292 -0.51391 1.183 1.3438 2.0223 -0.44755 -0.45996 0.78937 -1.3608 -1.4539 -1.1007 1.8772 0.69105 -1.6971 -0.73422
0.52229 -1.2575 -1.4197 -0.77701 0.064949 -0.96283 1.9237 2.3509 -0.42295 -1.2861 0.17494 0.86409 1.2716 0.93528 1.319 1.4771 -1.1424 -2.5006 -1.747 0.19344 0.48158 -1.4176 0.64489 1.4167 0.72022 -0.73137 -0.067742 1.5867 2.2737 0.63807 0.79008 1.6529 -2.2825 -2.3606 -0.32537 1.7972 -0.31795 -2.6931 -1.0522
0.65055 -1.1279 -0.82835 -1.1576 -0.44466 -0.34495 1.9105 2.1416 0.056919 -1.1537 0.54779 1.0896 1.2976 0.81371 1.9359 2.3325 -0.61918 -1.8998 -0.73081 -1.2667 -0.68479 -1.3957 1.5959 1.4812 -0.9619 -1.2143 -1.5105 1.3971 1.8493 1.6997 1.9164 2.2927 -2.4173 -2.4069 0.61234 1.1004 -1.2833 -2.23 -1.2641
1.0012 -0.57024 -0.61779 -1.2455 -0.97521 -1.1143 1.6463 1.2432 -1.1038 -0.69876 -0.27439 0.1263 1.0065 -0.62606 2.5147 2.8607 0.45223 -0.95162 0.26117 -2.5426 -2.0648 -0.97363 1.6332 0.26462 -1.735 -1.8854 -2.4416 0.47477 0.72966 2.0792 2.5803 2.2865 -1.9435 -1.4251 1.0052 -0.051189 -1.5646 -0.71781 -1.0599
0.82569 -0.062318 0.25003 -1.8344 -0.78877 -0.64455 0.39107 1.0132 -0.10733 -0.28165 -0.067252 -0.49111 0.68318 -1.6051 2.6783 2.861 1.3649 0.18854 1.1582 -2.8145 -2.4691 -0.35468 1.2969 -0.92689 -1.4004 -2.3163 -2.6934 -0.97209 -0.32688 1.5408 2.9769 1.894 -0.7038 -0.083158 1.4689 -1.2798 -0.8588 1.0658 -0.075674
0.54708 0.63811 0.59868 -0.97344 -0.8781 -0.38625 -1.5614 0.10728 -0.98172 0.47246 0.85311 -1.2668 -0.080745 -2.3354 1.8543 2.4937 1.8454 1.4517 1.7723 -3.0148 -1.5706 0.25388 0.65444 -0.74222 -0.54433 -2.174 -1.9838 -2.1298 -1.2292 0.21423 2.3843 0.69295 1.4023 1.1225 1.3637 -1.6444 0.14256 1.4072 1.1688
-0.65068 1.4682 1.0621 0.65387 0.015447 0.33971 -1.3544 -0.98991 -0.44373 0.17922 -0.65243 -0.63968 -1.0056 -3.2729 0.40042 1.9464 1.6326 2.6627 2.2115 -2.4656 -1.1011 1.1889 -0.5557 0.14951 0.58399 -1.2047 -1.0777 -2.6075 -1.8592 -1.3571 1.2759 -0.77789 3.2128 1.1197 0.87402 -1.6535 0.78864 0.59965 2.2112
-0.92239 1.3801 1.1363 0.50914 0.067304 0.53532 -1.0598 -0.27953 -0.93918 0.043092 -1.4879 -0.36883 -1.2011 -3.4334 -0.43016 1.1681 0.725 2.4283 1.0885 0.17536 -0.42484 1.2247 -0.82375 0.058955 0.10805 -0.22536 0.14944 -2.1146 -2.0177 -2.2245 -0.30926 -1.708 4.2405 0.58459 -0.055251 -0.75237 0.88129 -0.92822 2.4408
-1.16 0.36612 1.4122 0.33759 1.1988 1.5935 -2.3769 0.58625 0.68235 -0.47177 -0.1193 0.3346 -0.76964 -3.0372 -1.1786 0.27046 -0.67894 2.1714 -0.016304 2.2027 -0.72368 1.0673 -1.3657 0.40361 -0.53278 0.89426 1.402 -0.86767 -1.4668 -1.6399 -1.8802 -1.6839 3.7416 0.13651 -0.93565 0.59185 0.76524 -1.5685 1.5158
-2.2099 -0.3867 1.3023 -0.096399 2.1626 1.2887 -2.1317 -0.61021 1.1793 -1.5063 0.8783 0.40291 0.07646 -2.1861 -1.4108 -0.19929 -1.2649 1.0999 -0.44542 3.375 -0.54762 0.20539 -0.50787 1.0624 -1.8974 1.395 2.2556 0.43072 -0.54861 0.011564 -2.7124 -0.93949 1.8273 0.18047 -1.6247 1.4382 0.21664 -1.1173 0.068708
-2.4377 0.22628 1.3915 -0.94123 1.1473 -0.11459 1.5088 0.097967 0.98461 -0.35617 -0.12812 -1.7563 0.076441 -1.3345 -0.77482 0.063912 -0.51837 -0.31176 -0.30613 3.6335 -0.75462 -0.32135 0.4554 1.3282 -1.626 0.85662 2.7795 1.5158 0.17716 1.7398 -3.1389 -0.37733 -0.51334 1.0984 -1.5788 1.5192 -0.53323 0.30635 -1.4204
-2.4951 -0.039196 0.72831 -0.99461 1.566 -0.37298 1.7769 -1.994 -0.10257 -1.343 0.62487 -1.891 0.46236 -0.15869 0.1901 0.31338 0.66301 -1.5797 -0.59843 3.2257 -0.033397 -1.5962 1.1576 0.08954 -1.6411 -0.068448 2.7314 1.7887 0.31416 2.4554 -1.9288 0.070231 -2.7617 1.4276 -1.0161 -0.036912 -0.89538 2.4163 -2.0522
-2.532 -0.04656 1.0533 -0.31345 1.0091 0.6593 2.9471 -0.80624 -0.59331 0.082529 0.33598 -2.7739 0.23902 1.0351 0.9222 0.32733 1.6866 -2.5641 -0.67453 1.2338 1.2935 -1.4476 0.85845 -0.24028 -0.063231 -1.0486 2.1862 1.4193 0.10455 1.731 -0.40689 -0.04016 -3.8056 1.4786 -0.20185 -0.71212 -1.0408 2.7939 -1.7549
-1.9608 0.16389 1.667 0.26025 -0.16304 1.1218 2.1487 -0.44022 -0.39231 0.55332 1.286 -0.83396 -0.38298 1.627 1.1646 0.22216 2.3333 -1.5067 -0.12253 -1.0884 1.3833 -1.426 -0.82029 -0.067614 2.2073 -1.5203 1.2109 0.70429 -0.41184 0.37621 1.2554 -0.089453 -3.4394 0.18592 0.63302 -0.90806 -0.68671 2.1836 -0.90812
-1.5371 0.4321 1.7496 1.1456 -0.033992 0.30021 1.447 0.71589 -1.4754 0.34003 -0.34325 -1.8339 -0.64463 1.7715 1.4542 0.29555 1.9591 -1.1347 -0.62082 -2.0178 1.5974 -0.8339 -0.04105 -0.82219 2.1035 -1.7238 0.19788 0.088787 -0.88909 -0.96486 2.0428 0.1277 -1.6065 -1.0133 0.80787 -0.19626 -0.79047 0.10826 0.060055
-1.3977 1.0536 1.239 1.2878 -1.0678 -0.77748 0.52797 1.1461 -0.46583 -0.8665 0.26089 -0.068236 -1.1385 1.6851 1.2704 -0.38915 1.2437 0.13718 -0.79822 -2.2043 0.20186 -0.5187 -0.27694 -1.0821 1.6887 -1.4378 -0.17799 -0.98583 -1.2719 -1.7439 1.6038 0.85677 0.35544 -1.6312 1.2966 0.91007 -0.54637 -1.3666 1.009
-1.0014 1.415 1.1523 1.4692 0.55259 0.034128 0.43754 0.36919 -1.81 -2.3635 0.18946 1.0944 -1.4296 1.362 1.0363 -0.92131 0.37891 0.56983 -0.085826 -1.498 -0.20859 -0.13744 0.1515 -1.4202 0.39119 -0.96811 -0.21685 -2.2551 -1.359 -1.5587 1.2071 1.5342 1.1428 -1.2211 1.3864 0.79749 0.2235 -1.5472 1.8981
-0.98169 1.2821 1.2465 1.1841 0.14065 -0.51223 -0.47354 0.0085352 -1.2042 0.70741 -0.78708 -0.55399 -1.4254 1.4991 -0.51839 -1.3942 -0.2218 0.74713 1.2836 -0.60686 -1.0842 1.0501 0.90026 -0.92735 0.26093 0.015945 -0.024466 -2.7655 -0.94622 -0.90442 0.091995 0.75385 0.85918 0.26476 1.2582 0.39112 0.80723 -1.1175 2.238
-0.77448 1.1454 0.96535 1.3177 0.86051 0.31055 0.15467 -0.56164 -1.1359 0.35816 -0.8963 -0.5966 -1.5165 1.4607 -1.9752 -1.5793 -0.29848 0.8983 1.334 -0.45726 -0.282 1.401 0.95801 -0.39181 -0.35223 1.1428 -0.17703 -1.8943 -0.38017 -0.08099 -0.30922 -0.47415 0.19899 1.0226 0.61696 -1.1367 0.74457 0.083366 1.597
-0.51516 1.4606 0.83576 0.89712 -0.13703 0.85575 0.032224 0.36985 -0.67053 0.34615 -1.1945 -0.75688 -1.5315 1.5844 -2.5257 -1.7145 -0.15429 0.1523 -0.035298 -0.94824 0.78885 1.4533 0.080222 0.17507 -0.23569 1.7422 -0.82461 0.029478 0.21579 0.22501 -0.45669 -1.2876 -0.1642 1.1619 -0.63374 -1.513 0.1476 0.47191 0.35298
0.10204 -0.66836 0.032281 1.0359 0.58592 1.5552 0.53497 -0.6883 0.93359 0.44359 -1.0993 -0.33213 -0.3214 0.98844 -1.5926 -1.4241 0.18611 0.2699 -0.35006 -0.90739 0.97245 1.0105 -1.7881 -0.33573 0.78403 1.1935 -0.81129 1.3709 0.23122 -0.30597 -0.55063 -1.257 0.34116 -0.024038 -1.349 -0.57544 0.048239 0.44026 -0.59567
-0.044601 -1.1292 -0.19851 1.1064 0.61667 0.28426 -0.71087 1.158 0.85011 -0.68337 0.37406 0.20077 0.31765 0.21778 -0.65632 -1.0909 -0.036852 0.17849 -0.38546 -0.7081 0.69417 -0.11931 -0.84237 -0.61194 0.62702 0.66562 -0.34054 1.9824 0.054312 -1.1801 -0.72355 -0.63649 0.97099 -1.0531 -1.4357 0.70868 0.32644 0.05955 -0.96747
0.51589 -0.86494 -0.093695 1.3221 0.60325 -0.98637 -1.6244 1.2875 -0.42334 -1.277 -0.12177 -0.013023 0.301 0.65098 -0.28629 -1.4832 -0.9473 -0.17948 -0.94231 0.13471 -0.2816 -0.72964 0.21216 0.13007 0.086318 0.56434 0.61704 1.3518 -0.43386 -1.8624 -1.0653 -0.065708 1.2669 -1.7051 -0.69405 1.3229 0.96658 -0.54797 -0.52635
-0.47975 0.6544 0.20488 1.4632 0.54828 -0.13087 -1.0427 0.53523 0.21781 -1.3886 -2.5818 0.26498 -0.99822 1.1226 0.61639 -1.5869 -1.8525 -1.0224 -0.97967 0.53685 -0.75921 -0.78175 0.48694 0.67275 0.20929 0.23774 1.2339 0.38827 -0.79281 -1.69 -1.0085 0.36896 1.0503 -1.5304 0.3998 0.32831 1.2499 -0.27857 0.052267
-0.60043 0.58382 -0.1736 0.77448 0.7213 1.0744 0.029857 0.11604 -1.5311 0.44048 -1.675 -0.17159 -0.82089 1.66 0.35796 -1.9331 -2.4781 -1.1906 -0.17954 1.0843 -1.8242 -0.15386 0.20432 1.1382 -0.14575 0.42161 1.2255 -0.39642 -0.48189 -0.72373 -0.29801 0.42438 0.22732 -0.56254 1.0202 -0.66146 1.032 0.3098 0.51615
1.099 -0.4746 -1.341 -0.84219 -0.52294 -0.48641 0.78621 -0.53063 -0.50846 1.0335 0.46841 -0.75618 0.30755 1.9673 -0.23763 -2.2517 -2.5133 -1.267 -0.045153 0.98625 -1.6965 0.47103 -0.20589 1.6135 0.15196 0.84401 0.4305 -0.61439 0.28406 0.43797 0.54945 0.19217 -0.63174 0.37443 1.2299 -1.2457 0.21927 0.72594 0.4488
1.4368 -0.48676 -1.5119 -0.9915 -0.5237 -0.49013 0.18336 -0.73183 0.39406 -0.27661 0.8719 0.73424 0.51023 2.4673 -0.62194 -1.9919 -2.0074 -0.63284 -0.57974 0.38816 -0.9735 0.86853 -0.82369 1.9176 0.71973 1.2444 -0.97457 0.17553 1.397 1.4978 1.1195 0.35418 -1.1495 1.3421 0.70438 -0.94606 -0.88442 1.0864 -0.27972
1.3655 -0.36407 -1.5802 -1.2766 -0.40651 -0.27724 -0.11451 -0.90323 0.21062 -1.723 1.2597 -0.29292 0.54095 1.5011 -0.073943 -1.0571 -1.2526 -0.23641 -0.40291 -0.40201 -0.40749 1.3868 -1.5707 0.78162 1.2271 0.68235 -2.0863 0.67514 1.8598 1.7432 1.0691 0.65972 -0.6432 1.3053 0.12451 0.22327 -1.4925 0.86104 -0.86759
1.6289 -0.24835 -1.7694 -1.0232 -0.61379 -0.46067 -0.10049 -0.96952 0.073875 -1.1965 0.10376 0.31764 0.42662 0.10096 0.60931 -0.080689 -0.24262 0.46255 0.69218 -0.5723 0.30945 0.92748 -1.0749 -0.33641 1.4999 -0.01758 -2.3783 0.61987 1.3832 1.2557 0.71478 0.67157 -0.0028858 0.92758 -0.42021 1.3574 -1.4045 0.58672 -0.963
1.7352 0.069008 -1.5806 -0.99592 0.26815 -0.28821 0.21283 -0.61988 0.97784 -0.98897 0.28926 1.1828 0.44364 -0.67851 0.43721 0.053079 -0.059666 0.25624 0.608 0.15601 0.3641 0.72238 0.33844 -0.46632 1.487 -0.15538 -1.6751 0.048456 0.60968 0.49724 0.57963 -0.090394 0.79097 0.51711 -1.0144 1.5523 -0.096214 -0.33658 -0.40708
1.2177 0.014049 -1.4796 -1.4853 -0.19659 0.15804 -0.3761 -0.57746 0.87421 -1.0013 0.46207 1.0897 0.4065 -0.80695 0.30704 -0.12138 -0.20188 0.50583 0.22704 0.11431 0.56169 0.29941 0.94914 -0.47474 1.7574 -0.14731 -0.57801 -0.45564 -0.13759 0.041001 -0.012374 -0.87178 0.87015 -0.10206 -0.92305 0.92812 0.60564 -1.0369 0.052204
1.2781 0.13547 -1.4752 -1.0666 -0.13309 0.39528 -0.21017 -0.077246 1.1242 -0.83828 0.30811 1.4767 0.37808 -1.1206 0.16692 0.034025 -0.32414 0.86532 -0.34511 0.89096 0.53852 -0.48992 0.54156 0.66646 0.38935 -0.01338 0.2759 -0.47684 -0.17788 0.24202 -0.1552 -0.64639 0.47096 -0.13478 -0.82021 0.082538 0.50394 -1.1586 0.09378
0.59138 -0.1253 -1.5943 -1.091 -0.38218 0.0051995 0.69285 -0.64937 1.244 -0.23003 0.33722 2.233 0.33431 -0.74358 -0.13166 -0.30924 -0.035699 0.13532 -0.53094 0.85916 0.013951 -0.45891 0.67715 0.43215 -0.08372 0.018332 0.85683 -0.50304 -0.016927 0.27371 -0.59544 -0.25164 -0.090558 -0.29939 -0.5108 0.0026653 0.13694 -0.9803 0.04248
0.97158 0.082006 -1.905 -1.5907 0.48324 -0.3909 -0.24097 -0.12504 0.11199 -0.50112 0.02919 1.8098 0.34837 -0.21128 -0.26019 -0.16162 0.31707 0.14231 -0.27284 0.76232 0.36201 -0.66782 0.60669 0.19504 0.027918 -0.052763 1.1968 -0.30472 0.0096273 0.26839 -0.55591 0.23238 -0.6984 -0.0028377 -0.30788 0.23987 -0.34463 -0.26192 -0.12307
0.62713 0.09027 -1.4588 -1.3725 0.8597 -1.0056 1.8284 -0.15085 -0.59977 -0.67322 1.8209 0.25486 0.49106 0.30166 -0.44635 -0.050285 -0.0019448 -0.28411 -0.29855 0.0036427 0.033577 -0.70954 0.88624 0.08135 -0.07926 -0.039075 0.83264 0.015276 0.37007 0.19738 -0.1362 0.59363 -0.7141 0.26973 -0.1961 0.46531 -0.23023 0.15489 -0.30043
1.0904 -0.19462 -1.9009 -0.9646 -0.39545 -0.26845 0.66564 -0.84884 1.2433 0.055267 0.45067 1.4167 0.4339 0.543 -0.2627 -0.075673 0.16934 0.00012172 -0.0061675 -0.10519 0.52561 -1.0221 0.88956 0.1198 -0.17013 -0.20882 0.55155 0.12446 0.17921 0.14924 -0.23852 0.75789 -0.84951 0.17457 0.27704 0.38355 -0.22137 0.60833 -0.26407
1.0076 -0.29716 -1.4731 -0.85959 -0.17708 0.41069 0.35909 0.53024 -0.13694 -0.21411 0.31265 1.8012 0.21955 0.39825 -0.10425 0.29888 0.41247 -0.055987 0.49585 -0.16325 0.49272 -0.69671 1.4472 -0.0046597 0.30519 -0.46279 0.064766 0.28954 0.15465 0.19516 0.065641 0.52539 -0.30343 0.29275 0.2181 -0.28764 0.16085 0.2838 -0.19207
1.4254 -0.44854 -1.6255 -1.4339 -0.48299 -0.49157 -0.27369 -0.54228 0.023162 0.75696 0.36808 1.693 0.35444 0.74438 -0.19589 -0.019412 0.39194 -0.43222 0.81066 -0.88861 0.49622 -0.062404 1.0712 -0.2172 1.0472 -0.33137 -0.061331 0.14852 -0.15952 0.0093534 -0.18514 0.0027119 -0.12665 -0.14193 0.49331 -0.67428 0.64445 -0.19173 0.12538
0.99702 -0.10635 -1.8813 -1.0464 0.61117 -0.41894 0.97942 0.49963 -1.2314 0.57613 0.88475 1.4107 0.02868 0.31305 0.071882 0.19536 0.25681 0.060405 0.31999 -0.21702 0.65643 -0.70549 0.1741 0.62197 -0.13603 -0.33228 0.094288 0.050518 -0.41655 0.12595 -0.19076 -0.2256 0.083006 -0.14799 0.41425 -1.1422 0.77032 -0.6796 0.39309
1.2261 0.11589 -1.2687 -0.87112 0.5811 0.2288 0.28443 0.36895 -0.67457 1.3394 0.67117 1.5149 -0.18841 0.46665 -0.069314 -0.3004 0.26122 -0.41522 0.088693 -0.32745 0.15302 0.063414 0.11772 1.2254 -0.36412 -0.028955 0.2489 -0.10581 -0.22634 0.13415 -0.32575 -0.20613 0.06405 -0.39048 0.42496 -0.77129 0.64685 -0.82839 0.52933
1.6845 -0.5253 -1.7668 -0.63089 -0.82573 0.47511 -0.085494 0.084562 0.92222 0.36668 0.99477 2.3741 0.34613 0.70329 -0.073857 -0.28729 0.71527 -0.43251 0.41821 -0.2622 0.36104 0.14997 -0.43704 0.96545 -0.39532 0.13678 0.40118 -0.33539 0.0233 -0.14176 -0.26334 -0.074643 -0.25332 -0.44466 0.32656 -0.19742 0.012428 -0.48331 0.59679
1.1875 -0.098998 -1.5301 -0.81887 -0.20601 0.05016 0.30313 0.51301 -0.86526 -0.15152 1.2968 0.77767 -0.094686 0.9987 -0.32886 -0.1716 0.41586 -0.81511 0.36092 -0.72334 -0.16082 0.4427 -0.22903 1.0352 -0.53175 0.44222 -0.022899 -0.20232 0.68698 -0.52174 0.2967 -0.28479 -0.36469 -0.21271 -0.32175 0.099438 -0.60214 -0.89722 0.33725
1.6548 -0.5102 -2.0115 -0.91399 -0.62392 -0.087079 -0.38808 0.29224 -0.087776 0.72373 2.4182 1.3168 0.36061 0.77549 -0.44408 0.17468 -0.095993 -0.24817 0.039849 -0.52847 -0.10342 -0.17584 -0.090149 0.76793 -1.0594 0.56766 -0.34256 -0.26694 0.88365 -0.55087 0.13541 -0.53723 -0.42201 -0.58337 0.065855 0.54841 -1.307 -0.89101 0.17757
2.0809 -0.23543 -1.8689 -0.18555 -0.16939 0.13537 0.058762 0.30542 -0.2972 0.3142 1.3129 1.1654 0.36225 0.38202 -0.27497 0.67475 -0.33666 0.068248 -0.27628 -0.93254 -0.051863 -0.46131 0.11094 0.044706 -1.8805 0.40091 -0.83691 -0.18512 0.94786 -0.058163 0.098959 -0.62257 -0.18112 -0.55769 0.70882 0.6145 -2.0593 -0.62403 -0.066771
1.9718 -0.45883 -1.6465 -0.62212 -0.41399 0.51033 -0.36425 0.15075 -0.078825 0.71306 2.3153 0.8868 0.49368 0.37743 -0.61537 0.84013 0.032208 -0.61079 -0.30999 -1.0136 -0.89708 0.75551 0.47359 -1.3445 -1.5568 0.50114 -0.98488 -0.31486 0.64354 0.38803 -0.39123 -0.61992 -0.15081 -0.1463 1.659 0.88969 -1.9795 0.17084 -0.11569
1.9288 -0.66969 -0.97254 -1.2705 -0.14723 0.24535 -0.61139 0.19075 -0.58494 0.80201 1.5162 0.21038 0.63466 -0.3422 -0.60102 1.1587 0.23645 -0.44096 -0.6775 -0.84183 -0.91452 1.5259 0.70424 -2.3424 -1.5763 0.35767 -0.92015 -0.28357 0.070181 0.57067 -0.52718 -0.79197 0.18347 0.63934 1.6183 0.79548 -1.5471 0.89184 -0.12031
1.6725 -0.64768 -1.2599 -1.0653 -0.80914 -0.38746 -1.5424 0.24994 -0.32794 -0.016566 0.98436 -0.91651 0.5745 -0.67345 -0.88745 1.0628 0.35702 -0.74968 -0.9677 -0.87262 0.028127 2.4414 1.3885 -2.2995 -0.88922 0.37908 -0.73324 0.11853 -0.49407 0.6821 -0.24509 -0.82714 0.56606 1.6645 0.61264 0.33149 -0.19742 1.2036 -0.23118
1.8072 -0.95423 -1.086 -0.29594 -1.1818 -0.38373 -0.94224 -1.2655 1.1945 1.1498 -0.84292 -0.57855 0.62008 -0.78498 -0.68536 0.68927 0.59044 -0.88159 -1.4913 -0.61498 0.81045 2.2184 1.237 -2.8028 -0.42658 0.24301 -0.17839 0.40639 -0.65942 0.70016 -0.13374 -0.47285 0.88169 1.8081 -0.65172 -0.51961 1.072 1.5557 -0.19944
1.4127 -1.0341 -0.94881 -0.24544 -0.6046 -0.73879 -1.1856 -0.57456 2.6177 1.8391 -0.97684 -0.12207 0.8391 -0.75117 -0.34921 0.21244 1.1582 -0.86368 -1.5156 0.047108 1.6854 1.7494 0.84623 -1.5177 0.28976 0.13012 0.14691 0.72435 -0.25587 0.56604 0.30518 -0.28145 0.89899 1.3102 -2.1384 -1.6201 2.0293 1.2144 -0.22605
1.4612 -1.333 -0.72417 -0.085942 -1.0384 -0.67163 -1.2092 1.3432 3.0838 2.2382 -0.88517 0.27521 0.85456 -0.63677 -0.094609 0.43186 1.1734 -0.64159 -1.3247 0.52097 1.9988 0.46817 -0.11811 -0.38894 0.97123 0.11376 0.27342 0.77991 0.40685 0.53732 0.40814 -0.064776 0.6696 -0.052248 -2.9262 -1.7412 2.3449 0.94629 -0.3369
1.1659 -1.104 -0.89407 -0.56746 -1.4655 -1.6074 -1.4395 1.3443 1.7403 1.6262 -1.7432 -0.31989 0.71974 -0.48497 0.20192 0.74623 1.1462 -0.27761 -1.5986 0.41762 2.1461 -1.3135 -1.2675 0.91025 0.85523 0.02504 0.12459 0.79002 0.80741 0.38489 0.54193 0.26995 0.094589 -1.4826 -2.9251 -1.1924 1.7146 0.72279 -0.51734
1.2295 -0.85707 -1.018 0.5206 -1.3027 -1.7378 -0.4785 2.0884 1.5495 1.0557 -0.069407 0.064851 0.70744 -0.4237 0.53027 1.1379 1.6221 -0.38325 -1.5746 0.58665 0.47479 -2.5898 -1.2864 1.0831 1.1891 -0.33248 0.0028448 0.72195 0.73873 0.40892 0.46969 0.78547 -0.24377 -2.2612 -1.6998 -0.017337 1.1573 0.60096 -0.71628
1.1633 -0.85383 -0.68109 0.71946 -1.5886 -1.7242 -0.60421 1.5195 0.85527 -0.089724 -0.15123 0.62286 0.77292 -0.63601 0.84892 1.2765 1.6675 0.057525 -0.86222 0.2197 -0.61596 -3.0589 -1.0326 1.4818 1.625 -0.61561 -0.17627 0.39592 0.475 -0.12648 0.097392 1.2638 -0.40396 -2.4397 -0.044004 1.0552 0.19311 0.32082 -0.68657
1.3072 -0.86992 -0.060921 1.0287 -0.93206 -2.4219 -0.63977 1.54 -0.18525 0.33626 0.38611 0.66487 0.76264 -0.56261 0.96203 1.4635 1.6924 0.10137 -0.15839 0.13014 -1.2936 -2.3374 -0.3066 1.8544 1.7829 -0.91053 -0.22697 -0.078696 -0.21547 -0.92472 -0.33489 1.1682 -0.32507 -1.355 1.2712 1.2013 -0.51261 -0.45627 -0.33759
0.8668 -0.47864 0.22075 1.6539 -1.3183 -2.5377 -0.53541 0.22863 -0.97812 1.148 0.085754 1.6428 0.25712 -0.74506 0.74151 1.4183 0.86481 -0.33012 0.16132 -0.17305 -2.0121 -1.5246 0.35485 0.96655 1.1855 -0.97444 0.025532 -0.54324 -0.91413 -1.488 -0.96001 0.75584 0.32168 -0.2818 1.9986 0.52727 -1.4787 -0.9237 0.21083
0.65922 -0.23083 0.10059 1.4212 -1.1535 -1.472 -1.2631 1.0064 -1.6999 0.77057 1.0825 1.9791 -0.015446 -0.79161 0.43008 0.6925 0.24781 -0.83647 0.19513 0.1262 -1.6265 -0.58771 0.42947 0.25504 0.45655 -0.7824 0.4534 -0.94575 -1.3495 -1.8672 -0.83675 0.40645 0.68199 1.0038 1.7702 -0.38773 -1.87 -1.0943 0.90249
0.78219 0.069542 0.22216 1.7253 -1.4699 -1.8223 -0.64281 -0.1691 -0.95825 0.82196 1.5882 1.5928 -0.34316 -0.48131 0.070935 0.063837 -0.46499 -1.3308 0.43772 0.89369 -1.0295 0.41409 -0.36309 -0.89558 0.38584 -0.27314 0.89076 -1.0131 -1.3387 -1.5466 -0.1462 0.11341 0.79049 1.7759 1.2585 -0.98756 -1.3516 -1.0323 1.2871
0.55666 -0.36208 0.42195 1.3565 -1.8966 -1.6893 -0.62041 -0.75947 -0.29962 1.0373 0.71702 1.3118 -0.12655 0.12964 -0.51786 -0.22003 -1.224 -1.0169 0.49826 1.0091 0.29379 0.5455 -0.77266 -1.2384 -0.066295 0.45177 1.0139 -0.81971 -0.8822 -1.0485 0.733 0.24603 0.28192 1.9892 0.42685 -0.84745 -0.43982 -0.76321 1.165
0.47747 -0.60585 0.022982 0.94589 -2.3916 -2.087 -0.29354 -0.16869 -0.4329 0.43419 -0.29729 1.0792 0.090931 0.41977 -0.72878 -0.46717 -1.3664 -0.52166 0.23272 1.0208 0.70307 0.65055 -1.0902 -1.1884 -0.67616 0.84787 0.75408 -0.2943 -0.57983 -0.16917 1.4035 0.19011 -0.20675 1.6478 -0.18511 -0.31714 0.88611 -0.65781 0.49059
0.86306 -0.61138 0.063889 0.64107 -2.3517 -1.8242 0.97346 0.27466 -0.015342 0.029026 -1.2533 1.9923 0.39696 0.60887 -0.74375 -0.58422 -1.3143 0.17925 0.77942 0.65301 1.6236 0.231 -0.96786 -0.52666 -0.58854 0.86582 0.11773 0.27394 -0.26886 0.569 1.3343 0.23804 -0.44412 0.56422 -0.18971 0.16557 1.6471 -0.36385 -0.29575
1.0327 -0.91788 -0.0065951 0.115 -2.0324 -1.2738 0.10163 1.3347 -0.96683 0.26258 -0.5175 1.6285 0.69245 0.6541 -0.38311 -0.7667 -0.74786 0.78949 0.66979 0.65802 1.7159 0.18023 -0.94684 0.6906 -0.71492 0.45477 -0.53321 0.6466 0.11053 0.85622 0.78938 0.020009 -0.62628 -0.29945 -0.23979 0.38511 1.2186 -0.25021 -0.81973
1.0358 -0.78296 -0.30993 0.14482 -1.5589 -1.3572 -0.020393 1.1241 -0.23225 -0.66113 0.46678 0.32969 0.72237 0.2216 -0.16894 -0.53825 -0.447 0.91177 0.74591 0.28905 0.95692 0.37957 -0.54305 1.4114 -0.81134 0.098003 -0.94624 0.87716 0.61488 1.0316 -0.03085 -0.39723 -0.28043 -1.0189 -0.12638 0.53034 -0.050002 -0.0081097 -0.96231
1.2138 -0.86602 -0.13492 0.32028 -1.49 -0.83859 0.28077 1.4431 -0.25601 0.11406 0.64288 0.84125 0.527 -0.37011 0.2196 -0.29365 -0.16342 0.6415 0.29016 -0.072974 0.41992 0.066493 -0.55438 0.50445 -1.0982 -0.30822 -1.0247 0.69739 0.97479 0.7855 -0.66568 -0.29832 -0.083758 -0.72791 -0.38965 0.76169 -1.336 0.75192 -0.74982
1.0138 -0.80965 -0.47193 0.52203 -1.3429 -1.4097 0.79441 1.4429 0.10446 -0.3748 1.0734 0.54828 0.3349 -0.61928 0.63242 0.25911 0.36609 0.19479 0.19565 0.45339 0.16736 0.024224 -0.12025 -0.51787 -0.43829 -0.562 -0.6936 0.49583 0.88466 0.56841 -0.74594 -0.17029 0.1469 -0.27037 -0.54324 0.44739 -1.4724 0.94421 -0.48783
0.65812 -0.78795 -0.36415 0.10966 -1.6066 -1.0959 0.4148 1.0064 0.16916 -0.29931 0.94509 0.6347 0.37459 -0.80943 0.5493 0.54485 0.34671 -0.13942 0.36438 0.41483 0.60818 -0.47709 0.35655 -1.2128 0.60189 -0.62319 -0.3553 0.31812 0.83732 0.48226 -0.1731 0.43811 0.27403 -0.24119 -0.45423 0.3574 -0.57993 0.81002 -0.31873
0.55302 -0.29449 -0.070426 0.20881 -1.5539 -1.3803 0.33946 1.2665 -0.70291 -0.7666 -1.2934 0.33747 0.15829 -0.83611 0.6131 0.59487 0.38312 -0.14054 0.37812 0.35806 0.30643 -0.51694 -0.12354 -0.89313 0.23276 -0.65762 -0.47476 0.2111 0.59963 0.59235 0.53288 1.0109 0.17439 -0.4538 -0.37337 0.0026334 0.66713 0.36074 -0.40306
0.59009 -0.14012 0.29797 0.83529 -1.6442 -0.8076 0.82998 1.7422 -0.71228 0.2596 -0.61057 0.77002 0.060497 -0.91924 0.83566 1.0079 0.74818 0.47533 1.0556 0.54881 -0.14561 -0.63806 0.13904 -0.53933 0.18769 -0.85412 -0.66604 0.32438 0.38797 0.73074 1.0505 1.301 0.13094 -1.1326 0.0053077 -0.26021 1.4201 -0.45705 -0.4583
0.36349 -0.45713 0.076519 0.56193 -1.6324 -0.70152 0.69257 2.2522 -0.75637 0.10996 -0.63999 1.6097 -0.082093 -1.4408 0.89058 1.0807 1.2964 0.92028 1.8245 0.7558 -0.39143 -0.69495 -0.041897 0.61342 0.4771 -1.1995 -0.67383 0.419 0.19344 0.22151 1.147 0.86394 -0.50245 -1.4706 0.059003 -0.40195 1.0072 -0.77639 -0.38518
0.38729 -0.22195 0.16132 0.77681 -1.5331 -0.69449 1.0119 1.3028 -0.57954 -0.61304 0.29258 0.5111 -0.32962 -1.734 1.029 0.98435 1.2863 1.365 2.1819 0.49607 -1.3822 -0.36595 -0.24973 1.132 -0.47412 -1.2096 -0.51963 0.34868 0.074752 -0.25049 0.81551 -0.21509 -1.1429 -1.2622 -0.039954 -0.44134 0.21242 -0.87259 -0.094459
-0.15287 0.35843 0.62003 1.3759 -0.50999 0.09826 1.503 0.62614 -0.8549 -0.15304 0.076497 0.53885 -0.72576 -1.6699 1.3162 0.94838 0.53461 1.6363 1.5026 -0.63685 -2.1136 -0.51434 -0.78315 0.47547 -1.0392 -1.1991 0.06913 0.2003 0.15594 -0.79047 0.018972 -1.3799 -1.5688 -0.41523 0.17503 0.069111 -0.92673 -0.53625 0.24488
-1.015 0.393 0.81959 1.8057 -0.68599 1.3462 1.2616 0.78074 -1.384 -0.47266 1.1135 1.4989 -1.1683 -1.7633 1.2878 1.2079 0.64528 1.6973 0.79839 -1.092 -1.8919 -0.80446 -0.42451 0.013403 -0.85256 -1.0244 0.75679 -0.17384 0.069913 -1.072 -1.1336 -2.2251 -1.3739 0.82004 0.26262 0.54786 -1.1574 0.22749 0.45818
-0.86628 0.9135 0.85716 1.726 -0.11578 1.063 0.88908 -0.39894 -1.0581 -0.65942 -0.13076 -0.78543 -1.0892 -1.306 1.1418 1.245 0.098512 0.79212 -0.17513 -1.6625 -0.99248 -0.085248 0.15042 -0.8094 -0.44849 -0.82125 1.4443 -0.46901 -0.49515 -0.92432 -1.3599 -1.8404 -0.55628 1.3469 0.76231 0.72215 -0.82614 0.50291 0.6213
-0.68575 1.0876 0.96162 0.72818 -3.0009e-05 0.18868 -0.78753 -0.6777 -1.4281 -0.80418 -0.15175 -0.088784 -1.2501 -0.5359 0.77993 0.96143 -0.55346 -0.40604 -1.32 -1.803 -0.24418 3.5033e-05 0.36298 -0.70698 -0.33203 -0.52477 1.6834 -0.52267 -1.0761 -0.78095 -1.0446 -0.72851 0.37158 1.4238 0.83216 0.25495 -0.053208 0.94974 0.53333
-1.3899 0.78087 1.2499 1.6992 0.26108 -0.099557 -0.31523 0.011429 -1.9909 -0.41021 -0.24367 0.69882 -1.2791 0.35599 0.66836 0.20732 -0.64087 0.056614 -1.0281 -1.4133 -0.14932 0.74833 0.25738 -0.9287 -0.30226 -0.26712 1.2515 -0.45922 -1.2537 0.047306 -0.037796 0.89232 1.3376 0.68127 0.56657 0.088734 0.31761 0.87344 0.3901
-0.90212 1.301 1.5346 1.1065 -0.85198 -0.51755 -0.76923 0.1565 0.017342 -0.0036646 -0.89475 -0.0088576 -1.4817 0.48334 0.52 -0.15515 -0.48517 0.044126 -0.19519 -0.4421 0.63362 0.59525 0.0052497 -0.018175 0.97972 -0.28582 0.72377 -0.2023 -1.1479 0.46989 0.99988 1.723 1.3941 0.01646 0.43224 0.28584 0.18305 0.30605 0.14733
-0.87531 1.1893 1.4352 0.80225 -1.2497 -0.79187 -0.72933 0.41108 -1.4526 0.20153 -0.13885 0.34013 -1.4421 0.47066 0.38878 -0.38962 0.15113 0.49514 1.0055 0.41655 -0.019772 0.8573 0.47416 -0.44234 0.64596 -0.19559 -0.024603 -0.26687 -0.82241 0.48128 1.1969 1.3081 0.96774 -0.42678 -0.34 0.76039 0.27255 -0.14546 0.050648
-0.38898 1.3314 0.55477 1.0811 0.45882 0.85374 -0.78961 -0.33555 0.18406 -0.77324 -0.72474 0.072405 -1.358 0.72626 0.52899 -0.74775 -0.053047 1.3116 1.0274 0.15769 -0.27215 0.89418 0.80071 -0.52998 -0.20902 -0.27396 -0.38514 -0.25046 -0.21774 0.28625 0.91778 0.23604 0.36889 -0.59473 -0.33276 0.87365 0.089546 -1.1062 0.1321
-0.49225 1.5442 0.84403 0.87021 0.16441 0.47142 0.056819 0.56104 -0.88578 -0.84536 0.17618 1.146 -1.5004 0.18288 0.14943 -0.93389 0.061312 1.7412 0.915 0.28629 -0.57623 -0.12836 1.3718 -0.058874 -0.028436 -0.16908 -0.67155 -0.27259 0.5944 -0.069074 -0.22428 -1.009 0.037166 0.053813 -0.4978 0.53217 0.50401 -1.2076 0.20556
-0.73129 1.2644 0.9907 1.5749 0.51872 1.2575 -0.097491 -0.91033 -0.17709 0.71394 -1.484 0.83655 -1.5109 -0.084994 0.15668 -0.26147 0.10432 1.1991 0.31233 0.39205 -0.31526 0.37655 1.2991 0.0078731 -0.95627 -0.041253 -0.67178 -0.30198 1.012 -0.047811 -1.1017 -1.1926 0.047598 0.3521 -0.17714 -0.13709 0.54676 -1.1675 0.33856
-0.51504 1.6323 0.7137 1.2632 1.2312 0.24416 -0.66753 0.12038 0.079878 1.0815 -1.1489 -0.59611 -1.7553 -0.36067 0.049532 0.41123 -0.063766 0.11848 -0.6045 0.38682 0.11584 0.046436 1.2725 0.40369 -1.4597 0.084636 -0.20788 -0.076616 0.95253 -0.21432 -1.3946 -1.0067 0.015431 0.67784 0.17544 -1.0749 0.54648 -0.89371 0.32059
-0.74618 1.2977 0.50014 0.75013 0.59966 0.39147 -0.39855 -0.63938 -1.1606 1.6713 -0.1001 0.25977 -1.539 -0.23936 -0.002783 0.35502 -0.085983 -0.0085167 -0.53868 0.2163 0.11273 0.43298 0.53552 0.44624 -1.8911 0.24696 0.044107 -0.031033 0.39773 -0.2378 -0.92465 -0.4845 0.014057 0.56868 -0.02683 -1.2797 0.5357 -0.19312 0.23381
-0.75891 1.465 1.1358 1.0889 0.45437 0.17916 0.1284 0.11905 0.033687 0.54234 -0.095018 -1.1641 -1.3122 -0.1274 0.079247 0.42911 -0.25804 -0.3536 -0.62253 0.41695 0.61429 0.23477 -0.47023 0.92884 -1.4024 0.30066 0.16147 0.03854 0.029698 -0.14428 -0.33365 -0.031565 0.058101 0.36097 0.036226 -1.0856 0.34302 0.1607 0.12419
