39 303
-0.58893 0.491 1.4082 1.217 -0.27447 0.62957 -0.45463 0.97353 0.31589 0.52741 -0.71231 0.88728 -1.1395 -0.1881 0.17531 -0.73581 0.19963 0.76044 0.11475 0.44857 -0.075165 -0.89041 -1.7326 -0.03427 -0.56215 0.012183 0.08002 0.10303 -0.12321 -0.17375 0.44536 0.13213 0.041049 0.20568 0.065097 0.23421 0.17029 0.11888 -0.043856
-0.70266 0.63306 0.18821 1.2778 0.0748 1.2711 0.29573 1.3932 -0.70405 -0.58518 -0.48288 0.7468 -1.1399 -0.090088 0.34192 -0.96097 0.081781 1.2643 0.33035 0.52453 0.14741 -0.87952 -1.9035 -0.034566 -0.6918 -0.058896 0.1598 0.060944 0.13929 -0.21045 0.23629 -0.09947 -0.11837 0.28805 0.51802 1.0799 0.52998 0.23845 -0.024198
-0.48743 0.74268 0.69891 1.2337 0.67549 1.0092 -0.31099 1.4112 -1.1419 -1.5746 -1.1041 0.20995 -1.1521 -0.088089 0.26798 -0.83341 -0.068027 1.3815 0.26157 0.47498 0.19405 -0.76072 -1.1211 0.32515 -0.25605 -0.030404 0.1832 -0.08195 0.61441 -0.29402 -0.35577 -0.35366 -0.42977 0.14653 0.72252 1.9715 0.92415 0.2776 0.019981
-1.0168 0.62323 0.77716 1.5905 0.55999 0.38281 0.17542 0.39045 -0.33857 -1.3415 -0.58856 0.1898 -1.1058 0.056982 0.23132 -0.40845 -0.061883 0.90232 -0.14538 0.19992 0.32707 0.074226 0.23978 0.87286 -0.23554 -0.0093696 0.13707 -0.20232 0.72492 -0.35574 -1.0436 -0.37834 -0.52968 -0.28823 0.80934 2.4966 1.152 0.24736 0.084539
-0.52919 0.99817 0.1016 1.1217 1.4699 1.309 0.21707 1.5192 -0.70436 -1.5245 -0.72582 0.11535 -1.2825 0.076291 0.082938 0.15109 -0.28048 0.20272 -0.3185 -0.21026 0.10325 0.066009 1.3211 1.3962 -0.23256 0.023864 0.028451 -0.21815 0.47207 -0.41917 -0.91901 -0.17626 -0.49181 -0.46729 0.59996 1.7072 0.46628 0.22354 0.065184
-0.71151 0.6881 0.37596 1.0234 1.2586 0.97977 0.17052 1.342 -0.80851 -0.21449 0.0333 1.0217 -1.1202 0.081189 0.076161 -0.084305 -0.47957 -0.2688 -0.097755 -0.14189 -0.3641 0.31184 2.0888 1.7751 -0.2061 0.066281 -0.21353 -0.21018 0.30832 -0.15468 -0.35532 0.061857 0.02373 -0.67843 0.49476 0.13479 -0.64142 -0.014855 0.028698
-0.45102 0.82805 0.6304 1.2838 0.54663 0.43569 -0.10703 1.6411 0.38243 0.74833 0.68061 0.21192 -1.1295 -0.045596 -0.040428 -0.097331 -0.64563 0.09517 -0.095304 -0.29192 -0.35712 0.31174 1.5323 0.83204 0.17918 0.049345 -0.23463 -0.083641 -0.02582 0.26108 0.2698 0.28407 0.7225 -0.33234 0.61341 -1.6111 -1.5409 -0.19305 -0.042198
-0.66994 0.71788 0.64201 0.83771 0.36849 0.828 -0.28233 1.1354 -1.4388 0.23708 1.0932 -0.049299 -1.1005 -0.27053 -0.079043 0.30902 -0.17015 0.21825 -0.13627 0.27258 -0.74024 0.9349 0.45426 -0.12773 -0.46677 0.029979 -0.26725 -0.10361 -0.14307 0.64465 0.65816 0.30968 0.87682 0.12141 0.35652 -2.2937 -1.6764 -0.076155 -0.063497
-0.57566 0.88615 0.41338 0.67085 0.58477 0.80841 -0.19419 0.13289 -0.10839 0.96789 1.0827 -0.12588 -1.0675 -0.17494 0.0099021 -0.07442 0.053009 0.47904 0.24493 0.92859 -0.34932 0.97232 -1.1588 -0.7545 -0.48287 -0.033137 -0.14363 -0.072707 -0.23665 0.76318 0.25963 0.037837 0.73105 0.59814 0.21291 -1.512 -0.87734 -0.14992 -0.034337
-1.0977 0.60563 0.25505 0.59626 1.6669 0.57682 -0.019134 0.6567 0.13627 0.034712 -0.371 1.0376 -1.1522 -0.34094 -0.13457 -0.34291 0.37804 0.84046 0.3251 0.88419 -0.14744 0.69213 -1.277 -0.80789 -0.022668 -0.0058571 0.12524 0.0025934 -0.26732 0.32199 -0.41828 -0.71 -0.047309 0.64589 -0.20272 -0.054378 0.096034 0.071378 0.06884
-0.80196 0.87452 0.8468 1.245 1.6575 1.183 0.96927 0.97015 0.85388 -0.83049 -0.84955 -0.78216 -1.2192 -0.27085 -0.14417 -0.19275 0.50929 0.28345 -0.25106 0.76443 0.47186 0.86014 -0.69389 -0.58777 -0.33755 0.0062202 0.50553 0.31627 0.023681 -0.63848 -1.4724 -1.172 -0.84623 -0.6438 -0.4326 1.1583 1.0283 0.19425 0.40537
-0.70538 0.71243 0.18122 1.229 1.0924 1.0398 1.3756 1.238 0.45845 -1.5353 -0.047218 0.28947 -1.1136 0.0092457 -0.0017642 -0.11029 0.20404 -0.54847 -1.2384 0.25287 0.065185 0.5973 0.14998 -0.0020393 -0.39287 0.13444 1.0103 0.35544 0.16028 -1.5715 -1.9256 -1.1933 -1.456 -1.8419 -0.61155 0.86051 1.3537 0.53758 0.83788
-1.072 0.56569 0.073304 1.6082 1.4547 0.80081 0.31451 0.99476 0.29051 -0.15867 0.38304 0.11934 -1.0831 0.57805 0.49256 -0.12741 -1.0574 -1.8118 -1.2038 -0.36016 -1.6874 0.17212 0.56839 0.93749 0.093783 0.62484 1.2203 0.0012045 0.23056 -1.9251 -1.2779 -0.76863 -1.5985 -2.4797 -0.59392 0.15428 1.043 0.75996 1.2538
-1.0422 0.60693 0.47572 1.052 0.58622 0.18411 0.57021 1.332 0.048857 0.043121 0.21667 -0.69698 -1.0904 1.0869 0.16467 -0.057934 -1.7842 -2.009 -1.4697 -1.3048 -2.5736 -0.16484 -0.084471 1.1825 0.83776 1.1892 0.98143 -0.6553 0.048203 -1.8045 -0.36174 -0.25803 -1.0153 -1.7275 -0.1395 -0.58659 0.21463 0.61717 1.4788
-0.50506 0.98288 0.27243 0.65991 0.27323 -1.2264 0.18541 -0.19051 1.424 1.0352 0.28746 -0.11745 -0.8711 1.4271 -0.22958 0.22956 -2.1047 -1.5802 -1.5973 -1.4761 -2.925 0.075045 -0.2162 0.94453 0.56661 1.7297 0.12361 -1.2612 -0.11501 -1.0348 0.56658 0.073966 -0.028252 -0.02605 0.50757 -0.4172 -0.50736 -0.035814 1.3433
0.032317 1.5478 0.25368 -1.1695 -0.93142 0.11201 0.0051777 -2.0425 0.24947 -0.56313 0.78325 1.0774 -0.074633 1.3841 -0.79155 -0.17981 -2.6546 -1.415 -1.5306 -1.1117 -2.6046 0.37697 -0.6322 0.44339 0.6055 2.2367 -0.83326 -1.4729 -0.25889 -0.18729 0.92736 0.87697 1.3602 1.5678 0.76636 0.3581 -0.52712 -1.0858 0.85099
0.80466 0.5047 0.58584 -0.56948 -0.69371 -0.39859 -0.87625 -1.6979 0.23542 -2.0701 1.1485 0.45688 0.52534 0.65825 -1.2403 -0.26138 -2.5622 -0.99181 -1.0296 -0.52266 -1.7312 0.91006 0.018719 0.29554 0.14276 2.5126 -1.4 -1.4875 -0.67695 0.95772 1.1022 1.1883 2.451 2.7104 0.69087 1.3089 -0.30603 -1.6062 0.041847
0.68932 -0.019636 0.34587 -0.97619 -0.1845 -1.2619 -0.81353 -1.8093 0.57284 -0.52799 1.2688 0.60032 1.1234 -0.051805 -1.9114 -0.27525 -1.9074 -0.46037 -0.079548 0.76411 -0.2047 0.9375 0.58081 0.45551 -1.111 2.3257 -1.3542 -0.95366 -0.88079 1.8247 1.2806 1.4465 3.0366 2.9229 0.16806 1.6253 0.037696 -1.6325 -0.75175
0.25055 -0.43564 -0.33616 -2.1733 -0.58555 -1.506 -0.79513 -1.722 1.1421 -0.082097 0.34682 0.2704 1.6931 -0.41573 -2.2767 -0.96387 -0.68477 0.13714 -0.055573 2.1832 1.0095 1.1656 1.93 0.33423 -1.7733 1.7609 -0.55738 -0.3448 -1.1464 2.2363 1.0965 1.414 2.3865 2.3954 -0.76595 0.34934 0.15191 -0.71562 -1.2848
-0.38041 -0.39722 0.29499 -2.4745 -1.0989 -1.1875 0.37994 -1.2557 2.0992 0.7986 0.65385 -0.54155 2.1001 -0.55575 -1.9463 -1.4492 -0.17518 0.57407 0.74184 3.2338 1.5628 0.58767 1.8203 0.5151 -1.6872 1.2639 0.3228 0.28976 -1.1725 2.2754 0.8979 1.1871 0.80271 1.4783 -1.1937 -0.89051 0.22951 0.90857 -1.4516
-0.15626 -1.2159 -0.031434 -1.9218 -0.57016 -0.15046 1.5644 -1.1227 1.9188 0.66283 1.6189 -1.3015 2.1948 -0.10779 -1.8305 -1.7895 0.76108 0.67404 1.2572 2.7182 1.9215 -0.42088 0.16358 0.58783 -0.99173 0.73814 0.96773 0.59361 -0.82122 1.8135 0.45378 0.78212 -1.0737 0.65132 -1.2994 -1.7429 0.15891 2.2514 -1.3799
0.1519 -1.7158 -1.2874 -1.2068 -0.40282 -0.19087 2.694 -0.5483 1.1472 1.1929 1.3953 -1.0584 2.2005 0.38774 -1.6318 -2.0262 1.6323 1.0547 1.5291 1.9936 2.1352 -0.61976 -0.34015 0.80777 0.31397 0.23229 1.2346 0.84127 -0.041236 1.2659 -0.23164 -0.38949 -2.3975 0.097455 -0.9158 -1.1838 -0.23685 2.6227 -1.2706
0.12602 -1.9829 -1.3733 -0.87585 0.64878 -0.11893 2.9765 0.45302 0.85888 0.32514 1.7444 -1.4248 2.3055 0.88686 -1.3996 -2.1851 1.8086 0.78683 1.0441 0.77114 1.9496 -0.78988 -0.55987 0.52415 1.7193 -0.19926 1.0163 1.3734 0.89886 0.24307 -1.0436 -1.1808 -2.8818 -0.57017 -0.47991 -0.096654 -0.44284 1.8349 -1.1428
0.36594 -2.1964 -2.0666 -0.68883 0.16764 -0.066186 1.7671 0.42838 0.13922 -0.6056 1.3484 -0.17727 2.238 1.2099 -0.69405 -1.309 1.672 0.028677 0.10902 -0.31464 1.7239 -1.0296 -0.22968 0.082647 2.1908 -0.54726 0.56339 1.8237 1.9015 -0.60327 -1.5968 -1.4905 -2.8461 -1.2921 -0.44578 0.61611 -0.58682 0.37875 -1.0615
0.47366 -2.2326 -2.4221 -0.32183 0.35135 0.71988 2.1145 0.9896 1.4275 0.23822 1.567 0.67602 2.0536 1.3444 0.099283 -0.45539 1.1957 -0.93564 -0.28006 -1.5606 1.0352 -1.157 -0.051081 0.069422 1.7327 -0.92246 -0.18346 1.9394 2.3781 -1.0719 -1.2288 -1.2536 -2.2119 -1.6421 -0.50664 0.95949 -0.53604 -1.0356 -0.93136
0.99438 -2.3487 -2.279 0.044159 -0.26506 0.22677 1.9932 0.99121 1.0163 0.4932 1.8275 1.3462 1.7609 1.193 0.80526 0.66845 0.80738 -1.3196 -0.64627 -2.2064 0.13015 -1.3098 0.72274 -0.13708 1.0667 -1.3107 -0.97538 1.562 2.0662 -1.387 -0.31281 -0.84934 -1.4855 -1.7209 -0.47603 0.57824 -0.51826 -1.3364 -0.67406
1.7128 -2.0949 -1.6849 0.5328 -0.47907 -0.49954 1.6503 1.1921 -0.45398 0.661 1.5769 0.86543 1.4169 0.56192 1.2397 1.273 0.2314 -1.0343 -0.96441 -2.4559 -0.37999 -1.6436 0.99263 -0.43548 0.22082 -1.4885 -1.6489 1.0146 1.3373 -1.484 0.75466 -0.35492 -0.53289 -1.262 -0.027613 -0.070052 -0.64092 -0.84725 -0.24458
1.7143 -1.3944 -1.9551 0.090365 -1.4001 -0.5861 0.14936 0.88598 -0.81905 0.47906 1.5063 0.43428 1.0056 -0.18218 1.4644 1.6931 -0.44573 -0.5743 -1.1645 -2.6737 -0.84451 -1.7197 0.4873 -0.69844 0.28641 -1.4734 -1.8784 0.31962 0.51346 -1.4152 1.2218 0.28615 0.33129 -0.48048 0.63595 -0.88914 -0.57053 -0.11776 0.21609
1.325 -0.96134 -0.37772 -0.0088291 -0.70998 -0.63274 -0.53525 0.34805 -0.75844 0.95608 1.3568 0.26097 0.57401 -0.98461 1.5406 1.5414 -0.95947 0.18705 -0.69446 -2.342 -0.88257 -1 -0.037669 -0.93154 0.43778 -1.2795 -1.3759 -0.21172 0.14557 -0.76322 1.232 0.9233 1.1856 0.43048 1.0644 -1.1592 -0.33305 0.56525 0.55202
0.74005 -0.89452 -1.0051 -0.44188 -0.8422 -0.78202 -1.1345 0.11769 -1.4047 0.98007 0.68362 0.81902 0.33588 -1.4704 1.2097 1.5095 -1.25 0.50498 -0.2331 -1.6531 -0.54035 -0.36928 -0.5634 -1.0283 0.72766 -1.0268 -0.5437 -0.48634 -0.2964 -0.068346 0.96777 1.2921 1.3494 1.1488 0.96195 -1.2602 0.018527 0.55779 0.72041
0.38681 -0.66491 -0.32933 -0.75738 -0.3395 -0.84276 -0.82388 0.13184 -0.63639 0.81777 0.93315 1.7796 0.17607 -1.3107 0.99233 1.6551 -0.79758 0.88184 0.33221 -0.74919 0.2751 -0.21044 -0.8428 -0.92943 1.1315 -0.72048 0.30924 -0.43066 -0.24134 0.49284 0.74455 1.2739 0.91832 1.259 0.38026 -1.0476 0.30357 -0.16457 0.66054
0.12726 -0.40184 -0.42687 -0.92908 -0.13559 -0.84016 -0.96659 0.15504 -0.87284 0.12604 0.56669 1.4707 0.11189 -1.0121 0.88334 1.1036 -0.65575 1.0024 0.78736 -0.94504 0.74707 -0.2084 -1.6802 -0.64722 1.056 -0.45939 0.77238 0.032451 -0.51423 1.0292 0.50592 0.95371 0.26206 0.70355 -0.071999 -0.64905 0.23178 -1.0187 0.31653
-0.015651 -0.44767 0.28844 -1.1543 -0.38521 -0.71971 -1.0622 0.65076 -1.2857 -0.25292 0.17501 1.1271 -0.02115 -0.64507 0.94604 1.3142 -0.33415 1.4133 1.2257 -0.98165 0.85344 -0.32301 -1.6088 -0.49324 -0.050242 -0.37712 0.61922 0.24871 -0.68708 1.5081 0.092312 0.65438 0.1883 -0.084199 0.14844 0.011175 -0.031363 -1.874 -0.13507
0.049752 0.073681 0.70939 -0.65697 -0.019066 0.13633 -1.1603 1.2351 -1.1244 -0.21008 0.37343 1.9295 -0.043313 -0.38658 1.2854 0.7417 0.44568 1.2341 1.1404 -1.0568 0.49592 -0.44857 -1.4843 -0.76276 -0.70827 -0.62984 0.30639 0.13818 -0.9241 1.772 -0.48522 0.29843 0.76426 -0.59851 0.66699 0.77494 -0.060438 -1.8066 -0.46298
-0.21444 0.078379 0.46477 -1.1109 0.8368 0.24845 -2.4656 0.95673 -1.204 -1.425 0.45523 1.8726 -0.077047 -0.48718 1.2222 0.576 1.4766 0.92874 1.4055 -0.35197 0.231 0.20935 -0.87678 -0.9203 -1.7186 -0.87709 0.025737 -0.30972 -1.2858 1.5881 -1.0582 -0.18398 1.5139 -0.39704 1.2495 1.1949 0.18162 -1.0072 -0.52927
-0.19396 0.33393 0.70205 -1.0045 1.2577 0.55597 -2.0813 0.95143 -1.6682 -0.79488 0.032141 0.46179 -0.23971 -0.52757 0.98274 -0.22861 1.7583 0.2455 1.269 0.16475 -0.087527 0.84906 -0.39985 -0.54115 -1.7077 -1.0398 -0.022131 -0.80009 -0.92835 0.97933 -1.2625 -0.52026 2.215 0.31033 1.2486 1.3883 0.58624 0.19327 -0.22044
-0.14898 1.2276 0.32235 0.19599 0.87977 0.1281 -1.8807 0.513 -1.1337 -1.2992 -0.41008 0.70707 -0.90003 -0.52495 0.55114 -0.57537 1.9842 -0.24424 0.81365 1.2422 0.38174 1.5021 0.36538 -0.22187 -1.5544 -1.1215 0.082748 -0.99187 -0.64418 0.11909 -0.66975 -0.70909 1.9269 0.41969 0.42289 0.62679 0.71998 1.2566 0.17512
-0.73071 0.82707 0.68253 1.3525 0.52478 1.1971 -0.86299 0.81488 -0.35479 -0.83237 -0.86984 -1.3361 -1.0874 -0.40571 0.2167 -0.39182 2.0259 -0.74231 0.44776 2.2994 0.99969 1.3771 0.81168 0.088664 -0.40078 -0.9027 0.04085 -1.1391 0.2041 -0.69757 0.23865 -0.41099 1.0937 0.10649 -0.36724 0.025947 0.23544 1.1561 0.64373
-0.63034 0.62259 -0.13598 0.72356 -0.23373 1.0887 -1.091 0.90223 0.014532 -0.73325 0.15617 0.13912 -1.2446 -0.3941 -0.13452 -0.52254 1.5649 0.052206 0.4677 2.1921 0.47407 0.78698 -0.14313 0.23597 0.13765 -0.63074 0.074155 -0.97764 0.83547 -1.5774 0.60634 -0.37625 -0.25512 -1.0687 -0.96162 -0.28546 -0.011701 1.0379 1.0778
-0.60171 0.64243 -0.071291 1.4583 0.4631 0.94825 0.20331 2.098 0.88993 0.088679 0.41455 0.44637 -1.3486 -0.5157 -0.67178 0.14421 0.65988 0.55446 0.66159 1.7341 0.058556 0.48804 -0.051016 -0.27903 -0.2445 -0.12921 0.10699 -0.63391 1.3345 -1.8088 0.26826 -0.10521 -1.1526 -1.7565 -0.6789 0.054887 -0.54369 0.20848 1.1204
-0.63864 0.50418 0.31484 1.2821 0.24063 0.53758 0.71216 2.1047 -0.30094 -0.5217 0.21132 1.2085 -1.1276 -0.33168 -0.71945 0.73135 -0.28942 0.30431 -0.0074286 1.0322 -1.1859 0.05435 0.24613 -0.046897 0.44107 0.42668 0.13665 0.044614 1.6244 -1.778 -0.59313 -0.21624 -1.4235 -1.5948 -0.039806 0.69098 -0.92705 -0.15622 0.83874
-0.74257 0.60798 -0.12302 1.4862 1.8363 1.2758 0.56756 0.43205 -0.93716 -1.9365 -0.29802 -0.22218 -1.3319 -0.23853 -0.60426 1.485 -0.43722 -0.3516 0.48766 0.69862 -1.5139 0.40942 0.7716 -0.85488 -0.13257 0.58008 0.097963 0.57981 0.95325 -1.4321 -0.86075 -0.31042 -1.2949 -0.75637 0.53186 0.87641 -0.53903 0.27029 0.3893
-1.2265 0.073239 0.96967 1.2846 1.0091 1.5481 0.31048 0.48889 0.40721 -0.75722 -1.3898 -0.93409 -1.0491 -0.27999 -0.094516 1.8507 -1.2192 -0.71104 0.14541 0.019671 -1.7764 0.75429 0.91798 -1.3365 -0.22554 0.52054 -0.034523 0.72265 -0.04523 -1.009 -0.64071 -0.51882 -0.99573 0.55567 0.63797 0.69878 -0.28111 0.80175 -0.0015843
-0.9869 -0.23004 1.4049 0.35475 -0.11261 0.76314 0.31489 -0.77235 0.091744 0.35666 0.31057 0.47116 -0.32381 -0.35968 0.025924 1.3786 -1.5597 -0.69258 -0.0035598 -0.20797 -1.0916 1.1949 1.4697 -0.70976 0.63197 0.52314 0.060387 0.52882 -1.3465 -0.74831 -0.0079116 -0.8372 -0.73137 1.1079 -0.15391 0.2678 0.73549 1.473 -0.15514
-0.68198 0.1425 1.6207 0.53604 -0.80204 1.8241 0.48324 0.26684 1.1862 0.76377 -1.0424 0.52509 -0.73092 -0.33181 0.22555 0.71958 -1.6199 -0.83723 -0.74767 -0.40006 -0.35225 0.92794 1.3857 -0.67329 1.6616 0.45289 0.2175 -0.12614 -2.219 -0.31962 0.41362 -0.98344 -0.48135 0.94218 -0.54163 -0.11359 1.4145 0.83476 0.19622
-1.0831 0.9728 2.2438 -0.2192 0.37492 0.54147 0.4919 0.10158 1.1851 0.37068 -1.7757 0.1678 -0.8517 -0.099554 0.15667 -0.43726 -1.6401 -0.32739 -0.65838 -0.47991 -0.1331 0.025267 1.1334 0.31604 1.865 0.33606 0.46822 -0.52084 -2.1034 -0.15663 0.41004 -1.4214 -0.50177 -0.32003 -0.75875 -0.53143 2.1496 -0.31549 0.85506
-1.3527 0.28768 1.2648 -0.59307 0.42355 0.92406 0.26625 0.1733 0.61743 0.49054 -0.41313 1.724 -0.45096 -0.0093203 -0.38489 -1.3536 -1.7789 -0.084445 -1.3984 -0.76249 -0.47728 0.2762 0.89159 1.0267 0.82657 0.96683 0.82181 -0.68443 -1.3926 0.095085 0.078956 -1.2653 -0.49192 -1.3198 -0.63211 -0.76938 2.6467 -1.2112 1.2907
-1.3272 0.51148 0.81914 -0.45768 0.37253 0.30064 -0.31464 -0.36572 0.56749 0.10869 -1.6701 1.4879 -0.60003 0.33885 -0.58445 -1.4818 -1.7747 -0.26698 -2.3841 -0.98329 -1.6464 0.029127 0.65649 2.8032 0.42471 1.8014 1.0244 -0.074803 0.145 0.52738 -0.27889 -1.0453 -0.47383 -1.5285 -0.38816 -1.043 2.0279 -1.5238 1.0805
-0.98766 -0.15928 0.56909 -1.2266 -0.36914 0.86588 -0.22224 -0.020636 0.31533 1.8532 0.40298 1.7881 -0.25002 0.95615 -0.60571 -1.3317 -1.3754 -0.73156 -2.2932 -1.0864 -2.1104 -0.31556 0.070951 3.4517 -0.028959 2.0373 1.0266 0.67484 1.3278 0.9363 -0.33471 0.092257 -0.41409 -0.9009 -0.85519 -1.4583 0.7731 -1.1419 0.10906
-0.72329 -0.64355 -0.17308 -2.1092 -0.54858 -1.2544 -0.5796 -1.397 1.4625 1.5659 1.5012 0.85152 1.3105 1.2958 0.1319 -0.159 -0.85465 -0.5879 -2.2001 -1.222 -2.2275 -0.43871 -0.57633 3.2203 -0.74116 1.7407 0.64505 1.1192 1.7775 1.3584 -0.069106 1.362 -0.41533 0.33674 -1.0966 -1.9563 -1.5892 -0.80109 -1.0886
-0.33171 0.20311 0.45178 -1.7024 -0.44458 -1.6219 -0.74903 -2.0274 1.1461 0.86915 2.4586 0.88318 1.5598 1.3943 0.43337 0.47637 -0.48551 -0.62035 -1.3118 -1.4348 -1.9065 -1.1719 -1.4725 2.3967 -0.86305 1.1935 0.20476 1.1514 1.5341 1.5093 -0.041691 2.4439 -0.046296 1.5046 -1.2142 -1.7442 -3.1407 -0.13451 -1.9863
0.047031 0.20591 0.40661 -1.8067 -0.2143 -1.7279 -1.0745 -2.3925 -0.17513 -0.23589 2.5859 0.84201 1.4677 1.3033 0.85002 0.94268 0.32465 -0.48458 -0.27636 -1.6031 -1.1191 -1.7015 -2.584 0.13087 -0.75123 0.2701 -0.00020826 0.57351 0.25631 1.3438 -0.17877 2.6869 0.39676 2.2843 -0.75766 -0.80883 -3.4414 0.23263 -2.1406
0.23994 0.63149 1.2292 -1.3274 -0.34053 -1.1975 -1.6753 -2.3504 -0.14314 -0.17415 2.9066 0.89192 1.2383 1.3298 1.0455 0.99284 0.86202 -0.89006 1.4049 -0.99573 0.18127 -2.0751 -2.4982 -1.3417 -0.28786 -0.79178 -0.19666 0.36671 -0.35833 1.3414 -0.02349 1.8252 0.86583 2.6755 0.41954 0.31224 -2.7507 0.20889 -1.85
0.53249 0.5625 1.1149 -1.5143 -1.005 -0.7333 -2.2633 -2.3694 -1.1628 -1.0361 1.3947 0.27336 0.87228 1.3302 0.825 0.079198 0.98865 -0.83568 1.5646 -0.70806 1.0542 -1.4766 -1.6984 -1.857 -0.56068 -1.108 -0.75962 -0.13256 -1.041 1.243 0.69001 0.59011 1.5068 2.4472 1.3977 1.2037 -1.1861 -0.13431 -1.2498
0.72789 0.58514 1.3189 -1.0828 -1.0682 -0.16705 -2.2359 -1.5465 -1.2443 -1.4863 0.61394 0.5856 0.71843 1.0233 1.0832 0.26018 1.6949 -0.51503 1.2487 -0.26662 2.075 -0.44936 -1.2275 -2.1586 -0.53758 -1.4371 -1.6208 -0.54594 -1.1923 1.3965 1.6915 -0.49685 1.7415 1.7101 1.921 1.3585 0.11615 -0.47903 -0.61558
1.2075 1.0635 0.98128 -0.83452 -1.6693 0.18544 -1.3283 -1.3533 -1.1712 -1.8395 0.29387 0.60815 0.39918 0.068289 0.59493 -0.60997 2.2364 0.69317 0.92911 0.85358 2.5689 0.25215 -0.68469 -1.8452 -0.88991 -1.6498 -2.1988 -0.91973 -1.0013 1.0532 1.9428 -0.37246 1.8107 0.85571 1.5881 1.1483 0.48712 -0.46813 -0.24966
1.5318 1.2883 0.1685 -0.38298 -0.92053 -0.18771 -1.9093 -0.83464 -1.0707 -1.1939 0.82354 -0.051633 0.10765 -1.0043 0.20102 -0.86329 2.8538 1.7258 0.77869 1.4861 2.6597 0.86031 -0.14972 -1.0978 -1.0741 -1.6251 -2.1441 -1.3073 -0.77341 0.012754 1.5704 -0.11755 1.3427 -0.088124 0.94581 1.2492 0.76982 0.078363 0.22136
1.1142 1.7568 1.6522 0.85807 -0.63722 -0.27128 -1.7953 0.49487 -0.55596 -1.8728 -0.22532 0.21416 -0.65279 -1.6792 -0.3474 -1.2041 2.3816 1.9297 1.0927 1.8083 2.3761 1.011 0.18264 -1.3873 -1.2215 -1.4615 -1.2229 -1.06 0.050274 -1.1514 0.31145 0.028387 0.82909 -0.75589 0.39878 1.1528 0.97916 0.79413 0.65296
-0.27395 0.78408 -0.0028671 1.5071 0.81136 0.31283 -0.24749 0.74737 -0.073809 -1.1629 0.014484 -0.72665 -1.0219 -2.0262 -0.7372 -0.8635 1.6452 2.0033 0.94579 1.7686 1.9942 1.0454 0.96772 -0.81557 -0.21128 -1.1334 -0.015706 -0.62806 0.57115 -2.1685 -0.90973 -0.19182 0.31065 -1.7036 -0.16828 0.72728 1.1684 1.2547 1.0304
-0.8859 0.59733 0.0052266 2.1311 0.96153 0.61652 -0.22176 0.91518 -0.28678 -1.5707 -0.34957 -0.97001 -1.0454 -1.6573 -0.79488 -0.49704 0.68232 1.158 0.90248 2.2589 1.4571 0.95363 1.1859 0.0090728 0.26629 -0.72316 0.98449 0.20598 1.1732 -2.2775 -1.4112 -0.63988 -0.58663 -1.9057 -0.57109 0.39762 1.3706 1.4884 1.1055
-0.81357 0.37017 -0.42636 1.2623 0.58233 1.5097 0.37834 1.265 0.024658 -1.3107 -1.6183 -0.69029 -1.0254 -1.0416 -0.67843 -0.13421 -0.36073 0.25834 0.51108 1.8322 -0.12408 0.5633 0.89625 0.58228 0.68798 -0.14443 1.3177 0.72645 1.1012 -1.499 -1.2075 -0.88571 -1.2495 -1.6754 -0.82125 0.20421 0.92553 0.6623 0.82824
-0.83189 0.59183 0.1593 1.0617 0.92851 0.60189 0.44232 1.1787 0.27495 0.14499 0.24497 0.95496 -1.1058 -0.36654 -0.020689 0.63473 -0.88396 -0.059972 0.093463 0.66032 -0.19146 0.13097 1.083 0.70097 1.3008 0.028684 1.5595 0.66821 0.087622 -0.8609 -0.58913 -1.1305 -2.0766 -1.3257 -0.66296 0.12781 0.67862 0.108 0.6912
-0.4836 0.61778 0.27494 0.97366 0.51145 0.59059 1.2671 1.5126 0.40798 -0.02604 1.0852 -0.048396 -1.1151 -0.25641 0.14245 0.64002 -0.38155 0.15994 -0.33472 0.20495 -0.37122 -0.1583 1.4831 0.72544 0.59624 -0.022226 1.8926 -0.011559 -1.6043 -0.6232 -0.49249 -0.9242 -2.1241 -0.81965 -0.14519 -0.48858 0.058648 -0.10472 0.90927
-0.95983 0.51636 1.1159 0.80721 0.12842 0.543 0.93105 -0.35435 0.14763 -1.3447 0.10946 0.49748 -0.87574 0.80789 -0.040475 -0.70178 -0.92142 -0.00098932 -0.82621 -0.84608 -0.94537 0.011943 1.1981 1.325 0.53175 0.45686 2.0788 -0.77545 -2.8029 -0.91257 -0.34281 -0.94277 -1.4363 -0.92759 0.048828 -0.88724 -0.064554 -0.077645 1.359
-1.1086 0.71249 0.2707 0.6325 1.2924 0.84677 0.11992 1.1224 -0.22438 0.50676 0.30584 0.71944 -1.0452 1.839 -0.69305 -2.4337 -1.5108 -0.78495 -0.78745 -1.4224 -1.3126 0.34272 -0.13274 0.4037 0.86795 1.274 2.1371 -0.93682 -2.8412 -1.222 -0.44556 -0.80171 -0.52656 -0.57491 -0.08139 -0.74202 0.12587 0.2667 1.4568
-1.1885 0.67617 0.48006 1.8293 1.1078 0.42 0.23861 0.76561 -0.44396 0.7997 -0.036717 -0.56901 -1.1564 2.3944 -0.96401 -3.0277 -2.0303 -0.30019 -1.4739 -1.2402 -1.4912 -0.016523 0.093525 0.74606 1.0144 1.8202 1.1944 -0.62798 -1.4183 -0.70533 -0.54576 -0.54314 0.49289 -0.32028 -0.46509 -0.54831 -0.21661 0.12444 0.9129
1.3323 0.19992 -2.0809 -1.0673 0.22546 -0.072897 -0.91722 -0.25691 0.72129 0.56461 1.6515 1.1253 -0.051943 2.8657 -1.0392 -3.4677 -2.118 -0.60986 -1.5358 -0.60114 -1.1994 -0.29818 0.53888 1.2843 0.89095 1.9112 -0.013895 0.059155 0.50668 0.01125 -0.2426 0.092962 0.76281 0.13728 -0.66407 0.16318 -0.56979 0.005491 -0.072904
1.9053 -0.56512 -2.9859 -1.0781 -0.79177 -0.45755 -0.92621 -0.69177 0.99304 -1.2581 0.78418 2.2755 0.96565 2.4839 -0.97044 -2.8062 -1.9405 -1.2095 -1.4842 -0.34247 -1.6198 -0.57938 -0.23285 0.46134 0.7726 1.7773 -1.353 0.79543 2.1518 1.2113 -0.12409 0.74554 0.67299 0.50946 -0.86567 0.25899 -1.4795 -0.73513 -1.2308
1.8341 -0.41232 -2.3299 -1.4453 0.89003 -1.3199 0.18796 -0.84374 -0.52652 0.075726 1.781 0.67983 1.1651 1.7713 -0.59063 -1.5818 -1.5356 -0.84134 -0.60231 -0.44936 -0.99764 -0.68053 0.40936 -0.59171 1.004 1.1652 -2.3022 1.6788 3.3122 1.9146 0.4437 1.1711 -0.15191 0.8407 -0.64705 0.37907 -1.3117 -1.4791 -2.1776
2.0813 -0.39171 -3.0038 -1.2635 -0.19564 -0.72509 -0.012021 -1.0034 -0.80142 0.73897 1.5882 1.3706 0.97422 0.46695 0.19915 0.054917 -0.052741 -0.45709 -0.51711 -0.063152 -0.63494 -1.5281 0.7357 -1.2938 -0.50366 -0.015161 -2.7094 2.0329 3.3179 2.3998 0.6748 1.6282 -0.29153 1.7406 0.31389 0.15155 -0.71613 -1.6282 -2.5536
1.7742 -0.30626 -3.0011 -1.2347 -0.5152 -0.87844 -0.80999 -0.80618 -0.85641 0.20629 0.16962 1.1262 0.87698 -0.33841 1.3091 1.2878 0.52476 -0.11635 0.21506 -1.0393 -0.10602 -1.0949 0.8808 -0.47663 -1.4158 -1.1002 -2.6657 1.532 2.8047 2.2066 0.68217 1.1995 0.32464 2.1067 1.1248 -0.65012 0.14543 -1.4048 -2.1289
2.1871 -0.22242 -2.1137 -1.2087 -0.2973 -0.13478 -1.0965 -0.79831 -0.30142 1.2123 -0.56021 1.7597 0.67868 -1.4194 1.6323 1.9557 1.525 -0.23733 1.2127 -0.60861 1.2281 0.25421 -0.11376 -1.03 -1.2597 -1.6725 -2.1947 0.28317 1.7337 1.4841 0.54975 1.0602 0.86852 2.1087 1.4175 -1.078 0.34284 -0.69951 -1.2043
2.146 0.33093 -2.3577 -1.1715 -0.54801 -1.4497 -0.59775 -1.4922 -1.6663 0.39622 0.35236 0.24498 0.20283 -2.1638 1.369 2.7088 1.8092 0.39828 0.82152 0.42116 2.0593 0.6559 -0.47201 -0.41464 -1.4147 -1.8264 -1.5658 -0.85858 0.62588 0.81731 0.57904 0.64382 1.4483 1.3945 0.87918 -0.96215 -0.11221 0.066001 -0.21211
0.94737 1.4886 -0.70198 -0.19649 -0.012777 -0.15163 -2.2711 -0.54219 -0.82716 0.19606 1.4535 -0.51708 -0.61558 -2.6362 0.66036 2.5915 2.0848 0.36867 1.2028 0.82733 2.2748 0.40207 -0.78051 -0.61647 -1.8947 -1.8129 -0.39465 -1.419 -0.29573 -0.14318 0.43115 0.25865 0.97659 0.31621 0.63264 -0.11101 -0.12926 0.89617 0.56573
-0.52547 1.3712 -0.17258 0.98912 0.31741 0.85376 0.32117 1.5858 0.29685 0.11954 -0.36304 -0.39942 -1.0788 -2.5944 0.2886 2.1543 1.7753 0.72265 1.4497 0.95382 2.0075 0.57379 -0.73839 -0.89555 -0.96245 -1.4101 0.95385 -1.369 -1.3295 -0.93225 0.05375 0.036567 0.3946 -0.77452 0.50111 0.13045 -0.34811 1.5552 1.0687
-0.53192 0.64456 0.06197 0.67576 -0.003935 -0.27309 0.54226 1.5212 0.019473 0.13137 0.40431 0.19605 -1.1435 -1.9242 -0.31451 1.7016 1.2726 0.44494 1.3943 0.94904 1.8443 1.5511 -0.16973 -1.0362 0.30528 -0.86471 1.8786 -0.77496 -1.6404 -1.4661 0.0083603 -0.56598 -0.48331 -1.6929 0.44711 0.26749 0.32562 1.5372 1.2503
-1.0772 0.082463 0.0060575 1.1223 -0.21833 0.79217 -0.41673 1.2658 -0.86519 -0.63034 -1.5308 -1.555 -1.3056 -0.77088 -0.54317 0.69777 0.46747 0.44532 0.79828 1.0897 0.79466 1.0775 -0.4663 -0.89413 0.59041 -0.38178 1.7059 -0.44786 -1.467 -1.1223 -0.063105 -0.86576 -0.86899 -1.9641 -0.068925 0.066285 0.87031 0.83389 1.0903
-0.63752 0.79757 0.36189 0.65985 0.98669 1.2398 -0.090339 0.77406 0.11727 0.35688 -0.84286 0.70224 -1.1146 -0.10585 -0.28396 0.28493 -0.0095125 0.50119 0.4528 -0.16243 -0.34178 1.0397 -0.32154 0.056284 0.39806 -0.082552 1.0166 -0.17996 -0.88377 -0.61685 0.096363 -1.0107 -0.5689 -1.566 -0.5635 -0.21944 1.4516 0.42827 0.84189
-0.66836 0.59294 0.26835 0.85416 -0.09844 0.36363 0.24874 1.5028 1.4631 0.16707 0.08639 0.40678 -1.2134 -0.37764 -0.51456 0.1505 0.31245 0.5446 0.27348 -0.13768 -0.63706 0.69999 -0.48432 0.33348 0.65805 0.1562 0.17237 -0.40251 -0.49297 -0.18564 -0.023486 -0.7554 -0.37542 -0.76262 -0.47457 0.045834 1.091 0.374 0.54013
-0.54784 0.87273 0.27873 0.86179 0.87231 1.2266 0.34545 1.3859 0.69898 -0.90305 -0.31523 -0.046956 -1.3414 -0.25698 -0.64798 0.34899 0.19331 0.56621 -0.2664 0.47991 -0.4219 0.63373 -0.57453 1.301 1.1296 0.37786 0.013665 -0.39124 -0.35604 -0.117 -0.02531 -0.40116 0.21485 -0.076262 -0.65132 0.63248 0.24884 0.45263 0.2988
-0.87604 0.4815 0.13924 0.92344 0.74592 0.87752 -0.11009 0.90147 1.3213 -0.14609 -0.29133 -0.11091 -1.1524 -0.37721 -1.0697 -0.23287 0.017196 0.34259 -0.27882 0.049595 -0.62257 0.34997 -0.20402 0.70521 0.97459 0.35799 0.33399 0.019625 -0.22278 -0.075811 -0.28677 -0.2929 -0.032812 0.17897 -0.74925 0.89744 -0.35569 0.090306 0.041973
-1.4933 -0.67326 0.27412 1.3809 0.533 0.20473 -0.094739 0.26208 -0.12122 -0.80143 0.12115 0.79859 -0.84121 -0.078545 -0.69521 -0.16704 -0.082134 0.52831 -0.03269 0.13522 -0.50363 -0.064808 0.88951 0.38857 1.1465 0.35341 0.59723 0.43426 -0.28512 -0.01097 -0.57284 0.0099755 -0.35364 0.36924 -0.81022 0.88316 -1.0708 -0.70814 -0.21336
-0.98068 -0.19232 0.7803 1.0101 0.98862 0.7863 0.74928 0.94855 0.70707 -0.97239 0.72372 0.8394 -0.71181 0.14715 -0.4609 0.012966 0.30711 -0.036372 -0.3987 -0.039855 -0.26637 -0.42363 0.68382 0.085026 0.8339 0.24434 1.2389 0.18345 -0.33993 -0.17669 -0.98183 -0.33021 -0.36974 0.95874 -0.14108 0.70382 -1.0122 -0.89702 0.1003
-0.91062 -0.29608 -0.47624 0.40744 1.1025 0.74977 -0.16107 0.24965 1.6403 0.63903 0.094319 2.099 -0.86122 0.57681 -0.19688 -0.28554 0.026791 -0.41978 -0.18462 -0.15331 0.090937 -0.57275 0.85213 -0.54015 -0.20771 0.052344 1.5641 -0.84233 -0.49894 -0.25833 -1.5431 -1.0968 -0.62279 0.82533 -0.082434 -0.083848 -1.1822 -1.2473 0.77491
-0.559 0.2102 0.19211 0.94578 0.77542 0.64398 0.60069 1.2188 0.87906 1.2583 0.31092 0.98024 -0.93553 1.5658 -1.0022 -0.7873 -0.36936 -1.1817 -0.82929 -0.51437 0.88992 0.33195 1.3137 -0.86302 -0.13256 0.68911 1.6779 -1.2839 -0.35865 -0.27807 -1.49 -1.4251 -0.33247 0.44459 -0.32999 -0.53129 -0.62902 -1.0235 1.4042
-0.64541 0.0080118 0.49002 1.8002 0.61321 0.41749 -0.18281 0.63688 -0.5391 -0.90589 -0.51573 0.46962 -0.96446 2.0784 -1.9026 -0.67664 -0.22897 -2.0266 -1.9047 -0.8117 0.4748 -0.59878 0.44169 -1.514 -0.85301 1.5224 1.2889 -1.0999 -0.1428 -0.15918 -1.1522 -1.6587 -0.063497 -0.37777 -0.69666 -0.99892 0.26893 -0.17013 1.4653
-0.36885 -0.50082 -0.41299 0.71 -0.072237 0.41831 -0.32283 0.7491 0.27079 0.94561 -0.86315 -0.40489 -0.88581 2.4709 -1.8587 -0.44001 -0.08707 -2.2536 -2.2516 -0.34879 0.37565 -1.0556 -0.17087 -0.68564 -0.87997 2.0302 0.38722 0.2512 0.35701 0.081649 -0.51587 -0.99518 0.21578 -1.2966 -1.0348 -0.5955 1.2551 0.12651 0.59297
1.3067 -2.567 -0.86663 0.33581 -0.99462 -1.0637 -0.47177 2.0841 1.6023 1.1659 -0.43644 1.8596 0.7622 2.4866 -1.6974 -0.70583 -0.41362 -2.2249 -2.6315 -0.36834 -0.37879 -1.248 -0.43435 -0.070056 -0.16897 2.0122 -0.55871 1.7271 0.88719 0.46736 0.18731 0.23211 0.23959 -1.7131 -0.90866 0.050328 1.7527 0.47821 -0.6648
1.8536 -2.2329 -0.14923 0.64806 -1.4611 -1.6554 -0.47544 0.85312 -0.39352 -0.31238 -1.7307 -0.33376 1.4 2.0732 -0.6696 -0.088788 -0.12505 -2.1433 -2.3595 -0.34303 -1.1541 -1.3802 0.55875 0.96854 -0.21809 1.509 -1.785 2.9061 1.4751 0.64504 0.59418 1.7447 0.023684 -1.8547 -0.9585 0.30078 1.2413 -0.3641 -2.0418
2.0328 -1.5129 -0.71173 0.90137 -1.4665 -1.6273 -0.089527 0.77967 -0.5526 0.62124 -0.013607 0.6617 1.288 1.2568 0.52028 0.81877 0.66474 -1.7278 -1.4056 -0.37676 -2.0216 -2.2241 0.22197 1.219 -0.22624 0.59039 -2.839 3.1106 1.4124 0.65829 1.6077 3.1523 0.14554 -0.56437 0.050982 -0.043967 0.46795 -0.76946 -2.7882
2.1504 -1.5812 -0.5449 0.69243 -1.9122 -2.4477 -0.19495 0.31793 -1.6386 -0.26592 0.12848 0.44186 1.0447 -0.17982 2.1129 1.5634 0.5814 -1.3297 0.46302 -0.31284 -2.333 -2.4536 0.16496 1.1956 -1.573 -0.92294 -3.2252 2.1159 0.65375 0.17281 2.7166 3.5808 0.34975 1.0746 1.2919 -1.0453 -1.0398 -0.87918 -2.5985
1.798 -0.95863 0.31794 1.3516 -2.3726 -2.0986 -1.1253 -0.9941 -1.585 1.2353 0.74832 -0.1833 0.75573 -1.5823 2.3495 1.1169 0.46564 0.57979 1.9671 -0.12251 -0.87037 -0.60404 -0.28772 0.77779 -1.0214 -1.7755 -2.8681 0.52628 -0.12261 -0.33846 2.9535 2.8834 0.91171 2.2512 2.5336 -0.96887 -1.8634 0.0597 -1.5417
1.85 -0.75582 0.54736 1.3922 -2.521 -1.3783 -0.78314 -1.1441 -2.0715 1.3313 0.32455 0.19399 0.48166 -2.4098 2.1136 0.99854 0.2973 2.1454 2.7807 0.17486 0.30002 0.36736 -1.3111 -0.8993 -1.5692 -1.9711 -1.8125 -1.3705 -0.56934 -0.42883 2.3684 0.81177 1.5359 2.0571 2.9762 -0.94087 -2.0295 1.3255 0.22902
1.0067 0.47009 1.4426 0.8901 -2.6875 -0.19065 -0.58613 -0.75226 -2.3189 0.19363 0.48708 -1.487 -0.39556 -2.877 1.4364 0.89214 0.17159 2.4538 2.9332 1.0814 0.92464 1.3748 -1.0065 -1.4881 -0.10489 -1.6518 -0.50421 -1.7981 -0.31157 -0.34235 0.71427 -1.2709 1.1814 0.33478 2.2009 -0.19303 -1.1666 1.4316 1.4722
-0.69702 0.84792 0.26874 1.3815 0.76966 0.87006 -0.20294 0.5875 -0.41187 -1.1784 -0.4684 -0.95977 -1.0356 -2.8486 0.16726 0.63499 -0.076112 2.4754 1.5298 1.9612 0.66392 2.4404 -1.3841 -1.7619 0.61569 -0.57313 0.90402 -1.6533 -0.20518 -0.21131 -0.43654 -2.315 0.47397 -1.1219 0.9947 0.9671 -0.037515 1.7269 1.9057
-0.88297 0.59954 0.35094 1.2042 1.2745 0.95432 0.12224 1.1336 -0.34218 -1.1827 -1.4244 -1.2378 -1.0998 -2.2836 0.17245 0.73783 0.0098404 1.8289 0.17347 1.1936 -0.4268 2.7119 -0.61031 -1.1359 0.74477 0.16831 2.1405 -0.86856 -0.24926 -0.069492 -1.3849 -2.3774 -0.4226 -1.5946 -0.70417 1.9734 0.68822 0.62232 1.4467
-1.2751 -0.29537 1.2918 1.1406 -0.38431 0.49497 1.1194 0.21126 -0.034214 0.060489 -1.3035 1.2747 -0.6974 -1.0488 -0.15138 0.7129 -0.018794 1.5566 -0.24822 0.99739 -1.1634 1.6695 0.53525 -1.1365 1.4534 0.53967 2.7644 -0.054761 -0.90324 -0.1372 -1.7314 -1.1696 -0.93788 -0.661 -1.7654 2.4458 1.5344 -0.12398 0.53441
-1.4907 -0.97742 1.4338 1.2447 -0.017098 -0.744 1.6056 -1.1694 1.7138 -0.37086 -1.2547 0.24149 0.567 0.14475 0.071741 0.40834 0.011703 0.10386 -0.70553 0.75562 -1.1982 0.37634 2.1632 -0.39393 0.7213 0.38881 2.7509 -0.24291 -1.9744 -0.55183 -1.689 -0.27716 -0.86031 0.79801 -2.0051 1.3047 1.7174 -0.84896 0.19275
-1.1044 0.93193 1.6674 1.2453 -0.14166 -0.54948 -0.10378 -1.6096 1.0237 0.0012155 -0.63347 -0.20916 0.081649 1.0012 0.11751 -0.86273 -0.33513 -0.1684 -0.25681 0.40338 -0.21482 0.12878 2.3372 0.98568 0.38447 0.27634 2.1054 -0.61357 -2.2896 -0.86816 -1.8003 -0.21758 -0.66324 1.5922 -1.6273 -0.27031 1.7813 -1.0943 0.33296
-0.73018 0.63639 1.5542 0.91698 1.5672 0.83271 1.0119 -0.89204 -0.33069 0.23939 -1.8585 0.47198 -0.55822 1.7306 -0.3913 -2.1312 -0.86701 -0.72971 -0.34757 -0.14032 0.60367 -0.47046 1.2326 1.2919 -0.40919 0.6465 1.1029 -1.3785 -1.6297 -0.96407 -1.483 -0.70518 -0.19372 1.124 -0.66728 -1.7448 1.2041 -0.76036 0.97572
-0.55281 0.55531 0.13346 1.5512 0.73153 -0.083408 1.2493 0.10171 0.031092 2.4014 -1.2263 -0.15928 -0.83678 2.0155 -0.99768 -2.261 -1.2072 -1.6716 -0.83901 0.18511 0.94779 -1.1137 0.48133 1.6385 -0.15886 1.009 0.081715 -1.1836 -0.1378 -0.63501 -1.5179 -1.549 -0.14997 -0.25693 -0.02134 -1.9994 0.7514 -0.74887 1.27
0.48888 -0.2733 -0.68299 0.33002 -0.31784 0.30846 1.1122 0.67781 0.5578 1.9254 0.82777 0.39384 -0.049474 1.6595 -1.7869 -1.9074 -1.3597 -2.1511 -1.7554 0.48758 0.34395 -0.31343 -0.48289 1.7301 -0.51881 1.7743 -0.74804 -0.14967 1.4887 -0.14088 -0.56399 -1.359 -0.34274 -1.3152 0.25416 -1.4295 0.41124 -0.59733 0.72826
0.86462 -1.4205 -1.1045 -0.16963 -1.9461 -1.0453 0.70437 -0.35666 0.01922 0.29117 0.25764 0.27549 1.3828 1.1889 -1.2598 -1.2119 -1.2796 -2.5345 -2.5018 -0.20545 -0.58248 0.014719 -0.90667 2.3013 -1.0496 1.9924 -1.2319 1.2436 2.0995 0.67648 0.78479 -0.55022 -0.96268 -1.3989 0.14323 -0.12375 -0.58471 -0.70931 -0.52313
1.0337 -1.0949 -0.5527 -0.14336 -1.5883 -1.8822 1.4416 -0.59168 -0.36715 -0.13617 0.74303 -0.42137 1.6577 0.77685 -0.52639 0.13529 -1.0958 -1.4559 -2.1031 -0.60248 -1.1372 -0.52621 -0.99422 1.8071 -1.1506 1.4625 -1.414 2.4231 2.2305 1.294 1.9053 0.98519 -1.0291 -0.49525 -0.2698 1.1915 -1.3898 -0.088307 -2.1408
0.74063 -0.81624 -0.38388 -0.31909 -1.531 -1.8531 0.85135 -0.9531 0.34716 -0.071935 0.81894 -0.86516 1.6064 0.20382 0.54362 0.64581 -0.072603 -0.46324 -1.7109 -1.0933 -0.97661 -0.7179 0.52143 0.43206 -1.253 0.22659 -1.6746 2.0811 1.6348 1.6035 2.5052 2.3955 -0.54056 0.4961 -0.23799 0.86967 -2.1884 0.73042 -2.867
0.72811 -0.68655 -0.61314 -0.35637 -1.6727 -2.1499 0.734 -0.95237 -0.22045 0.66207 1.6994 -0.98476 1.4459 -0.43435 1.5467 1.3358 0.46049 0.62352 -0.27065 -1.0168 -0.40882 -0.47327 1.3125 -0.13178 -0.58893 -1.1845 -1.8496 1.1938 0.71516 1.1927 2.2624 2.9447 0.14529 1.1497 0.432 -0.49268 -2.1229 1.3718 -2.5058
0.9634 -0.42089 0.089283 -0.23621 -1.4639 -2.2888 0.16354 -0.9315 -0.72942 1.2681 1.8504 -1.2669 1.176 -1.2691 1.3404 1.2508 0.94576 1.4431 1.1498 -1.0278 -0.014964 -0.4751 -0.21744 -1.1412 0.13018 -1.8292 -1.6789 0.093327 0.184 0.4874 1.6636 2.7183 0.7761 1.0031 1.1976 -1.8114 -1.5074 1.4299 -1.3701
0.95227 0.0051221 -0.18864 0.28289 -1.5361 -2.1204 -0.6379 -0.80978 -0.58113 2.0819 0.37533 -1.0078 0.63639 -1.8706 1.1596 1.1835 0.62892 2.1196 2.0809 -0.37479 0.55424 0.21201 -1.6047 -1.6856 0.89725 -2.0064 -1.2119 -0.86137 -0.42635 -0.11922 0.74329 1.6248 1.3357 0.67049 1.4891 -1.6078 -0.45493 0.82842 0.019959
-0.072172 0.79333 1.1538 0.46703 -0.69989 -1.2742 0.13826 -1.0508 -0.53356 1.0945 -0.10884 -0.45061 -0.29189 -2.1495 0.89616 1.0837 0.75545 2.1128 2.2963 0.03257 0.4358 1.3108 -1.7319 -1.8255 0.8592 -1.8209 -0.25357 -1.1191 -0.53783 -0.76997 -0.1567 0.37159 1.6224 0.38518 1.1357 -0.14764 1.0429 -0.23799 1.0403
-1.1742 0.26951 0.76833 1.0792 0.79603 -0.035402 0.16905 -0.60263 -0.71805 -1.8587 -0.60603 -0.46097 -0.66583 -2.2105 0.25748 0.64473 0.33123 1.7612 2.2553 0.95241 0.62849 1.5807 -1.2204 -0.69508 0.70252 -1.1522 0.74665 -1.2755 -0.66879 -0.99259 -1.1963 -0.83019 1.0818 -0.046916 0.088405 1.2144 1.8782 -0.9438 1.7042
-1.588 0.44958 0.69264 -0.21112 0.93961 0.46107 0.43816 -0.01341 1.0576 -1.707 -0.55465 0.32141 -0.72918 -1.5609 -0.17082 0.53805 -0.34917 1.2841 1.7735 1.3473 0.6691 1.0897 -0.67464 0.48796 -0.24273 -0.38866 1.3042 -0.9028 -0.29535 -0.79751 -1.732 -1.5213 0.46982 -0.36636 -0.94696 1.6851 1.8014 -0.92449 1.6854
-1.3917 0.42815 0.81709 0.92461 0.30463 -0.19533 0.36148 -0.74209 1.4802 0.31934 -0.23047 -0.49638 -0.69137 -0.79537 -0.54287 0.23044 -0.67967 0.10407 0.76305 0.98973 0.33868 0.50374 0.42353 0.97176 -0.42931 0.33666 1.3968 -0.37334 -0.074146 0.07592 -1.5248 -1.4107 -0.4776 -0.50697 -1.5961 0.87178 0.75876 -0.41848 1.0003
-1.6266 -0.077315 0.8404 0.2411 0.39861 0.25226 1.4589 -0.037787 0.80238 0.80729 0.94021 -0.45812 -0.22408 -0.46677 -0.28755 0.76021 -0.23447 -0.56634 0.14623 0.88475 -0.12449 -0.013992 0.97817 0.99978 -0.4139 0.46011 1.1692 0.17806 -0.20326 0.74113 -0.60801 -0.73814 -0.96542 -0.06241 -1.5289 -0.27432 -0.16967 0.53007 0.047149
-1.2287 0.19061 1.0572 -0.25385 0.55337 0.37672 1.3301 -0.07112 0.15836 0.11925 0.5975 -1.5294 -0.2207 -0.19761 -0.34166 0.41482 0.41513 -0.40422 0.38345 0.27262 0.053213 -1.0125 -0.19982 0.59863 -0.042016 0.21933 1.0851 0.57594 -0.69818 1.0714 0.27634 -0.034497 -1.2145 0.62455 -0.66439 -0.96069 -0.90339 0.78883 -0.72364
-1.7002 -0.061551 1.346 -0.22266 -0.11942 0.0076238 1.166 -0.7038 0.049052 -0.19319 0.66344 -0.40092 -0.047465 0.28341 0.035836 0.086653 0.49114 0.29204 0.55953 -0.1227 0.68352 -1.1647 -0.89048 0.34612 0.62474 -0.24479 1.5469 0.21334 -1.4691 0.43376 0.13053 -0.45156 -1.3533 0.90376 0.36634 -0.49921 -1.2221 0.91271 -0.53378
-2.1388 0.11487 1.753 0.97989 0.28289 0.35788 1.2768 -0.61809 0.34479 -0.772 0.43828 -0.52579 -0.30724 0.81877 0.29885 -0.71346 0.96406 0.20788 0.4935 -0.80357 1.1102 -0.22625 -0.59169 -0.51398 0.6284 -0.60907 1.918 0.050631 -1.4494 -0.34064 -0.51787 -1.4831 -1.0701 0.46399 1.4374 0.47037 -1.3582 0.27634 0.12522
-1.4836 -0.029169 0.70533 0.76053 0.32296 0.91902 0.52243 0.23653 -0.16761 -1.0808 0.37325 0.19664 -0.58207 1.8598 -0.23882 -1.3916 0.30283 -0.63274 -0.76646 -1.1353 1.0525 0.32285 0.18067 -0.90118 1.0749 -0.08311 1.6064 0.15288 -0.84536 -0.71411 -0.81912 -1.5705 -0.98301 -0.23506 1.0987 0.54989 -1.2844 -0.030542 0.53883
-0.58861 0.49085 0.81991 1.1794 1.069 0.4557 0.74857 0.65428 -0.5012 -0.0043818 0.94645 -0.020443 -0.94079 2.5283 -0.12004 -1.5254 -0.13002 -1.0067 -1.777 -1.2467 0.73951 1.0887 0.27995 -1.5102 0.28811 0.36382 0.22319 0.42952 0.19532 -0.61109 -0.35929 -0.43342 -0.32079 -0.84353 0.12106 0.11289 -0.5856 -0.21009 0.41171
-0.40287 0.30514 -0.25344 0.95577 0.35862 0.85604 0.33899 1.4328 0.80011 -0.068938 -0.27419 -0.40877 -0.85115 2.3724 0.50847 -1.0621 -0.30093 -0.77163 -1.2951 -1.7628 0.41285 0.35393 -0.1462 -1.7391 0.73823 0.23643 -1.5571 0.68153 0.96266 0.14529 0.48862 1.3832 0.39931 -0.85287 -0.48218 -0.22128 0.20261 -0.15191 -0.27587
1.3051 -0.65669 -0.39585 -0.48609 -1.2998 -1.7232 -0.37937 0.23019 0.62597 0.14162 -0.8466 0.48092 0.35037 0.97363 0.67242 -0.49535 0.11988 -0.46851 -0.06528 -1.1059 -0.18087 0.0038508 -0.15354 -1.2648 0.3821 -0.029337 -2.6279 0.45596 1.3036 0.74455 1.1553 2.1783 1.147 -0.33645 -0.99701 0.13705 1.1799 0.049903 -0.84664
0.96717 0.10045 -0.0015299 0.40741 -1.1154 -2.0604 -0.34571 -0.15688 1.8998 -0.57083 -1.4558 -0.31612 0.37066 -0.2113 0.5531 -0.095085 0.4491 0.058249 1.0164 -0.46739 -0.11593 -0.080249 -0.020218 -0.59928 0.7293 -0.38107 -2.7208 0.078426 1.0615 1.0068 1.5581 2.1683 1.858 0.51941 -0.68289 0.35005 1.6526 -0.17552 -1.0527
0.59121 1.4219 0.46231 1.1321 0.47418 0.53566 -1.5576 0.63008 -0.65491 -1.4833 -1.4217 1.1295 -0.87467 -0.98878 0.65112 0.43745 0.88909 0.87982 1.2211 0.25009 0.35546 -0.65632 0.54171 0.32139 0.39632 -0.84637 -1.5826 -0.41923 0.49273 0.41418 1.2578 1.274 1.6118 0.89347 -0.49509 0.011152 1.2292 -0.088512 -0.71586
-0.67793 0.75585 -0.16686 1.2135 0.27519 1.7062 -0.085597 0.41545 -0.4428 -0.26558 -0.32508 0.14672 -1.0959 -1.6255 0.65205 0.46719 1.2 1.6661 2.1966 1.0408 1.1206 -0.65783 0.27224 0.82543 0.38541 -1.2438 -0.27559 -1.0586 -0.43137 -0.56923 0.43759 -0.48244 1.0243 0.28491 0.055168 -0.17114 0.47131 -0.72583 0.25464
-0.61428 0.59735 0.25508 1.3929 0.67773 1.1179 0.42662 0.96465 0.55938 0.60923 -0.087328 0.85522 -1.1737 -1.2143 -0.11485 0.16013 0.51951 1.2351 1.7752 1.1586 0.88676 -0.67837 -0.23584 0.52413 0.38182 -0.88216 0.88284 -1.2064 -1.1635 -1.5418 -0.4359 -1.7647 -0.1658 -0.72948 0.35481 -0.43745 -0.18505 -0.95201 1.1992
-0.65957 0.54572 0.21844 1.2761 0.40576 0.088376 0.26322 1.4798 0.17086 0.63388 -0.46388 -0.035725 -1.1321 -0.60059 -0.9204 -0.74034 -0.43374 0.73804 -0.1772 0.99212 0.1493 0.046304 0.054812 0.26753 -0.70637 0.094435 1.3476 -0.75291 -0.99704 -1.4868 -0.98767 -1.9712 -1.1165 -1.1844 0.45165 -0.15494 -0.29138 -1.2595 1.4481
-0.63435 0.61824 0.43716 1.3375 1.0594 0.93835 0.80542 1.3165 -0.083986 -0.80641 -0.19019 1.1398 -1.1724 0.11767 -0.67781 -1.1058 -1.184 0.44389 -0.95212 -0.050193 -0.55326 -0.30118 -0.21506 0.24083 -0.95168 0.6374 0.98328 0.16678 -0.26479 -0.61105 -0.66781 -0.85285 -1.014 -0.86657 0.66025 0.43196 0.016123 -0.79354 0.87056
-0.78166 0.47569 0.1794 1.3211 1.0084 1.6751 0.46866 0.84241 -0.18811 -1.8321 -1.1072 0.48481 -1.2802 0.17834 -0.3881 -0.73695 -0.73519 0.051615 -0.19327 -0.46753 -0.41711 0.052015 -0.018325 0.39249 -1.4549 0.59587 0.76907 0.16573 0.47435 -0.043782 -0.9043 0.040039 -0.16711 -0.24131 0.41614 0.80203 0.47698 0.14439 0.45971
-0.59994 -0.23336 -1.3489 0.16372 1.3964 0.26592 0.093781 0.53485 -0.52856 0.1307 -0.28691 -0.68346 -0.55365 0.19899 -0.093491 -0.31532 -0.47576 0.21177 0.16081 -0.031394 -0.48462 0.6291 0.7365 0.50906 -0.82188 0.43015 0.62119 -0.59519 0.58611 0.17281 -1.146 -0.34567 1.1202 0.12158 0.24714 0.88909 0.52226 0.83459 0.76533
-0.40088 -0.018893 -1.3397 -0.46085 0.53033 -0.11925 -0.03098 -0.21262 -0.27589 0.40873 0.54493 -0.99858 -0.11599 0.76935 -0.92688 -0.23319 -0.87093 -0.98824 -0.65454 0.65561 -0.35288 0.40948 1.2815 1.113 -0.47913 1.0237 0.65926 -1.0618 0.51165 -0.024835 -1.1207 -0.82121 1.6653 0.10553 -0.37243 -0.0029451 -0.055393 1.1343 1.2025
-0.4245 0.48277 0.37635 1.3988 0.61317 1.0987 -0.13811 1.5043 1.0996 0.39177 0.11659 -0.92832 -0.80103 0.96201 -1.4541 -0.24722 -0.79337 -1.3647 -1.3774 1.4822 -0.36449 0.01468 1.0179 0.95178 0.22873 1.7977 0.48226 -1.2736 0.10258 -0.30991 -0.9848 -0.68669 1.1493 -0.03514 -0.94811 -0.70702 -0.58746 0.61639 1.2519
-0.50918 0.61284 0.10105 0.82649 1.3218 0.88973 1.0005 0.71933 0.76696 0.6119 -0.12761 0.10709 -0.861 1.0064 -1.5699 0.20084 -0.62393 -1.4378 -0.98627 1.8949 -0.28675 -0.36958 -0.12429 0.073887 0.28578 2.0709 0.2021 -0.64758 -0.34731 -0.61088 -0.5489 -0.11883 -0.038683 -0.59731 -0.93815 -0.75778 -0.97856 -0.092249 0.66403
0.74409 -1.5599 -0.58471 -0.57073 -0.88976 -0.098715 1.9502 0.35726 -0.38769 0.14101 1.3949 0.44827 0.78942 0.96596 -2.0046 -0.32212 -1.181 -1.5677 -0.97908 1.4977 -0.59424 -0.84691 0.015405 -0.14487 0.0289 2.154 0.18602 0.34733 -0.26208 -0.52216 -0.46109 0.33252 -1.5919 -0.557 -0.11979 -0.39478 -1.0436 -0.84592 -0.39743
0.38281 -1.7486 -1.3376 -0.28304 -0.50459 -1.1136 2.0905 -0.091682 -0.61709 0.20565 0.026356 -0.20629 1.8641 1.1399 -1.7889 -0.82315 -1.8228 -2.014 -1.0773 0.56231 -1.3815 -1.0056 0.2536 -0.30326 -0.5589 2.0379 0.052172 1.6066 0.13125 0.007635 -0.10076 0.51206 -2.8818 -0.28053 1.0077 -0.050869 -1.1765 -0.9082 -1.571
0.6059 -1.5282 -0.65548 -0.60983 -0.33582 -0.60327 2.0759 0.25336 -0.63292 0.072835 -0.19885 -1.1212 1.9639 1.2383 -0.74116 -0.20396 -1.1734 -2.0273 -0.69536 -0.85841 -0.88412 0.10275 0.051853 -0.95586 -1.0313 1.1015 -0.028512 2.4647 0.78794 0.59373 0.34493 0.58274 -3.1234 0.19218 1.8141 -0.37104 -0.76952 -0.4463 -2.2592
0.64757 -1.8858 -0.85031 -1.2243 -1.4177 -0.23402 1.3664 -0.31906 -0.53073 0.77215 0.40832 -0.74491 1.6753 0.96821 0.60497 0.40534 -0.61444 -1.4338 -0.1495 -2.3599 -0.68411 1.1521 -0.20708 -1.8857 -0.99066 -0.2218 -0.35457 2.403 1.0433 0.88621 1.0585 0.062536 -2.4214 0.47099 1.722 -0.4171 0.097967 0.25212 -2.0674
1.2495 -1.4271 -0.65217 -1.0309 -1.8497 -0.093077 0.79713 -0.58626 -0.17169 0.8213 -0.34099 -1.0263 1.4147 1.0021 1.1065 0.54987 -0.67364 -1.1869 -0.32966 -2.9285 -0.58808 1.6631 -0.48215 -0.89544 -0.64081 -0.77028 -0.59304 1.778 0.7394 0.71131 1.6176 -0.5823 -0.98845 0.29633 0.67453 -0.21839 1.2464 0.79698 -1.0746
1.672 -0.90802 -0.45658 -1.0094 -1.8655 -0.77005 0.17026 -0.37817 0.79928 0.06116 -1.1135 -0.89174 1.1079 0.61134 1.4873 0.76167 -0.4131 -0.32764 -1.1381 -2.9697 -0.64551 1.6211 -0.30272 -0.1205 -0.24721 -0.73621 -0.7706 0.7651 0.46227 0.50659 1.6146 -0.78665 0.40858 0.23865 -0.5859 0.16008 2.1056 1.0164 -0.018767
1.7075 -0.95081 -0.38704 -1.2378 -2.3926 -0.79403 -1.4191 -0.56599 1.0136 -0.46216 -1.7859 -1.2042 1.0082 0.33347 1.9242 1.0137 0.057807 0.65123 -1.3079 -2.4254 -0.35086 1.2068 -0.31197 0.69747 0.19028 -0.56946 -0.86267 -0.015874 0.25924 0.5478 1.2392 -0.096284 1.2827 0.20917 -1.5398 0.49835 1.8903 0.99967 0.45188
1.4158 -0.25724 -0.5708 -1.3511 -1.3927 -1.456 -1.4817 -0.7239 1.4584 -0.22609 -0.29597 -1.4598 1.065 -0.10586 1.5305 1.0533 -0.031941 0.87265 -1.1566 -1.8558 -0.35964 0.2299 0.08031 1.5918 0.62458 -0.35531 -0.55469 -0.75382 0.10491 0.33739 0.33942 0.67554 1.7653 0.18731 -1.9529 0.46714 1.1856 0.8681 0.45818
1.2268 0.18793 0.57306 -1.3285 -0.81835 -1.783 -1.6764 -0.79885 1.1706 0.51607 0.50843 -1.133 0.95275 -0.21624 1.0529 0.90594 0.16122 0.68327 -0.50107 -1.0858 -0.34388 -0.67531 0.39964 2.0869 0.92071 -0.14913 -0.11899 -1.0669 -0.2613 0.26804 -0.66847 1.1318 1.634 0.14259 -1.9595 0.31496 -0.29798 0.33375 0.15132
1.4486 0.65142 0.38152 -0.80285 -0.90265 -1.4384 -1.6509 -0.77611 0.97355 0.40197 1.0606 -0.13169 0.79578 -0.12689 0.59975 1.0301 0.16637 0.31626 -0.25138 -0.33215 -0.30336 -1.2874 0.35014 1.5979 1.1227 -0.12347 -0.027619 -0.76445 -0.8066 0.61748 -0.48118 1.3494 1.6299 0.3758 -1.0861 -0.10209 -1.7318 -0.33748 -0.33065
1.3338 0.20028 0.55927 -1.2162 -1.2021 -1.582 -1.8925 -0.97529 0.14288 0.41915 0.83297 -0.31011 0.89113 0.12862 0.51863 0.55806 0.45989 -0.43844 0.39914 -0.1268 -0.11823 -1.8971 0.24649 0.1065 0.61094 -0.41321 -0.4615 -0.38876 -1.0159 0.57572 0.12645 0.96837 1.4892 0.39247 -0.046886 0.15234 -1.8007 -0.8659 -0.57904
1.4528 0.11696 0.38872 -0.88182 -1.3966 -1.2338 -1.7881 -0.78768 0.045395 0.083367 1.1266 -0.074326 0.96048 -0.32635 0.45579 -0.25529 0.97474 0.44246 0.96758 0.71743 0.23092 -1.2972 -0.013806 -0.9063 0.11084 -0.81612 -0.76728 -0.042529 -1.1714 0.2891 0.54048 0.50771 0.98502 0.0077747 1.1644 0.5076 -0.78669 -1.1997 -0.36466
1.3779 -0.01165 1.0214 -1.2526 -1.5887 -1.5045 -1.8492 -1.0818 -0.53612 0.079405 0.55845 -0.13032 0.83735 -0.95897 0.44035 -0.32365 0.83481 0.85162 0.73764 1.1775 0.124 -0.75643 0.93806 -0.28858 -0.29559 -0.84147 -0.64061 -0.34654 -0.84153 -0.41205 0.34339 -0.25441 0.20446 -0.50253 1.912 0.57985 -0.1164 -1.0647 0.26978
1.5826 1.0851 0.22138 -0.42819 -1.5885 -0.93408 -1.5846 -0.77071 -1.2617 0.66998 -0.11372 -0.92874 0.21481 -0.98541 0.56018 -0.69083 0.51962 0.73567 0.54972 0.85553 -0.41959 0.44799 1.0968 0.21889 -0.81175 -0.56324 0.14043 -0.90205 -0.54623 -0.96831 -0.62828 -0.68414 -0.58948 -0.69296 1.7614 0.04943 -0.1997 -0.81591 0.98169
0.43343 0.87545 -0.017703 0.45402 0.69993 -0.25845 -0.17975 -0.29371 0.031568 0.40492 -0.52781 -0.47225 -0.36409 -0.71224 -0.14418 -0.77173 -0.085648 0.082856 0.12608 0.17589 -0.75663 1.0124 0.93333 -0.67675 -1.0463 -0.054868 0.82199 -1.3655 -0.39675 -1.3736 -1.1647 -0.69629 -0.79914 -0.35694 1.0174 -1.3297 -0.84523 -0.64718 1.2834
-0.016278 0.75385 0.14088 -0.33902 -0.33558 -0.9834 -0.31379 -0.98109 -0.1899 2.1613 1.7809 -0.386 0.10562 -0.1901 -0.83451 -1.029 -0.38044 -0.46017 -0.027528 0.096742 -0.65384 1.3031 0.13179 -1.1014 -1.1364 0.55306 1.214 -1.2255 0.00018608 -1.1309 -1.2185 -0.41282 -0.3597 0.29217 -0.23623 -2.0765 -1.0169 -0.36839 1.0618
0.55052 0.59392 -0.34918 -1.0753 -1.1389 -1.0942 -1.579 -1.9633 1.0704 1.2029 1.2349 -1.6979 0.67286 0.15087 -1.2558 -0.87402 -1.29 -0.91663 -0.29779 0.041068 -0.4462 0.83159 -1.2935 -1.3234 -1.4194 0.90431 1.0431 -0.22383 0.31133 -0.16106 -0.36965 0.33972 0.45836 0.83409 -1.0486 -2.1174 -0.86726 0.12956 0.24136
1.0353 -0.46533 -0.2536 -1.2194 -1.9192 -1.2486 -2.0035 -1.672 0.81091 0.77277 -1.3796 -1.4025 0.99021 0.80826 -1.0326 -0.62011 -0.99834 -1.239 -0.022212 0.23361 -0.030143 0.078516 -2.051 -1.5001 -1.3554 0.86345 0.3879 0.69131 0.79462 0.89394 0.44652 0.6941 0.84757 0.9465 -1.5505 -0.9633 -0.36489 0.4684 -0.69347
1.3015 -0.54817 -0.65217 -1.0194 -1.6738 -1.0741 -0.88571 -1.2567 0.5653 0.0037266 -1.5096 -1.7836 1.1408 0.70088 -0.44107 -0.37732 -0.079498 -0.29439 0.77364 0.95675 0.50473 -0.43941 -2.3213 -2.2169 -0.67417 0.22369 -0.38398 1.6297 0.9465 1.8101 1.3054 0.7833 0.51581 0.77098 -1.1505 0.35982 0.29359 0.81382 -1.4091
0.96925 -0.06253 -1.0129 -1.852 -1.3326 -0.88788 -0.45289 -0.80701 -0.15254 -1.3222 -1.201 -2.6759 0.82363 0.24761 -0.036607 0.2213 0.68837 0.10411 0.7623 1.2202 0.65725 -1.1164 -1.3093 -1.3779 -0.57082 -0.35067 -0.99456 1.7932 0.96703 1.889 1.7487 0.24105 -0.48336 0.51351 -0.58241 1.2272 0.74662 1.158 -1.5758
1.2266 -0.25809 -0.42524 -0.64774 -0.97259 -0.37629 0.19464 -0.7048 0.32716 -1.1802 -0.79513 -1.7456 0.82199 -0.26933 1.0934 0.48672 1.2575 1.0151 0.80549 0.50509 0.66351 -0.83616 -0.87802 -0.77578 -0.18486 -1.0171 -0.89502 1.5398 1.1221 1.4655 1.2213 -0.18381 -1.4132 0.1727 -0.13667 1.517 0.90339 1.5579 -1.1849
1.0293 0.30722 -0.3444 -0.59011 -1.2206 -0.074586 0.057892 -1.0764 -0.35348 -0.42415 -1.6158 -1.3561 0.53299 -0.52508 1.3334 0.76755 1.8717 1.6014 0.42406 -0.46248 0.85522 -0.86654 -0.18937 -0.69556 0.71294 -1.3437 -0.56697 1.1017 0.88415 0.46508 0.60263 -0.32297 -1.4306 0.059497 -0.03385 0.81284 0.4743 1.5451 -0.62583
1.099 -0.092558 0.05141 -0.19541 -1.5999 -0.62395 -0.67464 -1.201 -0.53422 -0.36008 -1.7568 -2.9552 0.34367 -0.54897 1.5637 1.4579 2.0738 1.3911 0.59531 -0.87272 0.72366 -0.82759 0.30255 -0.71588 1.7943 -1.4058 -0.12187 0.1927 0.54198 -0.50217 -0.24574 -0.52696 -0.55623 0.092567 -0.085319 0.051646 0.65476 1.0708 0.053748
0.58094 1.2836 0.0044024 0.41996 0.10058 -0.24989 -1.2168 -0.26321 -0.23679 -1.1375 -2.7103 -1.4807 -0.52758 -0.64813 1.6515 1.4011 1.1507 1.1056 0.25474 -0.79443 0.73024 -1.1809 -0.17467 -0.43366 1.5246 -1.279 0.20299 -0.601 -0.13347 -1.3473 -0.87747 -0.31589 0.50915 -0.057455 0.50045 -0.38162 1.0869 0.29838 0.69625
0.49495 1.1533 0.025838 1.2046 0.8884 -0.59232 -1.0739 0.29348 -1.0055 -0.80573 -1.6465 -0.74876 -0.63384 -0.42844 1.2672 1.1983 0.67601 0.74565 -0.11123 -0.38791 0.89183 -0.84086 -0.73754 0.43251 1.5486 -0.95244 0.55419 -1.7452 -1.1484 -1.9398 -1.5568 -0.23271 0.9687 -0.52193 1.1208 -0.32049 1.0502 -0.87899 1.3285
0.44826 1.7837 1.4746 0.88704 -0.13633 0.47375 -1.0535 -0.26473 -1.1319 -0.71802 -1.7753 0.35525 -0.81828 -0.21117 0.42584 0.66808 0.044965 0.13581 0.17819 0.23992 0.65223 0.13488 -0.41915 0.94356 1.435 -0.32017 0.84946 -2.215 -1.8044 -1.8838 -1.7719 0.29426 0.9887 -1.0038 1.3991 0.040924 0.48133 -1.165 1.5994
0.44825 1.6299 1.1608 0.28761 -0.23307 -0.25869 -0.63382 -0.25179 -1.5981 -1.2179 -1.6337 -0.52303 -0.64968 0.24973 -0.88136 -0.2946 -1.0092 -1.2791 0.19296 0.41924 -0.2378 0.73426 -0.19838 0.73468 0.090827 0.49962 0.80175 -2.1298 -2.1656 -1.61 -1.173 0.54021 0.78053 -1.0148 0.79167 0.11442 0.024725 -1.17 1.4915
0.60304 1.5145 0.80789 0.32977 -0.49903 -0.78072 -0.85024 0.11336 -1.2038 -1.5517 -1.0805 -0.44112 -0.7175 0.57056 -1.1541 -1.1928 -1.5377 -1.47 0.66625 0.64876 -0.61993 0.80086 -0.31864 0.40369 -0.065081 0.86622 0.542 -1.4392 -1.7241 -0.83716 -0.19149 0.66966 0.48543 -0.51806 -0.28529 -0.13227 -0.062968 -0.39778 0.99219
0.65311 0.44106 0.45233 0.25285 -0.5229 -0.037151 -0.53934 0.062738 0.58333 -0.84015 -0.83454 -0.80882 -0.20039 0.65112 -1.6736 -1.8841 -1.5506 -0.83437 0.67703 0.86289 -0.40795 0.39598 -0.50991 0.76726 -0.029897 1.1319 0.16386 -0.56378 -0.87114 0.10189 0.80939 0.59775 0.58661 0.043679 -1.2039 -0.24379 0.13655 0.59368 0.39295
0.94798 0.090925 -0.6803 -0.87425 -1.4354 0.17113 -0.72814 -0.71871 0.31375 -1.2685 -1.9132 -1.0271 0.20314 0.58298 -1.7004 -1.7279 -1.254 -0.4948 1.2151 0.91829 -0.25582 -0.25271 -0.49659 0.8147 0.7065 1.145 -0.17496 -0.16035 -0.020175 0.75726 1.0097 0.10449 0.45631 0.21585 -1.5919 -0.15499 0.22452 0.39087 -0.053236
1.2934 0.37762 -0.7317 -0.82538 -1.1381 0.83337 0.085008 -0.77185 -0.96503 -1.2481 -0.95298 0.095268 0.36203 0.54603 -1.5989 -1.6297 -0.96111 -0.16127 1.0605 1.375 -0.34682 -1.1095 -0.57366 0.82019 0.89299 1.0661 -0.41951 0.071271 0.78161 1.1796 1.0451 -0.029936 0.31439 0.27889 -1.0081 0.30205 0.097039 -0.28831 -0.38366
1.1394 -0.24215 -0.58944 -1.2122 -0.90668 0.74729 0.29531 -0.4712 -1.2137 -1.8758 -0.31241 0.037998 0.5874 0.30528 -1.4763 -1.3383 -0.41445 0.20189 0.67649 1.2381 -0.25068 -1.5831 -0.56705 0.84619 0.25706 0.80419 -0.56483 -0.14854 1.1775 1.134 1.0866 -0.20115 -0.094252 0.29215 -0.12063 0.99878 -0.37282 -1.0724 -0.43921
1.1033 -0.56667 -1.0203 -0.94959 -0.74579 0.80274 0.38245 -0.10395 -1.6475 -1.9215 -0.36646 0.27146 0.70753 0.024389 -1.6652 -0.6045 0.23897 0.89699 0.89213 1.2815 0.10894 -0.92288 0.19194 0.96261 -0.37576 0.61432 -0.61089 -0.17577 1.321 0.91426 0.98973 0.13678 -0.52054 0.2406 0.46741 1.485 -0.87974 -1.2558 -0.37778
1.3873 -0.8892 -1.5503 -0.77012 -0.83237 0.53537 1.1662 -0.5638 -1.6528 -1.8452 -0.17471 0.28276 0.79724 -0.18784 -1.9315 -0.028912 0.2698 1.1392 0.91878 0.77497 0.060918 -0.57763 1.2307 0.0041502 -0.79304 0.58317 -0.45003 -0.0065945 1.1219 0.34658 0.60947 0.24386 -0.56883 -0.0095366 0.47583 1.3281 -1.1335 -0.72703 -0.26042
1.0647 -1.533 -1.5947 -0.6501 -0.61673 1.048 0.77593 -0.77274 -1.359 -1.4342 -0.3825 -1.2505 0.98411 -0.32337 -1.6831 0.19427 0.40888 1.3384 1.2028 0.61472 -0.055844 -0.68273 1.645 -0.52352 -1.0815 0.49912 -0.24893 0.57651 0.56709 -0.018283 0.0095726 -0.14389 -0.57149 -0.14572 -0.12927 0.48933 -0.91667 0.088079 -0.20959
1.0672 -1.7383 -1.031 -0.65168 0.056437 1.8378 1.2916 -0.46291 -1.3145 -0.76995 -0.28593 -1.0237 1.0137 -0.3423 -1.4832 0.37036 0.14901 1.1844 0.98871 0.48884 -0.19625 -0.75703 1.4989 -0.68879 -0.83538 0.39498 -0.048658 1.1856 0.054542 -0.032539 -0.46832 -0.86815 -0.18398 -0.26562 -0.28393 -0.53244 -0.058603 0.71381 -0.26434
0.95676 -2.1517 -0.33375 -0.74787 0.53754 1.8158 0.96892 -0.42811 -2.2764 0.40979 -0.94478 -0.36067 1.2152 -0.35163 -0.88499 0.27093 0.2641 0.87065 0.5858 0.33685 -0.048905 -1.0819 1.1125 -0.53034 -0.17473 0.33283 0.23751 1.7311 -0.052587 0.15249 -0.96854 -1.5391 -0.25444 -0.26522 0.11012 -0.57804 0.5606 0.6852 -0.48379
0.66071 -2.2567 -0.85895 -0.54532 0.71069 1.9839 1.1965 -0.40068 -2.4194 -0.36438 -0.98853 -1.3699 1.2291 -0.26029 -0.26051 0.053529 0.28021 0.40784 -0.42427 0.55506 -0.45655 -0.93213 0.43466 -0.09618 0.18102 0.19247 0.18617 2.3299 -0.077246 0.52582 -0.95414 -1.3303 -0.62247 -0.24913 0.56548 -0.15985 0.74611 0.16566 -0.9409
0.90073 -2.4047 -1.1858 -0.76755 0.29429 1.509 1.3607 -0.72609 -2.5053 -0.40491 -1.0858 -0.68158 1.1752 0.072984 0.73009 0.274 0.628 -0.24492 -1.0209 0.090246 -0.43893 -0.37115 1.0203 0.32895 -0.2193 -0.26734 -0.2678 2.5691 0.62155 0.65561 -0.57843 -0.89351 -0.94826 0.075362 1.2695 0.32563 0.66138 0.02399 -1.3946
0.88953 -1.8998 -1.3646 -0.18812 0.15237 1.32 1.5433 -0.71345 -2.9051 -0.35632 -0.58486 -0.37963 1.2995 -0.21124 1.7815 0.24423 0.95132 -0.2004 -0.74023 -0.57142 -0.48394 0.010804 1.2546 0.40558 -0.47855 -0.99305 -0.85872 2.252 1.0034 0.39646 -0.0023364 -0.23537 -1.0197 0.94834 1.9035 0.4788 0.62917 0.45375 -1.5009
0.65163 -1.8617 -1.0102 -0.37984 0.26161 0.66247 1.6829 -1.4361 -2.2798 -0.54601 -0.32851 -1.2392 1.2123 -0.86397 2.5847 1.352 1.156 -0.011938 -0.9561 -0.89623 0.09796 0.96003 1.418 0.57142 0.20713 -1.5768 -1.1841 1.1972 0.95711 -0.089484 0.39119 0.26412 -0.3833 1.3468 1.8996 -0.53736 0.11584 1.2231 -1.1102
1.3462 -0.59823 0.1103 0.28144 -0.050702 0.82908 0.90381 -0.58042 -1.9814 1.982 -0.12189 -1.2583 0.42763 -1.3615 2.7481 1.4019 0.75807 0.26368 -0.90238 -0.88245 1.065 2.1676 1.2686 1.0701 0.87675 -1.846 -0.91973 -0.026406 0.22331 -0.50696 0.15762 0.13149 0.21601 1.427 1.3785 -1.3534 0.092682 1.7601 -0.34708
0.13592 0.10824 -0.5766 0.54307 0.67011 1.4174 -0.16529 -1.0572 -2.6395 1.5001 -0.90297 -1.273 -0.3582 -1.5174 2.3372 1.4964 0.55594 0.28711 -0.43371 -0.48796 1.3329 2.3081 -0.059185 0.24583 1.546 -1.8327 -0.56057 -1.4586 -0.80843 -0.59674 -0.12906 0.14659 0.8888 0.78832 0.46159 -2.0898 0.29889 1.3272 0.60256
-0.80338 0.78047 0.93467 0.82234 0.52834 0.3363 0.50515 -0.022345 -0.55842 0.53541 -0.040984 -0.29528 -0.78461 -1.566 1.8548 0.60705 0.30042 -0.055775 -0.74803 -0.38208 1.5971 2.0655 -0.77007 0.77066 2.3656 -1.4874 0.1275 -2.2645 -0.95796 -0.27036 -0.27931 -0.045975 1.1155 -0.16024 -0.54241 -1.6284 0.40331 0.5732 1.3568
-0.66857 0.62365 -0.071402 -0.18022 0.47311 0.14575 0.77669 0.86241 0.76972 0.95539 1.0246 1.0391 -0.80644 -1.7856 0.475 0.26351 0.26567 -0.13484 -0.75111 0.51244 1.3182 1.9292 -1.8515 1.3405 2.1131 -0.67405 0.84597 -2.2248 -1.1171 0.028027 -0.12815 0.12304 0.56928 -0.82642 -1.2111 -0.40099 0.35144 -0.83006 1.5108
-0.7119 0.63704 0.71664 0.64587 0.43204 0.97716 1.2383 0.29039 -0.38575 -1.0157 -0.98074 0.92352 -0.81702 -0.9915 -0.28726 0.25399 0.39559 -0.11026 -0.82846 0.70253 0.75839 1.2926 -1.1682 1.3533 1.7403 0.010245 1.2789 -1.4705 -0.47112 0.52006 0.20739 0.5829 -0.22495 -1.0916 -1.2427 0.80537 -0.32824 -2.1818 1.0247
-1.0085 0.83551 -0.39078 0.23315 -0.083928 -0.47809 0.33202 0.60492 0.016363 0.0063436 1.2479 1.3655 -0.94663 -0.25324 -0.48874 -0.38775 0.55986 0.033564 -0.15619 0.027639 0.17392 0.30968 -0.65009 0.68018 0.20787 0.13054 1.4575 -0.3152 -0.47026 0.25108 0.49501 0.85516 -1.114 -0.69257 -0.78067 1.4786 -0.99086 -2.559 0.20823
-1.6843 -0.090995 0.55976 1.0893 0.23259 0.40738 1.4415 0.89946 0.38876 -0.39486 1.6126 0.88683 -0.59167 0.011898 -0.2404 0.074743 1.1268 0.25432 0.068153 -0.57557 0.087547 0.42804 0.33865 0.45168 -1.0277 -0.049996 1.0036 0.31564 -0.40547 -0.033552 0.59364 0.86082 -1.0174 -0.10177 -0.43433 0.56509 -1.8496 -2.516 -0.32274
-1.2538 0.044605 0.2613 1.0405 0.85186 -0.04493 0.8819 -0.036209 -0.21328 -0.023742 0.8025 1.3731 -0.41907 0.38378 -0.10421 -0.50319 0.36953 0.65583 0.43305 -0.95648 0.32932 0.82653 0.49925 -0.19815 -1.6008 -0.26963 1.0328 0.078138 -1.0164 -0.85923 0.13401 0.5219 -0.62274 -0.00039118 -0.14541 0.53464 -1.4793 -1.3374 -0.12945
-0.62442 0.43388 -0.044912 1.0163 0.43612 0.34408 0.4362 0.73065 0.49627 -0.39548 0.69708 -0.11672 -0.84321 0.53007 0.068441 -0.42397 0.42688 0.74999 0.52017 -0.73174 0.47768 0.18316 -0.53124 -1.9341 -2.3676 -0.36834 1.3744 -0.8296 -1.8319 -1.4095 -0.44248 0.13984 -0.16595 -0.41051 -0.33495 0.47979 -0.86266 -0.15346 0.71711
-0.62201 0.54207 0.33968 1.6408 0.70489 0.55252 -0.10277 0.96329 1.1746 1.2434 1.0242 -0.42402 -1.0709 1.3811 -0.51074 -2.0116 -0.70121 0.032372 0.61519 -1.0783 -0.031754 0.15158 0.93336 -1.1045 -1.7845 0.05797 1.4188 -1.6061 -1.8312 -1.212 -0.49763 -0.6923 0.32613 -1.0125 -0.47755 0.80588 -0.16741 0.85492 1.6706
-0.51645 0.44833 -0.61118 0.49071 1.208 1.1533 -0.18845 0.78183 0.59383 -0.81278 -0.93507 -0.88253 -1.2197 2.0322 -1.4929 -2.5625 -0.98002 -0.34715 0.2464 -0.83957 -0.52092 0.11072 1.1565 -0.82532 -1.2376 1.0738 1.0851 -1.9465 -1.6192 -1.025 -0.31309 -1.4284 0.64879 -1.1432 -0.16924 0.72439 0.1383 1.5024 2.1162
-0.88317 0.44463 -0.51925 1.3105 0.87755 -0.16217 0.17946 1.327 -0.20205 -1.2655 -1.2184 -1.7677 -1.0882 2.233 -2.138 -2.8241 -1.1991 0.18026 -0.74652 -0.30198 -1.103 -0.07363 1.3659 -1.0764 -0.45696 2.0083 0.17394 -1.3015 -0.19184 0.038955 -0.01565 -1.7211 0.90147 -0.30554 0.037255 -0.19857 -0.1537 1.5925 1.6532
0.93964 -1.3816 -2.8093 -0.38807 0.049528 1.4138 -0.19628 -0.089218 0.66062 2.5076 1.1727 -0.47559 0.10162 2.0934 -2.528 -3.0133 -1.2458 0.023166 -1.5181 0.087527 -1.1664 -0.031827 0.79413 -1.6536 -0.031607 2.4551 -0.63506 -0.065791 1.1065 0.61587 0.17049 -1.1268 0.84993 0.95646 0.14765 -0.86039 0.14922 1.6766 0.4608
2.0691 -1.6881 -2.7963 0.033202 0.36523 -0.042468 -0.59027 -0.67195 0.35856 1.2794 -0.50595 -0.52583 1.2213 1.6715 -2.2747 -2.1241 -0.49636 -0.20724 -1.7795 0.14081 -0.29879 0.30302 0.74395 -0.98647 0.79189 2.335 -1.5468 1.1212 2.5208 1.0551 -0.35164 -0.36661 0.71285 1.9202 -0.25566 -2.2748 0.40043 1.1731 -0.88338
1.7976 -1.7297 -2.9349 -0.12918 1.4433 -0.80888 0.12246 -0.13783 0.83748 1.314 -1.2568 -1.1639 1.4238 1.1527 -1.544 -0.83303 -0.17836 0.16664 -1.3816 0.52479 0.88244 0.22055 -0.27432 -0.55363 1.4851 1.7381 -1.8998 1.6796 2.9959 0.71449 -0.95386 0.78221 0.63071 1.7232 -0.83907 -2.256 1.2506 0.76127 -1.7241
1.2587 -2.3321 -3.4463 -0.12759 0.79128 -1.1497 0.1445 -0.13559 0.73612 0.6216 -2.4946 -0.75432 1.5751 -0.1262 -0.67257 0.79833 0.24319 -0.62191 -1.5106 0.80732 1.5072 -0.69806 -2.7721 -0.8016 1.1278 0.78194 -1.5229 1.6079 2.5317 -0.049783 -1.5807 1.5817 0.50024 0.57777 -1.4143 -1.552 1.6793 0.30372 -1.7441
1.2884 -2.117 -2.9226 0.31753 0.40099 -0.92865 0.041388 1.1654 0.55239 -0.13364 -1.3551 0.26232 1.4889 -0.48357 -0.39461 1.1226 -0.27774 -1.7116 -0.1591 0.92771 1.1913 -1.1815 -2.081 0.79838 1.3225 0.13793 -0.66434 1.2807 1.468 -0.46256 -1.7052 1.7253 0.29225 -0.77755 -1.1007 0.2145 1.7604 -0.20103 -1.2445
1.5806 -1.9276 -1.9333 0.5108 0.86788 -0.93517 0.91628 2.1147 0.20692 0.12393 -0.032865 0.83432 1.5346 -0.29614 -0.040395 1.6309 -0.54096 -2.4713 0.62634 0.8674 0.63347 -1.7821 -1.5274 1.7492 1.483 0.0055255 0.28523 0.9006 0.016529 -0.75679 -0.75024 1.3342 -0.0015378 -1.6312 -0.12796 1.9573 1.0522 -0.6404 -0.61213
1.1673 -2.4342 -1.8118 -0.35979 -1.1883 -0.90683 0.57536 0.69656 -0.68901 -2.055 -0.79848 0.42461 1.5199 0.023868 0.37639 1.503 -0.65403 -2.3624 0.84069 1.0316 -0.1663 -1.4042 -0.41146 1.7466 0.91094 -0.10666 0.50393 0.83131 -0.8832 -0.45668 0.35501 0.063152 -0.50241 -1.5459 0.94291 1.9953 -0.51264 -1.0794 -0.35779
1.3615 -2.141 -1.8199 -0.6159 -1.3903 -0.36363 0.85893 0.45496 -1.0501 -0.67855 0.073073 0.56883 1.4611 0.14482 0.51338 0.6581 -0.98774 -1.8289 0.53487 0.73967 -0.91969 -0.83279 0.48909 0.86748 0.061003 -0.19381 0.44368 1.0648 -0.8635 0.16754 1.3273 -0.86215 -1.0347 -0.84998 1.7616 2.2029 -1.1582 -1.3249 -0.54603
1.1437 -1.8336 -1.1368 -0.71645 -1.6147 -0.12039 1.3466 0.91953 -1.4738 -0.39053 0.56787 0.91339 1.5005 0.2211 0.7787 -0.016181 -0.91107 -1.3415 0.0098142 0.033823 -0.97606 0.21228 1.0855 0.21709 -0.11427 -0.40397 -0.28585 1.1811 0.054207 1.0928 2.2309 -0.67176 -1.4932 -0.34749 1.7098 1.0927 -1.3782 -0.9206 -0.85453
1.4765 -1.702 -1.6794 -0.43693 -1.931 -0.24041 1.5258 0.24418 -0.58371 0.18281 -0.095461 0.73615 1.3662 0.42007 1.6172 0.80206 -0.099506 -0.33423 -0.59835 -0.59268 -0.58473 0.89465 2.3289 0.18598 -0.64184 -0.82524 -0.88027 1.0682 0.78637 1.3598 2.3507 -0.13158 -1.3529 -0.23299 1.3548 0.26337 -0.92301 -0.31503 -0.85979
1.6687 -1.4469 -2.0221 -1.0014 -1.3159 -0.61291 0.98118 0.46319 -0.49927 0.2785 0.082905 0.25155 1.1982 -0.63462 1.8868 1.5512 0.94844 1.3556 0.12998 -1.1235 -1.0032 1.1148 0.97328 -0.68568 -0.5689 -1.324 -1.0793 0.40589 1.0468 0.69786 1.7 0.1904 -0.94931 -0.24438 0.44195 -0.22859 -0.8655 0.013974 -0.3674
1.6717 -1.183 -1.9022 -1.031 -1.5924 -1.1571 0.5057 0.35064 0.36953 0.53491 -0.092091 0.61988 0.92801 -1.0365 1.824 1.3577 0.6294 1.529 0.22687 -1.2391 -1.3582 1.3977 1.1317 -0.53339 -0.33555 -1.2763 -0.86922 -0.44333 0.39586 -0.38823 0.31504 0.12511 -0.48512 -0.10055 0.10383 -0.57451 -0.75262 0.3086 0.43918
1.6683 0.017416 0.12272 -0.20665 -1.8135 -1.3869 -0.33509 -0.27308 -0.023793 1.7678 -0.12053 -0.74868 0.23478 -1.0242 1.3812 1.6742 0.031101 1.1241 -0.037126 -1.4413 -1.063 0.84005 1.2514 -1.1592 -0.23531 -0.83725 0.0094316 -0.92242 -0.17034 -1.2245 -0.92093 -0.3602 0.047756 0.55255 0.0075276 -0.19159 0.093276 0.40093 1.1605
-0.39201 0.20829 0.50693 1.2076 1.4339 1.0362 -0.09143 -0.83069 0.083383 -0.21573 -0.91181 0.50588 -0.34242 -0.97409 1.09 1.4968 -0.3693 0.39238 -0.27355 -1.359 -0.7555 1.2437 1.0404 -1.0849 -0.1891 -0.27982 0.56309 -1.2485 -0.65459 -1.3324 -1.3372 -0.45565 0.35989 0.90556 -0.11979 -0.59605 0.86755 0.61478 1.3885
0.20433 0.035965 -0.60639 -0.77727 -0.5321 -0.27423 0.20294 -0.88828 0.95931 1.7291 0.060245 0.67084 0.268 -0.64605 0.63559 1.1837 -0.84762 0.048139 -0.3034 -0.9865 -0.26567 1.2133 0.66278 -0.20646 0.1615 0.2612 0.96073 -0.89087 -0.88001 -1.091 -1.591 -0.41932 0.18839 0.76823 -0.38863 -0.55948 1.8267 0.26105 0.93723
0.98144 -0.40523 -0.086337 -1.279 -1.1324 -1.2739 -0.85267 -0.62847 0.35639 2.0667 -2.2541 -0.028523 0.64316 -0.19212 0.0080393 0.40347 -1.4288 -0.64632 -0.50548 -0.80237 -0.04803 0.9811 0.23188 0.75993 0.69606 0.66711 0.74396 -0.16292 -0.23779 -0.025488 -0.61414 0.32423 -0.15021 0.71894 -1.3141 -1.01 1.6866 0.051556 -0.10509
0.56325 0.19768 -0.0068317 -1.4268 -1.2202 -1.4445 -1.2116 -0.21883 1.8814 1.4297 -0.82543 -0.2174 0.78615 0.34631 0.35912 0.60169 -1.4845 -1.5803 -0.71741 -1.3781 0.031436 0.21053 0.53731 1.6282 -0.15314 0.37198 -0.10631 0.50421 0.15634 1.3206 0.49316 1.0124 0.062028 0.73065 -1.7033 -1.4714 0.72456 -0.56971 -1.2173
0.58792 0.16547 0.73469 -1.1664 -1.0088 -0.94557 -0.77253 -0.2931 1.6416 1.369 0.39906 0.73738 0.78227 -0.10565 0.93891 1.3643 -0.099639 -0.051946 0.55416 -1.4585 0.4506 -0.8432 -0.94851 1.4243 0.075269 -0.52323 -0.7557 0.48882 -0.021787 2.3953 1.6346 1.3743 0.8676 0.88462 -1.8157 -1.6183 -0.78331 -1.0303 -1.7442
0.4888 0.0062375 0.55337 -1.3964 -1.2559 -0.66744 -1.1291 -0.95064 0.75553 1.2793 0.92439 0.78684 0.71884 -0.88142 1.0481 1.0136 0.96125 0.72017 1.0989 -0.55455 0.86189 -1.2312 -1.7547 0.94182 -0.65976 -1.3279 -1.1044 -0.12893 -0.91512 2.5814 2.042 1.4177 1.8479 1.0506 -1.0584 -1.7577 -1.9194 -0.61206 -1.4532
0.27703 0.75134 0.64135 -1.5221 -1.3401 -0.21699 -2.1902 -0.83474 0.23158 1.4238 1.0931 -0.1808 0.094687 -0.95937 0.51455 0.17616 1.8357 1.469 1.2082 0.40486 1.2059 -1.8767 -1.9341 -0.46653 -1.1007 -1.6127 -0.62963 -0.58936 -1.3812 1.8517 0.97565 0.38229 2.1692 0.93765 0.17499 -0.89498 -1.8073 -0.12555 -0.5968
0.47428 1.197 1.4379 -0.84419 -0.46328 -0.15911 -2.0664 0.41477 -0.4453 0.20692 0.27823 0.55368 -0.44818 -1.2464 0.34142 -0.48882 2.3838 1.7445 1.6601 1.1531 1.6379 -1.356 -2.5707 -1.2941 -0.78124 -1.6909 0.092641 -0.78527 -0.97051 0.89327 0.096302 -0.20047 1.6753 0.50479 1.073 0.062712 -1.0615 0.90941 0.36834
-0.71413 0.81896 0.99197 0.44324 -0.024979 -0.23052 -0.99586 0.89063 -0.33387 -0.82374 -1.2118 -1.6333 -1.1063 -1.0735 0.25676 -0.43682 2.6577 1.3758 1.0049 1.7547 1.8324 -0.42867 -2.3539 -1.0987 -0.11008 -1.4123 0.31049 -1.1703 -0.23565 -0.8674 -0.77046 -0.85689 0.39457 -0.5865 1.4689 1.3798 0.5354 0.8636 1.402
-0.58657 0.38814 -0.14834 1.1305 0.89683 0.26611 0.13143 0.99978 -0.52405 -0.81361 -0.51398 -0.86357 -0.96821 -0.65226 -0.20129 -0.46759 2.223 0.93755 0.82136 1.9087 1.4968 0.17013 -1.3741 -0.87442 0.66237 -0.76646 0.8026 -1.2706 0.48814 -2.492 -1.0775 -1.4762 -1.1495 -1.6209 0.64825 2.5963 1.6984 0.11581 2.1426
-0.99205 0.56655 0.072145 1.4505 0.71958 1.6764 0.48297 1.1761 -0.30112 -1.8808 -0.60701 0.67503 -1.2599 -0.68546 -1.2659 -0.25397 0.28974 0.29945 -0.002501 0.75637 0.15337 0.26739 0.36702 0.42143 -0.096397 0.44194 0.63015 -0.47565 0.70468 -3.0756 -0.52183 -1.3157 -1.934 -1.8167 0.10119 2.4649 1.6537 -0.68068 1.7545
-0.57451 0.90863 0.55275 1.4912 -0.23634 -0.11193 0.14655 1.2552 0.18014 -1.1182 0.0031181 0.42331 -1.1843 0.031583 -1.1246 0.34782 -1.1027 0.091968 -0.64639 -0.52254 -0.60888 -0.41741 1.4886 1.3962 -0.55292 1.2281 0.51702 0.53351 0.61614 -2.5008 0.020186 -0.84772 -1.6024 -1.1449 0.10922 1.5949 1.081 -0.77112 0.81052
-0.30695 0.62498 0.5673 1.2068 0.20777 0.7168 -0.036283 1.5665 0.15613 -0.23153 -0.76813 0.46113 -0.98069 -0.25912 -0.1181 0.4867 -1.4434 0.7258 -0.76568 -0.67995 -0.57273 0.071504 1.3623 1.126 -0.85535 0.73996 0.63644 0.77928 -0.26025 -1.2381 -0.007485 0.10505 -0.31341 -0.37438 0.47953 0.071772 -0.22238 0.26431 0.058728
-1.2469 -1.3705 0.9465 -0.88084 0.39825 -0.67359 -1.072 0.19402 -0.44163 0.66451 0.71567 -1.5088 0.47171 0.083692 0.15397 0.32845 -1.5975 0.74202 -0.40967 -0.39989 -0.32291 0.49034 1.4735 0.97465 -0.49138 0.53981 0.69384 0.26115 -1.1914 -0.25596 -0.80318 0.44512 1.0527 -0.0092904 1.2043 -1.2175 -1.2225 1.0323 -0.054156
-0.43766 -0.26989 0.76736 -0.44398 0.69156 -0.55131 -1.1371 0.057074 -1.4734 0.73804 0.99529 -2.3087 0.4306 0.45625 -0.54605 -0.7096 -1.7839 -0.063606 0.082164 0.092776 -0.71004 0.76698 0.56411 0.19717 0.40406 0.89208 0.93967 -0.49565 -1.4561 0.34423 -1.2225 0.73608 1.8368 -0.19123 0.96439 -1.5834 -1.6053 1.1975 0.34635
-1.2797 1.4684 0.20678 0.16481 2.2171 0.43825 0.16186 0.93271 0.60151 -0.32095 0.58035 -0.029721 -1.087 0.94676 -0.458 -1.253 -1.4131 -1.1522 -0.21924 1.0582 -0.56772 1.6194 -0.59399 -0.59744 0.87977 1.0554 0.4802 -1.1058 -1.117 0.61896 -0.87317 0.63334 1.9885 -0.48605 0.36351 -1.3026 -1.4875 0.30702 0.61952
-0.30397 0.79651 0.86746 -0.45528 0.4691 0.92774 -0.012625 1.2373 1.0137 0.32982 0.49941 0.85012 -0.65717 1.0323 -0.68363 -1.4143 -0.8916 -0.80955 0.54465 2.0329 -0.82314 1.4178 -0.84358 -1.3203 0.85095 1.1043 -0.12182 -1.4112 -0.18654 0.80762 0.24505 0.3175 1.3432 -0.79812 -1.1306 -0.30906 -0.67151 -1.1318 0.75327
0.39354 -1.2415 -0.85861 -1.4783 -1.1223 -0.46669 -0.071224 -0.21853 0.91809 -0.00079009 -0.36688 0.46375 1.0007 0.67738 -1.7163 -1.3796 -0.88483 -0.6647 0.56884 2.3572 -1.1987 0.88929 -0.48056 -1.2606 -0.098432 1.5462 -0.74968 -0.93618 0.4879 1.1999 1.7233 0.52065 0.44944 -0.89191 -2.3864 0.35168 0.24459 -1.5108 0.2881
0.54711 -0.73058 -0.81407 -1.3474 -1.0419 -0.34661 1.2113 0.29156 1.9418 -0.91127 -1.1367 -0.13494 1.2549 0.37041 -2.3903 -0.97435 -0.53578 0.16268 0.29599 1.9567 -1.9192 -1.0938 -0.092093 -0.81475 -1.3592 1.9992 -0.97245 0.22365 1.1063 1.4655 2.1009 0.2922 -0.55645 -0.36998 -2.5641 0.47993 1.1305 -0.62394 -0.45992
-0.28878 -1.5236 -0.52027 -1.6002 1.0321 0.55178 1.83 -1.2564 0.25643 -0.1241 -0.33607 -1.4099 1.5551 -0.092386 -1.2469 -0.54534 0.65623 1.8058 0.90011 1.9288 -1.7224 -1.8304 -0.20029 -0.34065 -1.0231 1.1257 -0.48928 1.4199 1.0898 1.4136 1.4155 0.18667 -1.391 0.20598 -2.1742 0.36169 1.2791 0.86545 -1.2482
0.042858 -1.1867 -0.99373 -0.82517 0.64732 0.90523 2.4316 -0.61264 0.37205 -0.0015658 -0.51067 -1.3016 1.2926 -0.36078 -0.53131 0.24748 1.0828 2.1591 0.93867 1.1877 -1.2734 -2.2789 0.051445 0.52122 0.073511 0.48974 0.1162 1.4198 0.64196 0.79827 -0.23468 0.10607 -1.6415 1.1274 -0.55208 0.24224 0.89728 1.7046 -1.4898
-0.50526 -1.8784 -0.65588 -0.67575 1.7387 0.68807 2.1243 -1.4027 -1.1612 -0.26841 -0.47301 -0.80692 1.6449 0.14965 -0.1658 0.057679 0.95367 1.162 0.60605 0.11274 -1.1406 -2.8047 0.23785 0.67352 0.91504 0.061227 0.42501 0.34271 0.13447 -0.2733 -1.6539 0.049714 -1.666 1.4152 0.55888 0.3114 0.48271 0.70982 -0.93936
0.26678 -1.1123 -0.33503 0.19201 1.7262 1.4954 2.2823 -1.1848 -1.0983 -0.23082 -0.34934 -0.058471 1.2746 0.46465 -0.45105 -0.061402 0.81029 -0.010552 0.64798 -0.23552 -0.080165 -1.6902 0.23154 0.50798 1.0748 -0.14187 0.37501 0.22619 -0.059202 -0.54556 -1.9939 0.38965 -1.2331 1.6725 1.9133 0.080107 -0.19869 -0.57811 -0.85219
-0.10929 -1.9288 -0.66438 -0.56731 1.2488 0.089993 1.6853 -1.7822 -1.5846 -0.31556 0.27116 0.32424 1.9901 0.27556 -0.69173 -0.12131 0.27937 -0.45994 1.143 -0.50578 0.35707 -1.0145 0.39565 0.65719 -0.10425 -0.24389 -0.28017 0.10085 -0.0037757 -0.93433 -1.562 0.33211 -0.60264 1.5316 3.0402 0.058393 -0.30975 -1.0709 -0.68748
0.66609 -0.81727 -0.85116 -0.39881 0.86157 0.9447 1.6098 -1.4928 -2.4924 -0.22654 -0.15493 0.13908 1.0995 0.26537 0.12311 0.24597 0.39668 -1.0645 1.4155 -0.83506 1.1423 0.61071 0.17934 0.14227 -0.56525 -0.88659 -0.52584 1.0368 0.43497 -0.81535 -0.76559 0.18965 -0.097135 1.1017 2.8156 -0.12537 -0.75977 -0.8396 -0.84918
0.14051 -2.6532 -0.76574 -0.24314 1.0559 1.9869 2.0261 -0.7047 -1.4078 0.50907 0.2679 -0.57416 1.2689 -0.26117 -0.28072 -0.083814 -0.59127 -1.4767 0.85799 -0.73375 1.1452 2.0547 0.42575 0.24463 -0.39585 -0.79969 -0.73427 1.713 0.84888 -0.052975 0.084594 -0.77441 -0.021484 0.61059 1.8942 -0.36571 -1.2862 -0.045748 -0.88702
0.05773 -2.148 -1.0223 -0.34563 0.47265 2.4523 1.6408 -0.24461 -1.2366 0.28946 0.33627 -1.7761 1.0866 -0.22725 1.1533 0.74892 -0.28319 -1.0654 1.1547 -0.31704 1.6069 2.3415 -0.0024239 -0.80779 -0.44919 -1.3875 -0.70419 2.1684 0.76769 0.67019 0.75301 -1.8499 -0.26688 -0.050412 -0.053095 -0.53008 -1.1661 0.57271 -0.79969
0.10787 -0.70301 0.30144 0.3901 0.48115 2.1797 0.64838 -0.055539 0.18772 -0.53185 -0.61552 -0.56462 0.13989 -0.82 1.786 1.2269 0.51903 -0.31222 -0.19949 -0.81801 1.2738 1.8669 -0.23032 -1.4548 -0.24924 -1.5849 -0.43239 2.0282 0.74361 1.3332 0.83171 -2.0588 -0.45749 -0.18104 -1.5209 -0.39198 -0.67193 0.81914 -0.70136
-0.22725 -2.0469 -1.1202 -1.7074 -0.63519 1.2721 1.3915 -0.41301 1.7743 0.61511 0.60863 0.31891 0.82501 -0.74201 2.8794 1.0391 1.0963 -0.15466 -1.5782 -1.3077 0.97243 0.60634 -0.55002 -1.3521 0.50758 -1.9287 -0.1909 0.59031 -0.048477 1.0245 0.56197 -1.6955 -0.18805 -0.3426 -2.0249 0.058249 0.2838 0.78268 -0.030438
0.01655 0.53615 0.63688 -0.50736 0.27859 2.0597 1.6162 0.56287 0.13902 -0.55161 -1.6451 -0.76219 -0.37779 -0.79294 2.4005 1.1748 1.2162 -0.28171 -1.6962 -1.1117 1.1089 -0.074346 -0.071731 -0.82759 0.76323 -1.7873 0.41862 -0.27328 -0.59994 0.77374 0.55361 -0.18382 0.11774 0.15231 -1.5854 -0.00543 0.96924 0.43029 0.38894
-0.88541 0.57826 0.68603 1.3017 1.1339 0.89567 0.21284 0.31976 -0.46493 -0.1266 -2.0444 -0.98572 -1.0591 -0.58779 1.8746 0.70396 1.2869 0.026971 -1.3251 -0.5367 1.0292 -0.67956 0.079789 -0.53251 0.60936 -1.3403 0.54715 -1.6276 -1.2649 -0.12199 0.4806 0.79402 0.50214 0.1997 -0.66727 -0.06928 1.3379 0.015602 1.0333
-0.76515 0.84944 0.045254 1.2313 0.39051 -0.023168 -0.15299 0.69945 -0.59981 -0.37433 -0.65803 -0.029349 -1.1969 -0.12815 1.806 0.29674 1.8726 0.68781 -0.6735 -0.99485 1.5246 -0.61414 -0.51565 0.1108 0.56205 -1.1804 0.66411 -1.8554 -1.2487 -1.1401 -0.017008 1.2269 0.69166 0.015536 0.20002 -0.3835 1.1627 -0.20346 1.2579
-0.81301 0.72151 0.88112 0.61381 -0.60925 0.728 0.18186 1.2729 -0.14721 0.26479 -0.49475 -0.16603 -1.1648 -0.070128 0.32465 -0.85761 0.53851 0.30454 -0.57354 -0.43449 1.1338 -0.43475 -0.43076 0.89987 0.64353 -0.37703 0.41371 -1.7108 -0.5527 -1.5388 -0.2116 1.2311 0.71183 -0.44172 0.75063 -0.18967 0.63674 -0.34103 1.0922
-0.48108 1.0789 0.55151 0.93365 0.50683 0.6435 0.89744 0.87742 0.20973 -0.20734 -1.3268 0.72971 -1.0883 0.16666 -0.075076 -0.34999 -0.54691 -0.47768 0.26893 0.12528 1.0763 0.20481 -0.57017 0.82298 0.34472 -0.010773 0.073878 -1.2388 -0.10326 -1.1541 -0.24514 0.81535 0.62156 -1.1366 0.73487 0.29112 -0.080388 -0.077324 0.80065
-0.19149 1.1388 -0.56081 1.4525 1.229 0.95207 -0.2533 2.173 0.25904 -0.84033 0.12657 0.16903 -1.1566 0.02478 -0.18262 0.017506 -0.38775 0.16102 0.55263 0.22924 0.40514 0.39976 -0.24508 0.4142 0.042313 0.035743 -0.29375 -0.62668 0.56228 -0.33425 0.12986 0.71573 -0.074905 -1.5844 0.90176 0.95298 -0.4508 0.025923 0.42351
-0.6904 0.73078 -0.45636 0.6024 0.82584 0.67514 0.64995 1.5838 -1.5835 -1.0494 -0.94907 -0.49939 -1.1449 -0.037832 -0.11217 -0.31384 0.1722 0.2434 0.32002 -0.17049 -0.27813 0.42628 0.035483 0.20583 0.71273 0.050765 -0.54201 -0.82684 0.34792 -0.53285 0.44306 0.26216 -0.35015 -2.4314 1.3035 1.5215 -0.56232 0.62332 0.71657
-0.79331 0.3669 0.76702 0.29044 -0.72352 0.87686 0.10192 1.6286 0.48371 -0.51773 -0.30013 -0.11339 -1.1198 -0.50321 -0.75756 0.19041 -0.44837 0.1823 0.76768 -0.44029 -1.206 1.2417 1.2816 0.31138 0.51546 0.35287 -0.49914 -0.80185 0.45012 -0.85675 0.31044 0.24657 -0.21652 -2.2616 1.2884 0.75461 -0.38838 0.96771 0.92193
-0.65825 0.8363 0.46282 0.738 0.71548 0.94282 0.48613 1.0557 0.4318 -0.10149 -0.023407 0.3935 -1.1332 -0.55921 -1.2386 0.23055 -1.5161 0.38012 0.66383 -0.21132 -2.7427 2.3643 1.8595 -0.24826 1.3552 1.1173 -0.33987 -0.42484 0.64901 -0.93122 0.3985 -0.050438 0.14678 -1.3259 0.19082 -0.084637 -0.39544 0.54859 0.75396
-0.57592 0.91528 -0.16369 1.4792 0.42654 1.1748 -0.020348 0.76994 0.5423 0.14406 -0.77314 1.5803 -1.0406 -0.62591 -1.0267 0.60258 -1.15 0.69426 0.85344 -0.17038 -2.6649 1.9814 0.44717 -0.12957 1.6548 1.1577 -0.050832 0.32487 0.73914 -0.30906 -0.17257 -0.62839 0.057978 0.14552 -1.2281 -1.1216 -0.33665 -0.031974 0.12462
-1.2974 -0.31803 0.33389 -0.075032 1.4773 1.9018 -0.14265 -0.47037 2.0444 1.4845 -0.36334 0.51327 -0.42579 -0.59625 -0.72523 0.70765 -1.2229 0.76619 0.18386 -0.042192 -2.075 0.43981 0.31819 -0.35879 1.2411 1.0021 0.13287 0.86618 0.83221 0.43823 -0.73132 -1.0342 0.19934 1.693 -1.9694 -0.96154 -0.038785 -1.1047 -0.69167
-1.0391 -0.81359 -0.34309 -1.6629 1.2157 1.3281 -0.13014 -1.7667 2.9705 1.1226 -0.62113 1.6797 0.69385 -0.57525 -0.45012 1.3472 -1.1751 -0.3809 -0.187 -0.42862 -1.2736 -0.21453 -0.23055 -0.29953 0.51299 0.63472 0.63106 0.65797 -0.031697 0.56021 -1.1874 -1.5031 0.32211 2.3462 -1.5572 0.084483 0.18267 -1.4609 -0.71231
-1.6338 -0.14422 1.5098 -0.23219 0.7276 1.7182 0.65647 -1.0804 0.53364 -1.753 -0.88489 1.6323 -0.14841 -0.33877 -0.015637 1.4269 -0.68338 -0.57662 -0.78403 0.27991 -0.23494 -0.41993 0.24701 -0.22693 -0.27234 0.138 1.0519 0.11249 -0.96703 0.52401 -1.0563 -1.4977 0.22809 2.0831 -0.46602 0.55179 0.50166 -1.9329 -0.14634
-1.2464 0.15053 1.5234 -0.57515 0.60135 0.66401 -0.0566 -0.33447 0.54846 0.90587 -0.52581 1.5432 -0.24126 0.40326 -0.23455 0.20318 -0.37105 -1.0462 -1.5241 0.26159 0.85817 -0.65695 0.69862 0.1888 -0.49703 0.31191 1.3648 -0.51191 -1.9895 -0.19693 -0.33297 -1.4294 0.11947 0.88483 0.62983 1.1727 0.74925 -2.0995 0.88535
-1.3127 0.38983 1.6279 -0.30012 0.092826 0.97504 -0.67031 -0.60178 0.44272 -0.029292 -0.63807 1.0622 -0.42028 0.84287 -0.64049 -0.50154 -0.64404 -1.0494 -1.9989 0.028882 0.80293 -0.25259 1.0376 0.42661 -2.1034 0.90145 1.1082 -0.82506 -1.962 -0.67223 -0.11553 -0.8546 -0.17109 -0.41706 0.91192 0.39063 0.78363 -1.889 1.5002
-1.2121 0.089024 1.1935 -0.16867 0.39699 0.47787 0.91944 -0.097312 1.4798 1.7253 -1.0914 0.66049 -0.44208 1.3352 -1.0376 -1.3735 -1.5648 -0.83741 -2.3007 -0.091209 -0.123 0.95206 1.8445 0.90408 -2.7532 1.8426 0.60568 -0.43389 -1.0309 -0.4447 0.070942 -0.3029 -0.15459 -1.0438 0.52235 -0.30122 0.82149 -1.2127 1.1494
-0.44162 -1.5668 -0.35066 -1.833 0.1146 -0.26595 0.17294 0.010531 1.6127 1.9526 0.28007 0.32094 1.0795 1.2268 -1.0619 -1.4185 -1.3472 -0.93642 -2.0215 0.12173 -0.54578 0.58284 0.52421 1.0154 -2.9064 2.0658 0.27136 0.33141 -0.031147 0.62779 -0.16934 0.30448 -0.4986 -0.7622 -0.59814 -1.12 0.95757 0.23729 -0.039812
-0.071909 -1.1223 -0.031941 -2.0845 -0.43417 -1.197 -0.06153 -0.93238 1.3689 0.53266 -0.29266 -1.5199 1.8431 1.3228 -0.78728 -1.2385 -0.85377 -0.98289 -2.0872 -0.088401 -0.45845 -0.036639 0.37209 1.5709 -2.5092 1.7932 -0.061152 1.1459 0.92196 1.9753 -0.295 0.94213 -0.73475 -0.037717 -1.5176 -1.3903 0.6227 1.541 -1.6332
0.10336 -0.7121 0.41222 -1.9872 -0.28136 -1.1271 0.1915 -1.1349 1.6587 1.6766 0.58298 -1.784 1.8482 1.3484 -0.19012 -0.60781 0.1758 -1.3403 -1.5225 -0.9231 -0.48583 -0.93274 -0.50571 2.0449 -1.748 0.85528 -0.036937 1.1721 0.78435 2.1825 -0.16438 1.2778 -1.0789 0.53826 -1.5797 -0.60358 0.22395 2.515 -2.4468
0.011562 -0.8281 -0.14223 -1.6305 -0.76721 -1.3304 -0.032493 -0.81254 1.0295 1.2458 0.55931 -1.8533 1.8416 1.1649 0.52706 -0.043081 1.374 -1.252 -0.75199 -0.96354 -0.23443 -1.2802 -0.48021 1.6637 -0.25558 -0.48285 -0.058278 0.81198 0.25078 1.5436 0.15912 1.2553 -0.84206 0.71655 -1.3364 -0.50463 -0.61169 2.5352 -2.3282
0.47409 -0.85358 -0.25814 -1.0647 -0.9894 -1.6149 -0.223 -0.67675 0.62792 1.1439 1.5043 -1.7636 1.5829 1.2406 0.3273 -0.53667 1.6275 -1.1556 -0.25124 -1.4828 0.35393 -1.9081 -0.25932 1.4368 0.98543 -1.1871 -0.21969 0.45217 -0.18979 0.43299 0.64742 0.80814 -0.11677 0.6269 -0.6347 -0.015053 -1.0169 1.793 -1.4211
0.98796 -0.86501 -0.084364 -0.47711 -1.4791 -1.5575 -0.80602 -0.66854 0.1906 0.95209 2.1577 -1.4753 1.0263 1.2725 0.37041 -0.78793 1.3117 -0.77807 -0.32795 -1.4051 0.47178 -2.1811 -0.75577 0.65248 1.183 -1.3636 -0.57965 0.25461 -0.30403 -0.62063 0.85877 0.48655 0.48847 0.27494 0.14834 0.36179 -1.0624 0.64371 -0.25815
1.1801 -0.64317 -0.20864 -0.35986 -1.4948 -1.3365 -1.2594 -0.79448 -0.076658 0.82923 1.8799 -0.28047 0.69335 0.89493 0.67505 -0.56952 1.0173 -0.29765 -0.19169 -0.93473 0.34102 -1.729 -0.35829 0.50837 1.1118 -1.2543 -0.9369 0.31496 0.050503 -1.0265 0.9528 0.44813 1.1528 -0.051518 1.1401 0.63203 -0.8996 -0.22075 0.50338
1.4959 -0.50583 -0.74712 -0.17334 -1.7323 -1.4767 -2.0222 -0.48301 -1.3859 0.63621 1.3692 -0.65888 0.38026 0.27899 0.79438 -0.57348 0.51522 0.023879 0.14825 -0.33167 0.284 -1.0702 0.35967 -0.0064195 0.96891 -0.91194 -1.0324 -0.017099 0.45048 -1.0469 0.61186 0.56892 1.1464 -0.13626 1.6406 1.1042 -0.54121 -0.80666 0.91701
1.5568 -0.26113 -0.8165 -0.47111 -1.0399 -1.7673 -1.155 -0.35051 -1.2844 0.59015 1.3135 -0.67872 0.24202 0.024448 0.6621 -0.53064 0.10133 0.33743 0.36747 0.13595 0.34018 -0.20565 0.53324 -0.03868 0.65658 -0.50886 -0.79459 -0.47181 0.75709 -0.95409 0.20284 0.31939 0.78728 -0.26562 1.6979 0.95502 -0.6238 -1.1996 1.0859
1.0035 -5.9462e-05 -0.72498 -0.018703 -1.2345 -1.6344 -1.0106 -0.39391 -0.96972 0.95394 2.0393 -0.59914 0.30449 -0.18002 0.34268 0.050573 -0.19302 0.11243 0.47946 0.20285 0.20373 0.30332 1.127 -0.15395 -0.19349 -0.08994 -0.43505 -0.7601 0.97042 -0.67233 -0.21565 -0.14021 0.18765 -0.43515 1.3502 0.29588 -0.7199 -1.5361 1.0376
0.92385 0.022846 -0.81232 -0.27067 -1.2302 -1.1344 -0.82676 -0.42625 -0.55542 1.9578 1.7701 -0.2596 0.29035 -0.32788 0.071094 0.54727 -0.41737 0.043206 0.25418 0.26594 -0.13284 0.94361 1.2775 -0.66488 -0.69458 0.28417 -0.17994 -0.81857 0.90366 -0.43689 -0.31767 -0.61237 0.012411 -0.59925 1.0055 -0.35948 -1.1106 -1.4777 0.86043
1.3725 -0.16068 -0.78695 -0.38816 -1.1046 -0.92562 -1.1294 -0.24749 -0.098121 1.1924 1.9372 -0.19658 0.24626 -0.33888 -0.24433 0.71357 -0.48623 -0.28585 -0.059465 -0.056542 -0.31526 1.0278 0.64138 -1.1347 -1.414 0.55429 -0.030767 -0.47437 0.46808 -0.09619 -0.1018 -0.90247 0.1554 -0.61072 0.76898 -1.0135 -1.0706 -1.0978 0.53282
1.0922 -0.28722 -0.11138 -0.69693 -1.5943 -0.98201 -1.5176 -0.50848 -0.53457 2.3432 1.0342 -1.1655 0.57627 -0.22307 -0.48092 0.83956 -0.57172 -0.12552 -0.52719 0.27618 -0.54754 1.4241 0.072128 -1.7801 -1.6751 0.71387 0.040831 0.37382 -0.022159 0.33261 0.018001 -0.5349 0.24783 -0.60661 0.18527 -0.8663 -0.58643 -0.2995 -0.089204
0.99012 -0.29512 -0.1248 -0.78066 -1.2924 -1.7438 -1.1584 -0.69558 -0.13283 2.0434 0.19086 -1.937 0.77565 -0.28625 -0.21559 0.79515 -0.29709 -0.03099 -0.84682 0.4772 -0.75791 1.5881 -0.32923 -1.7472 -1.8877 0.65208 -0.12328 1.2616 -0.45229 1.0272 0.81672 0.50492 0.38621 0.10149 -0.49234 -1.2716 0.047128 0.98407 -1.0019
0.79388 -0.44956 -0.04383 -0.84558 -1.441 -1.8654 -0.9386 -0.76335 0.37837 1.0602 0.39598 -2.434 1.0012 -0.27693 0.70648 0.48444 0.1103 -0.070977 -0.36865 0.45238 -1.0727 1.0359 0.0088046 -1.5301 -1.0506 0.075758 -0.75752 1.4163 -0.61551 0.92287 1.5359 1.6892 0.11308 0.9379 -1.0064 -1.1097 1.0576 2.2563 -1.574
0.74579 -0.60003 0.20198 -0.70728 -1.2637 -1.9085 -0.32189 -1.1352 1.5134 1.4027 -0.22648 -2.056 1.1593 -0.53516 1.365 0.068258 1.0965 1.3071 0.82629 0.56894 0.13007 0.25635 -1.9207 -1.1496 0.24003 -0.92428 -0.99723 0.67039 -0.81534 0.33695 1.7809 1.9773 -0.028672 1.2874 -0.87013 -0.65706 1.4755 3.0698 -1.3877
0.83621 -0.061395 0.076508 -0.63874 -1.2138 -1.8435 -0.52044 -1.2942 1.5185 1.5397 -0.26894 -2.5212 0.91486 -1.4831 1.2026 0.07625 0.45972 2.2725 1.8581 0.43017 0.7787 0.10932 -1.3904 0.075342 1.7639 -1.3223 -0.88802 -0.39112 -0.4458 -0.60433 1.1096 1.209 -0.19588 1.0729 -0.30207 0.049349 1.4123 2.7546 -0.59394
1.0394 1.1957 -0.075833 -0.23277 -1.4884 -1.0208 -1.0888 -1.7643 0.22976 1.9432 -0.28865 -1.4543 0.051854 -1.5065 0.70501 -0.49956 0.15856 2.3574 1.8107 0.42157 0.74988 0.33984 -0.95013 0.44948 2.83 -1.1388 -0.19217 -1.1411 0.05332 -1.4235 -0.57623 -0.15997 -0.2949 -0.16777 0.28553 1.2894 0.81535 1.839 0.53582
-0.08386 1.3065 -0.076449 1.1428 1.1656 0.1392 -0.46805 0.64839 -0.61542 -1.7843 -0.85116 -1.003 -0.86263 -1.4146 0.34786 -0.042436 -0.5541 1.6133 1.446 0.14485 0.64384 0.40431 -0.33341 0.5419 3.1509 -0.88238 0.79913 -1.1801 0.61487 -1.3993 -1.869 -1.2969 -0.30092 -1.1462 0.17037 1.4932 0.13723 0.35267 1.3195
-1.6483 0.32906 0.11333 -1.3176 1.7293 0.25062 -0.28017 0.16411 1.177 0.83433 1.2145 0.49997 -0.40247 -0.91871 -0.20847 0.2461 -1.0649 0.45439 0.73036 0.14415 -0.13078 0.67926 0.26297 0.28123 3.2175 -0.18201 1.4348 -0.48223 1.109 -1.2413 -2.4513 -1.7139 -0.49774 -1.7888 -0.37066 1.5079 -0.067559 -0.69762 1.4803
-0.47855 -0.1225 -0.96885 -0.71334 0.62905 -0.43161 -0.066109 -0.74474 2.0374 0.54283 0.59448 1.1417 0.23215 -0.31132 -0.40979 0.86743 -1.5516 -0.55925 -0.070283 -0.0098969 -0.96623 0.28261 1.1374 0.45186 2.2775 0.568 1.5477 0.52334 0.88348 -0.13652 -1.7296 -1.6372 -0.54831 -1.4937 -1.1106 0.086956 -0.26925 -1.3362 0.93622
-0.46343 0.42064 0.72074 -1.4619 -0.23198 -0.45221 -0.57284 -0.82838 1.7161 1.7227 -0.14201 1.2969 -0.095926 0.57132 0.2358 1.1296 -1.6696 -1.5111 -0.69437 -0.45002 -1.8501 -0.32462 1.4795 0.37265 1.88 0.79332 0.74744 1.2567 0.65537 0.69786 -0.014528 -1.0331 -0.50766 -0.33537 -1.4662 -1.5794 -0.00030689 -1.7318 0.0025546
0.032584 0.5146 0.30854 -1.4311 -0.91586 -0.60922 -0.67845 -1.7186 1.1089 1.4442 -0.24036 1.513 0.26394 0.67658 1.0371 1.1799 -0.50859 -0.90675 -0.95885 -0.60214 -1.3413 -1.2802 -0.72068 -0.033645 1.1598 0.31083 -0.15841 1.1821 -0.1188 1.5065 1.5138 -0.28216 0.073927 0.75327 -0.98073 -3.0168 0.21383 -1.5345 -0.63564
-0.090902 0.87509 1.1811 -1.7135 -0.5687 -0.42903 -0.86299 -1.8253 -0.50116 1.8571 0.72648 1.2514 0.39614 -0.041668 1.2627 1.3293 -0.27982 0.57595 -0.7913 -0.52736 -0.58964 -1.4278 -2.0393 0.53816 0.32777 -0.048255 -0.86626 0.46276 -0.46502 1.5694 2.3202 0.49793 0.66993 1.2864 -0.27621 -3.0451 0.35769 -1.3893 -0.82712
-0.091058 1.198 1.0296 -1.8446 0.13918 -0.70939 -0.83574 -1.4743 0.083593 0.31124 0.55462 2.2028 0.26716 -0.29235 1.1407 0.56563 0.57534 1.42 -0.55668 0.15501 -0.17664 -1.0957 -3.3127 0.81643 -0.0016829 -0.15145 -0.72257 -0.22532 -0.77004 0.96615 1.5113 0.96106 0.89556 1.0062 0.42777 -1.4404 -0.070077 -0.86126 -0.60181
-0.60765 1.3611 0.97264 -1.5506 0.33388 -1.4496 -0.9585 -1.7525 0.40024 -0.58042 0.89194 2.1561 0.065225 -0.52775 0.98939 0.59017 0.72816 1.9705 0.056253 0.41861 -0.00066195 -0.95564 -3.4925 0.68594 -0.30507 -0.45944 -0.22527 -0.54344 -0.63045 0.57489 0.036947 1.0092 0.42273 0.70347 0.36933 0.41614 -0.83054 -0.48636 -0.3774
-0.43089 1.5358 1.2685 -1.1107 1.106 -1.2836 -0.88356 -1.4114 0.11508 -1.8267 0.79338 0.97481 0.021272 -0.40083 0.7752 0.13503 0.79677 1.4136 0.45165 0.59646 0.26407 -0.66499 -2.9375 -0.23449 -0.23671 -0.56309 0.16989 -0.65903 -0.27503 -0.23145 -1.1301 0.61792 -0.43424 0.83702 0.14908 2.1584 -1.3973 -0.50532 -0.19647
-0.59993 1.848 1.259 -0.54204 1.0557 -0.75429 -0.060883 -1.4159 -0.33696 -2.2304 0.85711 1.3119 -0.14388 -0.39738 0.49026 0.39 0.68568 0.63049 0.63046 0.034184 0.51529 -0.90734 -1.3239 -0.6016 -0.52019 -0.51919 0.45075 -0.82831 -0.16152 -0.32778 -1.9509 -0.11457 -1.0258 0.98634 0.2992 3.0117 -1.0042 -0.34516 0.032921
-0.62834 1.7222 1.3351 -0.95049 1.7443 -0.095134 -0.28586 -2.0119 -1.1199 -2.4406 1.0596 1.2153 -0.26379 -0.043981 0.23288 0.17288 0.16187 -0.20654 0.33659 -0.48232 1.1442 -0.81891 0.11556 -1.3515 -0.8974 -0.47361 0.66764 -0.91393 -0.17427 -0.26667 -1.8746 -0.58477 -1.2319 1.08 0.20851 2.7565 0.11139 -0.16344 0.11119
-0.58151 1.9055 1.1241 -0.99658 1.0441 -0.19184 -0.23417 -1.0382 -0.92653 -1.9199 -0.084241 1.6651 -0.36854 0.12161 -0.19301 0.28974 0.43041 -1.1675 -0.10173 -0.98414 1.4215 -0.28127 1.2615 -0.77204 -0.65866 -0.44451 0.75278 -0.76773 -0.43315 0.29303 -1.3893 -0.49219 -0.58974 0.83445 0.45634 1.7242 0.66191 -0.0013264 0.095438
-0.88162 1.7476 1.6617 -0.84968 0.77066 -0.71618 -1.4348 -0.69675 -0.62353 -1.3772 -0.1477 1.3404 -0.44439 0.56456 -0.48653 -0.12008 0.4237 -1.4819 -0.29379 -1.2241 1.8508 -0.55971 1.5215 0.090848 -0.4891 -0.40029 0.35183 -0.62285 -0.30631 0.85674 -0.20427 0.33086 0.1792 -0.23395 0.52894 0.51068 0.93349 0.44833 0.08825
-0.40788 1.6628 1.0737 -1.247 0.16282 -1.3617 -1.5632 -0.017851 -0.72081 -0.75872 -1.0219 -0.091295 -0.54905 0.67912 -0.4976 -0.25074 1.1028 -1.5499 0.010552 -0.71694 1.7358 -0.12925 1.5862 0.030906 -0.72274 -0.38398 -0.39617 -0.44434 -0.18399 0.67091 1.2583 1.2598 1.2498 -1.0443 0.8408 -0.59028 0.075325 0.72315 0.1297
-0.22029 1.2646 1.8366 0.21143 -0.34292 -0.87446 -1.6103 0.12106 -0.429 -0.54037 0.82264 0.47407 -0.58664 0.32394 -0.70888 -0.10795 1.43 -0.44926 0.9138 -0.29168 0.53307 0.15612 1.0521 0.15006 0.032772 -0.34491 -1.2604 -0.48162 0.1141 0.10529 2.0603 1.5915 1.8549 -1.5873 1.467 -0.94596 -0.6479 1.0712 0.24005
0.25737 1.2631 0.67012 -0.36139 -0.27262 -0.42292 -1.3632 0.60118 -2.1094 -0.71855 1.5321 1.346 -0.71343 -0.48093 -0.86357 -0.039661 1.1834 0.82481 1.698 0.88753 0.088385 1.0276 0.31409 -0.63447 0.52648 -0.23884 -1.5294 -0.22573 0.26384 -1.0355 1.8557 0.74319 1.803 -1.588 1.5001 -0.74615 -0.71219 0.97229 0.34804
0.020485 1.3185 1.0451 0.55942 -0.1596 0.12824 -1.0102 0.16708 -0.69831 -0.21926 -0.2641 0.19047 -0.79699 -1.1606 -1.1505 0.0060439 0.5797 1.4528 1.8982 1.4495 -0.348 1.7652 0.23853 -0.87223 1.0263 -0.041456 -1.0569 0.22905 0.47411 -1.4766 0.74124 -0.39254 1.297 -0.84261 1.3684 -0.29733 -0.70196 0.044803 0.42365
-0.72427 0.911 1.4227 0.73774 0.91327 0.7138 -1.2031 -0.73055 -0.092011 -0.52143 -0.52798 1.9813 -0.8068 -1.3763 -0.67604 0.2027 -0.41339 1.2095 0.93746 1.7907 -0.84747 2.0349 0.48793 -0.88376 0.72335 0.089531 -0.080326 0.54485 0.18707 -1.285 -0.44216 -1.1532 0.29628 -0.16737 0.37945 -0.043978 0.22429 -0.65528 0.36479
-1.7659 0.50891 1.5833 0.16612 1.9254 0.87976 0.046872 -0.054577 1.2743 -1.0023 -1.4488 1.098 -0.70681 -1.161 -0.40619 0.6728 -0.53954 0.82671 0.54884 1.6833 -0.60811 2.3611 0.38995 -1.1304 0.02792 0.25185 0.78335 0.69004 -0.55042 -0.44933 -1.1014 -1.406 -0.40239 0.31336 -0.87768 0.15096 0.95319 -1.2777 0.1661
-1.4969 -0.0094686 0.97419 -0.38632 1.2591 0.79488 0.41147 -0.16504 1.311 -0.034383 -0.65932 1.3544 -0.52584 -0.62533 -0.28673 -0.005521 -0.66589 0.22529 0.17797 1.3151 -0.10909 1.4855 0.1881 -0.036882 -0.2766 0.2698 1.1347 0.33833 -1.1177 0.5563 -1.3162 -1.0513 -1.149 0.40162 -1.5007 0.22591 1.6084 -1.2489 -0.026302
-1.3563 1.0345 1.8327 -0.51357 0.44597 -0.1091 0.72229 -1.0217 1.0627 0.26831 0.81563 1.6159 -0.55349 -0.099398 -0.14213 -0.8954 -0.13701 -0.29392 -0.39863 0.91773 -0.13231 0.3134 0.74203 0.64724 -1.0171 0.1671 0.78186 0.053455 -1.092 1.1543 -0.66065 -0.805 -1.3917 0.21643 -1.5977 0.18824 1.5094 -1.0996 -0.22898
-1.0146 0.94841 1.6189 -0.40699 0.92848 0.77665 0.58014 -0.033784 1.3917 -0.4071 -1.53 0.62331 -0.43876 0.173 -0.22041 -1.0749 0.42673 -0.90126 -0.58943 -0.00037555 -0.33298 0.102 0.82077 1.4957 -1.2399 0.085283 0.2098 -0.24113 -0.54778 1.1877 0.24179 -0.17697 -1.0994 0.31302 -0.98459 -0.085066 0.67482 -0.35849 -0.28487
-1.2416 0.54549 0.79035 0.15021 0.81035 0.75964 0.41897 -0.19567 1.6114 -0.3424 -0.41743 0.31501 -0.52493 -0.12612 -0.35012 -0.80638 1.076 0.037865 -0.59868 -0.28929 -0.095258 -0.095318 0.50444 1.1713 -1.6785 -0.066261 -0.18707 -0.11836 0.11399 0.55943 0.73055 0.3438 -0.5848 0.52881 -0.56391 -0.46477 0.56928 0.55584 -0.26202
-1.4459 0.2824 -0.095354 0.45849 1.1892 0.016958 0.4795 -0.94824 0.32199 0.69822 0.45923 0.61472 -0.60519 -0.22534 -0.60892 -1.0507 0.95206 0.52289 -0.056425 -0.16206 0.45661 -0.2477 0.17148 1.0809 -0.65639 -0.1242 -0.098013 0.31204 0.59278 -0.023538 0.66179 0.67667 -0.25316 0.86581 -0.46166 -0.56783 0.0014132 0.50951 -0.21488
-1.4757 0.036472 0.45075 0.25975 0.027605 -0.047027 0.11118 -0.48533 1.9542 0.41291 1.4007 -0.56611 -0.48413 -0.24022 -0.15926 -0.67606 0.64758 0.44083 -0.0071482 -0.11414 0.46669 -0.61864 0.14459 2.021 -0.19638 -0.19782 0.26035 0.6859 0.79572 -0.37822 -0.24942 0.76185 -0.13913 0.95633 -0.12529 -0.47664 -0.4617 0.4391 -0.17295
-1.5411 0.17867 0.81434 1.0409 1.5537 -0.16718 0.23843 -0.41023 0.84525 0.53911 0.78374 -0.68163 -0.65696 0.053107 0.22583 -0.01718 0.59584 0.20574 0.40714 -0.57691 1.0195 -0.54132 -0.13491 1.0885 -0.96089 -0.23402 0.39775 0.67671 0.45158 -0.23864 -0.53112 0.30068 -0.081435 0.57373 -0.28743 -0.40696 -1.6263 -0.14356 -0.23609
-1.4038 0.50261 0.33803 0.45755 1.3872 0.67468 0.71284 0.25963 0.75161 -0.27242 0.97149 1.3897 -0.6842 0.21385 0.4283 0.17759 0.54441 -0.32834 0.62419 -0.35635 1.4285 -0.18931 -0.28905 0.24838 -0.64654 -0.32118 0.40259 0.19441 -0.25346 -0.17256 -0.64947 -0.019736 0.080255 0.50104 0.12157 -0.40972 -2.5156 -0.0391 -0.22004
-1.3826 0.69253 0.22694 0.53233 1.3513 0.87663 0.22801 0.43777 0.41836 -0.11511 1.7343 -0.10408 -0.73319 0.27837 0.27702 -0.61752 0.55548 -0.18407 0.20374 -0.20693 1.0547 -1.0233 -0.41401 -1.3077 -0.71331 -0.48567 0.24291 -0.23208 -0.60332 -0.052048 -0.36334 -0.46651 0.4152 0.056326 0.41779 -0.075118 -1.877 0.48957 -0.15294
-1.1978 0.56466 0.5488 1.2656 0.69592 0.73744 -0.84769 0.7145 0.74498 0.12921 1.1962 -1.8743 -0.86712 0.38676 0.15101 -0.82856 0.34341 -0.69391 0.059776 -0.16099 1.3901 -0.13099 -0.5239 -1.8546 -0.39388 -0.46633 0.21031 -0.33218 -0.18161 -0.17529 0.030097 -0.41268 0.56001 -0.32424 0.30447 0.0063079 -0.97309 1.3185 0.029984
-1.2354 0.61024 0.36282 1.0808 0.16287 0.36164 0.36372 0.88655 0.83697 0.48395 0.81728 -0.075245 -1.0025 0.41391 -0.045886 -0.61816 0.5978 -0.36544 -0.19682 0.09351 1.1357 0.26109 -0.1323 -1.6419 -0.10685 -0.43535 0.1237 -0.078897 0.52286 -0.50339 0.19749 -0.00049562 0.681 -0.49016 0.15454 -0.022891 0.43418 1.9626 0.2446
-1.1637 0.27801 -0.59101 1.1102 0.83282 -0.026458 0.11129 0.65302 -0.295 -0.56706 -1.4587 -1.3893 -1.2178 0.53364 0.0042601 -0.14099 0.19379 -0.20006 0.040866 0.5339 0.7628 -0.22371 -0.37601 -1.5381 1.6834 -0.29194 -0.15872 0.12616 0.78651 -0.68683 0.57341 0.50223 0.39326 -0.74612 -0.78394 -0.10946 1.0301 1.4441 0.27612
-0.93755 0.65478 -0.30884 1.1274 0.92161 0.58464 0.25669 2.0169 1.0975 -0.57688 -1.2125 0.31194 -1.1957 0.43392 0.20805 0.031403 -0.31396 -0.056626 0.21508 0.71365 0.42823 -0.66521 -0.49455 -0.57293 2.1654 -0.13328 -0.27517 0.24631 0.74965 -0.84537 0.44277 0.65602 -0.14631 -0.64496 -0.59579 -0.086199 1.0058 0.3845 0.2359
-0.84197 0.53011 -0.19865 1.3472 0.90368 0.73531 0.58492 1.5471 1.1968 -0.026071 0.35008 0.69198 -1.1779 0.088655 0.24048 0.33024 -0.48869 0.28236 0.81373 0.25579 0.3179 -1.2092 -0.52873 -0.29051 1.3536 -0.12122 -0.29379 0.025619 0.45622 -0.27083 0.33745 0.22451 -0.63063 -0.57581 -0.029057 0.32571 0.43196 -1.5546 0.10995
-0.59705 0.70738 0.63569 0.85499 0.57464 0.8795 0.46843 1.0647 -0.47834 -0.46137 -0.27581 1.482 -1.078 0.13509 0.26266 0.56118 -0.64602 0.2612 0.66973 -0.055419 0.12416 -0.41602 -0.1937 -0.21635 0.82892 -0.096745 -0.10572 -0.22543 0.2578 0.34089 0.17354 -0.11902 -0.73375 -0.21911 0.58854 0.3475 -0.23893 -2.1157 0.03288
-0.81858 0.82844 0.26962 0.67158 0.30666 0.55448 0.47177 1.1737 -0.34932 -0.47225 0.11845 0.81178 -1.1118 0.14766 0.017486 0.46276 -0.14867 0.29699 0.2442 -0.28048 -0.18788 -0.39909 0.18919 -0.82782 -0.74361 -0.11229 0.13386 -0.31106 -0.24217 0.63383 0.061489 -0.71246 -0.39156 0.14387 1.0355 0.27332 -0.21415 -1.6738 0.037232
-1.3942 0.70291 0.10918 0.43434 1.2332 1.462 0.61337 1.5076 -1.2649 -0.74059 -1.1509 0.81449 -1.3687 0.21337 -0.079171 0.46436 0.15379 0.26224 0.27587 -0.41108 0.25541 0.098456 -0.092734 -0.77278 -1.0002 -0.078147 0.15366 -0.28389 -0.50656 0.60852 0.021276 -0.84237 -0.16401 0.33357 0.54244 -0.15352 0.11367 -0.79935 0.086292
-0.58444 0.66782 0.073979 0.43992 1.3846 0.75349 -0.19883 1.3724 0.86618 -0.73122 -1.8698 -0.097071 -1.3292 0.29711 -0.13715 -0.052995 0.29806 0.38258 -0.34421 -0.31564 0.51548 0.58483 0.027886 -0.43067 -1.0648 -0.06311 0.087512 -0.16588 -0.64475 0.18577 -0.22143 -0.65259 0.21763 0.16255 0.19153 -0.40355 0.68496 0.12612 0.18021
-0.53443 0.59746 0.58658 1.5514 1.0154 0.85145 0.13587 1.6043 0.68801 0.36519 -1.1851 -0.50885 -1.2354 0.3442 -0.16103 -0.10485 0.26985 0.23824 -0.63849 -0.35911 0.39571 0.16971 -0.39029 -0.17019 -0.60002 0.03412 -0.20494 -0.077466 -0.55057 -0.1769 -0.42842 -0.28433 0.4164 -0.38563 -0.78424 -0.21428 0.89791 0.44094 0.16375
-0.51427 0.4974 0.80418 1.2694 0.81322 1.2227 0.15373 1.6443 0.20976 -0.70162 -0.0083928 0.22477 -1.1659 0.24497 -0.23611 -0.43383 0.14038 -0.15947 -0.5394 0.090062 0.040605 -0.049935 -0.45729 0.27122 -0.68796 0.15559 -0.36084 0.023119 -0.22557 -0.47659 -0.49103 0.23463 0.22754 -0.72629 -1.1206 -0.064331 0.67659 0.45014 0.083274
-0.46265 0.68821 -0.01616 0.69401 1.119 -0.039096 0.16884 1.7727 -0.24293 -0.63557 -1.0816 0.084076 -1.2201 -0.13328 -0.16953 -0.35107 -0.099852 -0.35164 -0.16554 0.15643 -0.24893 -1.1261 -0.25326 0.70737 -0.30518 0.10698 -0.33059 0.10731 0.065432 -0.33597 -0.35823 0.4379 -0.011825 -0.6996 -0.66515 0.53538 0.36436 0.12886 -0.033744
-0.73995 0.57248 -0.13092 0.77312 1.0868 0.14716 -0.11386 1.7159 -0.46029 -1.3854 -0.89746 -0.082352 -1.1939 -0.12231 -0.096747 -0.33063 -0.41112 -0.33335 -0.13073 -0.15826 -0.55053 -0.97348 -0.13308 0.51395 -0.31044 0.050502 -0.12038 0.14222 0.57283 0.01757 -0.20357 0.54041 -0.3262 -0.44969 -0.087668 0.761 0.27371 0.146 -0.089897
-0.80042 0.2641 -0.45611 0.77936 1.0953 1.105 0.74916 1.3074 -0.19895 -0.94429 -1.2466 -0.84776 -1.1363 -0.074928 -0.047257 -0.015397 -0.084954 -0.41853 -0.0055159 -0.27 -0.6464 -0.67533 0.59764 0.46027 -0.52762 0.026685 0.10311 0.081804 0.65703 0.29549 -0.1474 0.44497 -0.29193 -0.21179 0.47782 0.66661 0.23023 0.017081 -0.044768
-0.61455 0.52554 0.34455 0.90076 0.54414 0.6154 -0.17205 1.0405 -0.80084 -0.17693 -0.020326 -0.43571 -1.1608 -0.0020984 -0.05271 0.48408 0.16485 -0.55855 0.41326 -0.32305 -0.62403 -0.44185 0.73474 0.96323 -0.28139 0.034978 0.084179 0.026065 0.56139 0.37458 -0.13532 0.39385 -0.094909 -0.02763 0.32502 0.43226 0.33912 0.074184 -0.0066645
