39 297
-0.93646 1.3882 0.55367 0.94934 -0.26132 0.15596 0.45074 1.0471 -1.1991 -0.20965 2.1224 2.0154 -1.3618 0.019973 -0.2161 -0.45904 0.40987 0.92951 -0.0016192 -0.26766 0.24416 0.38401 0.51356 -1.7673 -0.67184 0.022111 -0.057863 -0.046576 0.46028 0.11835 -0.28395 -0.24099 -0.23569 -0.58707 0.10281 0.52456 0.35748 -0.0761 -0.081457
-0.91743 1.2424 0.37285 1.2006 0.92422 0.4072 0.25356 1.3446 -0.93038 -0.44445 -0.043434 0.65487 -1.2865 -0.034969 -0.22939 -0.020062 0.70948 1.2275 -0.18913 -0.70385 -0.21224 0.49113 0.82879 -1.7663 -0.84886 -0.019854 -0.021006 -0.069781 0.58677 -0.15086 -0.84082 -0.067733 -0.047793 -0.94928 -0.1502 0.58461 0.76063 -0.13349 -0.096423
-0.83489 1.2788 -0.016274 1.0644 0.89858 0.802 0.19059 1.3758 -0.64523 0.18799 0.042572 1.487 -1.2682 -0.073585 -0.27769 0.186 0.48304 0.22448 -0.39948 -0.52341 -0.66974 0.52781 1.4181 -0.94418 -0.72268 -0.087701 0.075334 0.06648 0.57369 -0.5424 -1.3575 0.10437 0.19579 -0.86039 -0.27196 0.29207 1.1363 -0.060172 -0.066977
-0.98074 1.1927 0.048048 1.5195 0.53445 -0.34671 0.090037 1.1602 -0.75567 0.68119 0.39918 1.3343 -1.4226 0.017598 -0.28941 0.31588 0.09159 -0.36244 0.059721 -0.23289 -1.1429 0.0026667 1.2451 -0.46681 -0.90499 -0.077585 0.13753 0.15274 0.32363 -0.60068 -1.3962 0.26625 0.54367 -0.17722 0.048307 -0.5592 0.73539 -0.40667 0.045869
-1.0097 1.2188 1.049 1.7814 1.4073 -0.094125 -0.78738 0.44148 -0.53145 0.78716 0.13481 0.77057 -1.3797 0.13241 -0.079564 0.44635 -0.2969 -0.92994 0.088037 -0.10268 -0.96227 0.074899 0.89666 0.12294 -0.75004 -0.056784 0.257 0.34539 0.032562 -0.35044 -0.56418 0.36936 0.52253 0.59577 0.34225 -1.3741 -0.0017953 -0.50378 0.23642
-1.0048 1.1121 0.72909 1.1459 -0.75046 -0.22396 0.16473 0.23754 -0.47044 1.6808 1.2438 1.0205 -1.4189 0.12204 -0.088585 0.46265 -0.025525 -0.92533 0.11198 0.19115 -0.41379 0.80577 -0.043543 -0.6435 -1.6612 0.036436 0.10647 0.3731 -0.48998 -0.0094039 0.19993 0.35169 0.44932 1.1183 0.33905 -1.5397 -0.32251 -0.099368 0.22077
-0.79443 1.0726 0.62895 0.92497 -0.045507 1.0121 0.31304 -0.061598 -1.5159 0.74962 0.20717 0.012409 -1.3378 0.36718 0.15956 0.1895 -0.11425 -0.59785 0.32993 0.32709 0.11589 0.80323 -0.72133 -0.82401 -1.3723 0.23015 -0.14232 0.17593 -0.5719 0.57779 1.1818 0.097421 -0.11476 0.88329 -0.029846 -1.1811 -0.24862 0.42682 0.10411
-0.70465 1.2859 0.65523 0.92199 0.066961 0.42049 -0.087656 0.7896 -0.25165 0.71018 -0.18883 0.084254 -1.316 0.099648 0.17151 -0.44106 -0.016248 -0.13877 0.6582 0.46641 0.48075 0.30907 -1.065 -0.66829 -0.78152 0.12891 -0.33431 -0.066679 -0.4393 0.57462 1.1818 -0.35748 -0.46036 0.045312 -0.42531 -0.2021 0.42236 1.4047 -0.030552
-0.87759 1.1316 0.69244 1.7231 -0.21083 0.16478 0.3579 0.9937 1.2163 0.11793 -0.99706 -1.0832 -1.3082 -0.14213 0.066099 -0.13801 0.78275 0.98564 0.014803 -0.46911 0.29788 0.25488 -0.98539 -0.37678 -0.28452 0.061379 -0.46168 -0.54551 -0.35756 0.20687 0.71067 -0.52925 -0.43351 -0.9621 -0.46138 0.46059 0.93335 1.8178 0.037467
-0.51544 1.4157 0.71506 1.4539 0.11859 -0.047576 0.12719 0.79999 -0.1302 -0.00046247 -0.16562 -0.14054 -1.2106 -0.28343 -0.14117 -0.16564 0.60431 0.59165 -0.46009 -0.33984 -0.42135 0.21942 -0.32126 0.099443 0.73166 0.071005 -0.059049 -0.60354 -0.29636 -0.82426 0.42544 -0.23781 -0.14023 -1.2266 -0.0037021 0.72261 0.89526 1.7095 0.33191
-1.1353 1.2368 0.12879 1.3011 0.61864 1.4254 0.24759 0.58792 -0.93866 -0.036637 0.014845 0.18247 -1.3645 -0.34979 -0.52358 -0.58971 -0.035602 0.4249 -0.19154 -0.14447 -1.302 -0.084713 -0.16062 0.88477 1.6661 0.31749 -0.043561 -0.51516 -0.26921 -1.5986 -0.28617 -0.024104 0.45201 -0.96403 0.63458 0.82098 0.30062 1.0735 0.5114
-1.102 1.0478 0.76525 2.0955 0.87087 -0.29828 -0.90898 0.33282 -0.28968 0.44969 0.53215 0.3445 -1.3591 0.080135 -0.46283 -0.74402 -1.1512 0.97208 0.27625 0.02367 -1.1008 0.46287 -0.014061 0.70963 1.8131 0.52762 0.5895 -0.73474 -0.1794 -1.8129 -0.86142 -0.39008 0.42093 -0.091397 1.1276 0.96663 -0.63468 -0.21904 0.99838
-0.95881 0.9868 0.40862 1.3513 0.40143 0.14974 0.13775 -0.4328 -0.2475 0.3428 -0.4156 1.0077 -1.2008 -0.41705 -0.56563 -0.32763 -1.3352 0.23504 -0.40181 0.26877 -1.235 1.3957 0.52359 0.016389 1.4234 0.64536 1.3635 -1.0889 -0.31166 -1.8082 -1.577 -0.74932 0.40248 0.84496 0.66917 1.0939 -1.5559 -1.6877 1.5115
-1.0894 0.74591 -0.39025 0.9134 0.31953 0.13933 0.0773 -0.5587 0.60469 0.10719 1.0803 2.1682 -0.93193 0.89159 -1.2521 -0.6101 -2.1433 -0.99816 -1.1512 0.3102 -0.63632 1.7294 1.2942 -0.82926 0.41672 1.494 1.6096 -1.6714 -0.44653 -1.1993 -1.9341 -0.67418 0.3331 1.505 -0.45367 0.89598 -1.2671 -2.5884 1.7927
-0.41597 0.98968 -0.20325 0.087996 1.7806 1.0427 0.47273 0.16024 1.579 -0.083193 -0.17265 1.0646 -0.87234 1.8953 -1.8084 -1.2137 -2.9281 -1.6733 -1.0081 0.53153 0.09892 0.61385 1.4005 -1.7387 -1.1229 2.2375 1.4214 -1.7317 -0.47486 -0.33276 -1.1127 0.18277 0.54754 2.0327 -1.536 -0.019429 -0.53051 -2.2539 1.5944
-1.7544 0.86152 0.64938 0.35864 0.043129 -0.74102 0.23577 -0.94778 1.1154 1.243 -0.20731 1.771 -0.85365 2.0546 -2.4213 -1.1063 -2.6019 -1.8551 -0.79736 0.57099 1.1445 -0.063539 1.362 -1.1695 -2.2721 2.5821 0.11824 -1.1789 -0.13333 1.1152 0.07041 0.64839 0.64345 1.7181 -1.8974 -1.3892 0.70964 -0.92569 0.78479
0.71403 -0.4464 -0.85044 -0.8205 -1.3465 -0.90501 0.05189 0.031673 1.5032 2.253 -1.3814 0.11265 0.10695 1.7652 -2.6541 -0.93704 -1.7286 -1.5124 -0.20445 1.2516 1.8095 -0.79316 0.45 -0.94684 -1.8955 2.6364 -0.83718 -0.28113 0.12544 2.1294 1.4638 0.79708 0.35867 1.2202 -1.2491 -2.6057 1.4708 0.56527 -0.13992
1.4027 -0.64131 -1.2592 -1.3343 -1.3374 -1.3383 0.26446 0.3132 -0.19777 1.6918 -2.165 -1.4022 0.6162 1.1791 -2.6478 -0.97701 -0.65124 -0.94203 -0.22734 1.2577 1.8337 -1.3763 -1.0447 0.37443 -1.1012 2.5417 -1.8215 0.97113 0.22638 2.5906 2.4836 0.72881 -0.29784 0.11693 -0.39433 -2.9541 1.5239 1.779 -1.1793
0.68737 -1.0968 -1.0902 -1.3438 -1.2965 0.17636 1.4096 1.1412 0.18864 1.3229 -0.39134 -1.2904 0.75661 0.69232 -2.126 -1.0304 0.089598 0.73021 0.3364 0.91868 2.1147 -1.2404 -2.6745 0.76642 -0.5153 2.0339 -2.0215 1.5878 0.26112 2.351 2.8476 0.66342 -1.2782 -0.5884 0.80738 -1.8255 0.81216 1.7937 -1.8906
0.28712 -1.1839 -1.104 -0.54855 -0.29893 0.51496 2.2059 1.7208 0.17208 -0.032285 -0.18328 0.62588 0.87794 -0.96931 -1.1805 -0.62586 1.3467 1.8768 0.42225 0.13767 1.2142 -0.63837 -3.0599 1.368 0.75207 1.0062 -1.2972 1.7746 0.3304 1.4429 2.4077 0.31496 -1.8648 -1.0926 1.2665 -0.070646 -0.9443 1.0806 -2.0189
0.3436 -1.2426 -0.97889 -0.2438 0.051828 -0.60268 1.4831 1.4104 -0.48847 -1.0366 0.26969 -0.13257 1.0208 -1.1109 -0.92955 -0.61484 1.6809 2.643 0.82716 -0.77472 0.97454 0.44657 -2.2404 0.38192 0.92266 0.3955 -0.22705 1.396 0.29787 0.17507 0.93367 -0.12169 -1.8173 -1.4053 0.97828 1.4935 -2.0865 0.019679 -1.5959
0.10183 -1.4894 -1.4524 -0.11302 0.31318 -0.8606 0.66042 1.5875 -0.50302 -1.4407 -0.33459 0.11488 1.0615 -0.45717 -0.49906 -0.55945 1.2591 2.8064 0.17167 -1.6704 0.28204 0.30862 -1.4052 -1.4785 0.4433 0.14813 0.97242 0.94451 0.26437 -0.96217 -0.34242 -0.10949 -0.79312 -1.0715 0.36771 1.8661 -2.1454 -0.64065 -0.92936
-0.051259 -1.5358 -2.052 0.3551 1.0441 -0.08936 0.060703 1.3349 0.4901 -1.1128 0.10984 0.35083 1.0131 -0.014711 -0.30507 -0.49818 0.4627 2.0892 0.21385 -1.856 -0.14707 0.23708 -0.47711 -2.3726 -0.30129 -0.076962 1.1058 0.95439 0.5619 -1.1816 -1.5259 -0.47979 0.60803 -1.1571 -0.47032 1.1991 -0.42151 -0.60551 -0.52421
-0.044528 -1.5895 -1.7722 0.3243 2.437 0.99587 -0.043254 2.0236 0.87193 -0.77739 -1.6441 -0.31643 0.89046 0.37072 -0.028939 -0.18044 0.15314 1.4834 0.506 -0.92503 -0.30592 0.19434 -0.16205 -1.9467 0.051942 -0.23721 0.64909 0.91915 0.9209 -0.96216 -2.3863 -0.82616 1.6285 -0.94586 -1.0516 0.48898 1.5128 -0.51024 -0.2266
0.21285 -1.4525 -1.442 0.079127 2.4286 0.049107 -0.32149 1.4667 0.12519 -1.0069 -2.5731 0.13512 0.93941 0.62346 0.31444 0.24732 0.01987 0.3211 -0.31957 0.088366 -0.97838 -0.44697 -0.43353 -0.27709 -0.12077 -0.24693 0.25459 1.0056 1.2467 -0.72984 -2.6389 -1.3436 1.805 -0.85202 -1.3973 0.053801 2.779 -0.31913 0.0062463
0.39056 -1.4556 -1.7161 -0.087371 1.7923 -0.088094 -0.47198 1.2389 -0.13008 -1.2244 -2.9893 -0.083109 0.88856 0.48134 0.61576 0.78055 -0.32206 -0.97474 -1.2489 0.66096 -1.1397 -1.4644 -0.43692 0.84339 -0.68817 -0.12856 -0.039027 1.0646 1.5176 -0.61464 -2.329 -0.85758 0.85494 -0.37559 -1.1598 0.45114 2.5954 -0.51066 -0.0872
0.72286 -1.341 -1.3721 0.11609 1.7239 -0.11895 0.31055 1.0033 -0.14819 -1.5221 -1.2851 0.17159 0.85409 0.41826 0.93074 1.3339 -0.66679 -1.8406 -1.6533 1.0122 -1.3857 -1.7411 -0.23107 2.3924 -0.57544 -0.12257 -0.42538 0.91349 1.5463 -0.72734 -1.1738 0.079081 -0.23222 -0.13539 -0.5655 0.93121 0.88371 -0.35871 -0.14657
0.55447 -1.2184 -1.3993 0.23724 0.76984 -1.1149 0.82492 0.21913 -0.74686 -1.8808 0.42668 -0.12186 0.84909 0.38903 1.3124 2.0878 -0.65465 -1.989 -0.57865 0.34912 -0.8345 -1.4903 0.65016 2.474 -0.7628 -0.43932 -0.73769 0.46949 1.0108 -0.79437 0.17684 0.96203 -0.73674 -0.46695 0.48202 0.94006 -1.4088 -0.091851 -0.0096016
0.23788 -0.94173 -0.68837 -0.13891 0.38203 -1.1529 0.72674 0.54016 -1.676 -1.0743 0.10006 -1.3137 0.9022 -0.1681 1.382 2.4581 -1.1762 -1.467 -0.4923 -0.22252 -1.3978 -1.5754 0.90878 0.89085 -0.80989 -0.32592 -1.0042 -0.24268 -0.073409 -0.8122 1.1444 1.5698 -0.8487 -0.6566 1.5273 0.43555 -2.8682 0.2806 0.35194
0.62931 -0.67765 0.40772 -0.77656 0.32741 -1.2102 1.0586 0.36985 -1.6928 -0.96093 0.57681 -0.6131 0.7692 -0.67225 1.1196 2.0968 -1.5554 -0.81696 0.13715 -0.21078 -2.043 -0.59029 0.89693 -1.4746 -0.74301 -0.043376 -1.1302 -1.0583 -1.5093 -0.54662 1.4222 1.47 -0.27957 -0.71174 2.3653 -0.41748 -2.1737 0.91109 0.74118
0.90801 -0.22423 1.2719 -0.49336 -0.27203 -0.020772 -0.71532 0.6182 -1.7196 0.025628 -0.094481 -0.70272 0.43673 -1.0176 0.65574 1.2112 -1.7379 -0.19091 1.1973 -0.4238 -2.0583 0.85959 0.52741 -1.9182 0.016297 0.23809 -1.0431 -1.6091 -2.4611 0.067344 1.1962 1.3586 0.16934 0.080584 2.6539 -0.64922 -0.042142 1.3061 0.78345
-0.065847 -0.40032 1.0477 -1.3653 0.23509 -1.1086 -0.36591 -1.1884 -2.3581 -0.67571 -1.9306 -1.126 0.77292 -1.3984 0.043405 -0.051231 -1.3974 0.15162 1.5811 -0.11301 -1.8879 2.0215 -0.0051553 -0.87603 0.73548 0.45648 -0.70063 -1.6404 -2.4001 0.57468 0.93263 0.72849 0.45051 0.98021 1.9171 -0.44156 2.0372 1.5196 0.63397
-0.30054 -0.52259 0.71964 -1.3776 0.61918 -0.20629 1.1112 -1.9229 -0.3915 -0.82933 -2.8492 -1.0055 1.0025 -1.8474 -0.56343 -0.98294 -1.1279 0.38564 1.5627 0.075463 -1.3235 2.4263 0.04442 0.53445 1.1828 0.66919 -0.0073529 -1.1868 -1.5357 0.96544 0.53484 0.13645 0.32262 1.6226 0.69973 0.28769 2.7517 1.3293 0.18452
-0.68867 -0.65416 -0.019087 -1.7377 0.26932 0.67202 0.098036 -1.4865 0.61137 -1.0332 -0.92868 -0.13422 1.0851 -1.6318 -0.80273 -1.2089 -0.78197 0.71657 1.4438 0.45618 -0.51519 2.4579 0.24365 1.8244 1.8492 0.74833 0.71398 -0.52512 -0.36545 0.95679 0.1571 -0.49251 -0.30582 1.5742 -0.79581 0.78001 1.661 0.64608 -0.19746
-0.99853 -0.80203 -0.31638 -1.6095 0.46509 0.88703 0.50074 -0.92426 1.0025 -0.72583 0.11281 0.067113 1.0878 -0.92339 -0.75203 -1.0211 -0.23464 0.57093 1.5456 -0.050939 0.39555 2.0345 0.98538 2.8315 2.2395 0.38447 1.349 0.21093 0.62462 1.1298 0.037413 -0.90059 -0.35733 0.83541 -1.7276 0.83049 -0.37907 -0.35224 -0.29727
-1.2164 -1.0242 -0.21465 -1.8465 0.65418 0.78659 0.25286 -0.9977 1.088 -0.22391 1.2382 1.1231 1.0892 -0.47627 -0.67025 -0.68821 -0.049256 0.36497 0.58412 -0.66575 0.29887 0.61476 1.104 1.6717 1.568 0.28352 1.2662 0.46037 0.74416 1.0069 -0.30973 -1.3675 -0.35732 -0.40344 -2.2095 0.31272 -2.2378 -1.6329 -0.14331
-1.0294 -0.87553 -0.048468 -1.4331 1.0199 1.3048 0.077902 -0.82796 1.1763 0.21484 0.72189 1.4815 1.1572 0.19743 -0.29986 -0.076111 0.62485 0.6335 0.15317 -0.083893 -0.1159 -0.12134 1.2961 -0.18878 0.61043 0.42751 0.89047 0.48399 0.48911 0.88285 -0.39642 -1.5122 0.10279 -1.1784 -1.9597 -0.42023 -2.8605 -2.41 0.20098
-1.0687 -1.1292 -0.49124 -1.68 1.0558 1.0064 0.15115 -1.3672 1.1247 0.40237 1.0552 1.694 1.1607 0.26885 -0.31343 -0.29406 0.67707 0.078841 -0.65341 -0.24764 -1.0457 -0.89856 0.72135 -1.5613 -0.70962 0.49762 0.46561 0.24714 0.14172 0.65183 -0.45263 -1.2761 0.26893 -1.1466 -1.2702 -0.8426 -1.6648 -2.3151 0.20072
-0.89846 -1.1514 -0.47797 -1.5411 0.6964 0.63539 -0.26427 -1.5009 0.63966 0.18686 -0.78792 0.72883 1.2916 0.43236 -0.17854 -0.30052 1.0584 -0.061875 -0.92486 -0.047976 -1.2202 -1.1429 0.3251 -1.8199 -1.6092 0.59591 0.11858 0.067349 -0.0023776 0.35787 -0.40199 -0.91341 0.027414 -0.35897 -0.71223 -0.88232 0.15882 -1.5387 0.016589
-0.45608 -0.82383 0.032405 -0.73511 1.3279 1.0933 0.44883 -1.2196 0.58439 0.82992 -0.69376 0.55921 1.473 0.30606 -0.34512 -0.29811 0.95708 -0.17307 -1.4835 -0.13505 -1.3754 -1.4274 -0.11766 -1.1457 -2.1126 0.51739 0.022385 0.069688 0.12788 0.22544 0.11327 -0.12383 0.20717 0.74511 -0.029023 -0.35204 1.9192 -0.21263 -0.20016
-1.0722 -1.3007 -0.9402 -1.1202 0.31332 -0.40905 -0.071386 -2.5286 -0.52178 0.084163 -1.4834 -0.87574 1.4248 0.40187 -0.17614 -0.061537 1.1569 -0.02731 -1.2974 -0.080906 -0.65108 -1.2921 -0.071949 -0.010829 -1.8658 0.44279 -0.14178 -0.1568 -0.096341 -0.216 0.22915 0.5065 0.14574 1.3126 0.26105 -0.22207 2.402 0.83155 -0.46934
-0.62153 -1.1057 -0.41047 -0.51414 0.93053 0.033006 0.13954 -2.2155 -0.19912 0.41241 -0.65396 -0.46944 1.5707 0.31955 -0.20314 -0.16114 1.0516 0.2819 -0.71935 0.19235 0.10936 -0.89066 0.20642 1.7994 -1.0043 0.25456 0.036133 -0.1637 -0.23773 -0.27094 0.55272 1.4481 0.45477 1.888 0.54264 -0.20257 1.7381 1.5114 -0.65531
-0.72597 -1.344 -0.55896 -0.67044 0.89514 -0.70231 -0.285 -2.512 -0.80572 0.027337 -0.39769 -1.1874 1.5026 0.14094 -0.48816 -0.52949 0.6073 0.15747 -0.27118 0.08737 0.57674 -0.89698 -0.28713 2.0366 -0.41723 -0.02049 0.37238 -0.21437 -0.64293 -0.60224 0.28903 1.5437 0.40557 1.9505 0.36614 -0.36996 0.4837 1.4351 -0.94386
-0.41278 -1.1665 -0.40771 -0.30712 1.0239 -0.37372 0.081557 -1.601 -0.59197 0.52647 0.73907 -0.7906 1.5547 0.4988 -0.43841 -0.48497 0.72505 0.8138 0.96323 0.70604 1.6652 -0.54665 -0.42076 1.6967 0.32159 -0.2946 1.0555 0.4679 -0.61675 -0.76731 -0.2701 1.1773 0.1097 1.3248 0.1764 -0.362 -1.0966 0.83215 -1.1923
-0.47488 -1.207 -0.63715 -0.1321 1.3183 0.26221 0.47008 -1.0724 -0.50226 0.85677 1.7573 -0.48322 1.5365 1.0302 -0.38612 -1.0666 0.19224 0.2706 1.0165 0.48778 2.3466 -0.73933 -0.5081 1.1423 0.47111 -0.78528 1.1004 1.3119 0.085651 -0.79707 -0.85682 0.39314 -0.3969 0.0067019 0.16597 -0.10977 -2.346 0.10246 -1.3831
-0.67685 -1.5743 -1.2631 -0.38964 0.9804 0.24456 0.29313 -1.3429 -1.333 -0.28527 1.0556 -0.52393 1.3758 1.9251 0.47287 -1.0114 -0.17824 -0.30364 1.0433 0.21817 1.7876 -0.62472 -0.41671 -0.13427 0.29892 -1.2608 0.35344 1.9417 0.91717 -0.73275 -1.3037 -0.90579 -1.0943 -1.4482 0.49798 0.084264 -2.3683 -0.39611 -1.3113
-0.22923 -1.6707 -1.3456 -0.10506 1.8618 1.1039 1.1298 -0.5058 -1.099 -0.56296 0.2993 -0.3826 1.1631 1.5655 1.0878 -0.091641 -0.43419 -0.95956 0.49294 -0.4692 0.52416 -0.53406 -0.51187 -2.182 -0.17431 -1.7388 -0.93582 2.1419 1.9102 -0.14267 -0.74733 -1.3119 -0.88132 -1.9862 1.1655 0.62372 -1.1706 -0.043585 -0.84093
0.97971 -1.3135 -1.8121 -0.51071 0.89016 0.70668 0.19802 0.71755 -1.4304 0.061865 1.2207 -0.07545 0.84588 0.91223 1.8298 0.73341 -0.3343 -1.1203 -0.62502 -1.0291 -0.23464 0.33965 -0.24856 -1.8244 -0.15982 -1.9051 -2.3853 1.5521 2.0769 0.50283 -0.094546 -1.3138 -0.46429 -1.6486 1.5909 0.63202 0.4613 0.73135 -0.3298
1.7156 -0.41818 -1.4826 -0.83386 0.19474 0.43525 -0.10709 -0.93362 -1.4588 -0.017163 -0.54175 -1.0559 0.4778 -0.29645 2.2501 1.5955 0.0039265 -0.78284 -0.8291 -0.67068 -0.4958 1.1045 0.67082 -0.55647 0.62868 -1.8021 -3.0158 0.64386 1.3394 1.0902 0.65811 -0.61527 0.50925 -0.56223 1.8852 0.34353 1.4294 1.1067 0.039273
0.38048 -0.22209 0.15814 -0.53325 -0.17375 0.37518 -0.54788 -1.4261 -1.1249 -0.028996 -2.5097 -0.95418 0.20125 -1.8036 2.2947 1.9865 0.54647 -0.57785 -0.97947 -0.61814 -0.90183 1.7343 0.27176 0.10533 1.4354 -1.755 -2.6159 -0.35544 0.24363 1.0282 0.98841 -0.063971 1.1442 0.77809 1.4078 -0.030199 1.4715 0.66037 0.28579
-0.19561 0.097852 -0.0016316 -0.35439 0.33145 -0.85898 -0.84213 -1.3367 0.27943 0.020869 0.45941 -0.33604 0.098465 -2.966 1.8544 1.7652 1.1703 0.054477 -0.58623 0.36095 -0.23622 2.5364 -0.076553 0.03892 1.3457 -1.7525 -1.1376 -1.0685 -1.0583 0.46355 0.81312 0.233 1.35 1.4241 0.43657 -0.046992 1.0764 -0.41029 0.4566
-1.0381 0.11085 0.51685 -0.18988 0.74719 -0.0086941 0.3645 -1.0244 0.20059 0.75554 0.97253 1.1028 -0.016778 -2.8624 1.482 1.1141 1.0111 0.3919 -0.87636 0.77732 1.1391 2.4351 0.06359 1.1564 0.87221 -1.4764 0.50721 -1.4466 -1.8269 -0.29148 0.18072 0.2098 1.2136 1.325 -0.49358 0.32176 0.30401 -1.2846 0.86906
-1.4926 0.49981 0.75494 0.48885 0.73112 0.03383 -0.11177 -0.91815 1.2328 -0.4556 0.33893 1.7258 -0.39206 -1.9936 1.0085 0.099872 0.64171 0.3205 -0.40375 1.3708 1.2393 1.62 0.67936 1.3259 0.076725 -1.2163 1.7124 -1.3016 -1.8363 -0.85657 -0.47695 -0.46096 0.26558 -0.16807 -1.274 0.29664 -0.057565 -1.8592 1.4097
-1.7422 0.62268 0.2627 0.54335 0.36432 -0.075764 0.68849 0.10797 2.1712 -0.038208 -0.46253 0.32159 -0.75509 -1.3089 0.4853 -0.5281 0.26546 -0.35869 -0.6412 1.3398 0.92391 1.1952 0.54518 0.16757 -0.57986 -0.64194 1.8843 -0.94212 -1.1798 -0.94523 -0.3683 -0.48025 -0.72738 -1.7404 -1.6054 0.24711 -0.34165 -1.4064 1.5842
-1.5845 1.0085 0.52562 -0.05864 0.54547 -1.3302 0.53827 0.0064314 1.6316 0.30395 0.6089 -0.69477 -0.61991 -0.41155 0.34454 -0.77828 -0.061518 -0.5035 -1.6449 0.62161 -0.45872 0.59582 0.28316 0.44225 -1.7716 0.071379 1.3027 -0.44355 0.15605 -0.49439 0.059622 -0.064321 -1.4826 -1.9378 -1.6208 -0.2486 0.037039 -0.019076 1.1821
-2.0458 0.44342 0.10939 0.15809 0.5049 -0.094936 1.4505 -0.40964 1.0532 1.4641 0.71006 -0.30002 -0.63822 0.012887 0.36143 -0.60249 -0.40814 0.082989 -1.2363 -0.31826 -1.3891 -0.27718 0.76186 0.88109 -1.1063 0.39851 0.87922 0.0675 0.93619 0.26754 0.48603 1.0122 -1.3848 -0.6567 -1.673 -0.55023 0.34223 1.3204 0.0042094
-1.8502 0.39768 -0.74321 0.07605 -0.16834 -1.6367 1.1752 -0.3542 2.3404 0.43774 0.88654 0.12093 -0.23785 -0.12221 0.38857 0.44136 0.052814 0.21514 -0.23682 -0.80068 -1.364 -0.89899 0.067089 1.0866 0.31908 0.14267 0.80611 0.47062 1.2119 0.7102 0.40149 1.8543 -0.84973 1.1323 -1.4379 -0.4832 -0.060181 1.7023 -1.1114
-1.4438 0.72746 -0.043938 0.12619 0.27466 -2.2212 0.62096 -2.1086 1.2227 0.26502 1.1513 -1.5183 -0.068571 0.25285 0.57138 0.60299 0.71097 0.23091 0.72386 -0.75138 0.099537 -1.4172 -0.46169 0.63536 1.1365 -0.6721 0.9437 0.13107 0.96986 0.55385 -0.24547 2.0314 -0.38208 2.229 -0.92532 -0.2937 -0.14636 1.1563 -1.3825
-1.5859 1.1466 0.13773 0.032934 1.227 -0.93473 -0.9909 -1.9379 1.0149 0.88383 1.0519 0.24099 -0.4668 1.0323 0.9708 0.86762 0.71145 0.20622 1.1648 -0.87989 0.98693 -1.723 -0.084184 0.46827 0.66188 -1.1625 1.2017 -0.74454 0.27474 -0.12463 -1.0298 1.3757 -0.26441 2.0667 -0.21552 -0.21839 -0.42925 0.45651 -0.44969
-2.1675 0.98799 1.5016 0.60381 0.46057 -0.097564 0.20481 -0.60045 0.48599 0.13821 1.4198 0.78989 -0.86547 1.2678 0.27668 0.98728 0.30194 -0.39338 2.2145 -1.0491 1.7509 -1.7273 0.24223 0.9035 1.143 -1.1493 1.1973 -1.5823 0.11796 -0.51841 -1.5216 -0.095793 -0.36226 0.40812 0.48649 -0.80724 -0.68503 -0.34115 1.1333
-1.1434 1.2107 0.56959 0.9117 0.61669 -0.074175 0.42023 0.823 -0.7765 0.11957 1.4319 1.017 -1.2574 1.7056 -0.61122 0.77207 0.024805 -1.4866 1.8297 -1.1838 1.811 -1.1842 -0.72761 0.042338 1.2829 -0.3353 0.9607 -2.0051 -0.43616 -0.88062 -1.387 -1.1839 -0.55346 -1.3816 0.97706 -1.4703 -1.3467 -0.92229 2.3962
-0.42772 1.2036 0.53582 0.69572 0.37486 0.54123 0.13752 0.12103 -0.55268 1.572 1.2478 -0.22912 -1.1883 2.2428 -1.0797 0.88492 0.083549 -1.8978 0.19651 -1.3297 0.47404 -0.72064 -1.7755 -0.62554 0.13607 0.71592 0.47182 -1.5691 -0.52014 -1.2128 -0.65154 -1.8229 -0.43105 -2.3954 1.1789 -1.4181 -1.7505 -1.6326 2.8322
-0.404 0.45012 0.79232 -0.053318 -0.82729 0.75682 -1.3024 0.48352 0.18188 0.34318 2.6252 1.4955 -0.70625 2.41 -1.4466 0.13254 -0.82912 -1.7537 -0.2444 -1.8573 -1.0566 -0.27773 -2.0539 -1.6992 -0.73181 1.7155 -0.4291 -0.73709 -0.62876 -1.4937 0.47801 -1.6162 0.30401 -1.9226 0.89754 -0.56166 -1.3859 -1.2754 2.1325
0.24584 0.23481 1.4594 0.21532 -1.4035 0.17698 -1.7766 -0.60657 -0.56969 -1.3167 0.2317 0.78436 -0.23389 1.8275 -1.7273 0.36614 -1.5437 -1.5344 -0.47242 -1.5821 -1.4619 0.17229 -1.9674 -2.0477 -1.2223 2.3295 -1.3164 0.1487 -0.94256 -1.4735 1.292 -0.9081 1.3874 -0.49708 0.64017 0.81224 -0.69298 -0.372 0.79079
0.58113 0.34367 1.9444 0.77782 -0.98311 -0.97974 -2.0463 -0.95999 -0.23173 -1.8309 0.077398 0.36992 -0.15344 1.0683 -1.423 -0.10946 -1.9607 -0.73509 -1.1375 -0.43792 -0.95126 0.15861 -1.7697 -2.2651 -0.66866 2.2489 -1.714 0.93948 -0.85022 -0.81806 1.5843 -0.33122 2.1242 0.94762 0.60554 2.0525 0.87023 0.58558 -0.6775
0.78098 -0.19706 0.5632 -0.56653 -1.5135 0.14523 -1.6311 -1.1662 -0.4868 -1.7789 -1.0235 -0.73483 0.28282 0.33836 -0.8579 -0.71286 -2.1118 0.11706 -1.2117 0.77551 -0.54633 0.33494 -0.27268 -1.834 -0.64952 1.7059 -1.5215 1.4436 -0.6905 0.14019 1.4379 0.33076 1.7275 1.0615 0.43177 2.5049 2.2607 0.99685 -1.7198
0.99879 -0.30957 0.93981 -1.1837 -1.2484 -0.17773 -1.6618 -0.59124 -0.26585 -0.92511 -0.64119 -0.96441 0.56893 -0.19599 -0.42534 -0.87669 -2.0775 0.51621 -0.55075 1.2719 0.31772 0.84534 1.2559 0.14747 0.21699 0.9483 -0.98709 1.478 0.31573 1.2171 0.67213 0.70782 0.49838 0.562 0.30735 2.0317 2.6627 0.82478 -2.095
0.37148 -0.19806 0.51835 -1.6738 -0.81619 -1.1252 -0.64807 -0.7762 0.10349 -1.0267 -1.0618 0.43737 0.67716 -0.5157 0.0091474 -0.50485 -1.2213 0.64929 -0.089133 1.0671 -0.043657 0.68522 1.5933 1.7639 0.42443 0.24285 -0.33954 1.06 0.82443 1.6362 -0.054593 0.64772 -0.55804 -0.067612 0.015267 0.7007 1.6264 0.55936 -1.7133
-0.025319 -0.28325 0.28014 -1.786 -0.86108 -1.0933 -0.47391 -0.57063 0.53413 -0.68457 -0.24862 0.73372 0.63576 -0.43777 0.43187 0.38487 -0.12326 0.31144 -0.25166 0.42988 -0.11783 0.59053 1.4124 1.8397 0.52644 -0.35339 0.073276 0.5753 0.64849 1.184 -0.53502 0.28792 -1.0621 -0.46584 -0.30296 -0.4335 -0.18215 -0.26918 -0.79132
0.42851 0.03518 0.76829 -1.2927 -0.61524 -0.42965 -0.34477 -0.42734 0.68305 0.26627 0.76059 0.61326 0.32524 -0.21107 0.35586 0.19146 -0.020456 0.11169 -0.03688 0.069523 -0.46397 0.48434 1.068 0.93993 0.37647 -0.36979 0.19069 0.091786 0.060719 0.14535 -0.57408 -0.15166 -0.99577 -0.13828 -0.24089 -0.84649 -1.2487 -0.43108 0.21296
0.22509 0.18673 0.98634 -0.63769 -0.33143 -0.45762 -0.94538 -1.5653 0.31463 0.014371 2.543 -0.17783 0.1063 -0.2136 0.29435 -0.013736 -0.45719 -0.26175 0.01226 -0.37769 -0.37929 0.33033 0.64007 0.19381 -0.29947 -0.0053787 0.21827 -0.25778 -0.50627 -0.54011 -0.34313 -0.38594 -0.78363 0.18215 -0.25555 -0.82485 -1.2737 -0.25579 0.85336
0.48536 0.00864 1.2604 -1.2522 -1.517 -0.39713 -1.2658 -0.87745 0.3088 0.082207 0.19554 -0.17713 0.25274 -0.26411 0.22355 -0.17681 -0.78077 -0.18724 -0.53017 -0.54308 -0.18529 0.3242 0.26445 -0.12925 -0.039367 0.40639 0.47091 0.066385 -0.2536 -0.27511 0.01064 -0.51309 -0.43328 0.50305 -0.36096 -0.73532 -0.69868 0.17252 0.56617
0.45418 -0.098986 0.61847 -1.8637 -0.69966 -0.93498 -0.94639 -1.0827 0.80271 0.31575 -0.4016 0.56097 0.55148 0.0062007 0.10332 -0.34636 -0.75453 -0.21081 -0.79281 -0.84796 0.09146 0.15012 0.14298 -0.39692 0.22174 0.61477 0.60964 0.89768 0.19023 0.70969 0.61516 -0.15539 -0.13647 0.21126 -0.66139 -0.63347 0.27305 0.42488 -0.54149
-0.3569 0.10457 0.11021 -2.4097 -1.1442 -1.2016 -0.86945 -1.0172 0.8283 -0.2955 -0.37269 0.1457 0.74886 0.58915 0.55775 -0.092306 -0.38642 0.10595 -0.68195 -0.56957 0.27119 -0.15717 -0.17326 -0.26862 0.49299 0.21955 0.5177 1.6197 0.60722 2.0027 0.71189 0.61559 0.211 0.27883 -1.0089 -0.66414 0.35701 0.08836 -1.9336
-0.058567 0.080577 0.48335 -1.9685 -0.75125 -1.4835 -1.3333 -0.7085 1.0397 0.15699 1.1903 0.69921 0.72537 0.54042 1.5186 0.31124 0.6772 0.79294 -0.22855 -0.63724 -0.20249 -0.76241 -0.42458 0.90102 0.33571 -0.77454 -0.1774 1.4524 0.72076 2.6952 1.0417 1.4086 1.0803 0.71787 -0.95355 -0.46593 0.055842 -0.014213 -2.8167
0.90341 0.216 0.77579 -1.31 -0.87435 -1.076 -2.1026 -0.80553 0.39239 0.61584 0.97621 0.39353 0.53532 0.47015 2.0234 0.62951 2.2588 0.70125 0.44638 -0.21716 0.49767 -1.2491 -0.7974 0.044331 0.10594 -1.976 -1.1189 0.5196 0.13608 2.5342 0.87332 1.5135 1.779 1.1975 -0.41877 0.057656 -0.6088 -0.34134 -2.5848
1.1694 0.78389 1.1723 -1.2157 -0.49655 -1.195 -1.5267 -1.256 -0.15889 -0.61738 0.89306 0.46302 0.1403 -0.28844 1.6194 0.63692 2.9766 1.5266 1.522 1.1687 1.3651 -1.2225 -0.48909 -0.39455 0.40448 -2.7693 -1.479 -0.82646 -0.43355 1.4845 0.51587 1.2084 1.9038 1.4618 0.18795 0.74873 -1.133 -0.25961 -1.3274
0.55303 1.5594 1.3275 -0.85633 -0.063072 -0.71571 -1.8858 -1.2349 -0.63154 -0.44308 0.80719 0.52805 -0.3989 -1.1866 1.3143 0.01237 3.2158 1.445 1.5362 2.1359 1.8037 -0.77453 -0.024594 -0.9267 -0.23173 -2.896 -1.412 -1.679 -0.83509 0.18296 0.24092 0.4656 1.1334 0.78868 0.5884 1.1859 -0.48055 0.066568 0.32413
0.27661 1.5987 0.89826 0.7892 -0.017302 -0.43151 -0.69244 0.14964 -0.6674 -0.93486 -1.0128 0.60346 -1.029 -1.5236 0.59939 -0.16164 2.9828 1.4283 1.6966 2.0476 1.9732 -0.6318 0.70525 -1.0746 -0.016026 -2.4273 -0.73792 -1.7545 -0.93638 -1.3706 -0.30951 -0.71405 0.050176 -0.41076 0.91662 0.98849 0.34716 0.1863 1.8386
-0.98775 0.96602 0.98609 0.7857 1.306 1.0897 1.2103 1.0779 -0.47422 -0.19034 0.2819 1.038 -1.3301 -1.674 -0.058166 -0.49208 2.5998 1.2203 1.3113 1.6437 1.7177 -0.37446 1.0071 -0.63889 0.47321 -1.6326 -0.036285 -1.3579 -0.57518 -2.923 -0.5467 -1.8808 -0.79437 -1.4571 1.1019 0.38206 1.0142 0.39737 2.8646
-0.63764 1.1917 0.4703 1.5664 0.6751 -0.040169 0.90017 0.91028 0.032393 0.77582 0.26999 -0.29899 -1.364 -1.492 -0.40261 -0.81825 0.71617 1.033 0.17626 1.5202 0.60763 0.40493 0.99695 0.26238 0.45776 -0.47752 0.45183 -0.51754 -0.50719 -3.6384 -1.1718 -2.6911 -1.0398 -2.2721 1.3272 -0.29053 1.0603 0.19123 3.1302
-0.121 0.99702 1.031 1.4839 0.89295 1.0203 -0.22796 0.63872 -1.2148 1.073 -0.77072 0.68278 -1.2719 -1.2814 -0.27994 -0.70159 -1.1294 0.57304 -1.5459 0.79371 -0.34171 0.90567 0.60308 0.6756 0.37558 0.68463 0.67677 -0.13346 -0.3239 -3.5739 -1.2093 -2.0469 -1.0586 -2.3454 1.2924 -0.69142 0.73622 0.058135 2.7563
-1.0893 1.2044 0.49793 1.4964 1.2061 0.20102 0.46787 0.42382 -0.84042 -0.10994 0.11982 1.6847 -1.2655 -0.84697 -0.085971 -0.97394 -1.9724 -0.53941 -2.3728 0.36938 -1.4047 1.378 0.31841 0.64065 0.44878 1.3922 0.67794 -0.17765 0.026242 -1.9429 -0.773 -0.70971 -1.0502 -1.496 0.75846 -0.98234 0.07392 -0.16489 1.7101
-1.5112 1.2267 -0.11446 -0.29836 1.4391 -0.74047 1.1774 -0.16121 0.68081 0.65348 0.94965 0.91576 -0.87595 -0.68488 -0.41902 -0.99377 -2.7547 -0.35824 -1.5959 0.077714 -1.8259 1.7192 -0.054505 0.83018 0.61721 1.8159 0.99893 -0.58055 0.39011 -0.33128 -0.32316 1.1755 -0.88522 -0.19703 -0.26616 -0.65133 -0.49395 -0.29675 0.44508
-1.5315 1.0118 0.17182 -0.40562 0.93751 -2.4229 1.223 0.47557 0.95195 0.058848 0.030171 0.83364 -0.48674 -0.47636 -0.60392 -0.60691 -2.1124 -0.013291 -1.2481 -0.24601 -1.5539 1.5089 -0.66442 0.38377 0.013156 1.676 1.5054 -0.90697 0.73041 0.85141 -0.21736 2.1676 -1.1774 1.0811 -1.1145 -0.45452 -0.80096 -0.36565 -0.39789
-1.4558 0.87932 -0.45119 -0.70947 -0.15127 -1.549 1.3368 -1.0125 1.4625 1.1055 1.231 1.1757 -0.25997 0.47316 -0.91462 -0.14979 -1.6793 -0.32271 0.29466 -0.68859 -0.65336 0.29853 -0.22519 -0.24871 -0.0043178 1.2495 2.1144 -0.97418 0.43432 1.2084 -0.68334 2.0871 -1.239 1.6942 -1.3174 -0.45357 -0.91395 -0.61878 -0.5966
-0.83661 0.72557 -0.49223 -1.0989 0.73848 -0.68566 -0.23013 -1.4393 1.614 0.61221 0.73694 0.99585 0.033171 1.5015 -1.2364 -0.033965 -0.91285 -0.98308 1.1119 -1.6295 0.099787 -0.1526 -0.51728 -0.54922 0.018703 1.0412 1.7807 -1.0994 0.047387 0.5078 -1.0534 1.3633 -0.62774 1.8483 -0.67459 -0.642 -0.57498 -0.94472 -0.13004
-1.1696 0.55743 0.54959 -0.29583 1.7321 -0.64407 -0.36772 -0.76073 0.37007 -0.89385 -0.46739 1.0706 -0.19131 2.4413 -1.6049 -0.46351 -1.0881 -1.21 1.4895 -1.7375 0.62626 -0.097503 -1.0472 -0.68166 -0.65224 1.183 0.39746 -0.78696 -0.016048 -0.026666 -1.088 0.21732 0.70012 1.2505 0.45695 -0.83014 -0.017361 -1.5208 0.5161
-0.70485 0.42477 -0.025301 -1.1694 0.42888 0.17245 0.45078 0.21766 -0.14776 0.30191 0.27306 1.5043 -0.29153 2.004 -1.9544 -0.34586 -1.455 -1.6295 0.94096 -0.98983 1.3838 0.34703 -1.5542 -0.63109 -1.6066 1.5012 -0.98063 -0.12291 0.20211 -0.38269 -0.72544 -0.3261 1.7502 0.22065 1.0896 -0.34636 0.15222 -1.7671 0.93012
0.53316 -0.058379 -0.37731 -1.4921 -0.87544 -0.49428 -1.3538 0.088739 1.4498 0.12444 0.14971 0.53106 0.3071 0.98883 -1.7683 -0.0064717 -1.4571 -2.127 0.825 0.41394 1.1237 0.95545 -1.3886 -0.21025 -2.3321 1.8393 -2.0419 0.65964 0.78179 0.21338 0.20342 -0.37295 1.9445 -0.80702 0.72099 0.04064 -0.21698 -1.1143 0.72558
1.4776 -0.5763 -0.98824 -1.7295 -0.97576 -0.36545 -1.0633 0.33391 1.3457 -1.3023 -0.58416 -0.34994 0.76176 0.30725 -1.3409 0.12662 -1.4446 -1.9436 0.77864 0.84501 0.27432 1.4949 -1.0485 -0.4137 -2.7935 2.1914 -2.1697 1.2986 0.98798 0.96266 1.4546 0.24068 1.7178 -1.4406 -0.47012 0.59244 -0.33515 0.26451 -0.047669
0.027142 -0.86339 -0.52171 -2.3962 -1.5137 0.11777 0.022687 0.081374 2.0988 -1.1146 0.52532 -1.2839 1.0153 -0.70043 -0.88823 0.75682 -0.69212 -0.65647 0.80944 1.2889 -0.38734 0.7642 -1.2181 -1.2327 -2.3549 1.9909 -1.5983 1.4012 0.71812 1.4107 2.1197 0.45747 0.78546 -1.3075 -1.6058 1.0003 -0.33453 1.5989 -0.85894
-0.59192 -0.54195 0.53953 -2.0216 -1.0416 0.67987 0.92304 0.034009 2.1762 -1.5237 -0.11202 -1.9438 1.2392 -1.3907 -0.38337 1.1088 -0.031674 0.47725 1.4414 2.0572 -0.65684 -0.50763 -0.43982 -0.82266 -1.0271 1.3483 -0.40032 1.0044 -0.042247 1.4847 1.8394 0.20324 -0.15655 -0.7604 -2.3097 1.0488 -0.026859 2.3097 -1.3434
-0.53048 -0.46376 0.4949 -1.9143 -1.1043 0.41341 0.72147 -0.14807 2.054 -1.3852 -1.2477 -2.1648 1.3661 -1.2872 -0.077355 0.84178 0.48211 0.80463 1.4292 1.4031 -0.94896 -1.2684 0.33289 -0.70722 0.12481 0.89326 0.87231 0.27004 -1.0291 0.95083 0.80898 -0.42422 -1.0751 -0.31738 -1.9039 0.90555 0.70848 2.01 -1.2498
-0.57013 -0.59972 0.47004 -1.9725 -0.74102 0.88134 1.2505 -0.27199 0.94658 -1.0865 -1.6314 -1.3444 1.3996 -0.1882 -0.18998 0.023267 0.75267 0.92008 0.88486 0.47441 -0.92288 -2.1239 0.30009 -0.69987 0.78336 0.60199 1.5008 -0.27808 -1.2495 0.60502 0.13922 -1.025 -1.405 0.18805 -0.88794 0.2517 1.2222 1.1574 -0.84266
-0.41981 -0.73354 0.63059 -1.5265 -0.14768 1.5245 1.4166 -0.68147 0.58832 -0.80405 -0.35514 -0.77802 1.4956 0.39123 -0.56375 -0.57865 0.69932 0.70225 0.22167 -0.094362 -0.87378 -2.25 0.24585 0.30295 0.93406 0.37472 1.2597 -0.40719 -0.89047 0.432 -0.23916 -1.3644 -0.96698 0.60812 0.1225 -0.50504 1.2749 0.16965 -0.55113
-0.54991 -0.76129 0.02972 -1.4698 -0.28295 1.5534 0.99646 -0.85151 -0.12447 -0.94742 -1.0357 -0.62694 1.5341 0.68869 -0.56626 -0.46494 0.99506 0.79949 -0.048476 -0.037164 -0.33438 -1.8041 0.11316 1.4014 0.99127 0.26592 0.61 -0.15416 -0.24722 0.35365 -0.43444 -1.3362 -0.29292 0.80746 1.0392 -0.8983 0.73542 -0.41153 -0.40287
-0.3819 -0.90682 -0.16855 -1.5679 -0.39383 0.98101 0.78463 -0.89777 -0.72767 -1.052 -0.68552 -0.92 1.5473 0.72266 -0.51488 -0.53697 1.1719 0.39642 -0.89116 -0.29673 -0.069065 -1.1916 -0.59699 1.0875 0.39201 0.18337 0.26213 0.090315 0.21032 0.24235 -0.38948 -1.1054 0.19401 0.73667 1.4206 -0.90173 -0.20584 -0.50226 -0.31237
-0.0010915 -1.0096 -0.066336 -1.1872 -0.17788 0.54368 0.74934 -0.92864 -0.75021 -1.2628 -0.051141 -0.97827 1.5533 0.82744 -0.44895 -0.43589 1.1805 0.2228 -1.2882 -0.014214 0.23522 -0.58015 -1.0984 0.56431 0.21824 0.055589 -0.054036 0.093892 0.15489 -0.13919 -0.56787 -0.79098 0.30924 0.28472 1.3592 -0.41345 -1.1073 -0.44146 -0.28059
0.30843 -0.95324 0.16072 -0.67792 0.29528 0.73611 1.1766 -0.28681 -0.49153 -0.92733 0.81275 -0.20161 1.5864 0.82484 -0.47904 -0.18895 1.0621 0.22828 -1.4165 0.29103 0.2647 -0.024909 -0.97525 0.30365 0.29594 -0.018226 -0.30451 0.15486 0.23521 -0.53239 -0.60035 -0.37134 0.44917 -0.11347 1.2014 0.52756 -1.2679 -0.35237 -0.2275
0.053364 -1.1171 -0.29285 -0.57939 -0.21927 -0.055103 0.82874 -0.66268 -0.83574 -2.0959 -0.4115 -0.76566 1.5665 0.52403 -0.43529 -0.3368 0.79016 -0.22742 -1.4013 0.29931 0.046154 0.32659 -0.53555 -0.61114 0.14099 -0.080849 -0.59651 0.23299 0.28327 -0.77679 -0.93462 -0.44801 0.19102 -0.56335 1.072 1.2198 -1.2072 -0.84748 -0.19126
0.42804 -1.1327 -0.16177 -0.34879 0.070041 0.071805 1.3589 -0.59623 -0.32497 -2.3035 -0.07269 -0.46008 1.5306 0.27234 -0.27857 -0.13646 0.3701 -0.55294 -1.5926 0.4604 -0.19881 0.75299 0.1898 -1.0831 -0.28261 -0.11152 -0.62581 0.4548 0.55729 -0.51746 -0.99178 -0.1035 0.040327 -0.41271 1.0638 1.6382 -0.54872 -1.0315 -0.20878
0.36745 -1.27 -0.2827 -0.62269 -0.077095 -0.50858 1.2239 -0.67138 -0.39995 -1.8067 -0.68845 -0.36913 1.5156 -0.067751 -0.18528 0.076436 0.071343 -1.2144 -2.1148 0.2919 -0.62916 1.1697 0.78952 -1.3668 -1.2342 -0.20323 -0.56272 0.48303 0.89583 -0.031048 -0.83799 0.4794 -0.0093092 -0.0036352 0.85545 1.3311 0.27918 -0.78693 -0.27452
0.26769 -1.3056 -0.60812 -0.66338 -0.83531 -0.93283 1.0625 -0.90432 -0.24617 -1.3015 -1.3032 -0.94442 1.4854 -0.10784 0.10274 0.6476 0.45251 -1.2178 -1.2704 0.38018 -0.20185 1.6759 1.6801 -0.49198 -1.1405 -0.29037 -0.33706 0.34804 0.89478 0.29623 -0.64907 1.3827 -0.18836 0.5206 0.30172 0.42433 0.86845 -0.25965 -0.37262
0.40446 -1.1306 0.16874 -0.52093 -0.6 -1.4187 1.7052 -0.90957 0.68927 -0.6951 -0.90405 -1.2486 1.4926 -0.39143 0.12448 0.93775 0.69186 -1.534 -0.58197 0.32429 0.036251 1.5701 1.4151 -0.25568 -1.0461 -0.42932 -0.012178 0.21461 0.75204 0.16671 -0.34729 2.3275 -0.32097 0.78543 -0.39629 -0.56783 1.3312 0.39359 -0.37861
3.2383e-05 -1.1594 0.17101 -0.46899 -1.6575 -2.3088 1.3297 -1.2185 1.1694 -0.5524 -1.4166 -2.4382 1.3879 -0.23131 0.1083 1.0975 0.6163 -1.6629 0.46716 0.06626 0.47302 1.1486 0.73613 0.31094 -0.89733 -0.59243 0.14901 0.07632 0.23192 -0.5633 -0.17244 2.5553 -0.78632 0.3409 -0.99029 -1.1968 1.0648 0.58371 -0.30924
0.12657 -1.0046 0.69344 0.27138 -1.4087 -0.73504 1.5218 -0.56964 1.6696 -0.16724 -0.52434 -1.6681 1.2945 -0.037956 0.14743 1.2533 0.30308 -1.6717 1.7731 -0.19779 0.55116 0.63098 0.11094 1.2012 -0.51945 -0.65569 0.29159 0.26167 -0.17538 -1.232 0.59577 2.4838 -1.1195 0.011968 -0.87465 -1.0275 0.69888 0.69967 -0.11635
-0.03132 -1.1859 0.8906 0.21033 -1.9432 -0.48791 1.7816 -0.51601 1.4455 -0.7222 -0.7152 -1.4036 1.1571 -0.0021837 0.213 0.93385 -0.40799 -1.487 2.7742 -0.94837 0.19697 0.15325 -0.092344 1.1619 -0.17246 -0.67032 -0.021655 0.53178 -0.59105 -1.62 1.3057 1.351 -1.2402 -0.43295 -0.48537 -0.85604 -0.056158 0.39936 0.11348
0.23785 -1.2426 0.83883 -0.38045 -2.5129 -0.06725 0.9449 -0.18482 0.80091 -0.8354 -0.55558 -1.9044 1.0375 0.054444 0.48038 0.71357 -1.1045 -0.45849 3.3406 -1.4332 0.19309 0.30717 -0.25233 0.89478 0.063673 -0.57667 -0.2664 0.89637 -0.88863 -1.3298 2.1406 -0.23058 -0.92251 -0.39984 -0.013853 -0.62889 -0.49513 0.38928 0.2688
0.31495 -1.0167 1.3252 -0.43826 -2.9273 1.1829 0.9736 -0.617 1.0559 -0.89826 0.80269 -2.0047 1.0215 -0.32793 0.76761 0.29591 -1.7157 0.28159 2.4447 -1.8253 -0.19137 0.32964 -0.81657 0.37619 -0.34054 -0.45264 -0.37718 1.082 -0.96471 -0.49274 2.5782 -1.8406 -0.032038 -0.25504 0.19611 -0.60483 -0.27286 0.7712 0.30254
0.1474 -0.84675 1.3056 -1.013 -2.4625 1.6921 0.028421 -1.0954 1.4276 -0.405 0.11398 -1.8506 0.9595 -0.40277 1.2595 -0.047238 -1.5349 1.6268 1.4675 -1.6249 -0.033914 0.50645 -0.80118 0.53871 0.39198 -0.33816 -0.29973 0.75433 -1.1009 0.32652 2.1136 -3.0699 0.74664 -0.18289 -0.23649 -0.37167 -0.080969 1.1739 0.18894
-0.037584 -0.63698 1.1141 -1.2941 -1.5584 2.3301 -0.585 -0.49812 2.1867 -0.82605 -0.43719 -1.9902 0.91375 -0.51731 1.4997 -0.44532 -1.1154 2.5085 -0.049421 -0.91372 -0.18817 0.43786 -1.0434 0.77438 1.2842 -0.30953 0.036169 0.097324 -0.98748 0.92128 1.0842 -3.1991 1.316 -0.01268 -0.75586 0.09609 0.16061 1.436 0.071434
-0.43423 -0.40556 1.0151 -1.4732 -1.0695 1.7904 -0.64255 -0.65966 1.7442 -1.8879 -0.14067 -2.0553 0.89948 -0.44356 1.2841 -0.92621 -0.79139 2.5582 -1.6844 -0.37234 -0.16731 -0.22925 -0.89213 0.55303 1.7087 -0.34888 0.27213 -0.73904 -0.64887 0.96684 -0.48628 -2.6053 1.2852 -0.20221 -1.1282 0.56924 0.0035884 1.0346 -0.00057256
-0.1953 -0.066565 0.75511 -1.4204 0.057115 0.89302 -0.2444 -0.32674 1.6227 -1.6595 0.56429 -0.46193 0.84883 -0.2452 0.90949 -1.0661 -0.35923 1.9341 -2.5154 0.21878 -0.15363 -0.82516 -0.57683 0.75875 2.0029 -0.33486 0.43571 -1.2896 -0.12769 0.7588 -1.5729 -1.0693 0.61802 -0.10175 -1.0643 1.1149 -0.34062 0.30847 0.0064459
-0.1634 0.1262 0.39838 -1.4888 0.29154 0.0077321 -0.049266 -0.89924 1.3432 -1.9446 1.3394 -0.062521 0.77316 -0.016338 0.41595 -0.91479 -0.099316 0.96252 -2.6222 0.41683 -0.44744 -1.1305 0.11819 0.59022 2.2005 -0.32762 0.37945 -1.3575 0.49939 0.52034 -1.9096 0.70509 -0.14062 0.0010837 -0.50014 1.0805 -0.58705 -0.5294 0.038848
-0.22809 -0.016082 0.1309 -1.4332 0.060125 -0.62809 0.080306 -1.1416 0.79606 -1.3952 0.82559 0.026907 0.71731 0.11056 -0.055834 -0.66925 -0.037807 0.23094 -1.7647 -0.052276 -0.24968 -1.252 0.70934 0.040924 1.6978 -0.31113 0.26935 -0.77114 1.2187 0.30589 -1.6884 1.8889 -0.86203 0.32018 -0.095402 0.90453 -0.48033 -1.3731 -0.28006
-0.26239 -0.13706 -0.0434 -1.5193 0.064688 -0.84592 -0.13607 -0.89773 0.61772 -1.1621 0.39623 0.51866 0.70057 0.11034 -0.32784 -0.18809 0.024486 -0.32365 -0.61816 -0.51802 -0.12156 -1.0263 0.65313 -0.34598 0.78028 -0.30017 0.25969 0.18425 1.7544 0.3006 -1.0686 2.266 -1.135 0.68988 -0.14267 0.88061 0.22771 -1.9104 -0.69549
-0.17666 -0.24139 0.13293 -1.4123 -0.28243 -0.72701 -0.11572 -0.92746 0.64238 -1.13 0.37169 0.94244 0.6675 0.20854 0.093124 0.83166 0.15343 -0.724 0.34299 -1.0568 0.29957 -1.077 0.9875 0.20411 -0.12069 -0.7953 0.43029 0.4708 1.6407 0.471 -0.62449 1.7361 -0.78068 0.59573 -0.21038 0.73951 0.33786 -2.1097 -0.74037
-0.22117 -0.28801 0.19359 -1.5149 -0.26067 -0.42146 -0.82253 -0.75017 -0.20975 -1.0231 0.37108 0.52385 0.64306 0.4329 0.63004 1.5824 0.36971 -0.64968 0.95491 -1.377 0.61053 -1.5124 1.7625 1.0462 -0.83996 -1.1931 0.39204 0.0055198 0.824 0.39305 -0.28604 0.51576 0.06306 0.2304 -0.20941 0.62368 0.025182 -1.4869 -0.15558
0.018172 -0.19307 0.50933 -1.3483 -0.11069 -0.030886 -0.81753 -0.74881 0.37747 -0.99874 0.59546 0.53929 0.56474 0.7802 0.19673 1.4838 0.67366 -0.82769 0.99705 -1.201 0.5344 -1.4389 1.6522 0.12516 -1.8559 -1.0436 0.077459 -0.9995 -0.40172 0.39474 0.064822 -0.65706 1.2474 -0.1244 0.086597 -0.22676 -0.63438 -0.18182 0.90944
0.027165 0.42188 1.809 -1.2614 -0.97145 0.18125 -1.5684 -0.67539 -0.54997 -0.20693 1.9222 -0.68413 -0.12957 0.58083 -0.36735 1.0202 0.50232 -0.83195 0.1095 -0.31442 0.20315 -1.2734 1.5837 -0.21523 -1.4221 -0.42472 -0.22761 -1.746 -1.4231 0.61229 0.63066 -1.3029 1.9316 0.054669 0.48132 -1.6446 -0.92977 1.2142 1.7208
0.2854 0.49436 2.0757 -0.96562 -0.63665 0.41361 -1.786 -0.23395 -1.7837 1.5596 1.9713 -0.8923 -0.22974 0.27743 -0.94943 0.38993 0.82825 -0.50722 -0.57609 0.9433 0.25778 -1.0316 0.6172 -0.5274 -0.18857 0.26596 -0.44419 -1.7287 -2.1603 0.83086 1.6109 -1.2427 1.6773 0.41115 0.81002 -2.7751 -0.80559 2.118 1.9266
0.74207 -0.58789 1.2228 -0.71322 -1.1639 0.23704 -1.4395 -0.41167 -0.9295 0.18237 -0.93654 -1.9387 0.2136 0.23222 -1.492 -0.47445 1.4414 0.42167 -0.91991 1.4687 0.8504 -0.76047 -1.0516 -0.6407 0.86739 0.88816 -0.30561 -1.0228 -2.3822 0.92667 1.9747 -0.47411 0.48682 0.45005 1.2691 -3.2673 -0.69107 1.5568 1.2922
0.12928 -0.80517 1.0591 -1.1833 -1.2155 -1.0763 -0.084911 -0.96983 -1.0558 0.48283 0.30119 -0.070702 0.67118 0.080108 -1.9093 -1.7302 1.7628 1.693 -1.0266 1.31 1.0032 -0.081356 -2.6516 -1.4016 1.4179 1.3634 0.064546 0.17286 -1.9572 0.46713 1.7666 0.29556 -0.86928 0.053067 1.4563 -1.8595 -0.42585 0.31389 0.16993
-0.041323 -0.91464 0.8445 -0.35096 -0.49308 -0.90054 0.72654 -0.23382 -1.4717 -0.8506 0.3631 0.92157 0.79771 0.07534 -1.4646 -2.2897 1.7733 1.9265 -0.6332 0.49241 0.69826 0.78509 -3.4004 -1.2653 1.0273 1.0809 0.3834 1.1083 -1.2481 -0.12225 0.84868 0.97265 -1.6789 -0.55086 1.4187 0.30403 -0.58047 -1.0401 -0.80207
0.52689 -1.0201 0.51324 0.63804 0.6681 -0.6702 0.3289 0.76539 -0.97292 -2.3385 0.79008 1.0833 0.78569 0.47356 -0.69218 -2.2897 1.5391 2.1923 -0.1147 -0.32622 0.43232 1.1041 -1.9753 -1.1178 0.40226 0.4387 0.57807 1.3717 -0.23172 -0.93583 -0.37869 1.0052 -1.6359 -0.99041 0.98156 2.2764 -0.53697 -1.6741 -1.1493
0.2651 -1.2107 -0.6161 0.6274 1.492 -0.79133 -0.8083 0.44761 -1.0747 -2.6682 -0.76653 0.14087 0.74885 0.77498 -0.3836 -2.4761 1.3252 1.8297 0.6124 -1.1114 0.063898 1.4801 -0.7743 -2.026 -0.76663 0.073412 0.27449 0.95815 0.7022 -1.496 -1.014 0.67664 -0.7151 -0.80786 0.38144 2.9166 -0.32958 -1.2107 -0.69948
0.60008 -1.1306 -1.2744 0.63041 1.009 -0.30978 -1.2623 -0.10597 0.10743 -2.5375 -1.0539 -0.42431 0.76232 0.84938 -0.32572 -2.0467 0.23367 1.0001 0.40543 -1.1993 -0.6034 1.5288 0.64599 -2.1688 -1.144 0.037666 -0.31142 0.5092 1.6531 -1.4587 -1.1747 0.33487 0.52266 0.22653 -0.092623 1.8625 0.58406 -0.1421 -0.063657
1.1706 -1.2737 -1.4926 0.44186 1.29 -0.52872 -0.87247 -0.43196 0.71611 -1.2177 -2.0873 -0.57428 0.73107 0.41451 -0.16297 -1.1011 -0.37729 0.53967 0.49016 -0.51634 -0.35387 1.3282 1.1962 -1.4303 -0.69589 0.1675 -0.8639 0.27603 2.3815 -1.0568 -0.79833 -0.07447 1.3269 1.4676 -0.91841 0.3787 1.7641 0.90792 0.24072
0.68287 -1.0869 -1.9331 0.60979 1.3244 -0.18284 -0.95581 -0.45234 0.54114 -0.76591 -1.8406 -0.26561 0.81598 0.038311 -0.011629 0.083922 -0.34308 0.5403 0.63148 0.43905 1.0758 0.98588 0.81166 -0.092774 0.09045 0.28918 -1.0844 0.21351 2.2311 -0.30744 -0.60089 -0.18964 1.3712 1.9617 -1.4606 -1.1662 2.1427 1.0395 0.24151
1.0724 -1.3238 -1.4845 0.15448 1.2483 -0.47278 -1.0574 -0.27967 0.44925 -1.0336 -2.1409 -0.46295 0.8301 -0.51236 -0.11021 0.86102 -0.36641 0.49822 0.34802 0.76186 2.0641 -0.096757 -0.09042 0.85926 0.52093 0.32936 -0.88762 0.061833 1.2956 -0.0050157 -0.91194 -0.63614 1.0718 1.1795 -1.5113 -1.6666 1.5538 0.31558 0.052747
0.69952 -1.2 -0.97118 0.32461 1.8764 0.087773 -0.75747 0.6807 0.93402 -1.5431 -1.1363 -0.10662 0.92712 -0.81007 -0.018304 1.0977 -0.347 -0.15467 0.089803 0.94383 1.9849 -0.69312 -1.0732 1.4443 0.4258 0.33971 -0.63852 0.031227 -0.031762 -0.011902 -1.2878 -0.80218 0.84665 -0.069637 -1.0539 -1.0794 0.93195 -0.68587 -0.1495
0.29423 -1.1709 -0.63614 0.35085 2.0799 0.22526 -0.11887 1.8566 0.74558 -1.7044 -0.9132 0.07666 0.9758 -0.90043 -0.060293 0.79471 -0.38362 -0.89632 -0.53805 1.4067 1.4731 -0.86816 -1.2375 1.2612 -0.18927 0.22493 -0.052887 0.073737 -1.0022 -0.018307 -1.4119 -0.63183 0.57309 -0.85564 -0.37613 -0.05879 0.30703 -1.5038 -0.30354
0.25236 -1.3264 -0.36298 0.16945 1.3629 -0.17927 -0.152 1.8198 -0.24345 -2.1133 -0.23708 0.21737 0.98357 -1.021 0.015439 0.075515 -0.35568 -1.2805 -0.56381 1.8359 1.232 -0.74805 -0.80164 1.7958 -0.96049 0.10237 0.55063 0.10332 -1.3374 0.0623 -0.90066 -0.22077 0.019113 -0.67613 0.34488 1.0195 -0.17481 -1.5916 -0.37439
0.25583 -1.1978 -0.52633 0.086956 0.68953 -0.56593 0.3604 1.0225 -0.42743 -2.2678 -0.46924 -0.15608 1.0055 -0.51821 -0.0093464 -0.45649 -0.39528 -1.6996 -0.6154 1.4808 0.77792 -0.8313 -0.34565 1.3959 -1.8912 -0.036043 1.2331 0.24823 -1.0772 0.19965 -0.04673 0.048044 -0.88448 -0.38139 1.0706 1.6484 -0.80335 -0.73833 -0.36887
-0.24713 -1.2219 -1.1097 0.05996 0.023261 -1.1117 1.0033 1.0256 -0.45112 -2.2614 -0.55328 -1.0068 0.96748 0.064405 0.1197 -0.7226 -0.22326 -1.5145 -0.32182 0.94924 1.0178 -0.029298 0.54566 1.0275 -2.0109 -0.12659 1.9049 0.43011 -0.49155 0.17001 0.67742 -0.042374 -2.0062 -0.48267 1.3903 2.0615 -1.4557 0.5352 -0.40852
-0.1237 -1.2846 -1.2615 -0.17919 0.30092 -0.54181 1.6651 2.0441 0.069906 -1.9827 1.1771 -1.905 0.92307 0.95331 0.27505 -0.77293 -0.074429 -0.87172 -0.56006 0.061551 0.83669 0.9084 1.4274 -0.08921 -1.1791 -0.24859 2.1531 0.84357 -0.10256 0.10624 1.0375 -0.1573 -2.631 -1.2358 1.1888 2.313 -1.4519 1.5863 -0.461
0.20774 -1.179 -1.2459 0.047677 -0.011649 -0.32744 0.93821 2.2484 -0.431 -1.9901 0.5675 -2.5379 0.91958 1.9497 0.54185 -0.65451 -0.19627 -0.37144 -0.67725 -1.5159 0.26283 1.1584 2.4873 -0.63387 -0.186 -0.44243 1.8801 1.1519 0.011559 -0.056787 0.70295 -0.38943 -2.6284 -2.4999 0.24642 1.8421 -1.1429 1.7385 -0.5163
0.56008 -1.0747 -1.2971 0.15249 -0.0086014 -0.3239 0.81298 3.1061 0.65925 -0.7381 0.1988 -1.9265 0.88155 2.7297 1.0873 -0.66247 -0.20848 -0.24442 -0.7583 -2.6142 -1.2439 0.94756 3.3683 -0.93734 0.51052 -0.61267 0.93533 1.1905 -0.089274 -0.17983 0.30826 -0.27871 -1.6185 -3.0485 -0.58224 0.94146 -0.24585 1.1863 -0.43655
1.6041 -1.0339 -1.4032 0.019902 0.046418 -1.7268 -0.30324 1.5608 1.1301 -0.2743 -1.2678 -0.6911 0.76102 2.8344 1.4979 -0.73962 -0.26158 -0.45524 -1.0176 -3.035 -2.791 0.43615 3.3061 -1.0314 0.77456 -0.76706 -0.26067 0.83161 -0.15313 -0.065723 0.066544 -0.088796 -0.215 -2.5425 -1.1637 -0.4548 0.42568 0.16259 -0.2238
2.2897 -0.62073 -1.6717 -0.31831 0.027442 -1.5918 -1.8471 0.77804 0.99988 1.1123 -1.0535 -0.78089 0.58678 2.3268 1.6411 -0.87784 -0.37778 -0.22837 -0.95855 -2.4548 -3.5488 0.09464 2.9246 -0.39645 0.82372 -0.78194 -1.3412 0.076245 0.25188 0.107 0.084787 0.21516 0.95836 -0.61644 -1.1429 -1.6926 0.70875 -0.73898 0.061541
2.5754 -0.15634 -2.1533 -0.18064 -0.2986 -1.4735 -2.035 -0.24784 0.60302 2.0273 -0.49584 -1.266 0.45558 1.6347 1.5542 -0.81188 -0.23372 -0.25046 -0.75775 -2.0275 -3.5164 -0.75481 1.7875 0.069548 0.013891 -0.71502 -1.9005 -0.85669 0.88294 0.44444 0.039732 0.16042 1.771 1.3981 -0.88068 -2.5412 0.318 -0.67402 0.3935
2.8063 0.02901 -2.0619 -0.3048 -0.44444 -1.4112 -2.191 -0.75071 0.28877 1.5189 0.059025 -1.45 0.34334 0.70584 1.1808 -0.14557 -0.020703 -0.18214 -0.44777 -1.1723 -2.0803 -0.75487 0.6988 0.10984 -0.62551 -0.54201 -2.0439 -1.6515 1.5897 0.48967 -0.24569 -0.076003 1.9953 2.7021 -0.58249 -2.6259 0.024153 -0.093197 0.71883
2.5596 0.14521 -2.3041 -0.21706 -0.057428 -1.6228 -1.9225 -1.2272 0.23031 1.7535 -0.47121 -0.87136 0.37375 -0.069375 0.40755 0.53709 0.39418 -0.40175 -0.9444 -0.083938 -0.82013 -0.91179 -0.72881 -0.54801 0.11775 -0.26229 -2.0547 -1.8868 1.8556 0.0020659 -0.50513 -0.14195 1.9413 2.8384 0.0030099 -1.7406 0.033954 0.62611 0.91548
2.681 0.15032 -2.2471 -0.080448 -0.27951 -1.9805 -2.4879 -1.1148 -0.21314 1.4611 -0.57242 -1.5664 0.30041 -0.81527 -0.33465 1.392 0.22737 -0.634 -1.0197 0.62025 0.33537 -1.0022 -1.1365 0.0013427 0.59692 0.13394 -1.8552 -1.3371 1.6132 -0.77023 -0.67855 0.23357 1.3707 1.7793 0.43299 -0.84198 0.53122 0.75573 0.85165
2.6103 0.042364 -1.2624 -0.14325 -0.18425 -2.3141 -2.5157 -0.75892 0.35358 1.0415 -1.3792 -1.6842 0.28105 -1.6198 -0.60096 1.8533 -0.35276 -1.0129 -0.76103 1.0136 0.7721 -0.63368 -0.82088 0.2344 0.72204 0.40207 -1.6225 -0.25368 1.1066 -1.4524 -0.47806 0.98075 0.73878 0.37425 0.97536 -0.082188 1.3487 0.24931 0.55504
2.1776 -0.21429 -1.0753 0.2853 -0.91682 -2.7486 -1.6209 -0.31535 -0.73578 0.32211 -1.4557 -0.21873 0.37869 -2.1449 -0.37808 2.184 -1.0901 -1.2039 -0.061383 1.0601 0.56739 -0.035182 -0.96102 0.92508 0.66099 0.47934 -0.98415 0.66028 0.35203 -1.463 -0.081891 1.3525 0.092449 -0.958 1.1242 -0.062323 1.5898 -0.048264 0.042484
1.5073 -0.4474 -0.24939 -0.18483 -1.239 -2.4117 -0.85196 -0.09241 -1.0317 0.7609 0.8002 -0.52065 0.63327 -2.5768 0.040888 2.1959 -1.6689 -1.0522 0.58126 1.1969 -0.21523 0.54985 -0.98339 1.9982 0.62236 0.44671 0.058392 1.0672 -0.26237 -0.80969 0.52663 1.3165 -0.57271 -1.7059 0.93734 -0.1174 1.0799 -0.14832 -0.48207
0.7602 -0.32475 0.047221 -1.0412 -1.5323 -2.163 -0.9576 -0.35661 -0.12717 0.90505 -0.0078208 -0.56342 0.65911 -2.2641 0.36883 1.8859 -1.8561 -0.77543 1.0737 0.7197 -1.0319 0.64931 -1.1818 2.6588 0.56524 0.17798 1.2226 0.81981 -0.86151 0.5924 0.70041 0.72198 -0.91076 -1.6403 0.39862 -0.072306 -0.25436 0.13613 -0.88483
0.34908 0.075197 0.38674 -1.4353 -1.3571 -1.5785 -1.1584 -0.91988 0.57568 0.2755 0.40224 -0.49214 0.63136 -1.4545 0.67892 1.5361 -1.4865 -0.19886 1.3623 0.027077 -1.7385 0.89309 -0.94864 1.7832 0.48055 -0.21532 2.165 0.18301 -1.1647 2.1527 0.52477 0.04345 -0.85201 -0.66223 -0.35655 0.13019 -1.2709 0.4763 -1.0366
0.026406 0.21753 0.86205 -1.654 -1.4626 -1.4681 -0.97221 -1.4199 0.71841 -0.21055 2.0486 -0.89518 0.54562 -0.33007 0.5739 0.9443 -0.069555 -0.26264 1.0241 -0.19676 -1.8542 0.58309 -1.1252 0.50784 1.0334 -0.59839 2.3406 -0.41499 -1.4191 3.0003 0.24167 -0.55275 -0.40861 0.55649 -0.75491 0.61432 -1.9804 0.94562 -0.91919
0.35758 0.10397 1.1713 -1.6357 -1.3737 -1.2452 -1.2605 -1.6976 0.35887 -0.83607 2.1336 -0.016925 0.39734 0.66987 0.225 0.53886 1.4746 -0.28401 0.69562 -0.067606 -1.0918 -0.13982 -0.74835 0.30864 1.3964 -0.81521 1.8 -0.6 -1.7403 2.7418 0.051638 -0.86443 0.011693 1.4702 -0.77553 1.002 -2.212 1.0956 -0.69297
0.56998 0.20681 0.91481 -1.1038 -1.24 -0.97013 -1.2912 -2.1609 0.12489 -0.15823 0.79729 0.59612 0.2954 1.2299 -0.041929 -0.21183 2.289 -0.26156 0.27838 -0.057202 -0.28119 -0.35499 -0.038005 -0.93237 2.0904 -0.98549 0.84617 -0.24975 -1.8128 1.4438 0.32911 -0.6993 0.055592 1.8338 -0.26 1.3244 -1.9466 0.2678 -0.42141
1.0323 0.0071129 0.88717 -0.17778 -1.9511 -1.2186 -1.0385 -2.1164 0.23122 -0.43823 0.76252 0.80032 0.18315 1.2674 0.063123 -1.0736 2.4753 -0.099529 -0.030287 -0.015278 0.31971 -0.19993 0.53707 -2.3357 2.2468 -1.1253 -0.061156 0.081447 -1.5681 -0.1799 0.55899 -0.43031 -0.0596 1.4751 0.36284 1.0062 -1.289 -0.8124 -0.13443
1.3206 0.041156 0.82821 0.51547 -1.7779 -1.1381 -1.0883 -1.3747 0.001292 -0.14324 0.81557 1.1262 -0.0078663 1.0131 0.27254 -1.5708 2.1379 0.28731 -0.04099 -0.10655 0.98947 0.083756 0.91444 -2.424 1.1833 -1.1149 -0.68706 0.099331 -0.92157 -1.3347 0.56608 0.024953 -0.10773 1.0625 0.67501 0.73175 -0.046363 -1.8226 0.32275
1.4644 0.1583 0.07295 0.62431 -1.475 -1.2257 -1.2891 -1.3597 0.30388 0.046107 -0.3494 2.4579 -0.19623 0.65084 0.19743 -1.6524 1.2141 0.53306 -0.023158 -0.15997 1.1271 0.35903 0.8131 -1.7503 0.18111 -0.96556 -0.73075 -0.41756 -0.068243 -1.7561 0.17937 0.21138 -0.043873 0.60715 0.6365 0.48926 1.0345 -2.3437 0.92415
1.3086 0.32077 -0.6025 0.61464 -1.3983 -1.4717 -1.0621 -1.3347 0.35941 0.32217 -1.3601 2.1912 -0.40523 0.19018 0.048223 -1.6026 0.4187 0.52753 0.32661 -0.19943 1.3699 0.70907 1.3058 -1.2915 -0.64409 -0.55317 -0.39486 -1.0903 0.65643 -1.4915 -0.42559 -0.028158 0.085444 0.58932 0.16554 0.20273 1.3547 -2.0749 1.4501
1.5347 0.36287 -0.80675 0.6808 -0.80242 -0.97687 -1.573 -0.6777 0.39197 0.58089 -1.306 0.9482 -0.44338 0.24563 -0.46642 -1.1665 0.043863 0.12988 0.21864 -0.054009 1.3018 0.75382 1.332 -0.58642 -1.6894 0.062674 0.0019624 -1.4878 1.176 -0.79412 -0.55753 -0.60028 0.41412 0.91362 -0.32037 -0.099321 1.2789 -1.1466 1.8329
1.402 0.15373 -0.90991 0.41699 -0.99524 -1.0521 -1.305 -1.0535 0.74326 0.69835 -0.8936 0.52604 -0.39684 0.43749 -1.0772 -0.58804 -0.0721 -0.34399 -0.21861 0.017339 2.0398 0.20937 1.0653 0.01515 -2.173 0.67647 -0.034941 -1.4895 1.447 -0.40298 -0.40521 -1.4416 0.84071 0.6802 -0.85005 -0.63407 0.70991 0.11226 1.8415
1.2901 -0.073303 -0.98804 0.61491 -1.5715 -0.67903 -1.2481 -0.024753 1.3548 1.5226 -0.58449 0.27772 -0.18766 0.52283 -1.5359 0.022902 -0.028139 -0.12196 -0.97632 0.57452 2.5583 -0.041436 0.73184 0.45063 -1.4175 1.334 -0.51816 -0.92895 1.4306 -0.42718 0.025182 -1.6484 1.1217 0.087667 -1.0233 -1.0668 -0.14013 1.1181 1.4458
1.8408 -0.42572 -0.78105 0.68295 -1.5519 -1.1823 -1.1615 0.047576 0.92294 1.5009 -0.46759 -0.58325 0.06241 -0.024744 -1.7158 0.48424 -0.29965 -0.13961 -2.0207 1.1936 2.0554 -0.60462 0.32122 -0.20975 -0.5281 1.7392 -0.90517 -0.11772 1.223 -0.50573 0.33225 -0.6883 1.3222 -1.1909 -0.49539 -1.4042 -0.65228 1.5634 0.74959
1.9709 -0.75355 -0.96208 0.49481 -1.8088 -1.9477 -1.3001 1.285 0.10898 1.1539 -1.1716 -0.24741 0.27422 -0.5419 -1.5793 0.9487 -0.64206 0.075854 -2.2478 1.6345 1.4595 -0.8976 -0.45725 -0.74699 -0.17048 1.8299 -1.0481 0.63376 0.80126 -0.46404 0.23825 1.1076 1.0259 -2.0528 0.26493 -1.505 -0.5963 1.2116 -0.03347
1.8046 -0.95608 -0.48415 0.62036 -0.7712 -2.753 -0.027666 1.7417 0.41476 1.1974 -0.63898 0.23623 0.6756 -0.8035 -1.2337 1.2182 -0.71211 0.20545 -0.9885 2.1703 0.27685 -0.36345 -1.1849 -0.78772 0.46986 1.6197 -0.61219 1.0458 0.26522 -0.20842 0.23777 2.8572 0.40002 -2.3475 0.88156 -1.4267 0.13047 0.41321 -0.62904
0.98885 -1.1434 -0.080789 0.084416 -1.1389 -3.5176 0.22711 0.83528 -0.33864 1.0549 -1.7519 0.14483 0.92064 -1.1398 -0.79352 1.1484 -0.69072 0.17012 0.77163 2.1686 -0.53497 0.36009 -1.564 -0.53869 0.61919 1.3393 -0.042292 1.0716 -0.53999 -0.016851 0.077774 3.3866 -0.5033 -2.005 0.61063 -1.1228 0.53363 -0.25194 -0.99254
0.63551 -1.2328 0.37194 -0.30358 -1.3605 -3.1958 0.94387 0.50889 0.0049034 0.20085 -1.689 -0.045994 1.0094 -0.92779 -0.48826 0.88973 -0.66493 0.27692 2.3086 1.7409 -1.5012 0.52382 -2.0157 0.0093953 -0.045823 0.98265 0.52648 0.85383 -1.1793 0.18162 0.3702 2.4779 -1.1979 -0.74888 -0.27626 -0.6408 0.72051 -0.75557 -1.0501
0.97171 -1.1852 0.49636 0.19274 -1.4686 -0.81017 1.6355 0.31011 1.3042 0.021659 -1.2954 0.80546 1.0449 -0.57042 -0.29174 0.13546 -0.69613 0.19107 3.0245 0.83316 -1.5416 -0.12666 -2.3166 0.066214 -0.41728 0.56834 0.75111 0.47441 -1.5116 0.26477 0.77125 0.69356 -1.392 0.19115 -1.2591 -0.07786 0.62026 -0.73139 -0.89797
0.84318 -1.1929 0.36274 0.012775 -1.2022 -0.20759 1.35 0.085318 1.1101 -0.58915 -1.2164 0.15301 1.1564 -0.069711 -0.16097 -0.43012 -0.36781 0.91748 2.9491 0.41439 -0.67554 -0.68204 -2.107 0.53342 -0.56274 0.33357 0.49811 0.17443 -1.3861 0.27292 0.93232 -1.1448 -1.106 0.83108 -1.6349 0.62406 0.54693 -0.34302 -0.6052
0.94493 -1.2901 0.14379 -0.27102 -0.80874 0.16645 1.1577 -0.26261 0.32061 -1.4128 -0.93782 -0.52625 1.1731 -0.11234 -0.22008 -0.95831 -0.3418 1.3562 1.8694 0.015023 -0.58171 -1.5677 -1.6764 0.60198 -0.62296 0.23419 0.11221 0.0046952 -0.91664 0.29056 0.6118 -2.0898 -0.64503 0.61255 -1.2291 1.1773 0.5876 0.0046548 -0.31124
0.73395 -1.2974 -0.33865 -0.43706 -0.62037 -0.034441 1.0532 -0.28755 -0.66197 -1.6124 -1.2157 -0.31133 1.1868 -0.19367 -0.25071 -1.0989 -0.32934 1.5156 0.54786 -0.087335 -0.37485 -2.0392 -1.0721 0.98258 -0.63682 0.18581 -0.12026 0.11596 -0.29676 0.37792 -0.015553 -1.8424 -0.33595 0.19631 -0.38997 1.5839 0.66446 0.37698 -0.096941
0.80084 -1.3032 -0.37517 -0.29112 0.08683 0.066298 1.2232 0.27162 -1.1086 -1.5471 -1.0552 -0.48196 1.1865 -0.2978 -0.23586 -1.2012 -0.16953 1.0868 -0.044209 -0.21926 -0.5092 -1.9187 -0.4496 1.1723 -0.35183 0.14591 -0.10893 0.28866 0.25514 0.46137 -0.44222 -0.92689 -0.15852 -0.14824 0.52405 1.5293 0.71123 0.32067 0.014274
0.57796 -1.4421 -0.7988 -0.40505 0.26295 -0.018099 1.3434 -0.45152 -1.3692 -1.8195 -0.5701 -0.41256 1.204 -0.21968 0.029926 -0.83822 0.25564 1.0208 0.14199 -0.14547 -0.33572 -1.2962 0.48763 1.7483 0.10355 0.22229 -0.023199 0.42979 0.57317 0.41608 -0.48488 0.15846 0.014494 -0.43056 1.1612 1.2662 0.47881 0.17511 0.062195
0.8426 -1.3815 -0.83458 -0.074367 0.44286 0.22698 1.4173 -0.23424 -1.2212 -1.2829 0.41315 -0.24227 1.2457 -0.31993 0.089567 -0.60187 0.23174 0.73823 0.1792 -0.27339 -0.89293 -0.89801 0.64098 1.8223 -0.30826 0.23744 -0.00921 0.5017 0.89175 0.0085159 -0.26172 0.65001 0.14255 -0.3495 1.3319 0.69857 -0.18736 -0.194 0.0329
0.42239 -1.4293 -1.323 -0.40401 -0.038741 -0.32829 0.58749 -0.85392 -2.0047 -1.5015 0.17741 -0.78768 1.288 -0.23604 0.2547 -0.32613 0.25116 0.74105 0.76077 -0.027166 -1.0218 -0.23222 0.94699 1.7486 -0.2761 0.23776 -0.12712 0.40982 1.0267 -0.67201 -0.20013 0.72802 0.15782 -0.25924 1.3121 -0.1169 -1.261 -0.4191 -0.11331
0.73803 -1.1396 -0.78233 0.097588 0.83938 0.61285 1.0741 -0.36753 -1.6976 -0.55026 1.3962 -0.075152 1.3697 -0.31578 0.43104 0.20183 -0.15021 0.71403 0.97542 0.014176 -0.84787 0.20865 0.73534 0.79511 -0.54627 0.18929 -0.17553 0.2969 1.1545 -1.2882 -0.33253 0.72189 0.081649 0.58498 1.629 -0.53707 -1.9262 -0.32029 -0.32978
0.24692 -1.2885 -1.1358 -0.27514 0.54365 0.084379 0.79203 -1.4187 -2.0951 -1.0444 0.81258 -1.1471 1.34 -0.47785 0.49644 0.66751 -0.81206 0.64063 1.2323 0.034269 -0.86503 0.77015 0.20328 -0.48132 -0.62932 0.064895 -0.14576 0.16178 1.0704 -1.7027 -1.0747 0.26884 -0.65949 1.1363 1.9238 -0.92783 -1.9289 -0.35698 -0.57984
0.62633 -1.1266 -0.83701 0.02006 1.3386 1.4328 1.6376 -0.97108 -0.97673 -0.34279 1.4481 -0.66705 1.3583 -0.54952 0.43139 1.0442 -1.6504 0.13744 1.4193 -0.13494 0.158 1.8554 -0.075414 -1.2719 -0.77826 -0.20194 0.35462 0.35881 0.95417 -1.1903 -1.8177 -0.1724 -1.4998 1.4516 1.8192 -0.70676 -1.203 0.49194 -0.84649
0.20734 -1.0459 -0.42921 -0.75243 0.98637 1.0408 1.1523 -1.3793 -1.0019 -1.0668 0.22414 -1.221 1.3531 -0.4116 0.50836 1.2407 -2.1896 -1.0722 1.089 -1.2852 0.67301 2.7894 -0.52738 -1.4329 -0.88293 -0.49021 0.88038 1.0933 0.97814 0.010595 -2.3414 -0.74701 -2.241 1.09 0.9087 -0.22404 -0.41673 1.3167 -1.4141
0.1588 -0.93433 -0.012097 -1.2064 0.95461 1.564 0.92132 -1.3221 -0.3423 -1.1997 -0.69295 -1.1497 1.2878 0.33444 0.98348 1.6893 -1.6917 -1.9834 0.69562 -2.3613 1.1919 2.8344 -0.33129 -1.3443 0.62119 -0.88092 0.74922 1.9851 0.84345 1.8147 -1.6795 -1.0561 -1.6274 0.44731 -0.60151 0.63412 0.29944 1.8859 -2.1181
-0.1714 -1.0334 0.11255 -2.2207 0.048683 1.6225 0.2632 0.039947 1.0036 -1.1897 -0.99679 -1.7668 1.0771 0.7888 1.9141 2.1631 -0.77044 -2.8764 0.068552 -3.3898 0.726 2.0923 -0.12296 -1.3277 1.4248 -1.8463 -0.043122 2.2914 0.3215 3.1672 -0.10253 -1.3828 -0.13006 -0.014089 -2.2462 1.2712 0.88705 1.7158 -2.4361
0.42736 -0.64955 0.70413 -1.9773 -0.91449 1.775 -1.1866 0.0091499 2.4433 -1.2219 0.20559 -1.4508 0.93694 0.30313 2.8008 2.1531 1.0431 -2.2443 -0.22769 -2.3765 0.99399 0.99045 1.0065 -0.62885 2.0042 -2.8945 -1.0427 1.4174 -0.6153 3.5886 1.5771 -1.6608 1.6055 -0.24104 -3.0395 1.1827 1.0377 0.67163 -1.8565
1.1004 -0.20351 1.184 -1.3709 -1.7544 1.0931 -2.2627 -0.34434 1.4776 -1.0699 -0.87147 0.90584 0.57931 -0.48822 3.1454 1.6177 2.3816 -1.1433 -1.2742 -1.5374 0.74031 -0.79656 1.3784 0.19993 2.0087 -3.3599 -1.6674 -0.4613 -1.8667 2.6134 2.5291 -1.5677 2.7915 -0.078162 -2.8077 0.59206 1.0668 0.0016313 -0.4334
1.3521 0.96191 2.3634 -0.62852 -2.1869 1.4821 -2.8933 -0.77375 1.2612 -0.55924 -1.0046 1.126 -0.38295 -1.0685 2.5625 0.84585 3.4608 0.23158 -2.0258 -0.0305 0.71328 -1.8182 1.3132 0.21451 1.7432 -3.0785 -0.76443 -2.6507 -3.1925 0.45703 2.073 -1.1158 2.5807 0.07392 -1.0695 -0.087899 0.82524 -1.032 1.5823
-0.47379 1.433 2.1237 0.4086 -0.97519 0.82351 -0.73015 0.2146 0.06394 0.55339 -0.98581 0.75196 -1.0879 -1.7851 1.324 -0.60387 2.9211 0.82777 -2.235 1.0974 0.7105 -2.1361 0.92253 0.63737 1.5774 -2.445 1.0923 -4.2238 -3.8691 -1.5741 0.88588 -0.46822 1.6302 0.23483 1.0591 -0.32578 0.14375 -1.6563 3.5038
-0.8309 1.3992 1.4729 0.74363 -0.2987 -0.38384 -1.2578 0.18017 -1.1269 0.26615 0.11507 0.70313 -1.1478 -0.54731 -0.38203 -2.5982 1.6312 0.82087 -2.0264 1.5391 1.1478 -0.49076 1.056 1.0068 0.094759 -0.83619 3.1086 -4.1757 -3.4084 -2.9325 -0.49513 0.36385 -0.18723 -0.24281 2.3062 -0.31893 -0.40423 -2.0671 4.355
-0.73319 0.73235 1.0583 1.3976 -0.11339 -0.95619 -0.27507 1.0469 -0.29276 -0.0074315 -0.45492 0.65725 -0.93464 1.373 -1.9077 -3.7681 0.34648 0.29252 -2.2298 0.98485 0.97378 0.65258 0.84674 0.15633 -0.58903 1.0914 3.7431 -2.7959 -1.8249 -2.9602 -0.91648 1.094 -1.196 -0.70163 2.4582 -0.0066415 -0.89745 -2.1025 3.8531
-0.83507 0.47746 -0.16267 0.80851 -0.88593 -0.77033 -0.63528 0.065782 -0.45722 -0.29013 0.91031 2.3012 -0.94207 3.4062 -2.2726 -3.8315 -0.74826 -0.4696 -1.2841 -0.34987 0.1067 1.3985 0.70474 -0.40002 -1.4489 2.0798 2.3554 -0.8199 0.12496 -2.2812 -0.40471 1.2991 -1.4558 -0.9809 1.011 0.048693 -1.0141 -1.5258 2.1236
1.6559 -0.20263 -2.1773 0.19165 -1.1714 -0.92107 -0.52067 0.93698 1.6384 1.1261 -0.17237 0.34813 -0.17519 3.5293 -2.0489 -3.3308 -1.4373 -0.31935 -0.3698 -0.37794 -0.13307 1.8348 1.0843 -0.60118 -1.9996 2.2251 0.079587 0.66863 1.5848 -1.1078 0.82831 1.1553 -0.7127 -0.16267 -0.20294 -0.16355 -0.69258 -0.91574 0.29286
2.3938 -0.38916 -2.0609 0.11502 -1.225 -1.749 -1.0681 0.57641 1.5064 1.0044 -1.494 -0.44268 0.34052 2.9596 -1.5751 -2.5698 -1.7523 0.33472 -0.30108 -0.72565 -0.20413 0.93476 1.0354 -0.81353 -2.3508 1.9738 -2.3203 1.1197 2.464 0.051449 1.7403 0.57674 0.51227 0.82651 -1.1773 -0.83659 -0.23863 0.48653 -0.92501
2.6921 -0.33645 -2.4107 -0.049754 -0.95957 -0.87635 -1.5566 0.16193 0.89337 1.1526 -0.88952 -1.5719 0.33734 1.7433 -1.2192 -1.4636 -1.2272 1.5083 -0.35977 -0.26767 0.80956 0.46937 0.34975 -1.1274 -2.0217 1.609 -3.1681 0.80135 2.5958 0.73106 1.4921 0.45843 1.4398 1.4342 -1.3783 -1.6065 0.096061 1.8026 -1.378
2.1425 -0.55109 -2.5078 -0.53561 -0.2627 -0.84838 -1.1031 0.32717 1.6568 1.3078 -0.10998 -1.2944 0.434 -0.23373 -0.95298 -0.21085 -0.75578 2.0171 -0.10978 0.63674 1.2328 -0.28569 -0.62292 -0.627 -0.40848 0.91522 -2.8433 0.36184 2.3712 0.89522 0.30093 0.58846 2.0868 1.1691 -0.972 -1.9107 0.35214 2.5083 -1.2308
2.2462 -0.80796 -2.6418 -0.64775 0.12389 -1.5167 -1.2314 0.72555 0.71138 1.0648 -1.31 -1.4741 0.51149 -1.0603 -1.1175 0.28664 -0.56397 1.7547 0.4721 1.862 1.9235 -0.32443 -1.3409 -0.44697 0.7925 0.56121 -1.6652 0.255 1.6683 0.75536 -1.3517 0.87391 1.8945 -0.12286 -0.86124 -1.3246 0.55385 2.136 -0.89581
1.9804 -0.82404 -2.7419 -0.52556 1.1014 -1.3906 -0.74964 1.7769 1.2086 0.39175 -1.244 -0.64678 0.63467 -1.1916 -1.0628 0.93842 -0.4045 0.79864 0.48622 2.4416 1.5001 -0.62395 -1.9899 -0.34193 1.4714 0.53864 -0.30673 0.4532 0.95599 0.61029 -2.4643 1.1819 1.1162 -1.4023 -0.41553 -0.11713 0.83885 0.82921 -0.52081
1.6542 -1.1319 -2.0753 -0.47442 1.1497 -1.1549 0.56055 2.2259 1.2641 0.31398 -1.5708 -0.45775 0.74487 -1.0333 -0.76631 1.0508 0.014363 -0.52545 1.1288 2.6725 0.43341 -1.0952 -1.6501 -0.013602 1.4943 0.37111 0.21123 0.89408 0.63582 0.28235 -2.662 1.277 -0.28811 -2.2341 -0.12677 1.1996 0.89627 -0.73701 -0.44924
1.2292 -1.3807 -1.5995 -0.56479 0.59983 -0.40667 1.5164 2.2839 0.68631 -0.85138 -1.6454 0.3228 0.72128 -0.85355 -0.42425 1.1844 0.10026 -1.6604 1.9778 2.4969 -0.74422 -0.74121 -0.70594 1.0407 0.98191 0.18058 0.27404 1.1993 0.3658 -0.25817 -1.9483 0.96529 -1.9506 -2.0306 0.70093 1.9009 0.53491 -1.6693 -0.48976
1.3519 -1.2097 -1.2409 -0.77088 -0.18534 -0.2868 1.4965 1.1335 -0.053089 -1.207 -0.53594 0.22392 0.75837 -0.82554 -0.050935 1.3514 -0.28593 -2.2199 2.3366 1.2543 -1.2882 -0.52833 0.44652 0.87264 -0.47504 0.024398 0.26968 1.4327 0.51213 -0.66427 -0.63694 -0.23333 -3.0256 -1.2085 1.5485 1.8144 -0.17733 -1.3966 -0.39809
1.127 -1.2058 -1.6243 -0.3963 -0.96047 0.31601 2.2307 0.67096 -0.14943 -0.11669 -0.54091 0.51342 0.71563 -0.76921 0.43705 1.4787 -0.73722 -2.1633 1.8555 -0.79803 -1.5787 0.48805 0.81175 0.42953 -0.99282 -0.068295 0.18095 1.5751 0.63104 -0.56773 0.46588 -1.3685 -3.3559 -0.22933 1.4544 1.0519 -0.47112 -0.40484 -0.47407
1.3766 -1.1439 -1.1884 -0.44188 -1.4954 1.0964 1.9888 0.41321 0.37769 0.49098 0.102 -0.33531 0.6833 -0.55774 1.0215 1.8637 -0.81107 -1.52 0.71389 -1.8071 -1.4957 1.3834 1.2659 -0.063031 -0.40083 -0.13893 0.19997 1.7944 0.85443 -0.013234 0.93812 -1.8279 -2.657 0.14932 0.60862 -0.17663 0.05021 0.9104 -0.86793
0.71061 -0.95407 -0.50066 -1.0804 -1.2211 1.6382 0.82879 1.0937 0.88818 0.96922 -0.86422 -1.8472 0.70721 -0.64278 1.478 2.1073 -0.70036 -1.1008 -0.0063645 -2.7687 -1.0893 1.2077 1.0147 0.50609 0.12256 -0.4931 -0.032086 1.9298 0.65497 0.7378 0.96274 -1.5505 -1.2347 0.23047 -1.0591 -1.0401 0.57699 1.7367 -1.3858
0.604 -0.8165 0.26387 -1.5006 -1.6878 0.81223 -0.9189 0.28788 2.1267 0.22261 -1.397 -1.0153 0.68978 -0.507 2.2061 2.6274 -0.32805 -0.91857 -0.46677 -3.1406 -1.2479 0.32237 -0.013099 0.9808 0.87721 -1.1451 -0.20145 1.5505 -0.2151 1.3809 0.7862 -0.89484 0.055936 -0.057723 -2.0892 -1.4111 0.70361 1.6602 -1.6935
0.85874 -0.26487 0.91373 -1.2387 -1.4575 -0.1121 -0.41326 -0.10988 2.0813 0.45203 -1.1189 1.0433 0.58956 -0.86534 2.8315 2.3198 0.40552 -0.58337 -0.72162 -2.6294 -1.2603 -1.1116 -0.65596 1.2149 1.9945 -1.771 -0.22458 0.5764 -1.2643 1.4864 0.7727 -0.083295 1.2708 0.020808 -1.9548 -0.33222 0.30049 1.0379 -1.4154
0.62766 0.17205 0.9813 -1.0527 -2.0613 0.095441 -1.9072 -0.36213 0.66792 0.60726 1.4215 0.35245 0.20494 -0.84749 2.7452 1.3782 1.2258 -0.2431 -0.75613 -1.7597 -1.5264 -1.6505 -0.75743 1.1689 2.1307 -2.1951 -0.21221 -0.68327 -2.2139 0.98983 0.88932 0.52922 1.8187 0.25625 -1.0263 0.86579 -0.31947 -0.49699 -0.60193
0.66018 0.85189 1.9392 -0.48648 -2.3956 0.63183 -1.7166 -0.76509 0.020252 -0.022714 0.76083 1.0013 -0.39927 -0.91867 2.1032 0.42063 1.3103 0.070661 -0.031072 -0.88047 -0.91409 -1.7301 0.71354 1.11 1.6705 -2.2208 -0.023244 -1.5727 -2.2849 0.38621 1.2858 0.53233 2.0969 0.68395 0.62556 1.2947 -0.90117 -1.6079 0.33013
-0.15806 1.3863 1.7868 -0.26415 -1.7798 0.55264 -1.812 -0.50824 -1.0848 -0.29339 0.68074 1.6696 -0.69466 -0.90235 1.5178 -0.48285 1.0763 0.49156 0.27014 -0.32617 -0.9288 -1.4327 1.0555 0.365 0.02553 -1.8789 0.0028261 -1.9349 -1.6509 -0.029566 1.5614 0.14105 1.9026 1.222 1.4447 0.80434 -1.1862 -1.6123 1.1306
-0.24351 1.1448 1.0224 -0.0089094 -1.3291 0.039488 -2.0437 -1.0312 -0.047013 -0.053785 -0.37363 1.0352 -0.86236 -0.89143 1.0179 -0.94037 1.2054 1.5613 -0.14621 0.90657 -0.23803 0.024043 1.0597 -0.33328 -0.27436 -1.4051 -0.017481 -1.8107 -0.56203 -0.14834 1.0998 -0.33326 1.7687 1.1203 1.5494 -0.29468 -0.69393 -1.0254 1.4499
-0.055444 0.85577 0.80894 -0.28998 -1.6947 0.51061 -1.8199 -0.78007 0.184 2.3473 0.72834 2.2005 -0.89763 -0.86379 0.30075 -0.96451 1.2239 2.0623 -0.40954 1.2057 0.49943 0.35782 0.69835 -0.68768 -0.22745 -0.8057 -0.24762 -1.4004 0.65491 -0.24444 0.38176 -0.3588 1.4178 1.4828 0.93838 -0.92559 0.053725 -0.19993 1.3612
-0.01151 1.357 0.33883 -0.019244 -1.0069 0.37344 -1.0918 -1.5009 -0.83754 1.4899 0.4894 -0.15771 -0.93691 -0.98023 -0.083502 -0.35659 0.95951 1.4338 -0.37139 1.9412 0.53857 0.46972 0.29485 0.1429 -0.31427 -0.45227 -0.35187 -0.96412 1.2318 -0.45612 -0.44798 -0.15465 0.5114 1.0151 0.21764 -1.3417 0.22695 -0.11661 1.0739
-0.56601 1.4689 0.42598 0.75567 0.26684 -0.00077598 -0.32196 -0.24971 0.89358 0.91479 0.84824 0.33293 -1.1761 -1.349 -0.092414 0.44819 0.74208 1.3004 -0.3496 2.0332 1.5521 0.21555 -0.43727 0.28109 -0.3511 -0.19126 0.15956 -1.1385 0.84081 -0.84176 -1.1422 0.2255 -0.35416 0.71504 0.24449 -0.81437 0.59659 0.076616 1.0247
-0.7028 1.1519 1.0758 0.98041 0.45994 0.071033 -0.36594 0.12717 -0.19303 0.11337 -1.1414 1.7777 -1.0904 -1.3432 -0.27206 0.63857 0.59235 1.0656 -0.49137 1.5328 1.1985 0.52256 -1.0905 -0.28175 -0.43604 -0.0053336 1.3581 -1.8062 -0.36396 -1.3229 -1.5312 0.63892 -1.1351 0.42108 0.11326 0.14166 0.68278 -0.25044 1.5673
-1.4484 1.0507 1.1463 0.41223 -0.61009 -0.038716 0.85934 -0.47618 -0.12528 0.70241 1.4415 1.0944 -1.0326 -0.37935 -1.3611 0.10317 -0.16943 0.012892 0.11204 0.69605 1.5508 0.81256 -0.25893 0.87514 0.011334 0.59964 2.5408 -2.2681 -1.5629 -1.5571 -1.6585 0.91595 -1.0475 -0.16508 0.023828 0.91945 0.77236 -1.0766 2.0691
-1.5136 0.94388 1.4952 0.49684 0.1969 -0.18993 0.42103 1.0968 0.46022 0.63204 0.28155 0.34395 -0.96866 1.1752 -2.2374 -0.83738 -1.0637 -0.91636 0.70413 0.31344 1.3509 0.3895 0.49225 1.3863 -0.99699 1.6443 2.9048 -2.0714 -1.9932 -1.2433 -1.1644 1.0894 -0.53475 -0.19888 -0.51245 0.86479 -0.069162 -1.5116 2.1141
-1.1786 0.873 1.1378 0.5277 0.04321 -0.086122 0.16301 -0.22321 0.87834 0.78268 0.042007 0.64246 -0.93289 2.3383 -2.612 -1.675 -1.3479 -0.95124 0.92507 0.52413 1.1516 0.32122 0.63341 1.1849 -2.2884 2.2741 1.9826 -0.98558 -1.6531 -0.55829 -0.40025 0.74737 0.28391 -0.81498 -0.91877 0.047355 -1.0545 -1.2958 1.4018
-0.020332 -0.13941 -0.05059 0.019091 -0.71811 0.76042 -0.14423 1.0291 0.8398 0.90077 2.4212 0.12506 -0.37094 2.9545 -2.8448 -2.1259 -1.1481 -0.7293 1.3289 0.53894 1.0083 -0.26685 0.21469 -0.55327 -2.4074 2.5192 0.23877 0.1587 -0.70194 0.0061724 0.36679 0.19825 0.62826 -1.039 -0.95775 -0.70896 -1.5866 -0.17034 0.18744
0.99384 -0.83363 -0.55398 -0.46877 -1.0522 1.0036 0.44868 1.5623 0.78527 1.3971 1.911 -0.61446 0.42191 2.5892 -2.5771 -2.2799 -1.1727 -0.86399 1.3276 1.1623 0.13833 -0.70824 -0.024595 -0.4432 -1.9565 2.3908 -1.3752 1.4203 0.50479 0.4227 1.0317 -0.33882 0.50307 -1.4837 -0.89308 -1.0041 -1.6397 1.1695 -0.95472
1.3652 -0.99193 -0.75349 -0.59308 -0.89972 0.95718 1.2489 0.91639 -0.16837 0.88376 0.36927 -2.0417 0.66082 1.5072 -2.0058 -1.8106 -1.1386 -0.24414 0.90877 1.2711 -0.16042 -1.0228 -0.61516 -1.2603 -1.4981 1.8828 -2.3408 2.2469 1.3673 0.62557 1.5491 -0.6899 0.092289 -1.5 -0.58388 -0.99643 -0.6279 1.7125 -1.738
1.2089 -1.1857 -1.2076 -0.50233 -1.0103 1.5531 1.3976 0.90701 -0.26552 0.79537 -0.45287 -2.1887 0.66457 0.37204 -0.83227 -0.88615 -0.55911 0.82162 0.44364 1.1811 -1.1438 -1.0983 -0.98597 -2.0393 -0.29493 1.0723 -2.1633 2.1506 1.6792 0.75688 1.6455 -0.52044 -0.61985 -0.93259 -0.3025 -0.78542 0.11813 1.8002 -1.8381
1.0774 -1.1105 -1.4446 -0.62848 -0.81762 1.3687 1.6987 0.61484 -0.043653 0.6048 0.32001 -1.3501 0.69263 -0.50997 -0.24022 -0.28797 -0.28105 1.4546 0.36201 0.72027 -1.2619 -1.25 -1.3233 -1.1032 0.33788 0.41249 -1.2996 1.487 1.4451 0.74899 1.1038 -0.28501 -0.892 -0.54989 -0.1212 -0.34958 1.0184 1.2103 -1.3551
0.71898 -1.252 -1.4755 -0.98621 -0.38867 1.1898 1.4241 -0.052412 -0.50634 -0.053311 -0.50734 -1.1479 0.69468 -0.62903 -0.13168 0.067896 -0.18146 1.5018 0.53835 0.18548 -1.1226 -1.2092 -1.2618 -0.22564 0.88387 0.20083 -0.3138 0.59646 0.90434 0.6857 0.27337 -0.30378 -1.0896 0.11767 -0.11352 0.50163 1.2233 0.34422 -0.77546
0.92097 -1.0239 -1.0412 -0.57528 0.55131 1.4171 1.6624 0.046373 -0.83767 -0.032585 -0.36873 -0.41023 0.8127 -0.53475 -0.053662 0.39047 0.077826 1.5721 0.27986 -0.034773 -1.2411 -1.2188 -1.1857 0.11292 0.44555 0.16185 0.46643 0.2534 0.41722 0.88974 -0.27977 -0.72366 -1.0612 0.32814 -0.042376 1.3766 0.65205 -0.17047 -0.54102
0.53117 -1.1421 -0.86251 -0.7879 0.83292 1.5699 1.751 0.08181 -1.533 -0.39327 0.022006 -1.3218 0.83888 -0.2357 0.00021009 0.45688 0.54803 1.2961 -0.13519 -0.64556 -0.9306 -1.3499 -0.039067 0.084341 0.38502 -0.037124 0.70609 0.20561 -0.24578 0.9781 -0.5431 -1.3678 -0.92316 0.27801 0.075367 1.7308 0.049746 -0.34371 -0.6155
0.73317 -1.2457 -0.96656 -0.71616 0.57322 2.0406 1.4286 -0.46416 -1.8099 -0.66954 -0.22384 -1.0085 0.76089 0.19475 0.089292 0.30277 1.0233 1.0095 -0.77909 -1.0107 -0.7264 -1.2731 0.85343 0.21456 0.25191 -0.33037 0.7556 0.25782 -0.73016 0.78484 -0.44155 -1.6496 -0.5993 0.37424 0.4383 1.5636 -0.1049 0.053497 -0.62759
0.53439 -1.2158 -0.9074 -0.3557 0.96004 1.5631 1.3844 -0.75972 -1.519 -0.64411 -0.042483 -1.3951 0.7772 0.37496 0.11842 -0.32393 1.1805 0.72048 -1.7262 -1.1934 -0.84554 -1.0396 1.2242 -0.13105 0.28543 -0.53338 0.45818 0.34127 -0.77316 0.16962 -0.2186 -1.1929 -0.21993 0.6123 0.80138 0.71511 -0.16865 0.18632 -0.39989
0.83362 -1.0668 -0.88669 -0.031524 1.005 0.65193 0.36685 -0.50515 -2.1184 1.1569 0.12442 -0.15522 0.60544 0.62522 0.28952 -0.54677 1.234 0.99582 -2.2944 -0.97148 -0.56271 -0.5045 1.3495 0.025227 0.62522 -0.58957 0.1143 0.34868 -0.32986 -0.64808 -0.55364 0.24776 0.11263 0.63863 1.1791 -0.010086 -0.11882 0.13634 -0.12055
1.1199 -1.0769 -0.92296 0.30237 1.3976 0.13164 0.16552 -0.78471 -2.555 1.011 -0.37109 -0.7547 0.42719 0.43437 0.43139 -0.52518 0.76178 0.87467 -1.8141 -1.1071 0.1698 -0.13752 1.161 -0.15688 0.60415 -0.54487 -0.35147 0.26182 0.32036 -1.2271 -1.3994 1.7268 0.73641 0.35005 1.5667 -0.51087 0.36139 -0.061397 0.052142
1.1624 -0.96321 -1.692 0.53773 1.559 -0.65939 0.42438 -0.9652 -2.416 0.95534 -0.52481 -0.46051 0.45191 0.37976 0.47555 -0.18711 0.018849 -0.15075 -0.22807 -0.82191 -0.00080627 0.6292 0.86419 0.0013989 0.39452 -0.5176 -0.63926 -0.041547 0.36995 -1.2133 -2.0788 2.225 1.0813 0.054607 1.3776 -0.53781 0.48796 0.094996 0.1005
1.1668 -0.96703 -1.5023 0.31766 2.1324 -0.80756 0.66908 -0.65072 -1.919 0.76146 0.36727 -0.54332 0.40227 -0.19591 0.43388 0.1031 -0.51124 -1.4424 0.76993 0.22771 -0.45248 1.5233 0.43165 0.71305 0.29198 -0.48763 -0.57085 -0.46409 0.4987 -0.66607 -2.0776 1.7607 1.0084 -0.26684 0.67582 -0.63496 0.33526 0.60764 0.10647
0.9761 -0.83248 -1.3851 -0.013525 1.4568 0.38102 -0.57153 -0.090829 -1.7378 0.86425 -0.63836 -0.16349 0.36019 -0.31445 0.22781 -0.16272 -0.403 -1.9098 0.96071 0.55594 -0.15012 1.4161 0.62448 0.70139 0.99738 -0.45954 -0.31724 -0.69405 0.26394 0.080029 -1.3753 0.49849 0.43783 -0.39602 -0.65833 -0.80631 -0.3086 1.1376 0.19056
1.0998 -0.73158 -0.76159 -0.32087 0.12451 1.6077 0.015512 -1.1064 -0.52026 1.4299 0.2036 -0.60863 0.28221 -0.33992 -0.15836 0.39789 -0.27485 -2.3076 1.19 0.25102 -0.27706 0.8142 -0.0056433 0.26773 1.5837 -0.40576 -0.14439 -0.12717 0.1051 0.60496 0.026815 -0.50591 0.030842 -0.10783 -1.5707 -0.8629 -0.52765 1.0033 -0.13585
0.55112 -0.72338 -0.8718 -0.30033 -1.0963 0.90314 1.2954 -1.4512 -0.18625 1.8179 1.298 0.27499 0.10438 -0.17508 -0.29743 0.16846 0.051798 -2.4072 0.58132 0.057333 -0.86037 -0.34357 -0.55077 -0.42024 2.1306 -0.25662 -0.31899 0.39165 0.12484 0.62085 1.1953 -0.8765 -0.16317 0.58649 -1.4803 -0.96434 -0.54379 0.20216 -0.29856
0.97882 -0.99429 -2.0454 0.39373 -0.12195 0.25518 1.0258 -0.61342 -1.2389 1.518 -0.038039 0.95011 0.10671 -0.55536 0.50368 0.14797 0.39659 -1.1424 -0.07331 0.54324 -0.31071 -0.75176 -0.72894 0.14685 1.8282 -0.80641 -0.33597 0.86351 0.057587 0.28717 1.7895 -0.74441 -0.26577 1.1525 -0.87429 -0.72327 -0.2223 -0.84586 -0.30458
0.81274 -1.2155 -0.66235 0.12483 -0.87615 0.89504 0.11244 -1.0782 -1.4978 0.14747 -0.34184 1.8568 0.21114 -0.83698 0.50596 0.20905 0.4263 -0.15729 -0.19781 0.082927 0.99893 -0.77478 -0.96758 -0.40077 1.3138 -0.73536 -0.7925 1.7229 0.69422 -0.024948 1.8525 -0.4362 -0.14387 1.2569 0.28492 -0.45542 0.030204 -1.7033 -0.64338
0.99542 -1.0581 -1.1953 0.096337 -1.227 0.49877 -0.0041861 -1.7874 -2.6057 0.10792 -0.67576 2.2486 0.22867 -0.67233 0.7785 0.50057 0.077374 0.06392 0.059294 -0.29658 1.0224 -0.73006 -1.2626 -0.19611 0.25374 -0.65211 -1.221 1.9677 0.85459 0.043701 1.6153 -0.52282 0.03248 0.60485 1.0546 -0.084965 0.072364 -1.5734 -0.69623
-0.045144 0.2668 -0.84762 0.27412 -0.073685 0.98887 1.0309 -0.36562 -1.6126 0.83547 0.79197 1.3997 -0.67758 -1.6702 2.2322 1.2875 0.16575 0.60946 -0.37549 0.18944 0.90447 0.20773 -1.2068 -0.14642 -0.60174 -1.3584 -1.1724 1.9432 0.8006 0.38049 1.2859 -0.66362 0.29849 -0.16306 1.633 0.39793 0.50133 -0.86743 -0.81655
-0.017706 -0.64962 -0.61568 0.15435 -0.49193 1.0818 0.7113 0.40173 -0.86881 0.59926 -0.13033 1.076 -0.18373 -2.528 2.686 1.1994 0.6099 1.6303 -1.052 0.55952 0.90433 0.86093 -0.78182 0.21493 -0.46373 -1.6036 -0.42372 0.84234 0.29344 0.72566 0.7465 -0.63405 -0.049211 -0.43864 1.3243 0.76351 0.41571 -0.12858 -0.41845
0.2877 -0.33469 -0.71075 -0.03701 -0.95869 0.45652 0.53503 -0.48117 -2.0472 -0.35885 0.53924 0.88619 -0.24539 -2.2037 2.5598 1.3509 0.87444 1.5717 -0.99738 0.26344 0.73757 1.6922 -0.40233 0.5343 -0.11065 -1.5597 0.82455 -0.43004 -0.49918 0.71148 -0.0016638 0.022623 -0.5089 -0.32027 0.43597 1.0725 0.41584 -0.092892 0.060264
-1.3396 1.4845 0.48475 0.78916 0.98457 -0.39595 0.91741 -0.076938 -0.9536 -0.75375 -1.1424 0.65494 -1.1987 -1.2401 1.9205 1.0262 1.0845 1.0408 -0.92452 -0.42956 0.25137 1.1718 -0.1187 0.41542 -0.24018 -1.2183 1.6357 -1.3199 -0.64813 0.2814 -0.69569 0.97483 -0.43349 0.45164 -0.24508 1.2869 0.1028 -0.51053 0.46376
-2.2883 1.1444 0.67968 0.84437 1.3707 -0.45693 0.8943 -0.51605 -0.45851 -0.45519 0.49783 2.0599 -1.0436 -0.71442 1.9539 0.47179 1.2634 0.89992 -0.39217 -0.34347 0.60588 0.91701 0.63379 0.70553 -0.88774 -1.4564 1.8154 -2.0311 -0.97584 -0.38407 -1.1432 1.5297 -0.23049 0.9133 -0.79945 1.3653 -0.031689 -0.85188 0.92473
-1.0328 1.3186 0.2428 1.0414 0.62195 -0.059585 0.5938 -0.17491 0.55529 0.62134 0.99099 1.6925 -1.1949 -0.091013 0.95246 0.46233 0.94409 0.60542 0.63815 -0.011677 1.8411 0.74903 1.3065 0.39164 -1.117 -0.91875 1.2222 -1.8068 -0.65395 -0.75579 -0.82353 1.5165 -0.018899 0.61744 -0.96199 0.54771 -0.50749 -0.702 1.0204
-0.74324 1.2159 0.26354 1.2904 0.60362 0.18777 0.031235 0.47538 -0.38287 0.6357 0.93507 0.05712 -1.3046 0.7537 -0.092002 -0.14727 0.22577 -0.44604 1.3477 -0.40881 1.7083 0.29365 1.6502 0.51214 -1.4231 -0.23975 0.51512 -1.6102 -0.22209 -0.79193 -0.30394 0.79808 0.085114 -0.5389 -1.1259 -0.58211 -1.0251 -0.075949 1.1369
-0.722 1.1742 -0.19205 1.3971 0.48987 0.36579 0.38738 0.90348 -0.3569 0.80175 0.39732 -0.67739 -1.352 0.40106 0.15439 0.14838 0.18758 0.10308 1.3051 -0.43145 0.89236 -0.45207 0.48216 -0.57049 -1.412 -0.20465 -0.15876 -0.77565 -0.072328 -0.57355 0.29206 -0.3571 0.073227 -1.7009 -0.62216 -1.5398 -0.73191 0.81668 0.69593
-0.80863 1.211 0.85199 1.0667 0.9149 1.0476 1.1428 1.9475 -0.731 0.94214 0.19253 -0.020903 -1.2384 0.035892 -0.13235 0.23672 0.15812 0.55596 0.90595 0.042613 0.031478 -0.74634 -0.1335 -1.0368 -0.87926 -0.0061851 -0.39439 -0.18732 0.2671 -0.1274 0.47916 -1.0986 0.020006 -1.6454 0.19833 -1.7839 -0.38147 1.2336 0.25553
-1.082 1.3495 0.2182 0.93339 0.42701 1.2171 -0.091723 1.0862 0.2271 1.66 0.34448 -0.30214 -1.3262 -0.049894 -0.22259 0.15407 -0.096187 0.67419 0.13017 -0.08528 -0.62111 0.014192 -0.92087 -0.41108 0.32633 0.070292 0.070451 -0.3885 -0.08016 0.088303 -0.25423 -1.2951 -0.3923 -0.99057 0.73306 -0.85935 0.4923 1.0399 0.046218
-1.5195 1.3408 0.81898 1.3357 1.637 1.0765 0.018405 -0.20586 -1.1387 -0.23641 -0.073675 0.30582 -1.2428 0.20189 -0.18931 0.35866 0.12993 0.20388 -0.30887 -0.53763 -0.72803 0.44922 -1.2622 -0.37245 0.28894 0.028035 0.47501 -0.18028 -0.057296 0.10922 -0.73567 -1.1272 -0.64242 0.087144 0.65415 0.28805 0.82798 0.42473 -0.1466
-0.33695 0.98007 0.23876 1.4594 1.1389 0.92305 0.84894 0.25277 -0.82533 0.66919 -0.5748 -0.53998 -1.2543 0.44725 -0.41392 -0.043276 0.36833 -0.21883 -0.73304 -0.93251 -0.65197 0.40997 -0.69455 0.21804 0.18285 -0.14946 0.31405 0.084928 -0.12828 -0.083788 -0.93786 -0.50995 -0.53779 0.87734 0.27234 1.4474 0.60329 -0.095291 -0.19225
-0.85871 0.97552 0.31824 1.0115 1.3618 0.086665 -0.097858 0.44306 0.11947 -0.74305 0.76575 0.55853 -1.2796 0.70543 -0.3116 0.24681 0.13173 -0.43648 -0.96489 -0.83177 0.21141 0.35752 0.33644 0.50912 0.093532 -0.13072 -0.30493 0.34314 -0.18706 -0.43113 -0.58567 0.073316 -0.17263 0.74275 -0.044082 1.7059 0.41126 0.013451 -0.0333
-0.58043 1.1757 0.91387 1.5033 0.40504 0.49093 -0.29647 0.80072 0.47865 -0.30345 -0.5012 -0.36446 -1.3142 0.30257 -0.026405 -0.0092924 -0.25305 -0.83977 -0.58301 -1.0242 0.60505 0.59698 1.2113 0.51341 0.24482 -0.15736 -0.43538 0.43583 -0.18209 -0.40344 -0.19526 0.50595 0.58006 0.44492 -0.44355 1.1752 0.0058614 -0.18502 0.16236
-0.56601 0.84717 0.47506 1.4533 0.58984 0.3849 -0.75335 0.67998 -0.35637 1.0235 0.92754 0.32372 -1.4279 -0.32861 0.15112 0.014133 -0.3665 -0.63143 -0.23326 -0.83785 0.078511 0.25883 1.24 0.42197 0.30463 -0.022204 -0.3861 0.19558 -0.40326 -0.35427 0.23453 0.36848 1.1405 0.012991 -0.6618 0.047825 0.045292 0.017155 0.18267
-0.37549 1.159 0.74647 1.0882 0.48424 -0.12646 -1.0438 0.68328 0.11231 1.8592 0.73144 -0.18112 -1.3525 0.10706 0.032188 -0.24533 -0.13776 -0.50406 -0.064198 0.24962 0.27234 -0.43775 1.2338 0.31031 -0.2883 0.053337 -0.0466 0.085427 -0.18764 -0.25405 0.34828 0.058505 1.4722 0.036121 -0.4089 -0.91536 -0.10898 -0.35016 0.16779
-1.054 1.2199 0.41895 1.016 0.60394 0.50523 -0.77561 0.53339 -0.21464 0.88811 0.089786 0.66805 -1.3318 0.042075 -0.03481 -0.36084 -0.58894 -0.147 -0.47055 0.84607 0.39856 -0.45936 0.42173 0.74626 0.41447 0.053292 0.13753 -0.03245 -0.016119 -0.15096 0.25412 -0.1754 1.2233 0.16585 0.046954 -1.4264 0.080687 -0.31847 0.022317
-0.87141 1.0334 0.26691 0.97796 0.32553 0.39014 -0.31198 0.35392 0.13466 1.4262 0.35592 -0.019757 -1.237 0.018168 0.20237 -0.15041 -0.61697 -0.40231 -0.34401 1.1207 0.51065 0.12842 -0.23403 0.14687 -0.51875 0.070579 0.02917 -0.011827 0.29214 -0.069531 0.21001 0.095402 0.21533 0.059439 0.55955 -1.2364 -0.031058 -0.36284 -0.09363
-0.31586 0.98586 0.26743 1.2876 0.38363 -0.0018355 0.46498 1.2739 -0.68067 0.70165 1.1237 -0.43186 -1.2963 -0.024161 0.019624 -0.046079 -0.40878 -0.18666 -0.45095 1.2091 0.27639 0.061216 -0.91586 0.71728 -0.22298 0.0034576 0.01937 0.1091 0.49245 0.35109 0.30323 0.64694 -0.62992 -0.14237 0.34613 -0.7347 -0.54373 -0.49115 -0.13579
-0.51241 1.0685 0.47078 0.64757 0.31383 -0.36605 0.51257 1.2343 -0.34438 0.94505 1.0838 0.98066 -1.3737 0.18887 -0.0095527 0.15218 -0.35707 -0.074802 0.12175 0.50819 0.44424 0.41422 -0.6022 0.29213 -0.70459 -0.071904 -0.129 0.095258 0.36341 0.43607 0.38481 0.63692 -1.3029 -0.44316 0.14452 0.16686 -0.79463 -0.052497 -0.076494
-0.69423 1.2699 0.40619 0.60491 -0.037335 0.028601 0.2686 0.99479 0.41952 1.2417 0.64553 -1.2353 -1.3367 -0.013695 0.24355 0.41163 -0.059591 0.28088 0.61929 -0.12034 0.15148 0.082483 -0.88273 -0.48884 -0.49416 -0.092691 -0.27029 0.12634 0.18388 0.48713 0.189 0.54983 -1.2739 -0.33618 0.0050444 0.6125 -0.72728 0.12633 0.071356
-0.78448 1.1357 0.60111 0.78214 0.55133 -0.45934 0.65382 0.57388 0.011199 -0.065869 1.6464 0.25173 -1.301 -0.24682 0.24141 0.30686 0.027048 0.11498 0.42314 -0.85095 -0.2901 0.39869 0.087029 -0.96545 -0.47347 -0.0042468 -0.37034 -0.042431 0.049687 0.40582 -0.0081706 0.25225 -0.52304 -0.23682 -0.63627 0.48622 -0.22893 0.74055 0.16745
-0.65266 1.0369 0.47686 0.7736 0.46276 1.3243 -0.23665 1.2848 0.47239 0.49542 -0.00025234 -0.80375 -1.3698 -0.3416 0.093195 0.23213 0.31348 0.086808 0.52267 -0.68898 -0.012316 0.070503 -0.020178 -0.22089 -0.057374 0.08192 -0.27571 -0.27344 0.018545 -0.059162 -0.39916 -0.032748 -0.11123 -0.08245 -0.91245 0.62057 0.37919 0.57919 0.19305
-0.58689 1.3207 0.9511 1.1916 0.80465 0.81264 -0.16509 0.82523 -0.54183 0.11875 -0.15622 -0.62605 -1.3331 -0.37757 0.0037945 0.35036 0.21829 0.0052058 0.68631 -0.26359 0.062815 -0.8629 -0.048983 -0.31056 0.63412 0.10595 -0.22155 -0.27337 0.39219 -0.35438 -0.43899 -0.1284 0.32246 -0.36757 -1.2102 0.24844 0.99664 0.55213 0.173
-0.72949 1.236 0.57274 0.93489 0.15467 -0.34327 -0.8057 0.88398 0.36918 1.7054 0.06353 -0.5564 -1.3195 -0.49417 -0.056554 0.44096 -0.26501 -0.44546 0.42161 -0.63567 -0.18915 -1.123 0.44191 0.055145 0.17396 0.15809 -0.081357 -0.41239 0.30324 -0.57376 -0.43372 -0.012355 0.38397 -0.7595 -0.45062 0.45434 0.88777 0.23386 0.14181
-1.1744 1.1569 0.73653 0.85435 0.30756 0.5367 -0.030643 1.177 0.056796 0.55895 1.5768 0.68123 -1.2709 -0.61078 -0.10253 0.94159 -0.34693 -0.47796 0.21212 -0.22047 -0.9184 -1.4373 0.35884 1.1287 0.57655 0.23165 0.22773 -0.4279 -0.05839 -0.1327 -0.048675 0.046949 0.42153 -0.60654 0.45037 0.035534 0.45803 0.032706 0.11428
-1.0929 1.1883 1.0236 0.90107 0.26381 1.3323 0.32374 0.8192 -1.5336 0.34742 -0.018633 -0.22723 -1.2391 -0.39184 -0.48735 0.51186 -0.47841 -0.52039 0.73534 0.071231 -0.99798 -0.55354 0.69583 1.0517 0.47595 0.24343 0.63114 -0.20103 -0.56234 0.39345 0.45558 -0.08855 0.64585 -0.2771 0.92429 -0.22371 -0.33315 -0.26957 -0.024278
-1.1888 1.0015 1.2365 0.36886 -0.054586 0.50043 -1.179 0.38953 -1.4047 0.81701 1.1806 -0.20057 -1.2074 0.0071731 -0.43849 0.22432 0.077332 -0.053527 0.62619 0.24083 -0.71261 -0.2541 -0.10433 0.23633 0.5698 0.24385 0.79408 -0.016749 -1.2674 0.45082 0.69971 -0.29484 0.54364 0.33579 1.556 -0.28426 -1.258 -0.50965 -0.066781
-1.2334 1.1116 2.1072 0.75047 0.027157 1.4207 -0.4326 -0.14208 -1.5924 1.2434 1.5514 0.053467 -1.1845 0.41944 -0.19556 -0.21901 0.26156 0.23171 0.034447 0.44609 -0.83343 0.12823 0.21999 -0.19708 -0.36391 0.11215 0.58682 0.39928 -1.1815 0.54529 0.66296 -0.60996 0.41101 1.023 1.3054 -0.58992 -1.5313 -0.13257 -0.097968
-0.95608 0.74831 0.83746 0.66531 -0.050177 1.1604 0.11918 -0.11574 0.0052983 1.7917 1.2334 0.29131 -1.1332 0.52392 -0.27056 -1.01 0.12934 0.51254 -0.039085 0.6974 -0.3543 1.3301 0.020612 -0.9835 -0.043487 0.18984 0.15982 0.55598 -0.84561 0.017452 0.068367 -0.5638 -0.059026 1.4753 0.95711 -0.24807 -0.76206 0.26518 -0.12216
-0.82146 0.89712 0.62145 1.2645 0.38545 0.50097 -0.12787 0.71153 -0.13798 0.3972 0.25961 0.84577 -1.118 0.48595 0.049647 -1.0298 0.51895 0.49131 -0.17756 0.67951 0.80099 1.2606 -0.56194 -1.6773 0.52593 0.11338 -0.20928 0.68802 0.31835 -0.10605 -0.24798 -0.086204 -0.73185 1.2267 0.1563 -0.094293 0.48069 0.64545 -0.10692
-0.6857 1.1478 0.69163 0.98638 0.73347 0.9561 0.81764 -0.16306 -1.028 0.67731 0.92918 -1.0097 -1.2341 0.27739 0.30209 -0.91052 -0.017527 -0.050756 -0.41902 0.008244 1.3249 1.0884 -0.21622 -0.66719 0.69449 0.047699 -0.2598 0.60892 1.2787 -0.13656 -0.44355 0.1121 -0.76651 0.76745 -0.14868 0.42517 1.3955 0.43201 -0.19811
-0.6307 0.76683 -0.21115 0.56172 0.71334 1.2706 0.42724 0.21726 0.80218 0.79075 -1.5614 -0.060924 -1.0014 0.1264 0.5854 0.33441 0.13731 0.027611 0.049086 -0.68854 0.69997 0.5536 0.14704 0.73985 0.62666 0.011928 -0.015592 0.19622 1.3207 0.042695 -0.23465 0.34228 -0.3201 0.28949 -0.12014 0.38497 1.4791 0.10101 -0.13537
-0.81398 1.1631 0.69616 1.3075 0.27678 0.32228 -0.48847 1.6368 0.25562 0.36533 -0.28041 1.449 -1.152 0.18887 0.40659 0.67941 0.065267 -0.12361 0.077473 -0.16801 1.1791 1.3772 0.52697 0.91914 0.82231 -0.075803 0.10601 -0.093861 0.77169 0.53133 0.23899 0.53295 0.6168 -0.053355 -0.58144 -0.24109 0.58175 -0.44125 -0.20343
-0.89955 1.3063 0.59287 0.5454 -0.38092 0.88516 -0.20172 1.3034 0.44472 1.6462 1.709 1.0931 -1.1513 0.49161 0.30448 0.62413 0.5587 0.068045 0.2744 0.12275 1.4305 0.8669 -0.15413 0.82497 0.69058 -0.041435 0.086344 -0.38298 -0.29113 0.25671 0.50171 0.42099 1.2368 -0.25357 -0.58395 -0.56465 -0.5807 -0.81796 -0.1807
-0.64031 1.3054 1.5614 1.2952 0.69564 1.2305 -0.92761 0.17216 0.48006 1.3901 2.247 0.66733 -1.1248 0.29332 0.30122 0.38261 0.76896 0.39508 0.55814 0.85616 0.85183 -0.24156 -0.55436 0.60806 -0.23536 -0.25045 -0.1369 -0.30173 -0.49974 0.18348 0.78151 0.14906 0.76401 -0.6453 -0.76173 -0.89617 -1.3626 -0.6372 -0.1026
-0.42896 1.1902 1.1984 1.1966 0.54262 0.61925 0.86599 2.303 2.1555 0.74201 0.2544 1.1326 -1.24 0.23436 0.049837 -0.036365 0.26783 0.74781 0.66979 1.3092 0.36782 0.18468 -0.4564 -0.34855 -0.52494 -0.18941 -0.37628 -0.18709 -0.57434 -0.39742 0.38745 -0.37149 -0.071283 -1.0285 -0.54625 -0.27748 -1.0339 0.031088 -0.014458
-0.0011581 1.2493 0.77323 1.5561 0.87469 1.6611 0.93577 1.581 0.0045058 0.078502 0.63647 -0.044164 -1.139 0.042332 0.071264 0.10632 0.55579 1.0629 0.18518 0.79061 0.45552 0.1839 -1.1375 -1.4611 0.12514 -0.16623 -0.41045 -0.13335 -0.52043 -0.64052 -0.072509 -0.64405 -1.2568 -1.187 -0.45585 0.44575 0.049697 0.56478 0.13999
-0.80868 1.1745 0.34241 1.5327 0.85617 1.6177 1.0094 1.4872 -0.13301 0.174 -0.39543 0.39163 -1.304 -0.12487 0.13401 -0.27843 -0.078624 0.49035 -0.29739 0.014811 -0.36896 -0.44862 -0.42498 -0.38319 0.59365 -0.10776 -0.3982 -0.012264 -0.22326 -0.50354 -0.70969 -0.93692 -1.6385 -0.9161 -0.67111 0.64797 0.66508 0.73207 0.0768
-0.67275 1.3348 1.0602 1.0464 0.97753 1.0686 0.97318 1.707 1.2444 0.87523 0.88814 0.98909 -1.2906 -0.33567 0.056763 -0.4378 -0.25746 0.38103 -0.27346 -1.0396 -1.0845 -0.84661 0.33247 0.77068 0.39731 -0.069811 -0.16221 -0.048803 -0.19846 -0.38505 -0.90845 -0.52768 -0.97597 -0.55872 -0.89449 0.45279 0.72299 -0.22271 0.054592
-0.68141 1.3879 1.4438 1.583 1.5692 1.0522 0.22575 1.3782 1.1413 -0.12486 -0.33973 1.3864 -1.2348 -0.36136 0.041889 -0.1585 -0.2684 -0.29942 -1.0145 -1.092 -0.64193 -0.65295 0.12074 0.037013 0.87846 -0.11667 0.022767 -0.185 -0.28101 0.071952 -0.75425 0.095419 -0.010093 0.24634 -0.83371 -0.47466 -0.49074 -0.98269 0.014842
-0.47853 1.3313 0.73242 1.0902 1.025 0.54918 -0.48791 0.033519 -0.26425 0.85797 1.7133 1.4418 -1.2179 -0.16393 0.045645 -0.30219 -0.070052 -0.31884 -0.53367 -0.62984 -0.49516 -1.5143 -0.49358 -0.042114 -0.46116 -0.076153 0.027011 -0.26908 -0.31317 0.28277 -0.5702 0.47147 1.0212 0.68116 -0.42226 -0.65718 -1.0498 -1.3281 -0.015283
-0.76216 1.1395 -0.043129 1.0628 1.0247 1.0075 -0.23222 1.3219 -0.009879 1.0288 1.1612 0.66793 -1.3019 -0.17453 -0.14265 -0.84679 -0.036325 -0.63499 0.028501 -0.20682 -0.1906 -1.7934 -0.97378 -1.0225 -0.99976 -0.082196 -0.14818 -0.22029 0.06459 0.43472 0.15529 0.62686 0.84174 0.50545 0.33421 -0.36349 -0.79016 -1.3877 0.013945
-0.75207 1.3276 0.81952 1.4082 0.14693 0.19133 -0.17393 1.0262 -1.0504 -0.21241 -0.61581 1.5334 -1.3163 -0.3846 -0.26315 -0.65343 0.15772 -0.56673 0.16922 0.59083 0.0055171 -1.1308 -0.4518 -0.97719 -1.4038 -0.11258 -0.12159 -0.027574 0.66858 0.35637 0.46086 0.15107 0.23946 0.094138 1.3744 0.34519 -0.20104 -0.42648 0.081629
-1.0294 1.3213 0.3793 1.3626 0.9513 1.1464 0.52532 1.011 -1.6703 -0.47037 -0.0032953 -0.75657 -1.3641 -0.54818 -0.14047 0.15299 0.43378 0.12698 -0.084276 0.0069908 0.0829 -0.18381 -0.63678 -1.201 -1.5142 -0.077497 0.20282 -0.0072128 0.73485 0.11015 0.45648 -0.15121 -0.19115 -0.48696 1.8138 1.1323 0.58829 0.4108 0.15458
-0.66913 1.1689 -0.012456 1.0436 0.38251 1.1982 0.20362 1.2407 -0.71002 -0.50597 -0.78487 0.18136 -1.279 -0.22241 0.0056929 0.44603 0.36409 0.19989 -0.16779 -0.24779 -0.45385 0.42549 0.036748 -0.36013 -1.0712 0.050129 0.47685 0.035937 0.52195 -0.24375 -0.033512 -0.40605 -0.6538 -0.65458 1.5934 1.2497 0.82428 1.4436 0.11303
-1.1622 1.0508 0.44895 1.8072 0.86477 0.93272 0.81249 0.663 -0.57953 0.38481 -0.41353 -0.3902 -1.3198 0.1317 -0.28446 -0.026383 0.068112 -0.12715 -0.11116 -0.1711 -0.90899 1.0531 1.0752 0.0012151 -0.29395 0.081122 0.39818 0.084712 0.21811 -0.49129 -0.52614 -0.22628 -0.2055 -0.28947 0.77441 0.82634 0.79325 1.5415 -0.062911
-1.2302 1.2349 1.0103 1.4876 1.3431 0.10699 -1.3022 0.53174 -0.39783 0.10695 0.20931 -0.73593 -1.3198 0.19717 -0.13185 0.41435 -0.11527 -0.50623 -0.64622 -0.64118 -0.77147 1.4339 1.2232 0.274 1.0036 -0.0133 0.12588 0.16128 -0.12998 -0.64975 -0.66971 -0.030241 0.30701 0.50719 0.011486 -0.24996 0.1527 1.2218 -0.20299
-0.80472 1.2932 0.74531 1.5127 0.69819 0.80859 -0.13164 0.89595 0.1888 0.632 -0.048367 -0.30377 -1.2517 0.010338 0.063 0.5874 -0.24643 -0.5494 -0.3066 -0.20898 -0.32366 0.85465 0.44345 0.26586 0.66942 -0.14708 -0.13437 0.23806 -0.25682 -0.38277 -0.33992 0.25556 0.73511 0.94921 -0.61363 -1.0325 -0.35406 0.60463 -0.18352
-0.48439 0.9089 0.1897 1.2975 -0.2447 0.56912 0.37985 -0.3821 0.042669 1.0762 -0.93387 0.87905 -1.2751 0.075561 0.085017 -0.083292 -0.69559 -0.89903 -0.13104 0.39698 0.23201 0.53914 -0.15406 -0.12017 1.0041 -0.1599 -0.27942 -0.0096362 -0.58728 0.010995 -0.00098453 0.17024 0.50495 0.72884 -0.8231 -1.0108 -0.5965 -0.46193 -0.045325
-0.9237 1.2178 1.0187 1.1106 0.39396 0.30704 -0.70405 0.55063 0.88149 0.92335 0.54606 0.93655 -1.4082 -0.077712 -0.021137 -0.23356 -0.35818 -0.59619 0.15427 0.8031 0.42444 0.26271 -0.32792 -0.54618 0.98058 -0.13872 -0.17531 -0.076097 -0.54063 0.31904 0.37174 -0.27216 -0.11403 0.71468 -0.61145 -0.51164 -0.44928 -0.67921 0.12612
-1.0643 1.2503 1.1146 1.1628 0.10457 0.85238 0.184 0.99161 0.15057 -0.25399 -0.48935 0.21276 -1.4257 -0.3119 -0.10092 -0.23972 -0.037673 -0.48581 -0.52798 -0.12031 0.26258 0.072498 -0.43901 -0.59873 -0.092803 -0.090795 -0.010503 -0.013923 -0.22151 0.53377 0.74286 -0.32577 -0.34733 0.2523 -0.74216 0.022769 0.0011756 -0.90549 0.19622
-1.1035 1.1814 0.12497 0.96972 -0.058615 0.35135 0.88373 0.88033 0.081907 0.23873 -0.42448 0.7519 -1.4042 -0.146 0.042095 -0.31302 0.023818 -0.030483 -0.66345 -0.17766 1.0417 -0.14542 -0.45081 -0.44918 -0.17436 0.01778 0.22008 0.06996 -0.18958 0.36904 0.8313 -0.1046 -0.29945 -0.34718 -0.79986 0.37926 0.43409 -0.62848 0.17792
-0.98341 1.1587 0.63931 1.2921 0.51251 0.64644 -0.14369 0.85229 0.2615 0.16688 -0.88571 0.91892 -1.3479 0.08103 0.035638 -0.43453 0.11518 0.26902 -0.38702 0.18731 0.40796 -0.75201 -0.04687 -0.1303 -0.28075 0.072761 0.32813 0.15577 0.063061 0.10855 0.84536 0.41118 0.12612 -0.63126 -0.73909 0.42739 0.78028 -0.14812 0.05783
-0.97841 0.98722 0.25432 1.5171 -0.64418 -0.3172 -0.58558 0.42899 0.4973 0.59326 -1.0679 -0.48592 -1.3229 0.14681 0.022487 -0.46833 0.25834 0.65016 -0.12913 0.046245 -0.32546 -0.93582 0.24385 0.21201 -0.21227 0.061312 0.102 0.074283 0.32345 -0.072927 0.49858 0.64582 0.068677 -0.82963 -0.44443 0.36484 1.4401 -0.048294 -0.064306
-0.74319 1.1472 0.21589 1.0439 0.2729 -0.28125 0.0094447 1.6658 -0.050033 0.25864 -0.7141 1.196 -1.3368 0.17339 0.15344 -0.029007 0.049677 0.8251 0.045855 0.027027 -0.28158 -1.0214 0.078987 0.82599 -0.36279 -0.021786 -0.19556 0.059122 0.6349 -0.023486 0.30874 0.73964 -0.066253 -0.19485 0.0059647 -0.080467 1.4103 0.31549 -0.10791
-1.04 1.396 0.67982 1.2265 1.0632 0.51305 0.30924 0.98886 -0.8261 0.39335 0.60994 0.064406 -1.4028 -0.0014595 0.10178 0.096782 -0.079031 0.66492 0.44057 0.045371 -0.22572 -0.90957 0.2249 2.2822 -0.21492 -0.038458 -0.33458 -0.041095 0.59842 0.081836 -0.26787 0.58699 -0.097706 0.1102 0.33617 -0.43255 0.84213 0.40594 -0.050647
-0.92909 1.1369 -0.079408 1.5419 0.81797 0.80608 0.61087 0.016114 -1.2646 0.13766 -0.79814 0.099636 -1.3533 -0.23438 0.091139 0.469 0.24095 0.86402 0.84029 0.057226 -0.023907 -0.76177 -0.20075 1.9782 0.3947 -0.050236 -0.17915 -0.18021 0.24555 0.13606 -0.75188 0.030811 -0.3432 0.14892 0.85205 -0.25064 -0.25966 0.60134 0.028519
-0.81387 1.2737 0.41194 1.0055 0.915 0.076578 0.1348 0.70112 -0.78006 0.51252 0.7204 0.30549 -1.4037 -0.30995 -0.0061307 0.40158 0.31723 0.10608 0.67389 -0.1631 -0.2451 -0.40081 -0.4928 1.5275 0.27101 -0.006247 0.18894 -0.089027 0.039507 -0.0036476 -0.92648 -0.43702 -0.25532 0.23778 1.0175 -0.21244 -1.2479 0.46801 0.046643
-1.0399 1.1109 0.84426 1.3492 0.7036 0.9332 -0.73144 0.77502 -0.54623 0.74753 2.854 0.27187 -1.3396 -0.029916 -0.067415 0.2877 0.10772 -0.36611 -0.0070357 -0.56044 0.012348 0.42243 -0.070215 0.66687 0.66216 0.0062573 0.33667 -0.15034 -0.59357 -0.23449 -1.0167 -0.35352 0.32199 -0.071383 0.75703 -0.04519 -1.5444 0.20338 0.057323
-1.2831 1.1766 0.91141 1.8247 0.94568 0.7439 0.085711 1.0498 -0.91251 -0.1576 0.76477 0.90165 -1.387 0.25657 0.047198 0.27711 -0.01814 -0.53191 -0.027931 -0.15943 0.21258 0.52797 -0.27106 0.22369 0.6423 0.006275 0.24811 -0.072808 -0.61962 -0.21382 -0.26384 -0.21193 0.70061 -0.25459 0.3092 0.24239 -1.4672 0.14023 -0.0076996
-1.107 1.2868 0.59992 1.2792 0.63576 0.90905 0.23746 0.89031 -1.1294 -0.56067 1.2412 1.1611 -1.3616 0.1307 -0.16416 -0.54489 -0.029833 -0.80532 0.46966 0.71157 -0.39547 0.28166 -0.40353 -0.7376 0.65027 0.033471 -0.051907 -0.059406 -0.27144 0.0060891 0.39521 0.016776 0.49658 -0.48947 -0.091122 0.54844 -0.55387 -0.17241 -0.035643
-0.8248 1.2251 0.66963 1.3348 0.43577 0.22271 -0.67333 0.28854 0.1182 0.9644 0.65486 0.59639 -1.3965 0.08539 -0.066545 -0.30622 -0.013715 -0.19106 0.0033152 0.62427 -0.53896 0.28035 0.16446 -0.96778 0.587 -0.033319 -0.34975 -0.067521 0.28516 0.33262 0.91149 -0.12205 -0.13616 -0.31442 -0.14557 0.86456 0.12117 -0.22732 -0.062141
-0.44467 1.1721 0.41736 1.3335 0.075483 0.67493 0.46637 0.62526 -0.43674 -0.25672 0.24637 1.0041 -1.3445 -0.053742 -0.098615 0.096443 0.11804 0.23486 0.012436 0.057659 -0.56484 0.35513 0.82256 0.077792 0.3504 -0.031862 -0.4346 0.11498 0.86805 0.44743 1.147 -0.23126 -0.60216 0.23542 -0.24759 0.60804 0.75475 -0.17839 -0.065476
-1.1348 0.97435 -0.3475 1.1467 -0.15126 1.3934 1.1568 0.29206 -0.52912 0.0075314 0.88492 1.3314 -1.3561 -0.34144 -0.08619 0.49847 0.53259 0.72849 -0.047894 -0.10464 -0.31644 0.19107 0.86675 0.1188 0.33875 -0.061126 -0.41932 0.098863 0.67519 0.40484 0.78702 0.012212 -0.42809 0.38363 -0.35778 0.068868 0.68989 -0.070808 -0.022964
-1.2122 1.1819 1.1168 1.7785 1.2481 0.60005 -0.1475 0.33798 -0.36822 0.89884 0.99842 1.3112 -1.4105 -0.51159 0.027151 0.66819 0.53691 0.97572 0.023533 -0.1404 -0.054861 -0.17823 0.47657 0.41817 0.42256 -0.057999 -0.2742 0.11559 0.34737 0.224 0.44283 0.022511 -0.10841 0.3329 -0.35416 -0.26694 0.20614 0.045894 -0.014682
