39 248
-1.5504 1.1657 0.34302 2.044 0.67853 0.8072 -0.39396 0.23081 0.10023 0.50328 1.3306 0.78408 -1.6024 0.47616 0.28666 -0.076412 -1.1486 -0.77286 -0.21133 0.62665 0.18407 0.34743 0.052844 -1.4996 -0.49795 0.033415 -0.09707 -0.088354 0.21288 0.33936 0.26337 0.40109 -0.36087 -0.54508 -0.24026 -0.29949 0.35933 -0.019913 -0.058175
-1.2098 1.6184 0.05453 0.93263 -0.35111 0.1403 0.96232 1.0496 -0.028324 0.49554 -0.50522 0.4463 -1.5145 0.47938 0.28323 0.073905 -0.8881 -0.55638 0.29006 0.39652 -0.34363 0.31844 -0.16017 -1.2343 -0.51651 -0.053974 -0.075149 -0.16498 0.23155 0.68501 0.55203 0.42283 -0.62767 -0.52934 -0.33012 -0.27872 0.55025 0.23432 -0.069518
-1.5899 1.3385 0.30431 1.2765 -0.67559 0.54325 0.14571 0.90714 0.41022 0.60963 0.35228 0.55707 -1.5444 0.29172 0.11252 0.24744 -0.67276 -0.38954 0.33435 -0.027082 -0.61554 -0.071908 -0.45491 -0.85721 -0.50008 -0.024631 -0.23759 -0.26682 0.10399 1.0409 0.61379 0.0021794 -0.75574 -0.1622 -0.4002 -0.029277 1.0194 0.91448 -0.083451
-0.70509 1.4616 0.32726 1.0254 0.31161 0.75784 0.30771 -0.13006 0.67107 0.56655 -0.50625 0.1832 -1.6163 0.42504 0.054493 0.1946 -0.19487 0.06184 0.35557 -0.35996 -0.44901 -0.037821 -0.26426 -0.64795 -0.039072 -0.058926 -0.32527 -0.20658 -0.2834 0.72947 0.54058 -0.48125 -0.3908 0.77196 -0.25764 0.21738 0.96557 1.1843 -0.042571
-1.162 1.4661 0.50721 1.506 0.20648 1.5549 -0.08603 -0.45274 0.28967 0.10732 0.31929 0.3634 -1.6993 0.067369 -0.10879 0.064387 0.29932 0.05882 -0.24355 -0.57004 -0.082685 -0.19498 0.053762 0.35754 0.97646 -0.10958 -0.49157 -0.077814 -0.50494 0.20087 0.3626 -0.53782 -0.03495 1.27 0.12513 0.60205 0.62381 0.84751 0.025168
-1.4025 1.2395 0.60496 1.2525 -0.05288 0.82461 -0.45248 -0.16599 -0.4116 -0.1973 0.2095 0.28374 -1.5434 -0.0023525 -0.0032013 -0.33739 -0.10719 0.22461 -0.38489 -0.16191 0.88576 -0.08502 0.048407 0.19651 0.95641 -0.086245 -0.45168 0.0037081 -0.55456 -0.3196 0.18851 -0.4134 0.16026 0.89429 0.31851 0.7799 0.21331 -0.0081299 0.13115
-0.73108 1.4842 0.27283 1.4198 0.28799 0.781 -0.25202 0.58383 0.31563 0.59442 -0.50528 0.88647 -1.6263 -0.38805 -0.014777 -0.39196 -0.34512 0.2045 -0.37218 -0.22954 1.1806 0.17286 0.65334 0.046652 0.59172 0.031474 -0.12241 0.060796 -0.38025 -0.3201 0.071281 0.2266 0.34995 0.088769 0.30724 0.38831 -0.30549 -1.0039 0.14553
-1.4096 1.3848 0.10609 1.2386 -0.7759 -0.55712 0.093014 1.1034 -0.017118 0.89382 0.50078 1.8804 -1.6606 -0.16887 0.0038924 -0.5728 -0.38289 0.34189 -0.40865 -0.23512 0.65286 0.34608 1.0712 -0.021796 0.16365 0.096341 -0.03214 -0.074957 0.0622 0.15689 -0.13831 0.65754 0.20871 -0.92296 -0.31256 -0.24516 -0.25163 -1.229 0.097945
-1.2588 1.3794 -0.091385 0.97265 0.45903 0.85831 -0.05416 1.5139 0.68022 0.35129 0.30142 0.90375 -1.6779 -0.077859 -0.0091069 -0.49672 -0.073912 0.13587 0.21659 0.14892 0.20199 0.13709 0.36151 -0.14364 -0.45456 0.049807 0.37934 -0.059437 0.48467 0.3178 -0.32323 0.8498 0.37346 -0.97295 -0.56765 -0.91789 -0.1993 -0.92885 0.046127
-1.3807 1.4441 0.17024 0.80434 0.7797 0.89051 -0.45767 0.50351 0.64459 1.4401 -0.55032 0.31202 -1.5404 -0.22332 -0.15683 -0.15981 0.054168 0.006312 0.6287 0.042857 -0.42271 -0.63058 -0.30671 -0.20645 -0.76335 0.07294 0.11444 -0.037625 0.72767 0.40539 -0.46027 0.56249 0.6954 -0.37441 -0.37466 -0.83969 -0.10608 -0.32811 -0.015745
-1.3183 1.3743 -0.13901 1.3106 0.27218 0.61477 -0.72436 0.096988 0.19581 1.3793 0.45895 0.61913 -1.5284 0.31453 -0.056169 0.29446 0.0059022 -0.22293 0.80069 0.36181 -0.17652 -0.35953 -0.56074 -0.25008 -0.63374 0.12188 0.0021368 -0.0079493 0.51681 0.34409 -0.24658 -0.20496 0.71724 0.55497 0.20495 -0.28786 0.22314 0.32376 -0.056048
-1.1619 1.2772 -0.058323 1.3343 -0.30644 0.92229 0.40125 0.75756 -0.26258 -0.1191 -0.42854 0.19507 -1.5681 -0.16689 -0.053514 0.36611 0.29514 -0.32782 0.41767 1.046 0.11028 -0.080368 -0.20775 -0.16338 -0.32698 0.031969 -0.045352 0.11188 -0.00040308 -0.023622 0.31588 -1.0262 0.21181 0.7498 0.59303 0.006818 0.51296 0.30917 -0.052808
-1.2996 1.2533 0.10607 1.3179 0.025502 1.2285 -0.13598 0.42895 -0.69347 0.29918 -0.41147 0.78072 -1.6199 -0.1102 -0.086172 0.19164 0.41969 -0.15027 -0.090601 1.0795 1.0096 0.22623 -0.278 0.32602 -0.049865 -0.027769 -0.14768 0.16873 -0.43109 -0.4421 0.61904 -1.5906 -0.75674 -0.0032782 0.25518 0.049063 0.44678 -0.31129 0.01351
-0.83608 1.4167 0.60007 0.82702 -0.6077 0.90664 0.73268 1.3796 0.44024 0.28389 0.37355 0.90159 -1.4933 -0.10063 0.057004 -0.09696 -0.16156 0.55884 -0.97665 0.084333 0.43696 0.13645 -0.42399 0.60061 -0.45932 0.05531 0.15009 0.14576 -0.30861 -0.50118 0.56029 -1.3371 -1.4112 -1.0607 -0.26014 -0.07211 0.23638 -0.79219 0.11811
-1.942 1.3354 0.22255 1.4254 0.76779 1.5433 1.4865 1.0337 0.94258 1.0633 -0.41006 -0.11203 -1.6271 0.007392 0.19379 -0.2452 -0.48351 0.48427 -1.6792 -0.73434 -0.3505 -0.013643 -0.34049 0.32511 -1.1167 0.13249 0.1713 0.005149 0.082116 -0.16836 0.37653 -0.50429 -1.376 -1.9004 -0.75707 -0.0027022 -0.50012 -0.62271 0.16862
-1.2775 1.2571 0.068665 1.5718 0.21617 0.087799 0.56948 1.6955 0.39074 0.94923 0.37048 0.47473 -1.5441 0.03671 0.068733 0.035903 -0.071111 0.39659 -1.4595 -0.96014 -1.2751 -0.42991 -0.3169 0.35585 -1.2303 0.15509 0.62889 -0.35614 0.36366 0.11172 -0.59352 0.35319 -0.51302 -1.3942 -0.68191 0.29421 -0.68182 0.20361 0.30244
-1.2125 1.4736 -0.43829 0.8367 0.7999 -1.0215 -1.1786 0.14181 -0.49672 -0.46326 1.0926 -0.067677 -1.4526 0.12173 -0.092932 0.28661 0.12043 0.63208 -0.85906 -1.2394 -1.8314 -0.85086 -0.32729 -0.56749 -0.78832 0.21296 0.9272 -1.0567 0.26413 -0.52303 -1.1188 1.0829 0.62346 -0.40295 -0.029556 0.74094 -0.52163 0.61929 0.79809
-1.0488 1.564 0.031254 0.59838 -0.12699 -0.898 -0.63543 0.13117 -0.4064 -0.53179 -0.82326 -1.0329 -1.4489 0.9671 -0.4766 0.31014 -0.24308 -0.61106 -0.68591 -0.74257 -1.536 -0.67049 0.19244 -0.34758 -0.2224 0.5372 1.3154 -1.5828 -0.20446 -1.4641 -1.6612 0.94349 1.5449 1.134 0.54765 1.2148 -0.63621 0.84012 1.4096
-1.3201 1.2453 0.77593 1.5354 0.48449 0.16417 -0.6692 -1.0142 -0.55898 0.70243 0.55495 -0.076756 -1.4574 1.2044 -1.5214 0.10983 -1.2524 -1.081 0.090615 0.3976 -1.0074 0.050519 0.95888 -0.38387 -0.45234 1.3211 1.4054 -1.5948 -0.81843 -1.9485 -1.5801 0.40043 1.7396 2.0498 0.54737 0.73671 -0.44952 0.71937 1.7547
-1.0813 1.195 0.77849 1.2615 0.96961 0.31896 -0.43924 -0.4256 -0.09318 0.34683 -1.0788 0.013204 -1.2946 1.8569 -2.1895 -0.23509 -1.8338 -1.8209 -0.05584 1.3431 0.51207 0.097984 1.5816 -1.0354 0.17763 2.0386 0.87274 -0.89902 -1.0243 -1.7176 -0.68001 -0.14683 1.187 2.2469 0.10982 -0.82487 -0.83928 0.12879 1.5253
-0.1528 0.52408 -0.076927 0.9857 -0.90976 -0.47069 0.18297 -0.26435 -0.13267 1.5028 -0.024688 -0.18917 -0.92559 2.2005 -2.2313 -0.91585 -2.3539 -1.6869 -0.37906 1.2371 1.1234 -0.25703 0.52335 -1.134 0.36469 2.4969 0.10005 0.15532 -0.77718 -0.77021 0.18474 -0.53099 0.071447 1.7633 -0.51947 -2.1383 -0.7774 0.02277 0.61865
0.37097 -0.95623 -0.21398 -0.81989 -1.2557 -0.48565 0.55455 0.11792 0.15021 1.391 0.36677 -0.57884 0.18285 2.0332 -1.8145 -1.0261 -2.5709 -1.5644 -0.74781 1.229 1.7606 -0.323 -1.299 -1.6951 -0.36787 2.587 -0.82353 1.0981 -0.010481 0.4515 1.5539 0.017512 -0.80551 0.96762 -0.32702 -2.6245 -0.28976 -0.23507 -0.57536
1.0606 -0.88012 -0.42224 -1.0607 -1.7492 -1.1992 0.99465 0.92354 -0.80292 1.3488 -1.6653 -0.02836 0.56864 1.2885 -1.4288 -0.89477 -2.1574 -0.86336 -0.62654 0.56845 1.7906 -0.67334 -2.0473 -1.6477 -0.11222 2.1161 -1.1978 1.8192 1.0043 1.9957 1.9845 0.39518 -1.3389 0.19156 0.016123 -1.7125 0.73304 -0.27558 -1.8213
1.1546 -0.65791 -0.53218 -0.85745 -1.3871 -0.52792 0.91757 0.91093 -0.8689 -0.18536 -2.1831 -0.23949 0.73308 0.82142 -0.54641 -0.2525 -1.136 0.64987 0.099028 0.00090758 2.0545 -0.28323 -2.5928 -1.3561 0.0075989 1.2325 -1.1972 2.0286 2.115 2.7219 1.483 0.41797 -1.8923 -0.85546 0.055871 -0.1952 2.0606 -0.3844 -2.517
0.73536 -0.59323 -0.13255 -0.60651 -0.90389 -0.62569 1.1297 1.2335 -0.50197 -1.6151 -1.6603 -0.60154 0.86308 0.64066 0.52828 0.53449 0.34066 0.88642 -0.017913 -0.91428 1.3444 -0.25115 -2.3888 0.25017 -0.3063 0.022076 -0.8771 1.9148 2.6829 2.3455 0.33943 -0.095779 -1.9227 -1.55 -0.13487 1.0523 2.2936 -0.68272 -2.3748
0.57251 -0.94804 -0.73232 -1.2222 -0.78935 -0.90102 0.18106 1.9066 -0.93192 -1.3535 -2.5404 -0.022151 0.74083 0.19262 0.9926 2.1148 0.82231 0.31183 -0.22208 -1.9249 0.31709 -0.43708 -1.5252 1.6759 -0.95493 -0.72166 -0.66099 1.3261 2.4422 1.3165 -0.86253 -0.59411 -1.5802 -2.0534 -0.67215 1.7909 1.4596 -0.59314 -1.6101
1.423 -0.64221 -0.29191 -0.77762 -0.19182 -0.16749 0.38338 2.5658 -0.11099 -1.1361 -0.89778 -0.359 0.59128 0.014984 1.3743 2.8091 0.86793 -0.06185 -0.66087 -2.426 -0.35689 -0.84132 -0.37814 1.6417 -0.86564 -1.0165 -0.66078 0.61342 1.5191 0.36484 -0.90921 -0.4906 -0.60378 -1.9697 -0.76422 1.5862 -0.02307 -0.2378 -0.51176
1.5748 0.015653 0.75999 -0.34195 -0.6965 -1.0822 -1.0149 1.3886 -0.82164 -1.5887 0.42884 -0.96395 0.20101 -0.064402 1.5016 3.0603 0.8618 -0.47038 -0.76856 -2.5013 -1.0893 -1.1962 0.14398 1.0157 -0.78209 -1.0348 -0.72475 -0.048828 -0.16028 -0.23755 -0.37429 -0.25493 0.40021 -1.532 -0.60431 0.81112 -1.2447 0.46168 0.32368
0.93427 0.6278 2.6915 -0.011214 -1.831 -1.4531 -2.1411 0.79156 -1.8896 -1.0768 -0.30885 -1.282 -0.1491 -0.42911 1.4111 2.8344 0.97016 -0.40334 -0.72723 -1.8908 -1.7842 -1.2447 0.092283 0.55842 -0.80626 -0.7078 -0.6449 -0.8158 -1.4753 -0.71672 0.25372 0.25855 1.2529 -0.72358 0.029038 0.084281 -1.4538 0.85175 0.85485
0.72661 0.89297 2.2962 -0.13666 -0.9518 -1.3269 -2.3908 0.65286 -1.7605 -1.2446 -0.79144 -0.97314 -0.05055 -0.89885 0.87228 1.8231 0.39995 -0.20724 -0.70131 -1.4076 -1.9506 -1.3218 -0.060076 -0.34978 -0.10719 -0.31712 -0.22039 -1.2574 -2.3497 -0.97982 0.7701 0.50228 1.5985 0.15406 0.71374 -0.22353 -0.75587 0.9864 1.0074
0.68036 0.69088 2.5278 -0.18465 -1.2405 -1.555 -2.3846 0.46194 -1.8874 -1.3834 -1.0123 -1.0165 -0.030412 -0.73746 0.15184 0.75908 -0.084118 0.28028 -0.18251 -0.44709 -1.3366 -0.72959 -0.090586 -0.67867 0.39425 0.10246 0.31534 -1.2694 -2.1314 -0.78896 0.60956 0.54468 1.269 0.73715 0.8856 -0.11471 0.053459 0.63667 0.74862
0.52827 0.62885 2.1312 -0.10695 -0.85868 -1.4477 -2.105 -0.042429 -2.068 -1.0884 -0.9762 -0.97921 0.098428 -0.31521 -0.23217 -0.1598 -0.23975 0.6182 -0.042683 0.0081447 -1.018 -0.17743 -0.22055 0.085452 0.46352 0.30174 0.64125 -1.0146 -1.6208 -0.34509 0.2742 0.64696 1.3347 0.54788 0.91564 -0.034324 0.48851 -0.14827 0.61619
0.47282 0.63361 2.2301 -0.23401 -0.73113 -1.3875 -2.2272 -0.3019 -2.0773 -1.4743 -0.49112 -0.62578 0.10915 -0.16086 -0.42266 -0.035079 -0.01535 0.3169 0.026282 -0.040061 -0.82233 -0.23249 -0.056652 0.47843 0.10879 0.27681 0.3141 -0.75977 -1.2806 -0.33375 -0.012591 0.79908 1.4513 0.012452 1.0134 0.10984 0.29243 -0.48499 0.61764
0.52882 0.39838 2.5329 -0.35587 -0.9096 -1.4715 -2.1425 -0.34699 -2.1377 -1.5471 -0.82091 -0.71992 0.14459 -0.039995 -0.74968 -0.7131 -0.18786 0.28608 0.48117 1.0816 -1.1473 0.067846 -0.13869 0.11582 -0.21275 0.66063 -0.34012 -0.67973 -1.3065 -0.59692 0.2786 1.3629 1.8936 -0.0026086 1.5739 0.6578 -0.25631 0.033768 0.71448
0.53399 0.52516 2.3408 -0.25677 -0.78336 -1.4987 -2.3452 -0.34261 -1.9505 -1.2907 -0.34297 -0.78168 0.16093 -0.31723 -1.0217 -1.2793 -0.64427 0.42664 1.1459 1.947 -1.252 0.96122 0.10728 -0.05828 -0.13735 0.99046 -0.86544 -0.54455 -1.5385 -0.9444 0.82219 1.5431 1.8218 0.16321 2.1004 0.95994 -0.43853 1.1035 0.68162
0.52185 0.25676 2.2259 -0.045213 -0.61319 -1.2949 -2.5075 -0.37099 -2.1873 -1.2532 -0.37086 -1.0307 0.25297 -0.85768 -1.2152 -1.8998 -0.90532 1.0831 2.1126 2.8484 -0.81249 2.044 1.0782 -0.15404 0.67427 1.1799 -1.1777 -0.28286 -1.0002 -0.93778 0.94855 1.0728 0.76774 0.43557 1.7977 0.95782 -0.49703 2.0921 0.27214
0.59637 -0.48712 1.1104 -0.54115 -0.82368 -0.5834 0.53958 -1.621 -1.7068 -1.6077 -1.2835 -1.3013 0.91448 -1.319 -1.2195 -2.2253 -1.2253 1.4453 2.2853 2.7637 -0.67685 2.5415 1.3453 -0.27419 1.7273 1.1953 -0.99709 0.1318 -0.19102 -0.57525 0.82793 0.19601 -0.52015 0.53936 0.78324 0.32718 -0.68881 2.1919 -0.21789
-0.15701 -0.57021 0.61364 -1.0782 -0.04386 0.41828 0.88686 -1.6812 -0.26536 -0.85089 -0.77005 -0.6659 1.1223 -1.6686 -1.1906 -2.0455 -1.4548 1.5378 2.048 2.2085 -0.59275 2.4972 1.2483 -0.78569 2.7414 1.0279 -0.33769 0.63026 0.97966 0.17662 0.56975 -0.80137 -1.8678 0.64152 -0.48235 -0.55255 -0.52276 1.5803 -0.69058
-0.74351 -0.75457 0.40367 -1.1589 0.90605 1.5799 1.6919 -0.62826 0.91684 0.46465 -0.57822 0.67559 1.1084 -1.7159 -0.79783 -1.5413 -1.3128 1.7368 1.5654 1.173 -0.31803 2.1355 0.71398 -1.1515 2.8998 0.68839 0.47637 0.81348 1.6593 0.88651 0.083835 -1.4786 -2.1788 0.4065 -1.545 -1.2722 -0.39314 0.37582 -0.85008
-0.94008 -0.85253 0.24251 -1.4369 0.71941 0.80747 0.72958 -1.0889 0.68604 0.010068 -1.1419 1.1738 1.1503 -1.2755 -0.25711 -0.44936 -0.53116 1.9966 0.86994 -0.20148 0.25045 1.3792 0.25226 -0.77842 3.03 0.23753 1.1123 0.75976 1.7284 1.2415 -0.36838 -1.6522 -1.6986 -0.13293 -1.9462 -1.6657 0.050179 -0.91325 -0.69776
-1.2693 -0.96957 0.11258 -1.5268 0.8868 0.7727 0.4614 -1.3948 0.54158 -0.16705 -1.7144 1.8318 1.1553 -0.66539 -0.1745 0.0041038 -0.15416 1.3748 -0.079282 -0.51139 -0.31279 0.32783 -0.79816 -1.0708 2.302 0.11875 1.2991 0.49665 1.3734 1.2615 -0.61546 -1.1785 -0.53724 -0.43971 -1.4583 -1.1854 0.69341 -1.4563 -0.36798
-1.2895 -0.88375 0.1629 -1.4391 1.5363 1.0313 0.43516 -1.3664 0.51376 -0.97262 -2.3534 1.2835 1.193 -0.19819 -0.091103 0.33483 0.10028 1.0399 -0.42961 -0.44905 -0.85794 -0.090908 -1.4572 -0.69527 1.3801 0.1045 0.9721 0.26817 0.57795 0.87376 -0.93048 -0.58679 0.39927 -0.5067 -0.50006 -0.20711 1.1434 -1.5264 -0.066102
-0.93602 -0.70659 0.67925 -1.0647 2.2072 1.1466 0.75659 -1.0788 0.81608 -0.76324 -1.4848 2.2553 1.2348 0.077639 0.037997 0.57454 0.53967 1.0785 -0.13973 0.16789 -0.62255 0.25331 -0.8919 0.27801 1.0622 0.11719 0.41548 0.19405 -0.020849 0.38589 -1.1324 -0.18574 0.46557 -0.15473 0.19455 1.0668 1.5331 -1.0013 0.010589
-1.1923 -0.9306 0.46791 -1.4079 1.6168 0.46797 0.36287 -1.9249 0.55243 -1.3706 -1.9915 2.2259 1.2154 0.096106 0.12793 0.32786 0.63332 0.42443 -0.27429 0.24191 -0.58356 0.51692 -0.1226 0.95604 0.85805 0.12286 0.036407 0.14604 -0.43652 -0.003614 -1.414 0.0047513 0.17769 0.11774 0.24859 1.7312 1.1298 -0.71771 0.042537
-1.061 -0.96612 0.68873 -1.182 1.9798 0.76627 0.74342 -1.9096 0.72182 -1.474 -1.5549 2.219 1.2072 -0.072083 0.068576 -0.018125 0.26423 -0.41181 -0.5313 0.061523 -0.75493 0.36953 0.76762 1.3243 0.74036 0.12679 -0.038844 0.14155 -0.52423 -0.21887 -1.3241 0.18552 -0.19684 0.34844 0.016301 1.5714 0.43147 -0.67084 0.04475
-0.95124 -0.76301 0.82509 -0.80528 2.1554 0.70533 0.96693 -1.8193 1.0885 -0.84983 -0.85757 2.4373 1.2974 -0.065723 0.15635 -0.14992 0.26306 -0.83107 -0.22816 -0.065191 -0.56723 0.29345 1.3308 1.162 0.24184 0.17219 0.014334 0.13499 -0.41537 -0.2053 -0.73734 0.51578 -0.31915 0.71453 -0.072402 0.9908 -0.23324 -0.49271 -0.011937
-1.2572 -0.7117 0.27926 -0.88453 1.3972 0.53419 0.69202 -1.9973 1.283 -0.25097 -0.79913 2.5571 1.2932 0.080606 0.27815 -0.12703 0.3852 -0.74328 0.20351 -0.1125 0.042113 0.39112 1.6661 1.1003 0.15759 0.16884 0.14444 0.10307 -0.12522 -0.091422 0.096755 0.66124 -0.32954 0.79687 -0.082202 -0.10917 -0.84869 -0.4837 -0.12709
-1.2857 -0.80028 0.28077 -1.3405 1.0257 0.22706 0.42024 -2.3154 0.80518 0.15361 -0.551 2.2905 1.3314 0.037606 0.26523 -0.36033 0.25622 -0.77227 0.38347 -0.35472 0.40213 0.37319 1.5029 0.60828 0.26544 0.080082 0.16083 0.038457 0.26093 -0.1278 0.87829 0.47071 -0.38447 0.6324 -0.24909 -1.1795 -0.97993 -0.50758 -0.23634
-0.92604 -0.57093 0.66658 -0.7911 1.0629 0.90082 0.57165 -1.9378 1.081 0.64388 -0.38937 2.5152 1.4067 0.12846 0.19648 -0.1283 0.14396 -0.25832 0.47825 -0.49856 0.30461 0.17916 0.46397 -0.141 -0.13882 -0.048119 0.097852 0.052739 0.5407 -0.29755 1.2672 0.15766 -0.46232 0.54362 -0.46011 -1.9746 -0.54772 -0.84097 -0.29156
-1.0049 -0.6364 0.43261 -0.8718 1.0525 0.97905 0.38107 -1.6634 1.2345 0.4221 -0.68841 2.3472 1.3435 0.19209 0.25861 0.33705 0.19836 0.55728 0.56971 -0.68915 0.52614 -0.050229 -0.51628 -0.23301 -0.52139 -0.12929 0.21739 0.14 0.69219 -0.61224 1.0903 -0.25952 -0.51187 1.0617 -0.68752 -1.9533 0.62548 -1.344 -0.31121
-1.0531 -0.57744 0.15751 -0.76235 1.2148 1.2886 0.30832 -1.2317 1.481 0.57408 -0.62189 2.7495 1.268 0.17166 0.36961 0.51902 -0.058742 0.94331 0.4211 -0.92121 1.0322 -0.22512 -1.4297 0.40588 -0.97575 -0.23198 0.59018 0.33311 0.77788 -0.81947 0.3704 -0.70819 -0.43176 1.7479 -0.89654 -1.1441 1.8558 -1.5355 -0.38313
-0.9223 -0.52141 0.62178 -0.82094 1.7125 0.98188 0.021225 -1.9416 1.1921 -0.48941 -1.2702 2.0469 1.2329 0.39964 0.43011 0.58603 -0.64842 0.65051 -0.1095 -1.2205 2.0972 -0.66027 -1.6111 1.6644 -1.7712 -0.36749 1.0925 0.3905 0.667 -0.63875 -0.78694 -1.0533 -0.23482 1.561 -0.97121 0.18945 2.1031 -1.4053 -0.56084
-1.0752 -0.38835 0.84994 -0.92912 2.0091 1.1279 -0.63083 -1.4307 0.78515 -0.86954 -0.76938 1.736 1.1969 1.0798 0.72354 1.173 -0.78969 0.38494 -0.59879 -1.1464 2.9114 -1.1261 -1.3631 2.8035 -2.3225 -0.59294 1.2471 0.26797 0.24532 -0.17391 -1.7873 -1.0234 -0.087964 0.77497 -0.80185 1.6123 1.426 -0.47286 -0.71809
-0.87146 -0.23645 1.0609 -1.3763 2.0885 0.98242 -0.89744 -0.49146 0.54003 -1.5333 0.66737 1.2183 1.1343 1.698 0.80185 1.2343 -0.48706 -0.61787 -1.0255 -1.088 2.6156 -1.3439 -0.14485 2.9768 -2.4163 -0.92017 0.78864 0.0030399 -0.31849 0.18021 -2.2734 -0.71104 -0.065223 -0.73473 -0.43638 2.1023 -0.053431 0.88106 -0.74647
-0.22338 -0.058542 1.1065 -1.4785 1.4194 0.72274 -1.2278 1.5591 0.37891 -0.95431 2.0845 0.53699 0.97764 1.7609 0.67465 0.65283 -0.40285 -1.7303 -1.1665 -1.1991 2.2747 -1.3239 1.2071 2.7473 -1.5006 -1.199 -0.23836 -0.26436 -0.82631 0.26122 -2.2576 -0.15301 -0.32694 -2.2156 -0.10728 1.5206 -1.6246 1.9135 -0.59975
0.52769 0.33782 1.8306 -1.5206 1.557 0.078174 -1.074 1.8425 -0.19585 -1.0702 2.5049 0.0756 0.61434 1.4718 0.44971 0.27951 -0.50536 -2.5002 -1.248 -1.3594 0.98353 -1.3468 1.4949 1.6074 -0.53073 -1.357 -1.3912 -0.34145 -0.4561 0.29102 -1.5313 0.3822 -0.19715 -2.9782 0.40567 0.33601 -2.3214 1.939 -0.22383
0.99712 0.30791 1.5569 -0.92712 0.22067 -0.16626 -1.4062 0.5036 -0.30135 0.70353 1.9056 0.27813 0.27037 0.75564 0.39438 0.16096 -0.30684 -2.8529 -0.7966 -1.7103 -0.58218 -1.3201 0.99589 0.12909 0.29167 -1.4132 -1.8824 -0.46875 -0.049615 0.23849 -0.40465 0.9271 0.25043 -2.4312 1.2552 -0.54048 -2.1691 0.90574 0.54067
0.65246 0.14266 1.1073 -1.4502 -0.49824 -0.34842 -2.316 0.5598 -0.63899 0.87716 1.8632 0.79941 0.091335 -0.31344 0.29251 0.6636 -0.010878 -2.8901 -0.45176 -1.267 -1.7476 -0.6217 0.67093 -0.52515 0.29156 -1.2014 -1.62 -0.57614 0.058042 0.01117 0.6833 1.0474 1.0847 -0.73792 1.901 -0.75459 -1.1628 -0.57136 1.431
0.36428 0.11709 1.1906 -1.908 -1.0292 -0.35776 -2.9272 0.19157 -1.0513 0.14831 1.7058 1.18 -0.059102 -0.74539 -0.13444 0.3828 -0.2149 -2.2814 0.28117 -0.76612 -1.0884 0.56061 0.50263 -0.68007 -0.21475 -0.34253 -0.67467 -0.69448 -0.26034 0.063627 1.4859 0.4952 2.2069 0.81027 2.0561 -0.30795 -0.059047 -1.8042 2.0479
0.16943 0.48378 1.548 -1.6318 -1.481 0.1431 -3.5029 -0.33081 -1.1516 -0.79406 1.3424 1.0503 -0.27803 -0.70389 -0.37451 0.28624 -0.50122 -1.5164 0.2989 0.35087 -0.20157 1.1174 0.17882 -0.38474 -1.3067 0.58233 0.29399 -0.75168 -1.1196 0.45024 1.9975 -0.35741 2.8317 1.9597 1.4329 0.11679 0.58478 -1.8846 2.0752
-0.37148 0.48105 2.6503 -1.1097 -2.102 -0.21957 -2.1791 -0.41121 -0.049361 0.48378 1.8053 0.088334 -0.25404 -0.27244 -0.58219 -0.11127 0.077307 -0.78307 -0.18782 1.9541 0.21508 1.493 0.61005 -0.037917 -2.2138 1.2367 0.61267 -0.7224 -1.644 0.95291 2.2529 -1.0577 2.7849 2.2073 0.58862 0.1195 0.61727 -0.78333 1.423
0.16598 -0.1519 1.6678 -1.7057 -1.2797 0.55767 -2.0263 0.55222 0.99262 0.71503 1.3097 -0.25611 0.53515 -0.02831 -0.90075 -1.1117 0.63693 0.065187 -0.93409 3.1218 1.4045 1.4776 0.87049 0.39853 -2.1617 1.5981 0.48671 -0.55834 -1.91 1.2238 2.4801 -0.93586 1.3991 2.01 -0.075441 -0.5008 -0.12402 1.0728 0.46149
0.21202 -0.34651 1.2308 -1.8605 -2.0415 -0.1706 -1.0038 0.29672 0.64033 1.0975 1.4059 -0.91893 0.97843 0.012491 -1.2336 -1.8936 0.8615 1.1054 -1.2163 3.5018 2.3936 1.4325 0.41572 0.24075 -1.2076 1.6102 0.16821 -0.068968 -1.3297 1.1909 2.3467 -0.61506 -0.36685 1.2281 -0.52768 -1.1367 -0.91666 2.1799 -0.56901
0.2367 -0.47146 0.83829 -1.3447 -1.5244 -1.0086 0.64139 0.62072 0.67649 1.0499 1.9433 -1.2005 1.1224 0.022413 -1.1041 -2.2812 1.2111 2.1379 -1.0577 2.4013 2.6108 1.0092 -0.75782 -0.75625 0.19565 1.1928 0.10631 0.44693 -0.52466 0.77021 1.8826 -0.049249 -1.8706 -0.13946 -0.27151 -0.97118 -1.3844 2.2093 -1.2627
0.079695 -0.72748 0.080994 -0.81747 -0.91131 -1.6028 1.4812 2.1394 0.62537 0.57308 2.1945 -0.72837 1.1729 -0.0027669 -0.62009 -1.9307 1.8388 2.5319 -1.3569 1.5333 1.9941 0.77811 -0.93478 -1.3444 0.65613 0.45381 0.17549 0.7732 -0.032434 -0.25825 1.084 0.55822 -2.7145 -1.2925 0.19309 0.091485 -0.81163 1.4833 -1.4317
-0.12108 -1.0115 0.032867 -0.54639 0.05344 -1.0139 1.6521 2.7541 1.5341 -0.067168 1.3072 -0.18354 1.1709 0.16285 -0.38173 -2.0344 1.4842 2.8435 -0.96587 0.25508 1.329 1.3149 -0.46834 -1.6675 1.0093 -0.0092711 0.41904 0.80429 0.3067 -1.4616 0.024861 1.1762 -2.4112 -2.1106 0.319 1.2742 0.49324 0.079885 -1.1323
-0.082913 -0.97339 -0.099126 -0.25549 1.0007 -0.9559 0.35642 2.7517 1.7293 -0.40065 -0.04646 0.31217 1.1804 0.25042 -0.15851 -2.0638 0.31865 2.7646 -0.15238 -0.99887 0.51864 1.6227 0.47152 -0.96862 1.1486 -0.26659 0.63556 0.65231 0.44529 -2.2004 -0.99779 1.614 -1.5148 -2.3275 -0.38788 1.5015 1.6915 -1.0991 -0.6565
0.48615 -0.76308 -0.75041 -0.036201 1.3441 -1.8195 0.44168 2.2088 1.6265 0.13166 -0.29566 -0.28307 1.1161 0.6427 0.15959 -1.6452 -0.47359 2.0712 0.68268 -1.2872 -0.75713 1.1557 1.2045 0.1099 0.12222 -0.40703 0.6179 0.47829 0.80279 -1.7471 -1.9601 1.51 -0.18849 -2.1942 -1.5389 0.79516 2.1989 -2.0681 -0.33853
0.42521 -0.81369 -1.4155 -0.4969 1.2271 -1.9102 0.11689 1.7002 2.4203 1.0649 0.20326 -0.13336 0.96539 0.89422 0.31938 -1.304 -0.87874 1.0731 1.0351 -0.82009 -1.49 0.15928 1.3679 1.3179 -0.90356 -0.48417 0.26751 0.1726 1.1072 -0.40851 -2.0066 1.0941 0.84402 -1.6988 -2.1318 -0.35804 1.0662 -2.0128 -0.061142
0.29896 -0.80437 -1.7228 -1.2195 2.2759 -0.85641 -0.47319 2.1314 2.8814 1.6716 1.783 0.42108 0.84945 0.94605 0.26381 -0.94331 -0.8455 0.061383 1.4491 -0.25121 -1.9347 -0.71519 0.75052 1.7973 -1.7561 -0.48725 -0.3422 -0.13867 1.196 1.0814 -1.2123 0.40203 1.0293 -0.96325 -1.9832 -1.3746 -1.1101 -0.94278 0.22067
0.88563 -0.60508 -1.354 -1.0804 1.7628 0.078581 -0.14868 1.3745 1.9412 1.4895 1.9637 -0.7743 0.80296 0.57265 0.10184 -0.39049 -0.15625 0.055585 1.6434 0.17416 -2.198 -1.2665 -0.037773 0.43564 -1.6017 -0.33336 -0.78625 -0.32798 1.1881 2.2273 -0.42974 -0.56481 0.82269 -0.31416 -1.2523 -1.8467 -2.9614 0.29555 0.43224
1.0385 -0.61746 -1.2185 -1.0596 1.415 0.19879 0.29967 0.69305 1.3112 1.0686 1.8986 -1.2608 0.7312 0.17908 -0.0016583 0.083575 1.0283 0.33746 1.1768 0.28501 -2.2792 -1.6897 -0.94754 -1.7359 -1.2434 -0.10178 -1.1723 -0.41532 0.98843 2.3022 0.075877 -1.5475 0.2948 0.96117 -0.38629 -1.7681 -2.6821 1.6679 0.49708
1.2387 -0.62276 -1.5514 -0.78173 0.87622 0.14622 -0.075226 -0.028922 0.58605 0.43843 1.5026 -1.8649 0.70596 -0.1466 -0.17215 0.35373 1.9888 0.14248 0.040608 0.55925 -1.9325 -1.6015 -1.6218 -3.0601 -0.58913 0.069777 -1.1316 -0.2895 0.69622 1.4625 -0.37329 -1.828 0.17216 2.0063 0.24183 -1.2662 -0.6459 2.0816 0.41637
0.81689 -0.75178 -1.5475 -0.17064 1.9544 -0.01516 0.72861 -0.58826 0.69338 0.69051 -0.3688 -1.3434 0.79136 -0.81405 -0.38689 0.49293 2.0133 0.16214 -0.84054 0.126 -0.20395 -1.2433 -2.1324 -2.0174 0.84123 0.17005 -0.90089 -0.098682 0.68844 -0.014962 -1.164 -1.1808 0.50747 2.1318 0.54516 -0.60561 1.7398 1.7914 0.23852
0.31897 -0.84411 -1.3079 0.3787 2.4055 0.033408 -0.023561 -0.61171 0.75597 0.08792 -1.7898 -0.74854 0.87264 -0.97724 -0.2578 0.68218 1.86 -0.54473 -0.99863 0.57304 0.65876 -1.0593 -2.0743 -0.74325 1.2231 0.24998 -0.30312 0.17069 0.58027 -1.3939 -1.9855 -0.036835 0.64931 1.3549 0.38726 -0.091695 3.0856 0.44418 0.030842
0.47609 -0.93448 -0.98469 0.76333 1.9356 -0.6627 0.65056 -0.012591 0.48931 -0.67362 -1.2312 -0.5912 0.89568 -1.0364 -0.15402 1.1826 1.0985 -1.4718 -0.6631 1.2821 0.56335 -0.98671 -1.9735 0.75713 1.1821 0.21967 0.62 0.34718 0.28768 -2.0163 -2.257 0.82024 0.83151 0.046837 0.31881 0.59544 2.679 -0.92372 -0.17603
-0.0010635 -1.0736 -0.67399 0.60956 1.2144 -1.1055 -0.10011 1.6215 -0.19783 -1.7163 0.99425 -0.13968 0.91211 -0.58943 0.020285 1.0756 0.11606 -2.7154 -0.12541 1.2747 0.31253 -1.0388 -1.8825 2.0085 0.085595 0.097225 1.0518 0.35978 -0.10011 -2.3045 -1.2935 1.0501 0.08677 -0.73776 0.52944 1.245 1.2087 -1.3384 -0.41527
0.094088 -0.75752 -0.72332 0.74192 0.051741 -0.88568 1.7258 0.71881 -0.33943 -1.4015 0.96086 -0.54747 0.9622 0.10091 0.11321 0.83118 -0.49933 -2.9304 0.35543 1.4406 0.055913 -0.6852 -0.9775 2.2153 -0.26946 -0.059205 1.0538 0.67632 0.071468 -1.9561 0.37992 0.54599 -0.99935 -0.95908 0.6405 2.0712 -0.75146 -0.71608 -0.72864
-0.17192 -0.84126 -0.11731 0.32274 -0.50739 -0.30955 2.388 -0.51871 -0.49503 -1.714 1.173 -0.55537 0.93327 0.34079 0.27131 0.68812 -1.2139 -2.2083 0.5833 0.63881 -0.52542 -0.26417 0.03228 1.0725 -0.49596 -0.3301 0.51358 0.93561 0.77796 -1.4102 1.9552 -0.40614 -2.1526 -0.62869 0.32315 2.3343 -2.1075 0.59321 -0.94637
0.13866 -0.77105 -0.43174 0.050028 -1.0802 0.024312 1.8473 -0.27265 -0.39402 -1.8217 0.95308 -1.3415 0.88574 0.38878 0.97552 1.5183 -1.519 -1.0179 0.06798 -0.47226 -0.88564 -0.229 1.3955 -0.3145 0.17658 -0.82833 -0.1244 1.1144 1.1133 -0.83628 2.3732 -1.2663 -2.774 -0.27046 -0.43706 1.7994 -2.2846 1.1316 -0.9641
0.8061 -0.80741 -0.31821 0.11538 -1.0564 0.077017 1.8363 0.3802 -0.0058195 -1.1921 1.1425 -0.57911 0.77702 0.1838 1.3294 2.1579 -1.7319 -0.045582 -0.79574 -2.1955 -0.44263 -0.69072 1.8058 -1.0918 0.98275 -1.1566 -0.52917 0.93993 0.98969 -0.15096 1.9367 -1.5346 -2.1863 -0.13578 -1.0064 0.89005 -1.4973 0.95974 -0.69985
0.59329 -0.57555 -0.04028 -0.68471 -0.73567 -0.49912 0.86218 0.081037 -0.1796 -0.79483 0.79835 -0.89494 0.47935 -0.052653 1.659 2.1316 -1.6259 0.38876 -1.4852 -2.8375 -0.5153 -1.2585 1.8957 -1.4368 1.1051 -1.315 -0.68945 0.42007 0.039993 0.5231 0.98567 -1.0143 -0.99094 -0.19615 -1.0352 -0.2625 -0.45294 -0.13594 -0.2132
0.10332 0.70107 1.7546 -0.87929 -0.19406 -1.3411 -0.49119 -0.042047 -0.95216 0.67284 0.41995 0.40261 -0.048916 -0.3997 1.6779 2.1921 -1.385 0.68025 -1.7054 -2.674 -0.9787 -1.5565 1.647 -1.4601 0.83644 -1.2986 -0.4249 -0.082933 -0.97309 1.3602 0.17642 -0.061657 0.62819 -0.13861 -0.091025 -1.0565 0.56675 -1.0515 0.29623
0.12495 0.74748 1.9002 -1.0706 -0.39042 -1.7235 -1.3552 -0.61471 -1.5676 0.49914 -0.75789 0.36315 -0.11164 -0.5694 1.5768 1.5861 -0.77504 0.44897 -1.5045 -2.2881 -1.003 -1.6548 0.93774 -1.0479 0.024197 -1.1272 0.29835 -1.1831 -2.1401 1.8149 -0.43544 1.0626 1.8499 0.52465 1.3038 -1.4342 1.085 -1.295 0.93748
-0.020936 0.88584 1.5904 -1.2833 -0.4806 -1.8492 -1.5865 -1.194 -2.0598 0.14112 -0.41905 -0.1092 -0.246 -0.33119 1.2048 0.67453 0.17805 0.2548 -0.91292 -1.2198 -0.47237 -0.65889 0.092895 -0.079084 -0.39205 -0.73903 1.0005 -2.1478 -2.9569 1.7458 -0.99253 1.806 2.6612 1.5559 2.4126 -0.9722 1.3482 -0.48742 1.3917
0.081052 0.93813 1.7144 -1.178 -0.2061 -1.9329 -1.6206 -0.96761 -1.855 0.35679 -0.50795 -0.62925 -0.32838 0.44255 -0.3289 -0.98649 0.69829 -0.20162 0.23457 0.18005 0.24677 0.62673 -0.30638 0.15966 -0.64535 0.025983 1.1363 -2.6179 -3.0658 1.1026 -1.3315 1.6018 2.7354 1.7686 2.5172 -0.39422 0.94519 0.42071 1.5683
0.095011 1.2035 1.5092 -0.70838 -0.41612 -2.0166 -1.6968 -0.56202 -2.0206 0.21801 0.10988 -0.54667 -0.43564 0.88868 -1.399 -1.8828 0.86694 -0.8297 1.0242 1.4927 1.4156 1.6243 0.25281 0.77168 0.29698 0.53143 0.92175 -2.0789 -2.4478 0.1266 -1.3253 0.86333 1.7935 1.2027 1.4768 0.015255 0.37965 0.95802 1.1822
-0.018826 1.381 1.4389 -0.48483 -0.15026 -1.9301 -1.2088 -0.41237 -0.7656 -0.22798 0.70734 -0.6128 -0.38165 0.85961 -2.0306 -2.6942 0.77956 -1.472 0.7187 1.9078 1.4854 1.7127 0.046102 0.52246 0.4815 0.94963 0.3493 -0.18373 -0.86472 -0.39206 -0.59778 -0.016528 0.37296 0.27003 0.19101 -0.056211 -0.06181 0.8088 0.11893
1.0279 -0.46754 0.2653 -0.32901 -0.81473 -0.63964 -0.12122 0.10151 -0.17441 0.50479 -0.46242 0.079127 0.23644 1.1127 -1.845 -2.9077 0.38306 -1.5618 0.56355 1.5457 1.2412 1.4423 -0.041671 0.55683 0.83801 0.84335 -0.55925 1.7877 0.99489 -0.017115 0.62073 -0.30886 -0.92805 -0.6416 -1.0758 -0.17385 -0.7141 0.16832 -1.245
1.1911 -1.2283 -0.60908 -0.52843 -1.9159 -0.33076 1.1441 1.1772 0.24807 1.0056 0.38039 0.74325 0.4414 0.95178 -0.46025 -2.0332 0.30723 -0.93944 0.4281 0.88288 0.85448 1.057 -0.2664 0.16453 0.60221 0.074682 -1.7544 3.2784 2.6233 0.7588 2.1589 0.016977 -1.7407 -1.0831 -1.5714 -0.14888 -0.41736 -0.11325 -2.4434
0.60383 -1.0769 -1.434 -0.57686 -2.2574 -1.8308 0.66484 0.13587 -0.45458 -0.26965 0.18751 -0.40228 0.54783 -0.1728 1.1505 -0.39318 1.1053 0.057674 0.54948 0.078463 0.48005 0.020478 0.056643 -0.5111 0.57263 -1.1861 -2.6332 3.27 3.0513 1.2959 2.9081 0.44239 -1.7168 -1.0661 -1.4023 -0.043258 -0.12509 -0.067286 -2.6262
1.5049 -0.27331 -1.0243 -0.63644 -1.6241 -1.3769 -0.23754 0.52691 -0.18614 0.20266 0.62714 0.27006 0.10135 -1.666 2.596 0.82785 1.7351 1.7216 0.75579 -0.94437 -0.24304 -0.39647 -0.30344 0.213 0.43052 -2.2639 -2.3996 1.7184 2.2744 1.0635 2.487 0.91862 -0.95446 -0.52011 -0.65374 0.40065 0.089051 0.43176 -1.7282
1.075 1.6126 -0.045604 -0.034499 -0.90783 -1.0657 -0.47161 0.51205 -0.077851 -0.35366 0.22735 0.064677 -0.7408 -2.3298 2.7354 1.2189 1.8957 2.4992 1.2785 -1.0777 -0.28607 -0.34793 -0.10342 0.29816 0.82502 -2.5319 -1.4068 -0.39047 0.53905 -0.021125 1.0439 1.0738 0.15389 0.17619 0.24574 0.54581 0.20321 -0.10925 -0.14516
-0.48007 1.9249 1.0599 1.1557 -0.091716 -0.11454 -0.33022 0.48913 -0.64221 0.75156 -0.92707 0.54281 -1.5286 -2.3003 1.9524 1.3059 1.7448 2.4512 1.8924 -0.5197 0.22259 0.066142 0.65848 -0.028315 1.2982 -2.2435 0.011855 -2.0587 -1.0441 -1.078 -0.92547 0.73169 1.0357 0.7532 0.78341 0.90117 -0.047745 -0.4363 1.2826
-1.2344 1.606 0.22753 1.2027 1.032 0.58607 -1.0549 -0.061466 -0.54543 0.081172 0.77509 0.79937 -1.6698 -2.3978 0.73104 0.35952 1.0958 1.6305 2.1196 0.14823 0.58533 0.22655 0.72305 0.059223 -0.037498 -1.4486 0.8864 -2.6983 -1.3855 -2.0518 -2.2354 -0.49664 1.0386 0.46897 0.95635 0.63193 0.10653 -0.94231 2.258
-1.4279 1.5949 -0.14933 0.7868 0.49101 0.38216 -0.29707 0.7385 -0.27563 0.39026 1.059 1.2763 -1.6179 -1.6186 -0.26478 -0.62769 0.33992 0.44493 1.7912 0.52506 0.78061 0.71749 1.1713 0.25921 0.081892 -0.58773 1.2997 -2.3736 -0.49438 -2.3813 -2.4876 -1.9131 0.64778 -0.59206 0.5331 -0.033574 0.015691 -1.3071 2.6953
-1.1201 1.495 0.31515 0.91316 0.69789 0.50657 -0.36682 0.62643 -0.099434 0.87114 -0.39418 0.92613 -1.6125 -1.0819 -1.2158 -0.31996 -0.84649 -0.6356 0.33451 0.4883 0.34197 1.0376 0.96704 0.40261 -0.2806 0.54554 1.9 -1.595 0.26768 -1.5547 -1.6999 -2.5225 0.28864 -1.1517 0.081441 -0.57892 -0.39716 -0.9994 2.3751
-1.3536 1.3448 -0.19173 0.64009 0.43675 1.9567 0.03515 1.5378 0.185 1.0537 0.44614 -0.61657 -1.6226 -0.62496 -1.5264 0.75946 -1.287 -1.0209 -1.0356 0.60064 -0.81049 0.61311 0.4764 -0.14108 -0.96732 1.4214 2.3592 -1.0286 0.007066 -0.80391 -1.2022 -2.4955 -0.048477 -1.0011 -0.40797 -1.1968 -0.49239 -0.6523 1.8296
-1.5084 1.5211 -0.39951 0.94963 -0.25925 1.4236 0.32267 1.1468 0.73947 1.6755 0.17469 0.93417 -1.6444 0.51994 -1.6333 0.16456 -0.69332 -0.78244 -1.5033 0.66762 -0.86131 0.42158 -0.12611 -0.54196 -1.332 1.6548 2.8495 -0.50594 -0.94481 -0.15071 -0.79255 -1.7182 -0.42999 -0.15036 -0.68113 -1.2408 -0.71955 0.12686 1.0886
-2.4096 -0.30772 0.9031 -0.031328 -0.54359 -0.47565 -0.18125 0.097848 0.54227 1.53 0.44193 0.59531 -0.66434 1.8222 -1.9914 -0.84493 -1.0674 -1.7054 -2.2724 0.30435 -0.56746 0.29102 -0.76633 -0.26827 -0.57091 2.0219 2.8089 -0.076396 -1.6208 -0.05964 -0.37286 -0.47115 -0.60151 1.1108 -0.3685 -0.86067 -0.44006 0.54633 0.38516
-1.6522 -0.11345 1.1751 -0.39215 -0.081831 -1.3617 0.088504 -1.4457 -0.073668 0.079418 0.65642 -0.42652 -0.0034095 2.8194 -1.9406 -1.2225 -1.1804 -1.7581 -2.4787 -0.27346 -0.075992 -0.025485 -0.98766 -1.0069 -0.21932 2.1276 1.8606 0.66745 -1.2772 0.028999 0.10164 0.6865 -0.43294 1.5879 0.046634 -0.21197 -0.18063 0.64077 -0.37042
0.29621 0.030176 -0.77882 0.72774 -0.29495 -0.77775 1.0844 0.85974 0.47961 0.5129 -0.79508 -0.53439 -0.34236 3.2773 -1.5262 -1.4802 -1.1133 -1.2203 -1.4916 -0.18889 0.95103 0.17292 -0.8766 -0.79934 -0.49001 1.8502 0.15841 1.1572 -0.43606 0.48877 0.77593 1.4624 -0.27697 1.3567 0.27727 0.51875 -0.051473 0.32821 -1.0935
1.3695 -0.97109 -1.3799 -0.46541 -2.4026 -1.6064 -0.25615 0.79362 0.59052 0.16507 -0.32613 0.33381 0.24653 3.1361 -0.62739 -1.8266 -0.59005 -0.83307 -0.5279 -0.0017004 1.4608 0.56108 -0.50285 -0.62659 -0.16454 1.0987 -1.4166 1.3589 0.71886 0.57094 0.97547 1.3352 -0.33206 0.14224 0.20317 0.65736 0.47336 0.10782 -1.4038
1.3002 -0.89446 -1.2386 -0.62265 -1.8546 -1.2291 -0.66964 1.359 0.25098 0.3336 -0.9075 -0.22228 0.43934 1.9413 -0.4931 -1.3231 -0.50335 -0.72674 -0.33401 -0.42905 1.2962 0.49161 0.082249 -0.53945 0.032794 0.64349 -2.2377 1.8021 1.5839 1.0297 1.2564 0.78365 -0.58585 -1.0614 -0.23327 0.59916 0.23541 -0.17903 -1.7839
1.373 -0.78072 -0.85871 -0.47452 -1.1439 -1.1837 0.29939 1.4655 1.0778 0.613 -0.27623 0.37473 0.51928 0.92758 0.075107 0.017423 -0.48698 -0.194 -0.39767 -0.86338 0.023568 0.17622 -0.087235 -0.12427 -0.25637 0.30125 -2.5603 2.0797 2.0135 1.4966 1.4699 0.87215 -0.47463 -1.6895 -0.86428 0.18483 0.1551 -0.36446 -2.1269
1.3271 -0.77801 -0.96823 -0.50976 -1.0522 -1.5699 0.25293 0.92207 1.0375 0.19194 -0.22583 -0.33059 0.49794 0.34256 1.4842 0.48824 0.61068 0.79161 0.002858 -0.98617 -0.39722 -0.055957 0.17415 -0.53374 -0.74916 -0.83835 -2.5299 2.1503 1.4821 1.7906 1.2602 1.3856 0.026748 -1.2284 -1.1538 0.10374 0.35786 -0.063227 -2.3552
1.4317 -0.59919 -1.32 -0.40519 -1.5146 -1.685 -0.58839 0.88908 0.43168 0.33778 -0.88963 -0.52217 0.38301 -0.68453 2.2651 0.93878 1.4194 1.1347 1.0398 -0.72419 -0.97977 -0.71759 -0.15373 -0.28002 -0.42086 -1.8411 -2.4479 1.3833 0.55 1.5132 0.74228 1.6132 0.60389 -0.10575 -0.84215 0.65074 0.7866 0.85657 -1.996
2.0533 -0.10789 -0.87282 -0.16422 -1.5778 -1.4587 -1.1007 0.98179 0.69583 0.2807 -0.95285 -0.37429 0.032975 -1.818 2.4251 0.92168 1.6081 0.9474 1.7077 -0.47613 -0.59353 -1.1329 0.34158 0.31035 0.023697 -2.361 -2.2534 -0.07787 0.0041623 0.59736 0.25696 1.2965 1.1697 0.39876 -0.15781 0.8088 1.6079 1.2691 -0.85738
1.5214 1.3448 -0.56162 0.19443 -0.86168 -1.2749 -2.0696 0.43072 0.39065 0.67988 -1.2297 -0.5655 -0.78831 -2.4097 2.1827 0.81234 1.609 1.107 1.9644 0.082378 -0.088043 -0.79807 1.1951 1.119 0.96344 -2.3916 -1.4292 -1.1117 -0.31604 -0.28138 -0.11334 0.43676 1.2262 0.32699 0.74168 0.86318 1.2707 1.0866 0.35439
-0.35802 1.891 0.2747 1.133 0.43926 1.0281 -0.40067 0.050452 -0.69534 -0.0453 -0.65221 -0.31226 -1.5016 -2.8621 1.3691 0.5712 1.559 1.2852 2.1233 0.96638 -0.072471 -0.30176 1.1952 2.1434 0.92627 -2.0475 -0.44458 -2.041 -0.054987 -1.1991 -0.29552 -0.73588 1.0094 -0.17281 1.3326 0.20447 0.50137 0.68823 1.6095
-1.0476 1.5304 -0.22859 0.85703 -0.43389 0.61247 0.068716 0.99794 -0.15022 1.3986 0.69838 0.41506 -1.5629 -2.745 0.70212 0.55189 0.99847 0.75946 1.6995 1.0258 -0.60915 0.19322 1.2282 1.4775 1.1586 -1.3859 0.7142 -2.3685 -0.07231 -2.3554 -0.55872 -2.0904 0.25166 -0.85395 1.277 -0.72843 -0.66126 -0.30118 2.6126
-0.87719 1.4009 -0.56937 0.84458 -0.19519 0.28456 -0.22454 0.97546 0.20059 2.1377 0.83549 0.68862 -1.5483 -2.4592 -0.66451 0.96416 -0.086772 0.57726 0.3683 1.0808 -0.67305 0.75703 0.76102 1.202 1.2217 -0.080527 1.9809 -1.7131 -0.24351 -2.4196 -0.37519 -2.5443 -0.43275 -1.1451 0.24925 -1.4357 -1.6964 -1.4283 2.6851
-1.296 1.0091 -0.57112 1.2475 0.037135 1.079 0.45194 0.55107 0.3035 1.4047 1.5774 0.042723 -1.6049 -1.3326 -1.2431 0.49664 -1.5271 0.42941 -1.3322 0.50687 -1.4514 0.95848 -0.095992 0.23801 0.28523 1.1438 2.4247 -0.89644 -0.57098 -1.403 0.017708 -1.8631 -0.62864 -0.52228 -0.64625 -1.5963 -1.5146 -2.2787 1.8898
-1.2061 1.6526 0.44124 0.85533 -0.4297 0.86717 -0.35917 -0.63965 0.86373 1.6841 -0.37137 0.88916 -1.6408 -0.0079511 -0.8744 0.16848 -1.246 0.75872 -1.4406 0.3103 -1.8807 -0.24073 -1.1248 -0.74549 -1.2478 1.3319 2.2494 -0.14597 -1.1269 0.018488 0.2112 -0.44027 -0.49945 0.77523 -1.1916 -0.81615 -0.58323 -2.047 0.59193
-2.5872 0.38166 1.2317 0.09251 0.72204 -0.52863 0.38957 -0.32168 0.80114 1.1523 0.67902 0.8693 -0.81105 0.38927 -0.88093 -0.075682 -0.76753 0.70517 -1.1168 0.095573 -1.0245 -0.46952 -1.1457 -0.67852 -1.7869 1.1763 1.4397 -0.10877 -1.2963 1.2012 0.13899 1.0981 0.026916 2.0772 -1.2503 0.14899 0.81885 -0.87143 -0.41642
-1.7953 0.14709 -0.11172 -0.88332 0.60441 -1.255 0.65343 -1.4588 0.47663 0.08729 0.19295 -0.19114 -0.12797 0.72389 -1.1293 -0.7854 -0.40406 0.8343 -0.62156 0.23471 0.61563 -0.66813 -0.40514 0.47123 -1.4948 0.92619 1.1618 -0.29303 -1.2422 1.001 -0.28836 1.7077 -0.048786 2.1193 -0.31952 0.75515 1.0067 0.82911 -0.60986
-0.010977 0.86963 -0.81864 0.33313 0.33902 -0.90728 0.25074 -0.87935 -1.0097 0.49382 -0.14244 -1.4367 -0.62711 0.8869 -1.3297 -1.37 0.11806 0.65275 0.44525 0.56753 1.3325 -1.0723 -0.13544 1.3621 -1.1742 0.62512 0.96924 -0.32684 -0.47799 0.49355 -0.041632 1.4526 -0.036036 0.78489 0.32392 0.59199 0.27062 2.225 -0.17077
-0.77339 0.27721 -0.35641 0.75876 0.68309 -0.071854 -0.202 0.1337 0.21155 0.87724 0.36138 -1.0609 -0.80802 1.828 -1.2089 -1.4296 0.038169 0.2543 1.1814 -0.05736 1.0547 -0.51529 -0.046263 0.35819 0.0014202 0.55133 0.36899 -0.24618 0.48324 -0.16752 0.30027 0.63578 -0.049875 -0.92551 1.0477 -0.23619 -0.6935 2.8692 0.71554
-1.0305 -0.44018 -0.80722 0.55367 1.1125 0.50453 0.95671 1.4526 -0.071766 1.3263 2.2666 -0.4789 -0.72815 1.5752 -1.4633 -0.61 -0.12136 0.92166 0.87592 0.13596 0.27695 0.031565 -0.081495 -0.031872 1.5969 1.0672 0.02015 0.087623 0.92962 -0.37282 0.50791 -0.52501 -0.19469 -1.93 1.1123 -1.0548 -1.1381 2.3792 1.3045
-0.85582 -0.43801 -0.65226 0.18002 0.60028 0.74342 0.91808 0.32009 -0.73451 1.0387 1.2284 0.042521 -0.46146 1.0365 -1.5337 -0.27505 -0.53696 1.2598 0.42767 0.31659 -0.65932 0.65496 -0.91445 -0.2506 2.4403 1.942 -0.66626 0.42053 0.85738 0.22391 0.26446 -1.2142 -0.50358 -1.9525 0.65509 -1.6144 -0.73849 0.80976 1.114
0.67922 -1.1507 -1.0566 -0.64161 0.96475 0.20554 -0.16705 -0.17043 0.20562 0.1628 -0.14014 0.39381 0.33394 1.311 -1.0139 -0.24575 -0.19478 1.0946 -0.22908 -0.048989 -1.5652 0.33334 -1.8896 -0.6787 2.0228 2.1855 -1.1177 0.75434 0.2649 1.077 -0.70984 -1.1093 -1.137 -0.9834 0.17367 -1.4795 -0.046878 -1.0429 0.14396
0.8348 -1.1235 -0.98081 -0.25429 2.084 -0.38631 0.88244 -1.4437 0.048279 0.102 -0.21607 0.98184 0.83634 0.75198 -0.65716 -0.041532 0.48538 0.66142 -0.69212 -1.025 -1.8227 0.505 -2.4968 -0.83098 1.3083 1.9183 -1.6884 0.82433 0.22628 1.6025 -1.4025 -0.66903 -1.2835 0.23006 -0.5234 -0.50231 0.5922 -2.1088 -1.0435
0.36555 -0.95319 -0.825 0.51064 2.0183 0.32374 0.66416 -0.62052 0.39193 -0.51303 0.48183 1.1317 1.0533 -0.30396 -0.50047 -0.23321 1.2232 -0.090642 -0.78105 -1.5465 -1.0566 0.41472 -2.3637 0.18687 0.26352 1.327 -1.7966 0.5323 0.48303 1.07 -1.4913 -0.052386 -0.88065 1.2998 -0.5745 0.60809 0.95972 -2.0959 -1.542
0.28305 -1.1305 -0.68652 0.59793 1.8093 -0.060421 -0.11964 -1.0525 0.34634 -1.5556 0.59983 1.0506 1.0951 -1.2054 -0.25838 0.14205 1.4999 -0.74241 -0.63487 -1.5871 -0.47081 -0.32712 -1.7143 0.57682 -0.54664 0.56485 -0.89436 0.33476 0.68158 0.198 -0.80539 0.32632 0.070777 1.3669 -0.78012 1.356 0.56465 -1.564 -1.3991
-0.21807 -1.3259 -0.93469 0.67376 1.2897 -0.47692 -1.1195 -1.1566 0.21354 -1.9726 0.73599 0.86474 1.0869 -0.95462 -0.22773 0.5524 1.1418 -0.96279 -0.36603 -1.5979 0.28048 -0.2836 -1.0037 0.64342 -0.89266 0.19351 0.23721 0.25943 0.96038 -0.4861 0.30035 0.54951 0.86977 0.9045 -0.66484 1.5111 -0.18194 -0.78457 -0.88269
-0.65323 -1.2944 -1.2599 1.0136 0.26419 -0.57875 -1.8681 -1.2859 0.037862 -1.9579 0.69844 0.15886 1.0896 -0.54173 -0.17765 0.8164 0.89273 -0.39103 -0.25243 -0.8869 0.16059 -0.54742 -0.34094 0.14355 -0.97472 0.063387 0.81005 0.20954 0.81396 -0.71618 1.119 0.53065 1.3341 0.31391 -0.28497 1.1435 -0.32426 -0.15158 -0.32706
-0.46092 -1.4152 -0.56697 0.90769 0.87048 -0.75454 -1.5926 -1.0515 -0.42024 -1.5785 0.28395 0.082353 1.0646 -0.21646 -0.0659 1.187 0.73453 0.29375 0.12019 -0.15298 0.38107 -0.67007 0.10863 0.050625 -0.94509 0.049529 0.64787 0.21673 0.4982 -0.71676 1.2554 0.30812 1.4053 -0.25607 -0.31616 0.5911 -0.19229 0.18552 -0.057993
-0.14278 -1.2036 0.065624 1.2032 1.361 -0.27381 -0.91015 -0.52167 0.092342 -1.1536 1.1368 0.43063 1.1428 -0.12324 0.042271 1.3161 0.52143 0.70619 0.17686 0.382 0.084617 -0.64788 0.12246 0.22379 -0.77482 0.069921 0.2605 0.19731 -0.052247 -0.67989 0.56363 0.12102 0.86944 -0.53707 -0.30561 0.18468 0.14631 0.23582 0.032989
-0.30998 -1.2196 0.06747 1.4809 1.6286 0.022844 -0.80724 -0.6937 -0.38577 -1.6126 0.51256 0.11574 1.1313 -0.0047969 0.05735 1.2201 0.14435 0.81809 0.030215 0.60455 -0.18339 -0.80327 0.006385 0.22885 -0.62486 0.088821 -0.046449 0.097315 -0.72706 -0.84989 -0.37878 -0.23738 0.22816 -0.87922 -0.50877 0.085991 -0.077322 0.07907 0.018974
-0.23572 -1.3583 0.40663 1.1886 1.7966 -0.23243 -1.0238 -0.85653 -0.69002 -1.8143 0.65185 -0.17939 1.1278 -0.18629 0.11941 0.71709 0.067227 0.39467 0.030185 0.47722 -0.6051 -1.0318 0.10495 0.38555 -0.67425 0.099717 -0.041546 0.066369 -1.0394 -0.9688 -0.99873 -0.2089 -0.065703 -0.75927 -0.51584 0.48853 -0.33525 0.13764 0.013046
-0.77595 -1.2639 0.18505 1.208 1.4418 -0.58267 -1.0238 -1.3993 -0.68348 -1.7783 1.0919 -0.26493 1.1522 -0.27658 0.067104 0.17744 -0.44696 -0.24862 -0.28386 0.23313 -0.98685 -1.3933 0.30648 -0.16514 -0.82409 0.066361 0.065123 0.13069 -0.9631 -0.92166 -1.1124 0.2173 0.11469 -0.56604 -0.09254 0.70088 -0.72593 0.16339 0.0015691
-0.41188 -1.2297 0.3895 1.041 1.3944 -0.63712 -0.74943 -1.3188 -1.2254 -1.5709 0.73281 -0.49076 1.1797 -0.070167 0.15106 -0.039216 -0.79293 -0.60717 -0.086664 0.4015 -0.99336 -1.2807 1.0004 -0.25155 -0.39583 0.10262 0.28443 0.17468 -0.59069 -1.1086 -0.77449 0.7541 0.42024 -0.18275 0.54705 0.55953 -1.1451 0.077477 -0.013869
-0.47762 -1.1479 0.51038 1.2028 1.6967 -0.24055 -0.4763 -1.5096 -1.6255 -1.0034 1.0899 -0.34646 1.1941 0.046478 0.27556 -0.13973 -0.95573 -0.73832 0.51834 0.84448 -1.0935 -0.84785 1.0292 -0.93901 -0.43716 0.088986 0.25975 0.29649 -0.19747 -1.1318 -0.34868 1.0911 0.60141 0.30867 1.4541 0.097565 -1.0184 0.034093 -0.0086687
-0.49874 -1.1613 0.10866 0.68936 0.91401 -0.56637 -0.66281 -1.8164 -1.8503 -0.97353 0.3356 -0.58678 1.1909 0.15657 0.33153 -0.18556 -1.5253 -0.79175 1.1297 0.99739 -0.91118 -0.32703 0.91955 -1.5873 -0.69937 0.063315 -0.0080748 0.30688 0.0012056 -1.3396 -0.22794 0.81642 0.44823 0.77908 1.9653 -0.59759 -0.98981 -0.036621 -0.060813
-0.36045 -1.0926 0.088859 0.49882 0.85957 -0.049039 -0.26276 -2.0228 -2.0077 -0.29836 0.15918 -0.27355 1.241 0.069986 0.52116 -0.096061 -1.9669 -0.79869 1.2809 1.1309 -0.43239 0.7333 0.56013 -1.5932 -0.58405 0.069923 -0.24779 0.29167 0.29929 -1.3288 -0.10267 0.33826 0.13215 1.4054 1.9555 -0.86773 -0.58038 0.28057 -0.11376
-0.38405 -0.95511 0.30932 0.19457 0.80298 0.50427 0.48162 -2.4822 -1.3927 -0.80623 -0.5558 -0.90123 1.2086 -0.10444 0.59199 -0.046687 -2.5256 -0.99566 1.157 1.1413 0.18575 1.4486 -0.00055166 -1.9607 -0.36462 0.0058507 -0.30835 0.25727 0.4421 -0.8638 -0.06939 -0.40351 -0.24189 1.7773 1.704 -1.0374 -0.079298 0.62962 -0.19527
-0.52045 -0.81587 0.039049 -0.51247 0.46341 1.0187 0.49676 -2.2931 -1.1366 -0.5609 -1.018 -1.229 1.2196 -0.27735 0.68059 0.34688 -2.6754 -0.82295 1.1757 1.0102 1.0847 1.7665 -0.30925 -1.9354 -0.061356 -0.080193 -0.15584 0.059602 0.2986 -0.2943 -0.12532 -1.0643 -0.75694 1.7866 0.95914 -0.71822 0.38217 0.73743 -0.28451
-0.27627 -0.4999 0.4627 -0.89529 0.58767 0.91658 0.95644 -1.4518 -0.15293 -0.7186 -0.85595 -0.81139 1.2698 -0.23319 0.72271 0.40852 -2.6032 -0.90455 0.37346 0.53182 1.7796 2.2078 -0.79783 -1.5552 0.22667 -0.20055 0.17296 -0.089801 0.096127 0.52498 -0.075223 -1.4576 -1.0773 1.4029 0.45015 -0.10181 1.1597 0.67797 -0.31364
-0.7654 -0.52284 0.20831 -1.566 -0.024386 0.89965 0.95231 -1.2962 0.016628 -1.067 -1.7615 -0.51225 1.1583 -0.15435 0.5568 0.23113 -2.3955 -1.0728 -0.45452 -0.14177 2.2382 2.0699 -0.52815 -0.97338 0.50667 -0.32018 0.70964 -0.26393 -0.32561 1.3764 -0.28886 -1.4339 -1.3089 0.75151 -0.19662 0.61999 1.5934 0.50826 -0.33677
-0.79263 -0.36163 0.62444 -1.9793 -0.14072 1.1885 0.81239 -0.46937 0.12348 -1.1235 -2.2706 -0.5667 1.0966 0.13765 0.47531 0.19804 -1.745 -1.0065 -0.93968 -0.51409 2.3309 2.1007 -0.093399 0.00094046 0.62799 -0.41786 1.163 -0.29382 -0.4327 2.0927 -0.13217 -0.98119 -1.1386 0.028306 -0.72828 1.2475 1.8367 0.38466 -0.30134
-0.44876 -0.17246 0.58311 -1.9905 -0.23218 0.34011 0.64849 -0.12408 1.2672 -1.5833 -1.6638 -0.34607 1.013 0.80758 0.29987 -0.12741 -0.74156 -1.3035 -1.0321 -1.1711 2.2651 1.4645 0.6405 0.63298 0.70139 -0.55525 1.1045 -0.24458 -0.53591 2.1337 0.07286 -0.56188 -0.64713 -0.63348 -0.82607 1.2633 1.6898 0.33274 -0.1477
-0.54925 -0.34066 0.32478 -2.4074 -0.71969 -0.10272 0.078988 0.23982 1.291 -1.0852 -1.6854 -0.69736 0.88811 1.3728 0.29082 -0.18634 0.14627 -1.0304 -1.299 -1.31 1.8169 1.2019 1.2277 1.495 0.86459 -0.60545 0.48717 -0.27079 -0.32403 1.5895 0.28384 0.024856 0.10753 -1.111 -0.99191 0.82889 0.81603 0.29881 0.054039
-0.16758 -0.10849 0.37684 -2.2433 -0.68868 -0.12369 -0.069189 0.87049 1.9275 -0.32168 -0.54935 -0.27638 0.84911 1.2097 0.18083 -0.53836 0.30461 -0.92221 -1.3996 -1.097 1.2599 1.0354 1.454 1.8269 1.0278 -0.48302 -0.41661 -0.22037 0.04605 0.7178 0.50102 0.43128 1.0349 -1.3851 -0.63335 -0.071337 -0.26204 0.26433 0.26791
0.81899 -0.19545 0.21802 -1.5333 -1.4798 -0.17732 -0.96314 1.417 1.2816 0.14458 -0.62648 0.28603 0.65057 0.80618 0.017575 -0.17314 0.45571 -0.66764 -0.71016 -0.36367 0.67034 0.53404 1.2372 1.1306 1.0416 -0.36159 -1.2093 -0.3537 0.22015 0.077776 0.67691 0.96015 1.6114 -1.5937 -0.52334 -0.78215 -1.1953 -0.21497 0.37921
0.73691 -0.084952 0.20662 -1.5532 -1.1216 -0.81379 -0.80678 0.76248 1.5665 0.28003 -0.24467 0.38964 0.53458 0.33244 0.013598 -0.038152 0.35091 -0.55306 -0.46995 0.43646 0.14266 0.6599 0.49696 0.29539 1.1261 -0.21479 -1.586 -0.34499 0.205 -0.30541 0.97707 1.3491 1.8372 -1.5808 -0.32127 -1.0459 -1.6652 -1.0275 0.39079
0.31522 -0.11319 -0.082598 -2.0763 -1.2141 -1.0115 -0.53555 1.0746 2.1169 0.31542 0.089134 0.39116 0.71638 -0.37498 -0.29796 -0.024212 0.28606 0.042739 0.14783 1.1807 -0.72568 0.44832 0.086038 -0.20369 0.44407 -0.084607 -1.2564 -0.37969 -0.065746 -0.061565 1.1166 1.5727 1.4182 -1.2881 -0.51475 -0.68826 -1.1317 -1.4366 0.3008
0.24565 -0.29563 0.59449 -1.7072 -1.1549 -0.34063 0.41653 0.69664 1.9663 -0.084563 -0.7046 0.50623 0.64975 -1.0647 -0.31749 -0.22813 -0.096757 0.53646 0.85898 1.8493 -1.1182 0.49919 -0.14025 -0.94946 -0.5444 0.053469 -0.57247 -0.33796 -0.25399 0.43034 0.95763 1.5758 0.62234 -1.1364 -1.2483 -0.09847 -0.30648 -1.5045 0.10851
-0.0028155 -0.21477 0.21304 -2.0218 -1.6586 -0.68188 0.66505 0.74951 2.3824 -0.23061 -1.2739 0.69205 0.65309 -0.76652 -0.53792 -0.18545 0.60643 0.85995 1.7592 1.7932 -1.2066 -0.31149 0.1313 -0.57885 -0.74928 0.023586 0.37897 -0.14773 -0.30953 0.83374 0.50959 0.84918 -0.3029 -0.69191 -1.7244 0.33194 0.6565 -0.82582 -0.044593
-0.17311 -0.60535 0.20985 -1.4108 -0.4953 0.37701 1.2945 -0.12985 2.0085 0.25168 -0.43203 0.1798 0.67291 -0.51098 -0.50937 -0.40692 0.95093 0.81616 1.8643 1.3687 -1.8294 -1.201 0.279 -0.12942 -1.0285 -0.082251 1.0401 -0.011708 -0.22372 1.094 -0.023198 -0.1489 -0.8192 -0.47233 -2.0235 0.28509 1.2134 0.037217 -0.13194
-0.52237 -0.43277 -0.30151 -1.8197 -0.67161 0.76499 1.7137 -0.13661 1.9542 0.069242 -2.0303 -0.61959 0.66589 0.022843 -0.48901 -0.48512 1.2058 0.85063 1.3355 0.7706 -1.7189 -1.7958 0.57808 0.7805 -0.81265 -0.094989 1.0515 0.17373 0.069404 0.70796 -0.58987 -1.1792 -1.0615 0.25773 -1.5521 -0.051176 0.87847 0.75292 -0.13732
-0.041178 -0.81728 0.14102 -0.84144 0.039125 1.5379 1.7429 -0.58945 1.0017 0.62937 -0.15252 -0.12755 0.59879 0.40623 -0.37439 -0.47266 1.488 0.50177 0.76997 0.6561 -1.7841 -2.3891 0.24038 0.92559 -0.41868 -0.11661 0.88414 0.2026 0.44745 0.50481 -0.83527 -1.5397 -1.0747 1.1403 -0.78993 -0.27084 0.67365 1.1808 -0.19151
-0.30114 -0.68562 -0.35884 -1.1735 -0.68684 1.2544 1.5432 -1.4604 0.36181 0.34879 -0.34347 -0.53231 0.61374 0.66102 -0.29085 -0.014284 1.5684 -0.072074 -0.049961 -0.049663 -0.7327 -2.503 0.05384 0.75037 0.36073 -0.19789 0.54031 0.34228 0.48884 -0.067173 -0.77349 -1.4785 -0.86431 1.5235 0.18925 -0.56111 0.041292 0.9464 -0.30281
0.45447 -0.86417 0.10372 -0.4966 -0.25774 0.84871 1.5442 -1.1423 -0.15023 0.64424 0.11432 0.015408 0.54781 0.75461 -0.23987 0.18295 1.656 -0.26637 -0.51847 -0.44735 -0.11078 -2.2666 -0.013434 1.3156 0.58934 -0.36321 0.23813 0.48632 0.14833 -0.58088 -0.35407 -1.1017 -0.77245 1.5074 0.86752 -0.62663 -0.15888 0.57481 -0.44764
0.30208 -0.68717 -0.56898 -0.41724 -0.80566 0.49581 2.1404 -1.731 -0.70173 -0.0578 -0.37321 0.04495 0.56615 0.81398 0.073701 0.087574 1.0392 -0.19471 -0.97379 -0.47428 0.40064 -1.5209 -0.4545 0.69778 0.45537 -0.49666 -0.38094 1.174 -0.26705 -0.69002 0.078454 -0.0097176 -0.26616 0.80744 0.96832 -0.75601 -0.73968 0.13843 -0.86569
0.40289 -0.98619 0.37798 0.10074 -0.47985 0.68436 0.95012 -0.36404 -1.1319 0.4651 -0.15458 0.3106 0.43764 0.75074 0.34283 -0.24187 0.79975 -0.089264 -0.96976 -0.74064 0.57417 -1.3281 -0.80147 0.64706 0.62022 -0.74275 -1.1164 1.7026 -0.218 -0.46481 0.4059 0.87834 -0.17445 0.37117 1.1082 -0.51195 -1.0935 0.25592 -1.3063
0.45278 -0.78614 -0.04663 0.0054785 -0.85814 0.48101 0.95277 -0.4269 -1.0639 0.30588 0.60066 -0.086944 0.20394 -0.031242 1.6041 -0.27499 0.85878 -0.011646 0.15248 -0.47846 0.48959 -1.2395 -1.1178 -0.43043 0.62614 -1.5069 -1.7665 1.7413 -0.088607 -0.021968 0.50519 1.3165 -0.1883 0.077244 1.4622 0.37696 -0.78199 0.26514 -1.4224
1.0607 -0.56366 0.0075593 -0.13416 -0.19751 0.026654 1.1789 -0.73919 -0.9382 -0.22234 0.67197 0.26243 0.10835 -0.84173 2.1705 -0.019751 0.99 0.39774 0.66687 -0.83348 0.56173 -0.4239 -0.73882 -0.37269 1.0016 -2.1191 -2.0051 1.0969 0.14651 0.34834 0.52113 0.88312 -0.17967 0.27294 2.0958 1.4085 -0.24906 0.38553 -1.0219
0.70922 -0.18139 -0.91313 -0.25693 -0.91769 -0.26556 0.38112 -1.016 -1.8019 -0.8676 0.22135 0.4176 -0.16959 -1.5798 2.4078 -0.17233 0.93806 0.50139 0.8304 -0.84436 0.55269 0.64496 0.30966 -0.39556 0.77936 -2.2705 -1.592 -0.20454 0.3259 0.48096 0.48969 0.082785 -0.14598 0.82251 2.2358 1.9142 0.62003 0.25407 -0.14619
-0.087156 1.7928 -0.04902 0.87086 -0.32586 1.9075 1.4749 -0.51632 -2.1037 -0.9278 -1.486 0.8639 -1.2808 -2.0948 1.983 -0.014784 1.3814 0.62334 0.44928 -0.95657 1.0687 1.4834 1.43 0.13689 1.2805 -2.13 -0.60117 -1.1599 0.48469 0.3394 0.1753 -0.32408 0.21767 1.0516 1.7974 1.4763 0.86077 -0.052834 0.74901
-1.0785 1.4998 -0.028222 0.76835 -0.095942 1.3635 -0.045503 -0.31035 -0.70482 -0.27859 -0.17023 1.2387 -1.5794 -2.2805 1.3046 0.32693 1.509 0.78642 0.42262 -0.74702 1.8301 1.8115 1.797 0.63299 0.98096 -1.7555 0.70197 -1.9116 0.34282 -0.14843 -0.26897 -0.75856 0.29638 0.67626 0.86775 0.32058 0.80658 -0.30666 1.4886
-1.246 1.4091 0.069133 0.78339 0.060312 1.2538 -0.53597 0.58853 0.38131 1.7639 0.22113 0.57242 -1.5701 -1.5823 0.54109 0.62356 1.3107 0.58362 0.22042 -0.46986 1.9623 2.2116 1.604 0.93287 0.82868 -1.0819 1.7282 -1.5859 0.12693 -0.8259 -0.79479 -0.69897 0.71164 -0.14505 -0.2796 -0.80455 -0.00026947 -0.74042 1.6664
-1.4642 1.2133 -0.40619 1.3064 -0.047836 0.087918 -0.086776 0.59547 0.82839 1.8257 1.2562 1.6462 -1.6404 -0.57955 -0.45881 0.14365 0.75318 0.026546 -0.57231 -0.51473 1.4158 1.8332 0.90061 0.91338 0.46466 -0.22028 1.9537 -0.85473 -0.036772 -0.97756 -1.0857 -0.51936 0.64809 -1.0053 -1.1738 -1.4669 -0.68064 -0.81582 1.3421
-1.5145 1.1844 0.2398 1.3167 0.68508 0.91982 0.34421 1.4927 0.31175 0.90051 0.64564 1.2355 -1.6442 0.15985 -0.1134 0.31969 0.3914 -0.46561 -0.45151 0.34802 0.98977 0.96818 0.21134 0.022362 0.19749 -0.015736 1.5852 -0.86515 -0.35613 -1.1781 -0.71111 -0.24781 0.26762 -1.5281 -2.0551 -1.5304 -0.71351 -0.76059 1.2561
-1.2679 1.3785 0.17949 1.4046 -0.43319 1.2957 0.003735 1.2831 0.75483 0.6201 0.16683 1.4654 -1.6507 0.35976 0.021848 0.42422 0.3438 -0.69674 -0.28135 0.13504 0.35852 0.32597 -0.55383 -0.3038 -0.18377 0.03231 1.2354 -1.1562 -0.65268 -1.1802 0.052891 -0.32661 0.018626 -1.797 -2.2405 -1.1828 0.16946 -0.031819 1.3632
-0.9851 1.0544 0.025624 1.4915 -0.2795 0.84291 -0.10505 0.96089 0.82402 0.68311 -0.049757 1.2931 -1.5634 0.79562 -1.3287 -0.15171 -0.44921 -0.36858 -0.42324 -0.28047 -0.48283 -0.72195 -0.84822 0.080926 -0.22551 0.9639 0.92231 -1.8921 -1.0171 -1.1634 0.99096 -0.5525 -0.31032 -1.5915 -2.0567 -0.80813 1.1797 0.59431 1.7173
-0.99845 1.4617 0.40173 0.89196 -0.72246 0.27257 0.47505 1.1961 1.0723 1.3102 0.36524 1.1575 -1.6056 1.32 -2.0253 -0.79452 -0.79465 0.079654 -1.2418 -0.19455 -1.3442 -1.3411 -1.0248 1.2634 0.64278 1.6472 0.62965 -1.7531 -0.82077 -0.8991 1.5903 -0.30328 -0.041819 -0.84279 -1.5813 -0.67452 1.14 0.49517 1.6538
-1.026 1.3315 0.39175 1.5517 -0.62487 0.55869 -0.43913 1.0793 0.73718 1.0302 0.37586 0.55808 -1.5679 1.3332 -2.641 -0.90705 -0.97915 0.98579 -1.0773 -0.1528 -1.2558 -1.8882 -1.2275 1.7232 0.90643 2.1468 0.23048 -0.56528 -0.048112 0.065217 1.619 0.55222 0.30676 0.17798 -0.54137 -0.50733 0.30793 -0.10398 0.89793
-0.32791 -1.5056 -0.85881 0.56851 0.13974 -0.23202 -0.40743 -0.078657 -1.0886 -0.26246 1.4807 1.8072 -0.15223 1.2172 -2.613 -0.67744 -0.88318 1.5761 -0.56317 -0.046247 -0.89698 -1.9287 -1.76 1.2767 0.18951 2.3009 -0.2915 0.65125 0.62582 0.62372 0.9437 1.2106 0.54485 0.83597 0.72538 -0.21803 -0.61718 -1.1256 0.1001
0.44058 -0.93893 -0.65827 0.53461 0.55716 -0.62292 0.25221 -0.3506 -1.2676 -0.77145 2.1416 2.3623 0.013823 1.2542 -2.1032 -0.2855 -0.26328 1.8863 0.33528 0.23956 -0.36486 -1.4017 -1.528 0.74218 -0.16542 2.1894 -0.68491 2.04 0.97516 1.0761 -0.20615 1.1868 0.56576 0.98576 1.7635 0.33498 -1.178 -1.9206 -0.86976
0.1518 -1.4596 -0.62112 0.52787 0.72251 0.13772 -0.31652 0.048495 -1.125 -0.45863 1.7821 2.102 0.2742 0.82639 -1.0861 0.044127 -0.064776 1.3814 0.46313 0.68951 -0.16948 -0.28714 -1.319 0.49414 -0.87329 1.798 -0.94853 2.1453 0.83419 0.94412 -0.90004 0.87273 0.35692 0.90349 1.9649 0.70326 -1.1893 -1.7987 -1.3155
0.12812 -1.3427 -0.19377 0.60833 1.5771 0.12506 0.074302 0.39066 -1.1231 -1.2347 0.95776 0.38704 0.36546 0.28684 0.40247 0.51641 0.46585 0.70484 0.77336 0.60226 0.29171 0.44906 -0.73998 -0.31388 -2.0815 0.89246 -0.87864 1.5444 0.41399 0.27958 -1.0956 0.2258 0.2253 0.49658 1.386 0.38492 -1.2811 -1.1384 -1.3762
0.51282 -0.8765 0.18772 1.0876 1.4666 1.1622 0.6775 0.87141 -0.64083 -0.32197 1.3314 0.88398 0.49286 -0.015694 0.138 0.44967 0.38285 0.50297 0.95508 0.46898 0.52614 0.66505 -0.67856 -0.6472 -2.1469 0.6724 -0.51842 0.42426 -0.073185 -0.23501 -0.93891 -0.044366 0.21606 0.28196 0.61453 0.1967 -1.6468 0.052317 -1.1116
0.12903 -1.0726 -0.37516 1.0603 0.9644 0.37763 0.56283 -0.14949 -0.21716 -1.5417 1.8205 0.31754 0.78335 0.084529 0.16417 0.27621 0.017725 0.29939 0.53597 0.77769 0.24801 0.60358 -1.0362 -1.3304 -1.6043 0.37028 -0.21371 -0.49929 -0.53011 -0.70805 -1.0301 -0.69634 0.21275 0.07796 0.10016 0.18796 -1.9064 0.73656 -0.68934
0.32505 -0.82282 -0.35651 0.78219 1.0438 0.42201 0.50857 0.092473 -1.0006 -1.3375 1.1535 -0.02928 0.70075 -0.014294 -0.18358 0.04341 -0.20765 -0.15176 0.48951 1.0108 0.39601 0.73406 -0.75112 -2.4028 -0.99 0.13494 0.11436 -0.33716 -0.55442 -0.66291 -1.3437 -1.3185 0.11839 0.21175 0.020203 0.8317 -1.7129 0.62462 -0.61753
0.304 -1.182 0.062766 0.8288 1.556 1.1553 0.67059 0.85128 -0.24596 -1.4965 0.90424 0.087496 0.67431 -0.10681 -0.38159 -0.23161 -0.4072 -0.8727 -0.38687 0.73361 0.504 0.59097 -0.30211 -3.3823 -1.2752 -0.032485 0.24198 -0.15325 -0.56603 -0.34447 -1.5627 -1.8581 -0.40837 0.28465 0.12911 1.4085 -0.64029 0.33237 -0.38457
0.27062 -1.262 -0.095132 0.49742 1.468 0.85141 1.222 0.49265 -0.31336 -2.1142 -0.8802 -0.17359 0.59614 0.27801 -0.23058 -0.29175 -0.49652 -1.3969 -1.2177 0.70063 0.80536 0.70443 0.69758 -3.1643 -1.1333 -0.19566 0.59017 0.37948 -0.48037 0.13747 -1.1833 -2.1685 -0.83614 0.071051 0.0095205 1.6942 0.89951 0.50179 -0.16137
0.2132 -1.4058 -0.066908 0.72352 1.0424 1.1273 2.1203 1.0989 0.22071 -1.6215 -2.199 -0.54771 0.55072 0.36629 -0.10963 -0.57264 -0.3902 -1.9696 -2.3212 0.067 0.59219 0.8467 1.1848 -2.2576 -0.89387 -0.13084 0.83171 0.63118 -0.33947 0.54577 -0.45267 -1.6726 -1.1246 -0.30359 -0.027833 1.4525 2.1888 1.109 -0.042789
0.27748 -1.2512 -0.53019 0.72387 -0.5448 -0.30451 1.1742 0.91234 0.087998 -0.62803 -2.238 -0.70116 0.6307 0.80429 0.38001 -0.64682 0.047922 -1.7921 -2.8734 -0.39496 0.48571 0.62012 2.0461 -1.0646 -0.22918 -0.096148 0.60268 0.56421 -0.18831 0.62012 0.37803 -0.77488 -1.289 -0.7101 -0.32776 0.57633 2.3302 1.3498 -0.0045431
0.73949 -1.1607 -0.75285 0.30436 -0.70049 -1.7328 1.3287 0.83427 0.3914 -0.47964 -1.368 -0.98725 0.55609 1.1203 0.48369 -0.65878 0.27632 -1.5101 -2.8996 -1.0465 0.069616 0.58008 2.0606 0.15487 0.3449 -0.15736 0.23854 0.30877 0.32668 0.46936 1.3442 0.60742 -0.72466 -0.49187 -0.54835 -0.39992 1.6918 1.1828 -0.06202
0.75204 -1.0527 -0.72487 0.40108 -0.85294 -2.2363 0.24241 1.1479 0.2315 0.011673 -1.5205 -0.68702 0.55738 0.97867 0.51802 -0.5787 0.25192 -0.9226 -2.4781 -1.4063 -0.31751 0.24704 1.4707 0.51129 0.764 -0.19136 -0.36858 -0.086893 0.79504 0.30671 1.4414 1.7081 0.043442 -0.18594 -0.61564 -1.3383 0.90941 0.55917 -0.0096484
1.3762 -0.65904 -0.48334 1.0971 -0.023009 -1.9852 0.62417 1.4724 0.64539 1.0473 -1.1629 0.1767 0.54361 0.70083 0.38863 -0.00088793 0.33411 0.08978 -1.3108 -0.93882 0.033714 0.04711 0.6489 0.50588 0.81783 -0.19163 -0.84264 -0.33318 1.1314 -0.042918 0.95933 2.1106 1.0986 -0.20251 -0.67638 -1.7036 0.29087 -0.12 0.10778
1.5182 -0.87936 -0.96934 0.79542 -0.84692 -2.6383 -0.013057 0.29781 0.58249 0.26565 -1.549 -0.067171 0.3719 0.34209 0.25441 0.48116 0.56979 0.082047 -0.26399 -0.39221 0.13808 -0.22014 -0.0273 0.68113 0.59173 -0.096805 -1.2083 -0.5143 1.069 -0.52726 -0.10356 2.0787 1.6228 -0.60571 -0.58733 -1.8136 0.080795 -0.86919 0.2148
1.0804 -0.8072 -0.93233 0.81093 -0.9026 -2.5381 -0.26869 0.64976 0.32868 0.40008 -1.7413 -0.038869 0.4192 -0.087293 -0.018503 0.87945 0.075866 -0.23148 0.20014 0.65717 -0.55597 -0.40195 -0.73092 0.70228 0.23491 -0.019268 -1.1504 -0.49292 0.851 -0.8707 -0.8932 2.0814 1.4356 -1.0252 -0.38249 -1.4778 0.21648 -1.0273 0.25553
1.1629 -0.78367 -0.32684 0.78905 -0.25235 -2.4375 0.042373 1.3792 0.11218 0.091408 -1.0053 -0.12737 0.47513 -0.81187 -0.25133 0.93597 -0.48098 -0.95021 0.90959 1.0767 -1.204 -0.58443 -1.6092 0.60767 -0.52338 0.092974 -0.75546 -0.42899 0.65137 -1.1273 -0.82847 2.1498 0.61802 -1.1675 -0.22608 -0.96267 0.13161 -0.79873 0.15498
1.2369 -0.79183 0.026792 1.0625 -0.66386 -1.9749 0.803 1.2248 0.11056 -0.35477 -0.18826 -0.26719 0.49659 -0.80241 -0.29143 1.3303 -0.58433 -1.0453 2.2509 1.2254 -1.2918 -0.45955 -1.6301 1.0199 -0.49519 0.15447 -0.38394 -0.25518 0.20544 -1.0368 -0.38189 1.8364 -0.5065 -0.92984 -0.040717 -0.23777 -0.008338 -0.33146 0.033848
0.80376 -1.0302 0.35415 0.53644 -1.1243 -1.876 1.6922 -0.17326 -0.10573 -0.51942 -0.97808 0.032664 0.5235 -0.66918 -0.42242 1.4516 -0.97863 -1.0423 2.9956 0.55328 -1.7669 -0.59976 -1.5741 0.82278 -0.49201 0.083358 -0.038156 0.068492 -0.14215 -0.7937 0.61692 0.95957 -1.1404 -0.21784 0.19908 0.62859 0.02775 0.34403 -0.03056
0.2363 -1.0525 0.052617 0.38151 -1.895 -0.72669 1.7347 -0.8347 -0.059654 -1.5568 -0.88003 -0.72256 0.56687 -0.85823 -0.42101 1.0071 -1.4006 -0.88932 2.8169 -0.14725 -2.0856 -0.47042 -1.2341 0.60358 -0.36718 0.043002 -0.0081539 0.41792 -0.51962 -0.57893 1.3786 -0.51741 -1.238 0.59128 0.318 0.94893 0.17489 0.41666 -0.040717
0.65496 -1.2009 0.61569 0.19182 -2.0674 0.79593 1.0667 -0.80129 -0.058387 -1.6493 -0.11338 -0.52475 0.50658 -0.86067 -0.068908 0.85142 -1.3863 0.1184 2.5371 -0.59729 -1.2346 -0.22526 -0.48733 0.8999 0.072916 0.094742 0.21551 0.9601 -0.12177 0.11945 1.9133 -1.8652 -1.0885 1.7841 0.25337 1.5529 0.35205 0.73718 -0.26287
0.46513 -1.2652 1.124 -0.18557 -1.4488 1.3149 0.073517 -0.77212 -0.76988 -1.3435 -0.48704 -0.47667 0.50943 -0.72933 0.30332 0.69833 -1.3301 0.93218 1.4441 -0.75885 -0.41321 -0.079888 -0.186 1.372 0.016682 0.07724 0.39087 1.3041 0.17482 0.60164 1.7301 -2.8005 -0.95965 2.0915 -0.20973 1.9571 0.2014 0.67896 -0.60166
0.073159 -1.2315 0.72438 -0.57865 -1.2669 0.52049 0.37442 -1.2835 -0.31206 -1.4596 0.07853 -0.44036 0.54178 -0.35339 1.0015 1.3969 -0.78033 1.5953 -0.042928 -1.3953 0.85943 -0.34398 1.1481 1.1984 0.70196 -0.38963 0.50045 0.9437 -0.0082331 0.93642 0.4257 -2.5642 -0.33339 1.238 -0.54984 1.87 -0.38853 0.27405 -0.67376
-0.01085 -0.71934 1.0042 -0.29621 -0.499 1.1893 0.78137 -0.54714 0.0080482 -0.80847 0.75136 0.089494 0.65652 -0.41575 1.4736 1.0643 -0.65312 1.5813 -1.484 -1.7395 0.92727 -0.79018 2.0368 0.90024 0.59674 -0.7568 0.53253 0.037793 -0.27926 1.1077 -0.80442 -1.3337 0.39085 0.39359 -0.63941 1.1798 -0.95414 0.21497 -0.32266
-0.24152 -0.64771 0.98124 -0.95377 -0.43106 0.038494 0.71293 -1.0429 -0.2356 -1.4544 0.60482 -0.51088 0.57676 -0.12395 1.1013 0.66565 -0.10719 0.58616 -1.1182 -0.81968 0.49665 -0.85891 2.3084 0.35243 0.31403 -0.65495 0.38183 -1.094 -0.97605 1.1422 -1.5294 -0.034269 1.2184 -0.40797 -0.094589 -0.76171 -1.2768 -0.27471 0.3863
0.3173 0.35482 2.4408 -0.11386 -0.049178 -0.26658 -1.654 0.97303 -0.92875 0.57994 0.60993 0.29156 -0.15678 0.10726 0.3136 0.56864 0.24102 -0.049997 -0.6828 -0.28081 0.52873 -0.97177 1.7025 -0.16693 0.63275 -0.3494 0.3239 -1.7085 -1.3937 1.2388 -1.0729 0.76154 1.6386 -0.35432 0.84559 -2.4499 -1.3134 -0.27313 0.97744
0.062222 0.40468 1.628 -0.81801 -0.054457 -1.1639 -2.1176 -0.18678 -1.6498 1.3888 0.75557 0.016577 -0.28063 0.06495 -0.47625 -0.11681 0.73878 -0.41905 -0.51569 0.33072 0.26166 -0.42589 -0.2623 -0.90232 0.2023 0.073883 0.15709 -1.5581 -2.005 0.66241 -0.086297 0.4961 1.2934 -0.30838 1.7842 -3.2921 -0.98607 -0.50796 1.186
0.13243 -0.56108 1.2799 -0.27723 -1.2273 0.53204 0.5536 -1.0182 -1.383 1.1905 -0.22876 -0.30803 0.27328 0.065296 -0.94513 -1.0649 1.0537 0.099779 -0.26978 0.99842 0.35198 0.50598 -1.7737 -1.183 0.17387 0.5687 0.34581 -0.54264 -1.9096 0.28003 0.65574 0.24015 0.35313 0.14375 2.4583 -2.6588 -0.48019 -0.81733 0.63671
0.093922 -1.0733 1.3824 -0.25511 -1.0344 -0.098533 0.7832 -0.1985 -0.96925 -0.12399 0.28879 0.74114 0.5201 0.17204 -1.1954 -2.149 0.63983 0.35502 -0.33885 1.149 -0.018494 1.5974 -2.8046 -1.168 -0.36868 0.93668 0.37931 1.171 -0.73326 -0.036648 1.0513 0.040731 -1.2953 0.17513 1.7352 -0.59104 0.45648 -0.62624 -0.69253
-0.037327 -1.0585 0.91112 0.49142 -0.58991 -0.08544 0.7947 0.072738 -0.25264 -2.433 -0.6457 -0.19808 0.67029 0.66867 -0.35276 -1.8733 0.79607 0.78149 -0.29594 -0.0011264 0.94387 2.4203 -2.5576 -1.0084 -0.56488 0.31964 0.10103 2.5629 0.51976 0.16772 0.73191 0.060713 -2.35 -0.43218 0.10566 1.5658 1.0367 -0.26346 -2.0385
0.12053 -1.0568 0.11369 0.17119 0.43634 -1.0103 0.52839 0.26198 0.15687 -2.6679 -0.8602 -0.12793 0.67546 0.43857 1.4083 -1.0329 0.83668 1.1915 -0.42516 -1.846 0.30177 1.7243 -1.0922 -0.012191 -0.55877 -1.0008 -0.33247 2.9081 1.68 0.59832 0.12099 0.44761 -1.9831 -0.72984 -1.6441 3.1665 1.1978 0.69613 -2.6485
0.67812 -0.8379 -0.40448 0.0068937 0.1159 -0.88409 -0.71837 0.26566 0.86891 -1.4115 -0.60112 -0.2898 0.58365 0.10604 2.5384 -0.66623 1.2706 1.0412 -0.10931 -2.3338 -0.65223 0.62881 0.64322 0.42547 -0.19198 -1.9903 -0.93 1.9773 1.9599 0.82305 -0.81244 0.70007 -0.30467 -1.1064 -2.4212 2.9492 0.58407 1.2047 -2.0111
0.99524 -0.10326 -0.29317 0.14352 0.14091 -0.54485 -1.1932 0.69537 1.593 -1.4106 -0.71618 -0.68653 -0.023822 -0.15352 2.7903 0.3126 1.4474 0.45298 0.457 -1.7653 -0.64294 -0.45713 2.204 0.63724 0.755 -2.4915 -1.1919 0.34867 1.5025 0.68714 -1.3725 0.78064 1.5725 -0.68783 -2.0252 1.6382 -0.024357 1.1922 -0.66163
0.15278 1.4713 0.92556 0.97825 0.17756 0.18994 -2.1058 -1.0787 0.18224 -0.57921 0.34789 -0.29575 -0.94822 -0.71854 2.6458 1.0276 1.9162 -0.35081 0.65581 -0.69555 -0.73801 -0.83244 1.9506 -0.089879 1.027 -2.4153 -1.0893 -0.99236 0.70338 0.03955 -1.2391 0.50725 2.3045 -0.27564 -1.3928 0.18375 -0.26273 0.7666 0.64941
-0.10922 1.882 0.27787 1.5019 0.66708 -0.66626 -2.3734 -0.89489 -0.40802 -0.40041 0.38931 0.65725 -1.3759 -1.3041 1.9966 0.86273 1.7091 -0.65174 0.74585 0.51305 -0.99622 -1.1786 1.6782 0.22096 1.0574 -1.934 -0.49522 -1.8705 -0.61306 -1.0772 -0.70663 0.23648 2.0722 0.3382 -0.28237 -0.87634 -0.3253 -0.086394 1.5799
0.0030398 1.6643 0.94135 1.6432 0.14174 0.31181 -1.0941 -0.0087526 -0.61445 0.45297 -0.55378 0.58436 -1.4676 -1.2888 1.0677 0.34907 1.2379 -0.69855 0.75443 1.1996 -1.0155 -1.5104 1.299 0.11238 1.097 -1.1467 0.47225 -2.4114 -1.6938 -2.4289 -0.068969 -0.2203 1.1169 0.7361 1.1772 -0.66594 0.54968 -1.1022 2.2025
-0.44432 1.7827 0.93393 1.7602 -0.5019 -0.35642 -0.51991 -0.51709 0.051583 -0.10778 -1.4966 0.61599 -1.3996 -0.7684 0.068675 -0.45001 -0.0070905 -0.6787 0.87567 1.4854 0.14872 -0.62748 0.71333 -0.11549 0.58586 -0.39373 1.56 -2.4408 -2.2295 -3.1076 0.41628 -1.0164 -0.13647 0.63694 2.0242 -0.49255 1.0279 -2.026 2.5573
-0.83036 1.742 0.3745 1.5 -0.80761 0.55325 -0.2664 -1.2942 -0.33142 0.94041 0.61505 0.37575 -1.4434 -0.14368 -0.91317 -1.3819 -1.3093 -0.46148 0.1476 1.0664 0.11566 0.99901 1.055 1.25 -0.74619 0.6238 2.2529 -2.1079 -2.1068 -2.8134 0.80234 -1.2679 -0.7424 0.59111 2.1772 -0.09238 1.3263 -2.477 2.4954
-0.72609 1.8368 0.50611 1.7282 -0.27282 0.73164 -0.13467 -1.3372 -1.4131 0.24236 -0.090971 0.77548 -1.5339 0.92545 -1.591 -2.3111 -2.2506 0.0046014 -0.98218 0.26896 -0.32836 1.1921 0.78352 1.8202 -1.7349 1.6039 2.3782 -1.4613 -1.3367 -1.5389 1.0287 -1.168 -0.66187 0.35542 1.4837 0.093565 0.35974 -2.2526 2.0887
-0.63789 1.6117 0.13243 0.84905 -0.29878 1.0593 -0.27862 -0.063453 -0.56973 0.35645 -0.0099177 0.70611 -1.4853 1.9145 -2.0575 -2.5367 -2.3753 0.44992 -0.85 0.26012 0.36742 1.4795 1.0812 1.9344 -2.2888 2.1706 1.7586 -0.70426 -0.31067 -0.24011 0.78457 -0.37811 -0.19161 0.45547 0.45284 -0.15472 -1.1217 -1.7288 1.2225
0.14315 0.11755 -1.5967 -0.12269 -0.088631 -1.2057 -0.46575 -0.35971 2.1634 1.7956 2.0446 -0.77156 -0.31345 2.4785 -2.1042 -2.2896 -2.0499 0.77505 -0.95952 0.50523 0.70922 1.7889 0.90511 0.31814 -2.7748 2.4453 0.44821 0.16615 0.84232 0.91235 0.5342 0.56396 0.30665 0.31361 -0.4487 -0.3753 -1.9224 -1.004 0.13954
1.3506 -0.28746 -1.569 -0.59525 -0.31869 -1.3902 -0.47977 -1.1919 0.57852 1.0536 0.93895 -1.6065 0.40797 2.2398 -1.9849 -1.945 -1.7852 0.61051 -0.62187 0.52499 0.47768 1.5092 0.68168 -0.31007 -3.3915 2.3169 -1.0183 1.0334 1.6282 1.3651 0.26233 1.0926 0.23469 -0.1417 -1.6344 -0.93636 -2.2118 0.094395 -0.99091
1.5323 -0.30778 -1.7655 -0.14146 0.010512 -0.23126 0.35758 -0.17932 1.3823 1.6027 1.4528 -1.5114 0.45852 1.5622 -1.3269 -1.0641 -0.96888 0.91765 0.02504 0.73049 0.22166 0.36975 0.21104 -1.0371 -3.0111 1.771 -2.0233 1.3265 1.7096 1.1396 0.082846 1.2314 -0.020507 -0.11105 -1.6828 -0.86581 -1.0233 1.2524 -1.6634
1.8148 -0.303 -1.7822 -0.15313 0.57798 -0.039288 0.69164 -0.27055 1.2062 1.7328 -0.13762 -2.1347 0.5392 0.53035 -0.52297 -0.17837 -0.57209 0.86826 0.83373 0.59453 0.33159 -0.74384 -0.51327 -1.9706 -1.9711 0.79232 -2.0694 1.0906 1.4376 0.46115 -0.084 0.65803 -0.28274 -0.075 -1.1123 -0.64739 -0.11494 1.959 -1.612
1.5267 -0.61972 -1.7611 -0.54374 0.33935 -0.18819 0.21111 -0.30563 0.85568 0.84886 -0.49239 -2.9573 0.59415 -0.31938 -0.36356 -0.053966 -0.69463 0.80329 0.7656 0.39651 0.56221 -0.10436 -0.29191 -0.95773 -1.1483 0.32874 -1.4946 0.54634 0.71304 -0.21771 -0.62657 0.068787 -0.5892 0.0007874 -0.14897 -0.25158 1.0065 2.1093 -1.1047
1.3227 -0.4811 -1.6546 -0.62327 0.97788 -0.010433 0.64497 0.031961 0.87472 1.2269 -0.12104 -2.8754 0.7209 -0.55511 -0.43636 0.17448 -1.1099 0.51569 0.3168 0.082683 0.15739 -0.25077 -0.40615 -0.56305 -0.68204 0.24806 -0.38797 0.20284 0.28638 -0.15841 -0.73559 -0.102 -0.52044 0.079366 0.44105 0.2718 1.733 2.0183 -0.49876
1.2013 -0.6688 -1.8678 -0.92389 0.69676 -0.34802 0.2689 -0.47377 0.56765 0.8672 -0.65855 -2.8582 0.71018 -0.59526 -0.35835 0.067381 -1.0376 -0.063269 0.41692 -0.24853 0.30602 -0.14697 -0.35693 0.38259 0.26276 0.13077 0.50429 0.28309 0.26641 0.32581 -0.90436 0.31395 -0.37028 0.019744 0.20472 0.26466 1.4184 1.7265 -0.29306
1.126 -0.69548 -1.6395 -1.0721 0.71639 0.32394 0.55047 0.027285 1.011 1.116 0.34107 -2.4521 0.7098 -0.03856 -0.15654 0.29353 -0.63779 -0.057655 0.80077 -0.17752 0.60964 0.064948 0.095563 0.99665 1.0737 0.027346 0.92866 0.50787 0.15957 0.93722 -0.78844 0.61701 -0.14853 -0.013375 0.29672 0.20339 0.95582 1.1462 -0.27812
1.0337 -0.88002 -1.4979 -1.2394 0.83401 0.26401 0.62711 -0.012536 1.0776 1.17 -0.0088045 -2.5162 0.70623 0.32277 0.015747 0.3828 -0.34757 -0.58192 1.1461 -0.26139 0.37018 0.10163 0.018681 1.2443 1.1857 -0.069013 0.90456 0.52177 -0.050346 0.93486 -0.56732 0.141 -0.0062274 -0.41302 0.14564 -0.036883 -0.064221 0.46868 -0.26321
1.0649 -0.75592 -1.834 -1.2582 0.18061 0.4465 -0.16254 0.14391 0.70157 0.82181 0.10972 -2.1179 0.67923 0.65076 0.31642 0.31892 0.16393 -0.68211 1.1793 -0.24618 0.09505 0.1537 -0.16019 1.024 0.99723 -0.1343 0.53024 0.40024 -0.27548 0.77755 -0.47175 -0.34137 0.063866 -0.68466 -0.11038 -0.17335 -0.55156 0.030442 -0.21893
1.6893 -0.66984 -1.2171 -1.0772 0.68188 1.0245 0.19386 0.68512 0.93823 1.2398 1.1088 -1.7207 0.66758 0.68155 0.371 -0.024628 0.17645 -0.79848 0.50514 -0.25899 -0.24355 0.066579 -0.29604 0.26132 1.1914 -0.24486 0.094947 0.17685 -0.34924 0.58602 -0.14716 -0.70442 0.20039 -0.66482 -0.44549 -0.11954 -0.90451 -0.26411 -0.15446
1.6529 -0.42751 -1.3105 -1.0443 -0.054125 1.4951 0.29314 -0.04212 0.94551 1.136 1.2527 -1.6958 0.64849 0.72924 0.40427 0.0088227 0.4486 -0.81976 0.43642 -0.080423 -0.4182 -0.11854 -0.098463 0.36506 1.1524 -0.26459 -0.25907 -0.046022 -0.34318 0.28917 0.084782 -0.91429 0.16067 -0.43214 -0.68089 -0.22636 -1.0846 -0.39624 -0.13209
1.9024 -0.29751 -1.586 -0.74169 -0.16525 1.1502 -0.017779 -0.47618 0.98262 0.51219 0.38835 -1.9044 0.54769 0.44659 0.29223 -0.084617 0.53403 -0.78211 0.10846 0.032736 -0.66934 -0.56399 -0.25143 -0.28475 0.64599 -0.27219 -0.33606 0.017416 -0.23172 0.4049 0.44674 -0.88689 0.13613 0.11308 -0.6443 -0.31159 -0.76995 -0.44 -0.17756
1.6815 -0.4667 -1.7971 -1.1999 -0.20472 0.47134 0.1948 -0.098933 1.1336 0.84445 0.17265 -0.94145 0.43127 0.29358 0.25915 -0.26254 0.5062 -0.52959 -0.45017 -0.096122 -0.53606 -0.75473 -0.64434 -0.93671 0.56397 -0.35025 -0.43854 0.24845 -0.20431 0.40523 0.73321 -0.79204 0.16411 0.50469 -0.42938 -0.24054 -0.41803 -0.1012 -0.35819
1.9747 -0.40537 -1.3794 -0.66776 -0.33597 1.146 0.25867 -0.31224 0.52374 1.2094 0.87756 -1.2475 0.48524 0.28604 0.46562 -0.29786 0.86476 -0.11226 -0.82473 -0.0053167 0.030855 -0.77345 -0.66257 -0.66592 0.69889 -0.51031 -0.30644 0.37761 -0.065814 0.4478 0.6626 -0.27134 0.11929 0.69527 -0.14726 0.0052638 0.1252 0.31309 -0.44798
1.7403 -0.34641 -1.7165 -0.61662 -0.7225 0.9444 -0.099376 -0.5262 -0.27814 0.42818 -0.0084352 -1.5696 0.43467 0.011576 0.77197 -0.24366 1.0009 0.20736 -0.68092 0.24155 0.20815 -0.78666 -0.3843 -0.28918 0.96457 -0.76631 -0.30235 0.044871 0.020007 -0.027939 0.51771 0.1447 0.22662 0.5403 -0.03815 0.25835 0.50383 0.20362 -0.25069
2.1856 -0.17981 -1.4978 -0.56994 0.071383 0.43357 0.12455 -0.13262 0.31013 0.1383 -0.1707 -1.0505 0.2666 0.027602 0.7319 -0.20148 1.0765 0.080652 -0.32131 0.075343 0.30534 -0.81515 -0.3606 -0.32141 1.0489 -0.84029 -0.24375 -0.32285 0.40508 -0.40801 0.43093 0.6825 0.16058 0.047464 -0.045097 0.30581 0.41332 -0.30897 0.037494
2.0085 0.36531 -1.9441 0.052643 -0.29473 0.053103 0.27763 -0.074019 0.22799 0.1445 0.27884 -0.84888 0.012391 -0.12982 0.19945 -0.2622 0.3842 0.33675 -0.41702 0.29413 0.37234 -0.80541 -0.24703 -0.032881 0.79013 -0.62006 -0.25268 -0.67273 0.59617 -0.74491 0.14444 0.8353 -0.030719 -0.43459 -0.10962 0.24993 0.41232 -0.98965 0.46792
1.6461 0.58234 -1.8961 0.020166 0.16031 0.21257 0.55158 -0.14126 -0.0068082 0.54412 0.025628 -0.36514 -0.33522 -0.090319 0.1372 0.4597 0.51311 0.62506 0.40111 0.26415 0.036725 -0.84806 -0.084004 0.093404 0.24122 -0.51966 -0.30495 -0.31594 0.90472 -0.60358 0.1517 1.0959 -0.1774 -0.81656 -0.0035458 0.059111 0.17946 -1.2372 0.42973
1.8743 0.069042 -1.7462 -0.12802 -0.5372 0.70744 0.050749 0.24328 -0.40605 0.64085 -0.061988 0.04266 -0.23528 -0.3926 -0.20007 0.52128 0.051838 0.20639 0.62049 0.052356 -0.50631 -0.96984 0.0081493 0.38881 -0.43275 -0.1182 -0.28724 0.13508 0.59963 -0.28537 -0.23798 0.96514 -0.40158 -0.56645 0.19672 0.0098442 0.019384 -0.71875 0.18363
1.8232 -0.54486 -1.7088 -0.57359 0.17806 0.48925 0.72357 -0.080635 -0.98938 0.43055 0.72731 -1.1861 0.1332 -0.39831 0.32992 1.063 0.25133 0.43051 1.3425 -0.19802 -0.84635 -0.74243 -0.35511 -0.13207 -0.59768 -0.34886 -0.48647 0.4483 -0.21261 -0.29497 -0.51019 0.28292 -0.26602 0.035624 0.045642 -0.097848 0.06399 0.10969 -0.18192
1.8613 0.26566 -0.7863 0.27434 0.54685 1.554 0.21156 -0.6001 -0.99471 -0.089564 -0.35738 -1.3618 -0.23128 -0.50122 0.34533 0.53796 0.06284 -0.0032552 1.034 -0.3267 -0.29113 -0.50873 -0.081072 0.14648 -0.091595 -0.38887 -0.38656 0.54835 -0.75769 -0.15785 -0.65944 -0.18181 -0.10815 0.55093 -0.15204 -0.15223 0.10286 1.055 -0.55807
1.4734 -0.1264 -1.3625 -0.44908 -0.096249 0.67569 0.23243 -0.82807 -0.59909 0.36939 0.75597 -1.1868 0.082626 -0.9203 0.69285 0.077184 0.039093 -0.21171 0.755 -0.1215 -0.0059057 -0.99995 -0.23343 0.37414 0.29844 -0.70015 -0.54239 0.08195 -1.0394 0.035255 -0.70859 -0.64891 0.093429 0.55611 -0.39909 -0.044604 0.23694 1.1283 -0.49873
1.3656 1.4186 -0.64644 0.62973 0.37483 2.3443 -0.04909 -1.0451 -0.75175 -0.22562 -0.43167 -0.87035 -0.82961 -0.83591 0.63406 -0.3505 -0.078268 -0.69062 0.5477 -0.23877 0.13978 -1.1168 -0.36007 0.37628 1.0916 -0.90912 -0.59607 -0.0014709 -0.268 0.38249 -0.27133 -0.55809 0.26923 0.25845 -0.13322 0.072491 -0.085871 0.62357 -0.46044
1.1399 0.21959 -1.7442 -0.43769 -0.38772 1.2802 -0.01602 0.37373 -0.98288 0.99089 0.50649 0.082332 -0.54875 -1.216 0.32838 -0.36944 0.41279 -0.53498 0.2872 -0.083331 0.014553 -1.157 -0.29868 0.27297 0.91842 -0.95264 -0.42775 -0.13919 0.52209 0.34546 0.056312 -0.82647 0.20212 0.058354 0.58157 -0.063543 -0.43456 0.18715 -0.037107
0.72088 0.53028 -1.6224 -0.28727 -0.56246 1.5399 0.33035 0.069464 -2.6069 -0.16043 0.81659 -0.45313 -0.70959 -1.4351 0.51428 0.28643 0.55515 -0.34069 0.15065 0.17178 0.1966 -0.67218 0.11252 0.044362 0.77464 -1.0603 -0.55079 0.36307 1.7746 0.84808 0.48546 -1.0817 0.071322 -0.14311 1.2421 -0.036961 -0.97029 -0.50154 0.069433
1.0841 0.40376 -1.6697 -0.34591 -0.42912 1.4761 0.14252 -0.65376 -2.1493 -0.46993 0.73877 -0.3284 -0.8027 -1.3992 0.48175 0.71964 0.33881 -0.27871 -0.6991 0.053778 0.074809 -0.18286 -0.59226 -0.33918 0.82768 -0.68985 -0.39927 0.54968 2.0747 0.86321 0.54874 -1.0117 -0.279 0.18465 1.8544 0.29205 -0.87934 -0.076067 0.13779
-0.01149 0.85169 -0.93679 1.1748 -0.042876 1.9092 -0.062799 -1.0659 -1.7905 -0.16266 -0.26099 -0.48642 -1.2165 -1.7444 1.2263 2.3419 1.4266 0.08429 -1.121 -0.1938 -0.1727 0.61959 -0.28042 -1.3132 0.2367 -0.92149 -0.28735 0.24298 1.484 0.88074 0.30463 -0.81167 -0.42403 0.52885 1.8816 0.69208 -0.32177 0.1673 0.21621
-0.36183 1.1966 -0.65919 0.05431 -0.52882 1.2285 0.59942 -0.083538 -0.93996 1.072 0.60121 0.032003 -1.2838 -1.7885 0.99046 2.3851 1.4706 0.27281 -1.0991 -0.50221 0.55375 1.5183 0.5163 -0.85431 1.0724 -0.78477 0.1317 -0.39299 0.29506 0.38374 0.11365 -0.20569 -0.12447 0.66033 1.354 0.77615 0.51737 0.31752 0.27691
-0.091484 1.603 -0.26112 0.35642 -0.30179 0.76273 -0.20373 -0.21864 -1.4396 -1.5099 -0.87857 0.604 -1.2824 -1.766 0.70407 2.1625 1.5125 -0.048448 -1.2725 -0.44797 0.98051 1.8471 1.0105 -0.34232 0.98643 -0.63988 0.57797 -1.081 -1.095 -0.28381 -0.21088 0.3779 0.18339 0.30971 0.61337 0.33571 1.051 0.041507 0.51286
-1.208 1.6371 1.3543 1.3284 -0.37984 -0.51611 -0.28792 0.02092 -0.85385 0.80425 -1.0399 -0.33576 -1.4917 -1.1591 -0.0030842 1.3577 0.97713 0.0018354 -1.0375 -0.10532 0.7771 1.6274 0.38971 0.27965 1.0642 -0.35269 0.76334 -0.98388 -1.5897 -0.7757 -0.47933 0.86127 0.38235 -0.28342 -0.089289 0.15978 1.0158 -0.79238 0.44963
-1.1813 1.3941 0.55923 1.2701 0.026808 0.90021 -0.5591 0.44395 -0.37609 0.5497 0.41848 1.0415 -1.4931 -1.026 -0.31043 0.87787 1.2237 -0.16729 -0.40164 -0.049927 0.31319 1.6614 0.49239 0.33606 0.34274 -0.25136 1.1232 -0.45733 -1.8608 -1.2305 -0.3742 1.3455 0.24665 -0.53965 -0.76099 -0.32865 0.34296 -0.72345 0.39663
-1.2674 1.2725 0.67232 1.6355 -0.64956 0.0087199 -0.32272 0.27012 0.78594 1.2986 0.083498 0.48005 -1.5802 -0.79146 -0.35392 0.15084 0.33204 -0.5522 0.17996 0.04727 0.33241 1.4479 1.1182 0.94942 -0.042878 -0.20225 0.90928 0.20119 -1.3007 -1.0805 -0.11065 1.1238 0.21207 -0.43258 -1.3259 -0.38328 -0.61934 -0.80601 0.23289
-1.2816 0.86675 0.4214 1.4065 -0.092908 0.45848 0.40928 0.03349 0.14671 -0.1572 0.16641 0.90812 -1.5169 0.0655 0.013175 -0.60342 -0.21835 -0.46107 0.7993 -0.052802 0.14993 0.56951 -0.028837 0.063665 0.23011 -0.030009 0.82991 0.51941 -0.91649 -1.1361 0.55934 0.73567 0.2652 -0.28262 -1.6933 -0.5773 -0.87416 -0.38403 0.19177
-1.5276 1.2047 0.74348 1.2473 -0.94668 0.40095 0.075513 0.28804 0.97012 1.0654 0.15933 0.14765 -1.5029 -0.074902 0.20106 -0.2532 -0.10104 -0.052649 0.6001 0.29698 0.013871 -0.20655 -0.13856 -0.84846 -0.34172 -0.061554 0.50209 0.53302 -0.4655 -0.45487 0.93911 0.11364 0.36525 -0.066819 -1.3522 -0.42934 -0.81184 -0.50284 0.11641
-1.3694 1.3778 0.47536 0.89597 -1.0434 0.68949 -0.65999 0.4015 0.23274 0.93346 0.28161 0.24906 -1.5928 0.10276 0.37349 -0.57339 -0.45313 0.62285 0.85213 0.33455 -0.081009 -0.54986 -0.072454 -0.56028 -0.19125 0.008959 0.078685 0.087951 -0.013679 0.13782 0.82122 -0.3825 0.25327 0.020609 -0.62294 0.10511 -0.13219 -0.19585 0.0088812
-0.85929 1.6982 0.27234 1.3342 -0.53949 1.2118 -0.48721 0.33752 -0.11668 0.58523 -0.89826 0.69872 -1.4991 0.086387 0.4528 -0.69791 -0.28996 0.64935 0.37645 0.56718 0.31376 -0.41957 0.25514 -0.40403 -0.73489 -0.02144 0.035883 -0.29801 0.24021 0.45956 0.20442 -0.56524 -0.14172 -0.021233 0.17629 0.2316 0.29793 0.42084 0.010015
-1.5596 1.3345 0.34262 1.4608 0.13733 1.3124 0.62122 0.2969 -0.24024 0.38906 -0.74328 0.52104 -1.6208 0.11862 0.041351 -0.39375 0.14078 0.71303 0.14423 0.29707 0.035758 -0.4438 0.003244 -0.40776 0.090578 -0.035797 -0.14619 -0.54462 0.76852 0.65368 -0.58941 -0.75557 -0.58625 -0.11918 0.5618 0.29982 0.32017 0.62969 -0.043101
-1.096 1.5276 -0.17664 0.81169 0.31633 1.0005 0.5289 -0.092318 0.24272 0.96143 -0.14978 0.22046 -1.4975 -0.026169 -0.20105 0.10567 0.41171 0.28463 -0.17741 -0.0056936 -0.090041 0.053282 0.31614 -0.27768 0.31942 -0.022946 -0.035663 -0.44927 0.92882 0.49279 -0.9539 -0.45884 -1.0281 -0.26896 0.51939 0.23608 0.2003 0.93532 -0.013913
-1.3289 1.5523 -0.21018 1.018 -0.018948 0.6631 1.0493 0.94581 -0.098548 0.65243 -0.16063 -0.506 -1.5454 -0.11228 -0.32924 0.43354 0.3346 -0.28315 -0.38211 -0.60794 -0.11496 0.21764 0.53178 0.069923 0.46911 -0.06595 0.053775 -0.13359 0.66666 0.20122 -0.96254 -0.23613 -0.94491 -0.099404 0.38309 0.27252 0.10628 0.52314 0.00061927
-1.2362 1.228 0.62449 1.5569 -0.47455 0.80331 -0.68824 0.13302 0.13208 1.1541 -0.67765 0.96431 -1.5924 0.12962 -0.21313 0.58848 0.47914 -0.61621 -0.27957 -1.1113 -0.1378 0.17762 0.49276 -0.19927 0.82743 -0.031529 0.15805 0.030197 0.30162 0.064052 -0.57808 -0.023598 -0.64911 -0.028255 0.059955 0.070643 -0.039552 0.3586 0.0056198
