39 241
-1.6285 1.3711 0.94863 1.4883 0.9116 -0.39549 0.46037 -0.50654 -1.4613 -1.903 -0.65796 1.6142 -1.5656 0.0043823 0.25883 -0.24274 -0.092087 0.38242 1.0339 0.059564 0.60806 0.86119 1.0187 0.32833 -0.90823 -0.069308 0.12327 -0.062329 -0.033889 0.033878 -0.13497 -0.63796 -0.25876 -0.37398 0.24746 0.13557 -0.2183 -0.10974 0.015261
-1.0124 1.6498 0.55952 1.1175 1.1636 -0.012942 0.62793 0.74015 -0.009663 -2.2002 -0.42147 0.43143 -1.5303 0.025391 0.18792 -0.29287 -0.0088783 0.27381 0.68812 -0.23929 0.27687 1.3907 0.97757 0.33319 -1.287 -0.088598 0.025972 -0.075089 0.12004 0.19537 0.025501 -0.96519 -0.34053 -0.67797 -0.049314 0.58176 -0.37908 0.18117 0.049779
-2.0355 1.4961 0.61866 1.3718 1.8726 1.0536 0.5745 0.35962 -1.0915 -0.95476 -0.53 0.48574 -1.6769 0.22642 0.18939 -0.27362 -0.068136 0.16251 0.029013 -0.29286 -0.019896 1.0769 1.2719 -0.1458 -0.92734 -0.034359 -0.15339 -0.18364 0.38556 0.30476 -0.083325 -0.85368 -0.34865 -0.70084 -0.64239 0.49596 -0.31448 0.63353 0.068108
-1.5589 1.6472 0.91308 1.5274 0.8488 0.82296 0.49466 -0.30052 -0.50227 -0.3401 -0.097293 0.89408 -1.618 -0.057388 0.16664 -0.020206 0.25447 0.54101 -0.23931 -0.42601 -0.4943 0.6353 1.9597 -0.25782 -0.50731 -0.0028525 -0.028214 -0.19506 0.29383 0.30045 -0.26154 -0.70698 -0.035365 -0.1621 -1.0408 -0.72146 -0.16215 0.91682 0.096966
-1.498 1.4747 0.61775 1.4866 1.1073 -0.13869 -0.063038 -0.39821 0.50557 -1.247 -0.33922 -0.15497 -1.6411 -0.24288 -0.044788 0.28175 0.33323 0.078502 -0.07431 -0.52475 -0.46954 -0.075191 1.4347 -0.058138 0.026066 0.0028791 -0.065769 -0.21753 0.13005 0.15783 -0.33068 -0.25727 0.33669 0.49976 -1.1098 -1.6719 0.025673 0.26956 0.038643
-1.1319 1.6348 0.61726 1.2332 1.1679 -0.74157 0.27853 -0.29303 -0.49515 -0.35981 -1.2645 0.73445 -1.5416 0.20721 -0.028961 -0.06649 0.3396 -0.21306 -0.56414 -0.18824 0.14224 -0.15078 -0.47515 -0.059569 0.14458 0.056856 -0.018282 -0.1178 0.059033 0.086245 -0.28948 0.26584 0.60484 1.0112 -0.86452 -2.0299 -0.22236 -0.30143 -0.044681
-1.8351 1.6806 0.87738 1.8258 2.0998 0.0018167 0.050481 -0.57834 -0.42423 0.93897 -0.68431 0.56212 -1.5722 -0.029455 -0.085571 -0.026273 0.17972 -0.12844 -0.29086 0.25107 0.65835 -0.78674 -0.6608 -0.18324 -0.67966 0.00080436 0.086794 0.042468 -0.063393 -0.0012559 0.16098 0.59741 0.64699 0.97923 -0.15297 -1.483 -0.55269 -0.52655 -0.13937
-1.7278 1.4564 0.93046 1.5055 1.0424 1.0865 -0.013757 0.39944 -0.60667 -0.5312 -0.028614 0.43848 -1.618 -0.19822 -0.013606 0.23665 0.49178 0.059399 0.34243 0.37339 0.98608 -0.77096 -0.81247 -0.67584 -0.75821 -0.078316 0.30596 0.0061347 -0.35672 -0.38144 0.21524 0.63092 0.32199 0.42068 0.51724 -0.35938 -0.46093 -0.3035 -0.064945
-1.4436 1.5076 0.41424 1.8773 1.0454 -0.36859 0.52049 0.21724 -1.0102 -2.4376 -0.56287 0.79261 -1.6009 0.12367 0.023506 0.023821 0.25895 0.26347 0.55167 0.46418 1.0874 -0.092166 -1.1932 -0.95275 -0.59049 -0.16685 0.90484 -0.015504 -0.90911 -0.72965 0.015753 -0.17202 -0.07753 -0.48592 1.1588 1.122 0.0092068 0.030013 0.2407
-1.4536 1.5395 0.90171 1.4963 0.71086 -0.23229 0.7722 0.35828 -1.002 -0.74084 -0.7259 -1.0479 -1.6153 0.70736 -0.070236 -0.69914 -0.38792 0.021351 0.15509 0.33927 0.76225 0.52648 -0.90265 -0.67696 -0.50802 0.029766 0.70986 0.0040676 -0.69045 -1.0912 -0.40719 -0.62883 -0.37794 -0.95639 1.1814 2.2456 0.78732 0.4947 0.3438
-1.7734 1.5755 0.95594 2.1679 1.867 0.43774 0.27764 0.86001 -0.47764 -1.4214 -2.1546 -0.60982 -1.7125 1.2227 -0.081339 -1.1099 -0.70004 -0.080394 -0.52371 0.12075 -0.25262 0.88297 1.463 -0.157 -0.72507 0.35496 0.052312 0.032717 -0.05707 -0.58042 -0.55352 -0.65206 -0.59215 -1.2801 0.48125 2.1705 1.0825 1.0475 0.28731
-1.0471 1.7212 0.61109 1.4689 1.8898 0.65968 0.88257 0.92265 -0.51088 -1.0291 -2.058 0.78092 -1.7291 0.58987 0.048512 -0.37438 -1.0043 -0.59058 -0.28102 -0.18987 -0.33067 1.1054 2.0408 0.65309 0.34695 0.24408 -0.21472 -0.30672 0.1039 -0.079756 -0.49489 -0.49669 -0.34157 -1.2304 -0.05565 1.2965 1.3979 1.1632 0.27368
-0.91583 1.3629 -0.19779 1.0661 1.2988 0.39838 0.28856 0.36702 0.36645 -0.80141 -0.21905 -0.26377 -1.4078 0.28128 0.023274 -0.23412 -0.48173 -0.54688 -0.43385 -0.42519 -1.0161 0.57035 1.3758 0.75434 1.1598 0.21335 0.08378 -1.0567 -0.45057 0.17136 -0.56842 -0.39502 -0.45063 -0.68964 -0.51055 -0.3141 1.2009 0.66325 0.57348
-0.02882 1.3545 -0.32226 0.81434 0.34254 -0.83302 0.39903 -0.41675 0.044138 1.4554 -0.12361 -0.96674 -1.1046 0.77388 -0.64923 -0.95753 -0.63767 -0.74376 -0.80954 -0.051581 -1.4041 0.55199 1.5461 1.9291 0.96592 0.56478 1.161 -1.5529 -1.3906 0.4689 -0.2522 -0.42976 -0.42942 -0.14996 -0.57544 -0.95234 0.4919 -0.13322 1.0236
-1.6267 1.7892 1.0212 0.91813 0.46074 -0.53252 0.4071 0.21341 0.18014 0.024543 -0.19247 1.2707 -1.6266 1.2888 -1.5536 -1.5863 -0.56839 -1.1501 -0.9934 -0.82553 -1.1562 0.11147 1.1013 1.8361 0.35087 1.168 1.6081 -1.7037 -1.9925 0.26923 -0.088331 -0.18168 -0.59181 0.87077 -0.14507 -0.97672 0.048464 -0.59991 1.2582
-1.3911 1.5628 0.79771 1.694 1.22 -0.0012681 -0.0065359 -0.82453 -0.50728 0.2746 -1.0458 0.55669 -1.5166 2.2737 -1.8405 -2.0725 -0.10623 -0.79905 -0.79867 -0.82535 -0.59522 0.15576 0.37459 1.1932 0.49449 1.5046 1.3722 -1.3717 -1.6576 0.069157 0.023148 -0.04295 -0.70908 1.6689 0.18448 -0.58978 -0.55965 -1.2418 1.237
0.075095 0.41577 -1.0912 0.93674 1.3086 -0.5503 0.76326 -0.76292 0.66424 0.58108 1.299 0.91559 -0.82142 2.5611 -2.3189 -3.0795 -0.25493 -0.69963 -0.78345 -1.1916 0.3361 0.45733 0.11249 1.2338 0.17625 1.8797 0.2351 -0.67676 -0.051544 -0.382 0.090308 -0.040438 0.071953 2.1189 0.54436 -0.006532 -0.80308 -1.5911 0.79214
1.0511 -0.40897 -1.6781 0.25446 -0.39573 -1.1281 -0.99456 -0.52959 -0.30873 0.70331 1.1764 0.14226 -0.00057724 2.7231 -2.6313 -3.0415 -0.66484 -0.92509 -1.0052 -1.2512 1.2415 0.73252 0.91558 1.0122 -1.4896 2.3093 -1.4128 0.20409 2.3189 -0.31766 0.38952 0.45204 0.89399 2.1532 0.36043 0.11125 -1.4282 -1.9265 0.16563
1.8662 -0.19361 -1.8707 1.2459 0.12847 -1.1141 -0.59658 -0.44805 0.74421 0.32654 0.98562 0.058366 0.14043 1.5073 -2.3235 -1.188 -0.97801 -0.90805 -0.97624 -0.46759 2.2391 0.90232 0.79743 0.17639 -1.9201 2.1104 -2.4693 1.0154 3.965 0.069191 1.1912 1.3204 1.9927 1.4839 0.13349 -0.52449 -2.1215 -1.2366 -0.5352
1.4127 -0.68617 -2.4436 0.62452 -0.10546 -1.7514 -1.0685 0.57914 0.49815 1.4008 1.0053 0.28525 0.40041 0.13932 -1.4833 0.94621 -0.31689 0.086164 0.11139 0.56553 2.8373 0.64157 0.21914 -1.3949 -2.4121 1.6699 -2.7921 1.1717 3.5012 0.054851 1.4241 2.103 2.1801 0.20733 -0.44608 -1.7631 -2.4432 0.09658 -0.93181
0.78159 -1.0701 -1.3725 0.34949 0.14001 -1.3469 -1.0231 1.6429 0.91999 1.2489 0.72731 -1.2939 0.69128 -0.79854 -1.1378 1.7041 -0.29929 1.1887 1.0585 1.802 2.5509 0.75345 -0.54201 -2.1951 -1.8945 1.2898 -1.7574 0.99958 1.5879 0.033409 1.008 2.2632 1.3433 -1.4347 -0.61791 -2.6531 -1.6275 1.2393 -0.82064
0.71361 -1.3821 -0.64077 0.22783 0.334 -1.3678 0.26618 1.6742 0.82359 1.2517 -0.2068 -1.9117 0.92068 -1.3835 -1.1993 1.4974 -0.9006 0.88906 1.8075 1.8823 1.483 -0.11122 -1.7355 -3.1379 -1.2854 1.1364 -0.33654 0.74728 -0.34966 -0.20337 0.16983 1.5363 -0.25814 -2.5114 -0.63601 -2.4299 0.024032 2.864 -0.59923
0.907 -1.2134 -0.45255 0.69217 0.96809 -0.028161 1.2956 2.7436 1.1089 0.41026 -0.64154 -2.1435 1.2137 -1.0417 -0.73768 1.2519 -0.62145 0.71588 2.2984 1.5057 -0.050468 0.014016 -3.2115 -2.5047 0.089888 0.98277 0.5178 0.72947 -1.2092 -0.093492 -0.43282 0.51744 -2.0151 -2.4152 -0.64701 -1.2374 1.5724 3.4412 -0.48701
0.48868 -1.4679 -0.52882 0.22594 0.95322 0.3861 1.1311 2.0756 0.81757 -0.3176 -1.9894 -1.4999 1.2991 -0.37278 -0.39091 0.57677 -0.52065 0.66157 2.286 0.21306 -1.0345 -0.28992 -3.0147 -1.182 2.5191 0.8051 0.68093 0.71081 -1.1731 0.082124 -0.26957 -0.7368 -2.6151 -1.7443 -0.4344 0.64321 2.4844 2.9786 -0.48672
-0.042522 -1.7022 -1.0853 -0.1996 0.68404 1.0333 1.1651 1.1423 0.24775 -1.6418 -3.2262 -1.0906 1.2958 -0.3281 -0.28033 0.099996 -0.65478 0.42895 1.7523 -1.3006 -1.1659 -0.48058 -2.2393 0.27012 3.3168 0.62769 0.34537 0.54006 -0.64759 0.19349 0.16986 -1.5182 -2.0341 -0.61897 -0.58112 2.1298 2.1582 1.2811 -0.40555
0.16657 -1.5128 -0.69235 -0.11039 0.56357 1.168 0.39306 0.65656 0.97377 -2.4842 -1.0795 0.14513 1.5395 -0.45714 -0.19854 0.070616 -0.73085 0.4875 0.72208 -1.8252 -1.5603 -0.75854 -1.039 0.91176 3.2607 0.48669 0.013871 0.4528 0.1489 0.4626 0.45885 -1.8716 -0.69296 0.19767 -0.55635 2.5027 1.2013 -0.79154 -0.2692
0.79066 -1.4951 -0.21547 -0.050498 1.2259 1.6724 -0.57501 0.75786 0.53536 -1.5196 -0.32425 1.9827 1.6185 -0.34853 0.1009 0.40029 -0.16124 1.142 0.29426 -1.4495 -1.083 -0.94217 -0.23475 1.1724 2.3784 0.45256 -0.011628 0.3751 0.49724 0.60425 0.41863 -1.7436 0.65261 0.41095 -0.62809 2.102 0.17528 -1.984 -0.16699
0.30646 -1.6625 -0.58714 -0.32569 1.0343 1.1286 -0.93598 1.1101 0.20782 -1.1372 -0.12093 1.3858 1.6371 -0.33611 0.20263 0.68305 0.0759 1.2255 -0.41659 -1.0636 -0.69832 -1.1997 0.64554 0.9988 1.3739 0.43484 0.088375 0.27459 0.41955 0.50126 -0.22317 -1.2223 1.2095 0.46364 -0.55258 0.89045 0.0089558 -2.5756 -0.07623
-0.072529 -1.494 -0.59292 -0.28552 1.5769 0.89055 -0.54521 0.3628 -0.072533 -1.0895 -0.88593 1.3924 1.7082 -0.41019 0.16914 0.64544 0.042161 0.8995 -0.87627 -0.40063 -0.78234 -1.5452 0.83099 0.61536 0.18692 0.36938 0.32978 0.11183 0.41992 0.082008 -0.90207 -0.70091 1.3861 0.14397 -0.41137 -0.16076 0.21655 -2.1931 -0.076862
-0.16663 -1.3785 -0.25971 0.070076 2.1756 1.181 -0.29423 0.24945 -0.56635 -1.5372 -1.345 1.1481 1.7612 -0.2595 0.24392 0.66695 0.080907 0.15706 -0.93806 0.02037 -0.78816 -1.59 0.073376 1.2154 -0.9367 0.3982 0.65378 -0.00098035 0.38873 -0.32756 -1.4892 0.0052139 1.3297 0.11913 -0.08087 -0.64143 0.11979 -1.5042 -0.17917
-0.1391 -1.4373 -0.16797 -0.10565 1.6112 0.40975 -0.58334 0.12277 -0.88145 -1.0644 -0.70784 1.1423 1.8577 0.23475 0.27593 1.1279 -0.010871 -0.14133 -0.73782 0.724 -0.77047 -1.5952 -0.27068 1.543 -0.97064 0.33973 0.82404 0.032824 0.49369 -0.55234 -1.8287 0.72154 0.94562 0.0036759 0.63046 -0.0669 -0.62388 -0.63304 -0.42664
0.20494 -1.3493 0.18721 -0.1295 1.4817 0.10667 -0.61725 -0.2244 -0.86098 -0.93261 0.92096 1.1116 1.9673 0.57337 0.15022 1.1081 -0.48774 -1.2528 -0.48852 0.97921 -0.48754 -1.3564 -0.02518 0.80241 -1.1312 0.14475 0.55188 0.33502 0.44708 -0.60786 -2.0073 1.3474 0.59386 -0.48485 1.5253 0.99086 -1.7972 0.2966 -1.0935
0.41135 -1.2963 0.18106 -0.096446 1.1886 0.49256 -0.69101 0.12461 -1.6077 -1.4526 1.5376 0.32507 2.0261 0.72606 0.27532 1.2705 -0.67146 -2.0775 0.20502 0.97381 -0.95248 -0.40918 0.7339 -0.53653 -1.0034 -0.22911 -0.52455 1.2347 0.011095 -0.045321 -1.5306 1.0048 -0.023635 -0.65306 2.0172 1.2155 -2.1271 1.1932 -2.1715
0.27633 -1.322 0.53175 -0.40328 1.2812 0.17071 0.83298 -0.14058 -1.806 -1.5707 0.82239 0.11776 1.935 0.53483 0.82511 1.3616 -0.68746 -2.916 1.04 1.0613 -1.7179 0.87443 1.4042 -1.6684 -0.29097 -1.1752 -1.6804 2.1923 -0.20958 1.0147 -0.035077 -0.061677 -0.69139 -0.17185 1.9484 0.67837 -1.5125 1.3285 -2.9874
0.47167 -1.3148 0.51561 -0.83734 0.15001 0.50295 0.8402 -0.37743 -1.6704 -0.9225 -1.3439 0.03826 1.7843 -0.73384 2.0721 1.022 0.010863 -2.3917 0.32152 0.64099 -1.5206 1.3388 1.2681 -1.8662 1.0874 -2.689 -2.1302 2.3455 -0.71299 1.8401 1.5397 -1.0168 -1.1429 1.2198 1.1776 -0.2299 0.015847 0.79801 -2.9123
0.69894 -0.98841 1.1793 -0.54121 -0.37267 1.588 0.36298 -1.3777 -0.53121 0.10906 -2.007 0.15804 1.4353 -1.862 3.0382 0.87612 1.016 -1.1689 -0.67169 -0.20244 -0.5829 1.6803 0.95606 -1.8338 0.58063 -3.6997 -1.7612 1.5413 -1.256 2.1699 2.6769 -1.4207 -1.0931 2.2557 0.13525 -1.0247 1.9176 -0.015318 -1.7487
0.4654 -0.23702 1.2129 -0.80295 -1.8446 1.7441 0.52649 -2.4097 0.63515 0.92876 -1.3271 1.2433 0.30386 -2.0882 3.2195 0.2968 1.8191 0.14402 -0.8092 -0.62544 0.95172 1.5442 0.50657 -0.41364 0.22415 -3.9138 -0.84134 -0.5541 -1.1138 1.3646 2.8415 -0.88089 -0.62231 2.7325 -0.83379 -1.2639 2.644 -1.487 0.37342
-1.291 1.4314 0.89986 0.40798 -0.077272 -0.4536 0.1172 -1.1954 -0.15342 -0.48712 -0.17963 2.6168 -1.2728 -2.1056 2.9143 -0.42006 2.3491 1.1992 -1.0026 -0.43924 1.6399 1.0259 -0.15377 1.8031 0.12686 -3.5335 0.13443 -2.881 -0.6496 -0.4545 2.0968 -0.13442 -0.34301 2.3968 -1.4461 -0.90042 2.6056 -1.7002 2.7355
-1.8819 1.783 1.0887 1.1554 0.74 -0.941 -0.49425 0.3142 -0.1794 -0.82104 -1.6843 -0.62701 -1.6096 -2.1967 1.1804 -0.23114 1.824 2.1384 -1.1347 -0.45355 2.9388 -0.034083 -0.56337 2.1014 -1.7342 -2.1385 1.3698 -4.0747 0.26113 -2.2214 0.34062 0.80005 -0.25418 0.82179 -1.0607 0.13824 1.1647 -1.4707 4.2492
-1.2369 1.3949 0.71147 1.1812 1.0392 0.075673 0.52964 1.2262 0.10518 -0.36448 -0.41673 0.14325 -1.5302 -1.5542 -0.9118 0.032003 0.19307 2.0499 -0.76677 -0.95504 3.3066 -0.46542 -0.21522 2.6108 -1.9282 0.058053 2.6286 -3.8823 0.48676 -3.3696 -1.6051 1.4313 -0.36405 -1.0587 -0.21604 0.80444 -0.38096 0.032251 4.4876
-1.232 1.4822 0.20302 1.5316 0.42054 0.24304 0.18617 0.24834 0.19004 -0.26454 1.5838 0.87822 -1.5869 0.21684 -1.8972 0.51896 -1.1287 0.40127 0.52239 -0.86044 1.7746 0.13212 0.77483 1.7344 -1.7632 1.5067 3.1771 -2.2948 -0.03103 -3.2546 -3.0808 1.1386 -0.39058 -2.9206 0.69154 0.75269 -1.5373 1.3748 3.3988
-2.1274 -0.071253 1.5484 0.88279 1.4414 -0.041173 -0.4609 1.9194 -0.3897 -0.19368 0.63595 -2.2953 -0.84019 1.6399 -2.2446 0.038646 -2.2834 -1.1643 0.77167 -0.94358 0.025549 0.48859 0.66142 1.1593 0.22568 2.265 2.812 -0.54077 -0.51905 -2.0392 -3.0523 0.42527 0.36141 -3.2706 1.1399 0.45711 -2.471 1.4377 1.6939
-1.9824 -0.71365 1.1253 -0.90103 0.79291 -0.57052 -1.2832 2.1503 -0.24677 0.18414 2.6303 0.10647 0.10888 2.1918 -2.111 -0.28552 -2.838 -2.4554 0.16419 -1.219 -1.4317 0.86495 0.38575 -0.52821 0.041558 2.5299 1.6361 0.66802 -1.1359 -0.29855 -2.0006 -0.12985 1.2193 -2.3656 1.0125 0.014708 -1.7999 1.1821 0.16327
-0.54291 0.29624 1.4167 -0.12336 0.4478 0.5263 -0.79593 0.88962 0.31388 0.39561 0.3153 -0.63877 -0.092334 2.7561 -1.7355 -0.45077 -2.6476 -2.6653 0.17708 -0.064615 -1.8183 1.4484 0.8136 -1.6546 0.15188 2.4228 0.053718 1.1233 -0.67473 1.4626 -0.56425 -0.13258 1.8127 -0.70096 0.39194 -0.22792 -0.93043 -0.13306 -1.1099
0.83938 -0.64365 0.37119 -1.2149 -1.001 0.76551 -1.0649 -0.065343 0.78471 -0.093588 -0.024775 0.55621 0.70792 2.7412 -0.99619 -1.1755 -1.4841 -2.876 0.5702 1.0891 -2.1774 1.6756 0.70509 -0.78802 0.72889 1.7045 -1.4413 1.0607 -0.1437 2.3509 0.93255 -0.18435 1.4033 1.1042 -1.1428 -0.58847 0.98157 -0.49971 -1.8572
0.77673 -0.96955 0.19034 -1.6874 -1.9242 -0.061006 -1.0482 -1.1158 1.1711 0.15944 -0.33862 -0.15847 0.98101 1.4668 -0.8606 -0.66739 -0.30283 -2.0919 0.3142 1.4521 -1.0651 0.85513 0.054044 -0.73934 -0.37457 0.79203 -2.4125 1.1783 0.65785 2.7933 2.2023 -0.75117 0.25672 2.1674 -2.7744 -0.88086 2.1418 -1.0481 -2.2168
0.82487 -0.95003 0.64533 -1.3475 -1.3429 0.24004 0.40989 -0.65984 1.6487 1.2797 -0.38387 -0.43949 1.1081 0.1216 -0.71524 -0.42079 0.25859 -0.86856 -0.25342 0.7718 0.42655 -1.1617 -0.35692 1.1656 -0.70782 0.19035 -2.1046 1.1771 0.9075 2.3445 2.8886 -1.3479 -0.77968 2.2144 -3.5575 -0.70023 1.6645 -1.0197 -1.9095
0.46799 -1.2168 0.41581 -0.93073 -1.3133 0.90723 0.8267 0.070442 1.3501 0.62547 1.2083 -0.67884 1.0273 -0.47865 0.16035 0.298 1.5526 0.75912 -0.79577 0.60045 1.2928 -2.7466 -0.32503 2.0566 -1.2732 -0.58582 -0.77192 1.0431 0.0029658 1.5063 2.1464 -1.3061 -1.07 0.81826 -2.5821 -0.33787 0.39102 -0.11936 -1.1654
-0.027948 -1.0927 0.64388 -0.85475 -1.5333 0.081137 0.23927 0.73593 0.45206 -0.25367 0.60339 -0.33269 0.57405 -0.2506 0.52755 -0.10545 1.8456 1.5073 -1.3497 -0.0057818 1.1531 -3.7166 -0.43697 1.4585 -0.90658 -0.85024 0.44675 0.55319 -0.93578 0.60283 0.87743 -1.0847 -0.50155 -0.98793 -0.38178 0.30523 -1.8904 0.24825 -0.34629
0.35183 -0.55965 0.49275 -0.15557 -0.90104 0.1429 -0.6257 0.79479 -1.808 -0.29891 1.8907 -1.338 0.30671 0.19899 0.32097 -0.81803 1.6405 1.0359 -1.5363 -0.2478 0.22068 -3.0934 -0.55941 -0.025357 -0.50351 -0.66766 1.0808 -0.21486 -1.6383 -0.33964 -0.22925 -0.27995 0.19591 -1.8027 1.9938 0.9356 -2.6268 0.54843 0.51973
0.54512 -0.58795 0.64059 0.35609 -0.30682 -1.0262 0.01444 0.76889 -2.2276 0.14074 2.5691 -1.2909 0.34523 0.62472 0.16186 -1.4599 1.3124 0.7557 -1.8773 0.21919 -1.0887 -1.7768 0.31031 -1.9208 -0.56299 -0.35748 0.92549 -0.56323 -1.4337 -0.68241 -0.69235 0.49888 0.82637 -1.4908 3.5179 1.1169 -2.0959 0.40075 0.8142
0.54873 -0.51153 -0.00010368 0.19486 -0.1465 -1.8881 -0.27164 -0.016856 -2.4945 0.42141 0.59938 -1.2346 0.29139 1.12 -0.024956 -1.8224 1.2072 0.67101 -1.0557 0.87541 -1.3068 0.28584 1.0311 -1.9909 -0.29634 0.049895 0.51966 -0.38435 -0.81071 -0.67868 -0.44245 1.1991 0.67015 -0.35628 3.3577 0.64348 -0.5264 0.19403 0.63025
0.93227 -1.0284 -0.37196 0.41096 -0.73843 -0.8632 0.73665 -0.19101 -0.97336 0.23478 -0.66234 -0.80564 0.54603 1.0327 -0.26888 -2.0513 0.82835 0.29412 -0.69077 1.0532 -1.1648 1.6697 0.83682 -2.1353 -0.16602 0.17319 0.0092174 -0.20723 -0.11684 -0.68576 -0.15172 1.2822 -0.10968 0.86355 1.8219 -0.38454 1.0216 0.11372 0.26553
0.8772 -0.99167 -1.0541 0.43878 -0.78777 -1.8716 0.87915 -1.2472 -0.96302 0.74369 -1.5872 -1.5732 0.44784 0.97428 -0.12432 -1.9057 0.65539 0.37383 0.049112 0.65025 -0.49859 1.9363 0.3604 -1.0634 -0.28412 0.13681 -0.61066 0.036843 0.37829 -0.71495 0.28551 0.62093 -0.9047 1.5254 0.037485 -0.9999 1.5071 0.047374 -0.075293
1.4951 -0.69792 -0.87242 0.87417 -0.30435 -0.91014 0.87793 -0.22645 0.030089 1.1404 -0.22015 -0.9787 0.50023 0.71528 -0.14342 -1.6159 0.34826 0.59637 -0.099247 0.12151 0.24901 1.0536 -0.095165 -0.14548 -0.31682 0.049415 -0.97791 -0.038628 0.81618 -0.69152 0.64225 0.44677 -1.0711 1.8283 -0.73584 -1.1286 1.2038 0.083372 -0.080656
1.455 -0.78956 -1.3947 0.88894 -0.17969 -1.4179 0.67175 -0.49023 -0.54587 0.66054 -0.048066 -1.8133 0.4474 0.12867 -0.021423 -1.3917 0.15426 1.0916 -0.22923 -0.42401 1.0841 0.6509 -0.39535 0.3146 -0.10546 -0.016707 -1.4594 -0.43732 1.0049 -0.87821 0.63365 0.25253 -0.5453 1.5441 -0.43256 -0.71387 0.027501 0.026672 0.07517
1.4946 -0.72523 -1.2798 0.90325 0.21761 -1.1761 0.74736 0.074465 -0.059796 0.46322 0.61133 -1.464 0.49099 -0.3864 -0.38432 -0.91168 -0.17153 1.2247 0.25244 -0.50041 1.7622 0.80987 -0.91855 -0.18686 -0.065645 0.11235 -1.4446 -0.59055 1.2339 -0.81484 0.38563 0.82708 0.23782 1.0537 0.65559 0.047508 -0.70368 -0.030758 0.2621
1.2585 -1.0266 -1.8397 0.33586 0.045022 -2.0089 0.08692 0.032311 -1.175 0.17263 -1.0481 -1.3978 0.41461 -1.2239 -0.75596 -0.53867 -0.67383 1.3318 0.32242 -0.1011 1.881 1.1673 -0.58503 -0.97701 -0.33692 0.23239 -0.97349 -0.61074 1.2574 -0.62183 -0.18863 1.2566 0.72996 0.2017 1.0183 0.72689 -0.7683 -0.24358 0.34135
0.90452 -1.0299 -1.9159 0.74486 0.41983 -1.1468 0.4572 1.0099 0.47438 0.11874 -0.60342 -1.0195 0.54558 -1.3296 -0.7927 0.068007 -0.71186 1.2494 1.1238 0.42949 1.9819 2.099 0.067418 -1.0325 -0.24672 0.3694 -0.2521 -0.2034 1.0345 -0.12769 -0.63805 1.4562 0.7541 -0.5551 0.91509 1.2028 -0.061218 -0.17759 0.28368
0.63989 -1.3549 -1.654 0.40618 0.77194 -0.92211 0.34272 1.2695 0.53923 -0.17783 -1.3719 -1.8634 0.62158 -1.2333 -0.86863 0.26912 -0.69958 0.69706 1.6187 0.54308 1.3601 2.0413 0.45082 -0.9367 -0.49938 0.43391 0.55297 0.21373 0.59604 0.25811 -1.0264 1.2647 0.29637 -1.1508 0.29601 0.79776 0.24157 0.193 0.19303
0.038112 -1.5278 -1.3411 0.054249 1.2964 -0.50196 1.0222 2.0421 1.4194 0.71362 -0.99062 -1.8158 0.76241 -0.8563 -0.67636 0.45424 -0.38621 0.2557 2.2527 0.65676 0.85805 2.1997 0.79331 -0.33529 -0.33282 0.49278 0.91252 0.53581 -0.063538 0.34006 -1.0677 0.33253 -0.15383 -1.6019 -0.31555 -0.14442 0.088722 0.67709 0.091161
0.24583 -1.5172 -1.3092 0.16946 1.019 0.27994 1.3477 1.7417 2.0175 0.81027 -1.0484 -1.9652 0.82616 -0.41854 -0.44259 0.28872 -0.36431 -0.23902 2.0564 0.36923 0.057846 1.6953 0.5238 -0.79194 0.12189 0.49793 1.0179 0.76538 -0.47585 0.28629 -0.79705 -0.61251 -0.52268 -1.6004 -0.65771 -1.1752 -0.39193 0.91844 0.012156
0.2446 -1.736 -1.4003 0.0041353 0.4817 0.68026 0.90194 1.299 1.5045 0.80385 -1.2314 -1.8681 0.88238 -0.017597 -0.078301 -0.048398 -0.25847 -0.4334 1.5003 0.21979 -0.67627 1.6171 -0.26051 -0.90538 0.8566 0.4916 0.82125 0.78178 -0.52343 0.064381 -0.11604 -1.2577 -0.75593 -0.9587 -0.9676 -1.6455 -0.3107 0.53632 -0.051965
0.29137 -1.672 -1.5806 0.22444 0.36428 1.3627 0.87805 1.3829 1.9643 1.0331 -1.4272 -1.5123 0.95968 0.26517 0.15597 -0.29073 -0.23997 -0.56466 0.8636 -0.25651 -1.1789 0.98767 -1.2427 -1.503 0.81754 0.45453 0.37394 0.66995 -0.26438 -0.1469 0.59779 -1.3285 -0.73636 0.057202 -1.1296 -1.2454 0.56793 -0.25458 -0.099014
0.31392 -1.5137 -1.4893 0.23745 0.55107 1.4949 0.95811 1.2769 2.8239 0.39081 -2.1497 -1.0395 1.1267 0.34928 0.3763 -0.14853 -0.32749 0.18238 0.53889 -0.50466 -0.51505 0.58364 -1.424 -0.65348 0.44303 0.4256 -0.022598 0.37857 0.01992 -0.44624 0.81737 -1.2002 -0.75698 0.63492 -1.6128 -0.31359 1.3695 -1.0045 -0.16871
0.40505 -1.4453 -1.5424 -0.19173 0.73906 0.72262 1.0453 0.52086 2.7949 -0.49067 -2.3781 -0.86347 1.17 0.10279 0.48904 -0.11103 -0.59221 0.65312 0.097594 -0.70456 0.067064 -0.084685 -1.2462 0.32929 -0.17848 0.36215 -0.22019 0.19708 0.085116 -0.34391 0.71328 -0.77399 -0.35217 0.71422 -1.534 0.89662 2.0548 -1.0752 -0.22244
0.37969 -1.376 -1.6171 -0.20736 0.48505 0.86914 0.70635 0.47625 2.3993 -0.6928 -2.9772 -1.2362 1.2247 0.021348 0.41121 -0.10224 -0.88781 0.59951 -0.3218 -1.0325 -0.02584 -1.1178 -0.86677 1.1781 -0.69888 0.25065 -0.093879 -0.037426 0.0171 0.01768 0.20113 -0.32759 0.14728 0.21594 -1.0985 1.6651 1.554 -0.54701 -0.28735
0.73939 -1.1767 -1.4135 -0.13075 1.208 1.5916 0.40155 1.5227 2.2885 -0.4567 -0.93577 -1.7627 1.2518 0.014655 0.48132 -0.16646 -0.57962 0.65915 -0.13241 -0.67713 0.012348 -1.2739 0.13547 2.079 -0.81068 0.16361 0.12406 -0.081205 -0.003068 0.44001 0.048404 -0.022481 0.85962 -0.34537 -0.2316 1.8107 0.55008 0.29007 -0.27358
0.10389 -1.2605 -1.6459 -0.66051 1.0709 0.9907 -0.13783 1.586 1.2615 -0.26014 -0.55628 -2.0405 1.2714 0.21681 0.31824 -0.089629 -0.29761 0.58134 0.04314 -0.22603 -0.072648 -1.0557 0.98002 1.8745 -0.351 0.036235 0.13719 -0.22542 -0.15445 0.48976 -0.22688 0.007906 1.2212 -0.65673 0.53899 1.3037 -0.60041 0.90096 -0.26806
0.35393 -1.2137 -1.6821 -0.77152 0.89844 0.74197 -0.30807 0.76982 0.97708 -0.2063 -0.43392 -1.9926 1.2634 0.23909 0.39805 -0.12062 -0.084961 0.75692 -0.13819 0.57783 -0.64447 -0.60135 1.1979 1.1892 0.26349 0.0040939 0.18543 -0.39198 -0.26174 0.18321 -0.48367 -0.15481 0.95099 -0.66661 0.79998 0.25839 -1.0507 0.94589 -0.28459
0.46193 -0.86834 -1.6511 -0.25234 1.3896 1.1905 0.75812 0.74453 1.9107 0.3925 0.20414 -1.69 1.3288 0.16789 0.066456 -0.38712 -0.24254 0.0915 -0.31671 0.73289 -1.0703 -0.38563 1.0207 0.3159 0.63962 -0.12548 0.15685 -0.29981 -0.29813 -0.026844 -0.54828 -0.099908 0.37064 -0.093312 0.51348 -0.59668 -0.69243 0.41701 -0.2482
0.86289 -1.216 -1.5731 -0.47506 1.2448 0.9264 0.81272 0.42593 1.482 0.72109 -0.64525 -1.2349 1.1608 0.38875 -0.06663 -0.46302 -0.2707 -0.071711 -0.24757 0.70776 -0.88192 -0.014194 0.57751 0.5669 0.66223 -0.23949 0.11491 -0.28495 -0.33588 -0.20255 -0.81465 0.15501 -0.44089 0.66765 -0.01171 -0.87776 0.051889 0.0070987 -0.25268
0.60211 -0.78671 -1.7009 -0.26342 1.6633 0.98233 1.3901 0.17333 1.5372 0.75742 -0.86429 -1.2246 1.2758 0.43778 0.035821 -0.42591 -0.24935 -0.11011 -0.096938 0.43823 -0.17246 -0.33233 0.15239 0.67746 0.3273 -0.26412 0.1698 0.068502 -0.15644 0.017302 -0.6381 0.50126 -0.66832 1.2078 -0.30637 -0.6124 0.66802 0.041907 -0.1526
0.53413 -1.3733 -2.0268 -0.92348 0.85667 0.87971 0.59208 0.41005 1.1768 0.65568 0.038332 -1.3254 1.073 0.32095 -0.075752 -0.67321 -0.44493 -0.78395 0.022905 -0.13293 0.24709 -0.67019 -0.031799 1.1274 0.45208 -0.35636 0.20113 0.13349 0.030662 0.035482 -0.63967 0.45041 -0.59834 0.96795 -0.50416 -0.18752 0.4094 0.34782 -0.10555
0.62926 -1.2937 -2.1332 -1.0347 0.88456 0.46421 0.58131 0.22516 1.2229 0.26007 0.71842 -1.3613 1.0127 0.522 0.19192 -0.54739 -0.11994 -0.83885 0.45165 -0.14969 0.8124 -0.69405 0.15815 1.5016 0.84889 -0.32684 0.17387 0.2665 0.17555 0.1298 -0.34684 0.23024 -0.066896 0.18061 -0.025947 0.07075 -0.067438 0.68335 -0.026511
1.132 -0.81236 -1.8845 -0.54177 1.1752 1.0687 0.84621 0.75403 0.88252 0.273 0.46444 -1.5733 1.0584 0.72586 0.088393 -0.34791 -0.26693 -0.99697 0.28882 -0.16434 0.58135 -0.86863 0.20253 1.0554 1.1364 -0.38802 0.18642 0.35533 0.3604 0.22325 0.010806 0.051343 0.19915 -0.33502 0.22823 0.096585 -0.34324 0.32342 0.050477
0.84422 -1.0967 -2.3659 -0.73914 0.34177 1.3586 0.76664 0.98313 1.0966 0.85911 1.3651 -0.56063 0.88344 0.5632 0.41637 -0.28661 -0.098763 -0.70409 0.17853 0.32736 0.0030794 -0.304 0.14647 0.57159 1.412 -0.29393 -0.06418 0.2404 0.22511 0.085664 0.05972 -0.23499 -0.027256 -0.6747 0.59507 -0.17232 -0.061602 -0.22285 0.060768
1.4331 -0.86017 -2.0446 -0.49678 0.57094 1.645 0.86967 1.3805 0.50838 1.1615 0.95248 0.058138 0.87591 0.65185 0.42796 -0.18578 -0.04641 -0.83226 0.24104 0.022345 -0.061988 -0.42351 0.13362 0.8476 0.85522 -0.2877 -0.113 0.31927 0.18277 0.23149 0.32016 -0.38129 -0.39405 -0.51026 0.71809 -0.39101 0.2411 -0.90409 0.092655
1.2273 -1.0379 -2.1632 -1.1189 0.31275 0.84864 0.83847 0.41913 0.3166 0.68964 0.58551 -0.18486 0.79531 0.43842 0.43972 -0.24181 -0.070696 -0.80373 0.033975 -0.29208 -0.27558 0.26488 -0.15106 1.4764 0.54777 -0.27441 -0.041193 0.24446 0.26789 0.36965 0.34107 -0.59131 -0.98687 -0.26699 0.5326 -0.17854 0.16995 -1.4167 -0.048545
1.0398 -0.80229 -2.4082 -1.0564 0.22348 0.86363 1.1424 0.056854 1.3065 0.43052 1.2077 0.1274 0.78323 0.57569 0.63041 -0.056028 0.14309 -0.30569 -0.34777 -0.6211 -0.35206 0.27652 -0.40164 1.1356 -0.27788 -0.24103 0.090625 0.54373 0.75557 0.85274 0.47845 -0.75134 -1.1751 -0.060119 0.20965 0.35126 -0.58424 -1.279 -0.25297
1.7266 -0.57434 -2.1468 -0.64614 0.091379 1.3406 0.44781 0.7323 0.36631 0.54335 2.3146 -0.95473 0.74055 0.524 0.73974 0.10826 0.48119 -0.28384 -0.61964 -1.2769 -0.42623 0.4015 0.058792 0.80468 -0.92492 -0.40033 -0.14229 0.83211 1.6337 1.1271 0.64358 -0.73391 -1.0829 0.17184 -0.65836 0.51563 -1.5868 -0.88937 -0.61127
1.4561 -0.41378 -2.2932 -0.54146 0.069929 1.4558 0.39428 0.78818 1.6216 0.49158 2.9187 -0.28386 0.72207 0.7801 1.219 0.93229 1.2287 -0.13229 -0.81712 -1.7794 -0.13719 -0.087587 0.66489 -0.088265 -1.028 -0.655 -1.1615 0.87639 2.1378 0.8215 0.65209 -0.71284 -0.56641 0.060158 -1.1375 -0.12491 -1.9673 0.091645 -0.97669
1.6896 -0.45183 -2.2954 -0.61178 0.22225 0.59656 -0.05199 0.54585 0.879 0.61948 1.9238 -0.6801 0.59838 0.068489 1.5842 2.0577 1.4352 0.40172 -1.0845 -1.8268 -0.058321 -0.89933 0.25947 -1.3751 -0.89324 -1.1062 -1.9433 0.72574 2.446 0.10084 0.53906 -0.56176 0.050274 -0.11058 -1.8408 -1.5813 -1.536 0.77365 -1.0185
1.9207 -0.09378 -1.8245 -0.15133 0.1929 0.29402 -0.9328 0.17562 0.81497 1.3706 1.2302 -1.3748 0.35172 -1.3843 1.7234 2.6244 1.1605 0.6608 -1.43 -1.4497 -0.44013 -1.3857 -0.7569 -2.0699 -0.086957 -1.5475 -2.2898 0.12347 1.975 -0.85828 0.16912 -0.14882 0.36357 -0.12097 -1.5782 -2.5485 -0.18998 1.3553 -0.66481
2.0458 0.56709 -1.0284 0.44806 0.061867 -0.27926 -1.3141 0.10554 0.29924 1.4282 0.53743 -1.3816 0.022886 -2.0544 1.7428 3.444 0.70235 0.40148 -1.3518 -1.3391 -0.52868 -2.6803 -2.2109 -1.5569 0.21761 -1.6846 -1.624 -0.62123 0.81721 -1.2724 -0.56143 0.45398 0.63193 -0.028814 -0.67659 -2.3261 1.4167 1.7971 0.038038
0.79064 1.0818 -0.054659 0.63232 0.89736 -0.012334 -1.0431 0.5406 -0.14856 0.13024 0.048606 -1.0611 -0.48708 -2.4717 1.3555 3.616 0.042235 0.20541 -0.96758 -1.3079 -0.1772 -2.3984 -2.8905 -0.40716 1.2289 -1.4955 -0.32084 -1.3487 -0.40532 -1.2868 -1.0662 1.0733 0.93016 -0.08107 0.65824 -1.0798 2.1907 1.5509 0.80484
-0.4329 1.0822 0.090758 0.27871 0.73614 -0.49111 -1.1823 0.13962 -0.98428 -0.92844 0.3023 -0.42437 -0.88164 -2.4469 0.69864 2.9603 -0.30992 -0.50281 -0.49846 -0.65749 -0.27618 -1.776 -3.048 0.89627 2.1723 -1.0682 0.92919 -1.722 -1.5525 -1.0132 -1.3543 1.4091 1.1538 -0.56251 1.8889 0.72371 1.816 1.0322 1.3371
-0.43721 1.1985 0.97538 -0.14873 0.1873 -0.64753 -1.5918 -0.14487 -2.0819 -2.404 1.0994 -0.17048 -0.86408 -1.7922 -0.079534 2.1756 -0.66379 -1.0349 0.092035 0.033051 -0.75983 -0.52892 -2.3804 1.4983 2.1514 -0.48937 1.8514 -1.5677 -2.0523 -0.49726 -1.1266 1.5152 1.0943 -0.83917 2.2109 1.786 0.47579 -0.24821 1.5434
-0.34482 0.86991 1.1865 -0.48089 0.35717 -0.79139 -2.3672 0.3713 -1.475 -1.7742 1.2463 0.61222 -0.82163 -0.64342 -0.50897 1.5133 -0.77864 -1.7058 0.68056 0.25153 -1.4172 0.17572 -1.1327 1.4661 1.9026 0.082573 1.9238 -1.0866 -2.0117 -0.24548 -0.1152 1.2381 0.76887 -0.25525 1.7464 2.4164 -0.76696 -1.2654 1.4437
-0.46433 0.88075 1.0393 0.17955 -0.63525 -0.2082 -1.3902 -0.34855 -0.8484 -1.6592 2.3429 1.303 -0.7674 0.11469 -0.74371 0.8345 -0.62143 -1.4624 1.1991 0.38227 -1.3533 1.0658 -0.52693 0.35368 0.86979 0.54978 1.3686 -0.37322 -1.6757 -0.18464 0.75048 0.502 0.43874 0.65258 0.40025 2.2646 -1.3127 -1.7899 1.0825
-0.36217 0.63709 1.319 -0.17363 -0.57752 0.19365 -0.57729 -0.92501 -0.11163 -1.7757 1.9122 0.95896 -0.63702 0.22423 -0.8419 0.19514 -0.77235 -0.52348 1.1978 0.67604 -0.52974 0.93 0.52621 -0.20259 0.22168 0.86365 0.54154 0.077409 -1.3541 -0.48751 1.4282 -0.80353 0.079244 1.267 -0.51255 1.6655 -1.2909 -1.8559 0.60451
-0.40449 0.6046 1.499 -0.5561 -0.89958 0.92023 -0.94356 -1.547 -0.79841 -1.7454 1.7111 1.2892 -0.53982 0.35252 -0.55453 -0.02678 -0.99781 -0.1188 0.73835 0.68322 0.10605 -0.11745 1.007 -0.53165 -0.68112 0.95796 0.00080826 0.38432 -1.095 -0.55848 1.1436 -1.7879 -0.23931 1.1665 -1.0866 1.3598 -0.72098 -1.1796 0.14594
-0.24772 0.26865 1.0171 -0.6537 -0.75404 0.81033 -1.366 -1.2306 -0.20291 -2.3518 0.45135 0.18181 -0.22496 0.25816 -0.46728 -0.36795 -1.4708 0.49304 -0.5694 0.26033 0.42154 -0.28487 1.1961 -0.90783 -1.1311 0.90457 -0.13357 0.43173 -0.73669 -0.23672 0.51122 -1.9915 -0.29431 0.60923 -0.52468 0.97108 -0.28825 -0.5576 -0.18756
-0.12441 0.23396 1.2428 -1.1577 0.11253 0.58071 -0.94491 0.23821 -1.1219 -0.87599 1.4329 0.51768 0.12863 0.099567 -0.26504 -0.75317 -1.2813 0.32739 -1.196 0.1263 0.53347 -0.53668 1.6618 -0.86436 -0.86833 0.77657 -0.19204 0.28538 -0.31927 0.23867 -0.051953 -1.1915 -0.094498 0.051239 0.33065 0.78828 0.0035197 0.50604 -0.38153
0.017734 0.46507 1.108 -1.1989 -0.28686 0.13963 -0.92281 0.27357 -1.495 -0.031864 1.2314 -0.017023 0.069867 0.099414 -0.23885 -0.69858 -1.056 0.27927 -1.4859 0.38311 0.47733 0.062928 1.9949 -0.66085 -0.81669 0.63518 -0.068309 0.060956 0.12046 0.70963 -0.60798 0.16806 0.0090131 -0.45566 0.91909 0.17405 -0.039225 1.1348 -0.4135
-0.35269 0.3115 0.68203 -1.5453 -0.31339 -1.2703 -0.57076 -0.91797 -0.37991 -0.66217 0.97906 -0.10243 0.074241 0.070448 -0.17354 -0.40507 -0.76814 -0.11912 -0.99252 0.44126 0.15577 0.35691 2.0616 -0.64189 0.22292 0.44405 0.074552 -0.2819 0.46197 0.78957 -0.56532 1.0512 -0.17669 -0.54002 1.1818 -0.5782 0.024688 1.3505 -0.26174
-0.31106 0.31041 0.64034 -1.605 -0.55729 -0.71073 -0.66691 -0.79642 -1.0162 0.10651 0.32243 0.16614 0.1741 0.14436 -0.40515 -0.33419 -0.43587 -0.50959 -0.37634 0.12475 -0.3505 1.1033 1.3008 -1.0993 0.68093 0.36792 0.21811 -0.40056 0.48342 0.75721 -0.43935 1.3874 -0.56993 -0.25977 0.60542 -1.0431 0.35828 1.013 -0.085512
-0.11232 0.13974 0.83044 -1.6654 -0.40519 -0.67392 -0.68742 -0.51438 -0.38205 0.58605 0.56441 -0.17706 0.29142 0.21786 -0.66575 -0.14396 -0.15482 -0.41823 0.1575 -0.085834 -0.18634 1.308 0.90567 -0.58563 1.1854 0.46504 0.29099 -0.30482 0.29599 0.63427 -0.07336 0.81187 -0.69229 -0.026843 0.12311 -1.1873 0.87137 0.283 0.036132
-0.024226 0.085149 0.80575 -1.5418 -0.52365 -0.21086 -0.6537 -0.080859 -0.15681 0.80187 -0.010152 0.983 0.38698 0.43692 -0.68139 -0.0010927 0.015181 -0.45779 0.46171 -0.46383 0.088824 0.78977 0.59959 0.09986 0.80876 0.47884 0.18112 0.063762 0.014722 0.43421 0.10246 0.012938 -0.64402 -0.040695 -0.69525 -0.95437 1.1102 -0.14419 -0.0014845
0.077819 -0.15519 0.86489 -1.6613 -0.57869 -0.17142 -0.78208 -0.38466 0.15169 0.81013 0.08033 1.1924 0.47102 0.47268 -0.55884 -0.063863 0.1611 -0.29529 0.059552 -0.61426 -0.14625 0.74338 0.16911 0.66912 0.76035 0.44934 0.097861 0.38458 -0.1962 0.30089 0.1319 -0.59987 -0.44158 -0.29046 -1.0657 -0.76682 0.76239 -0.60953 -0.13948
0.021182 -0.30052 0.70205 -1.4161 -0.84301 -0.37348 -0.926 -0.71568 0.43123 0.62537 0.71788 1.1746 0.52517 0.35848 -0.34589 -0.34712 0.19799 -0.36758 -0.31596 -0.86644 -0.48128 -0.035083 -0.13818 0.70614 0.61394 0.37264 0.026953 0.55904 -0.11257 0.34837 0.18553 -0.68685 -0.0038184 -0.32478 -1.1722 -0.35911 0.18516 -0.37482 -0.28435
0.14098 -0.36183 0.6266 -1.6444 -0.85525 -0.60801 -1.3014 -0.85803 0.026479 0.17774 1.1145 0.34141 0.59451 0.44176 -0.16708 -0.30425 0.30373 -0.20063 -0.56189 -0.74396 -0.52372 -0.44735 -0.18167 0.78355 0.04378 0.28064 0.0021959 0.63524 0.18952 0.63544 0.13508 -0.39372 0.40863 -0.4236 -1.1782 0.18267 -0.40762 -0.04646 -0.48153
0.34753 -0.19297 0.70865 -1.3738 -0.66014 -0.5296 -1.4182 -0.67045 -0.026438 0.84007 1.1643 1.2323 0.69016 0.50348 0.090242 -0.071295 0.57996 -0.13452 -0.49472 -0.40218 -0.41519 -0.9974 0.081762 0.45301 0.41196 0.079635 -0.049625 0.55851 0.43841 0.99484 0.11492 -0.11686 0.83198 -0.44808 -0.68232 0.62468 -0.62824 0.33668 -0.66763
0.25679 -0.20283 0.42419 -1.4304 -0.85629 -0.97022 -1.7866 -0.95062 -0.49822 0.56145 0.96692 1.1228 0.68232 0.40463 0.32212 0.12405 1.127 -0.14273 -0.58265 -0.042859 -1.0745 -1.1701 0.37982 -0.089919 0.78333 -0.2226 -0.2649 0.39027 0.29213 1.0143 -0.092105 -0.0035149 0.9947 -0.39468 -0.24589 0.57052 -0.50575 0.12446 -0.77263
0.53488 -0.20559 0.61477 -1.1696 -0.7453 -0.82104 -1.3442 -0.79088 -0.45178 0.59948 0.94523 1.0504 0.66938 0.28388 0.37611 0.18987 1.5953 -0.16801 -0.53132 0.41458 -1.1512 -1.0683 0.72896 -0.22506 0.9562 -0.51027 -0.49858 0.15185 -0.044899 0.57475 -0.23002 0.052054 0.78364 0.024383 0.38017 0.32632 -0.20955 -0.8518 -0.64401
0.59452 -0.1117 0.87664 -0.86659 -0.875 -0.79945 -1.1467 -1.1581 -1.046 0.92792 0.96857 1.7925 0.48321 0.052856 0.36622 0.066336 1.6402 -0.37187 -0.56224 0.7975 -0.99166 -0.92633 0.54126 0.022445 0.046092 -0.73726 -0.61752 -0.096285 -0.45482 -0.21914 -0.20195 0.085381 0.28338 0.67526 0.82924 0.0094469 0.21166 -1.5335 -0.349
0.37705 0.099009 0.76189 -0.0015119 -1.0472 -1.3891 -1.103 -2.6531 -1.0124 1.0279 0.7214 1.7895 0.23166 -0.25957 0.33294 -0.1172 1.3701 -0.48541 -0.42205 0.71466 -0.43402 -0.37115 0.59056 -0.055751 -0.95805 -0.75743 -0.45032 -0.36301 -0.64183 -1.0404 0.10886 0.33869 -0.058352 1.2703 0.97879 -0.10092 0.26507 -1.6993 0.17293
0.51306 0.068885 0.7397 0.084968 -0.88039 -1.2195 -0.81167 -1.7987 -1.2342 1.4487 0.95435 1.6146 0.10437 -0.48664 0.18021 -0.49765 0.84611 -0.393 -0.49353 0.36564 -0.07704 0.13511 0.44553 0.29371 -1.4039 -0.69238 0.043212 -0.50221 -0.42145 -1.5453 0.58947 0.63503 -0.14388 1.6923 0.85743 0.24462 0.047208 -1.038 0.64017
0.31974 0.16293 0.55318 0.13855 -1.1851 -1.3696 -0.42982 -1.4957 -1.1706 1.25 1.32 0.70291 -0.025533 -0.2944 -0.15471 -0.62296 0.10887 0.058905 0.040884 0.52065 0.96659 0.3563 0.56679 0.22437 -1.805 -0.23962 0.4973 -0.5342 -0.15631 -1.5692 0.70514 0.66937 -0.16551 1.3338 0.48799 0.35887 -0.31149 -0.27067 0.89162
-0.041936 0.07214 0.32435 -0.18703 -1.3992 -1.352 -0.96341 -1.1595 -0.6874 1.1967 0.62782 -0.5528 -0.0092086 0.152 -0.25404 -0.399 -0.52857 0.53926 0.35428 0.61735 1.7478 0.42054 0.98978 -0.0088507 -1.653 0.090484 0.86039 -0.49936 0.091574 -1.2101 0.55649 0.5412 -0.15008 0.59168 0.098246 0.3047 -0.68586 0.25602 0.95469
0.10216 -0.033593 0.26389 -0.16656 -1.0281 -1.5037 -0.88068 -1.3516 -0.3748 1.2997 1.6239 0.1165 -0.087448 0.35827 -0.36923 -0.43167 -0.7853 0.46446 0.36478 0.26936 1.3588 0.45168 0.96888 -0.57989 -1.3738 0.36485 0.83266 -0.36401 0.12791 -0.69923 0.13879 -0.010409 -0.25484 -0.44323 -0.31451 -0.058228 -0.8051 0.46113 0.7258
0.43108 -0.28958 0.36014 -0.47146 -0.61204 -0.54904 -0.10811 -0.32031 -0.9555 2.0259 0.97894 -0.032739 0.33031 0.80819 -0.57169 -0.43485 -0.89809 0.52116 0.32108 0.202 0.91166 0.26697 0.79355 -0.79804 -1.0738 0.62622 0.42934 -0.25802 -0.005113 -0.27619 -0.38673 -0.25797 -0.33844 -0.87458 -0.31069 -0.5923 -0.78698 0.39044 0.45455
0.77229 -0.034029 0.47884 -0.46563 -0.34552 -0.97285 -0.082064 -0.20043 -0.63947 2.6648 0.60972 -0.27548 0.25765 0.94645 -0.62145 -0.3845 -0.97078 0.34451 0.026231 0.23415 0.44923 -0.21975 0.53476 -1.1356 -1.1259 0.7246 -0.16036 -0.0038514 0.036028 -0.042911 -0.73632 -0.33794 -0.49973 -0.80759 0.057554 -1.2154 -0.48618 0.64251 0.04312
0.69131 -0.31661 0.093109 -0.8098 -0.8989 -0.91006 -0.72102 -0.23622 -0.61372 2.2257 0.099481 -0.70583 0.42339 0.66705 -0.57057 -0.42936 -0.93279 -0.1815 0.039987 -0.022753 0.38344 0.11111 0.077217 -1.446 -0.95407 0.68201 -0.76263 0.38207 0.22834 0.1186 -0.84638 -0.13879 -0.64005 -0.55548 0.4341 -1.6716 -0.28218 1.1146 -0.36794
1.0512 -0.56638 -0.053557 -0.9391 -0.84455 -1.0956 -0.39174 -0.68662 -0.60914 1.7561 0.33387 -1.2628 0.63499 0.12707 -0.37377 -0.37088 -0.84171 -0.6683 -0.12434 -0.59144 -0.058946 0.62711 -0.96866 -1.3133 -0.091005 0.40957 -0.9279 0.76637 0.64691 0.42104 -0.36987 0.35251 -0.75885 -0.20405 0.36605 -1.5461 0.31604 1.7058 -0.77851
0.93001 -0.63861 0.01542 -1.2807 -0.82956 -1.4061 -0.55155 -0.75057 -1.0788 1.9571 -0.61507 -1.7118 0.70884 -0.21848 -0.033453 -0.049491 -0.74338 -0.67795 0.13056 -0.63285 0.00035622 0.70042 -1.6043 -1.3206 0.7248 0.1582 -0.83526 1.1795 1.0354 0.55006 0.27543 0.57057 -0.75175 -0.095304 -0.1904 -0.8824 0.98774 1.7765 -1.1263
0.86739 -0.61013 -0.0093951 -1.1233 -1.0294 -0.76359 -0.48878 -0.15447 -0.086516 1.8678 -0.27916 -0.39361 0.69294 -0.3585 0.43533 0.533 -0.29756 -0.1541 0.61276 -0.94081 0.19538 0.20522 -1.539 -0.50181 1.5697 -0.33633 -0.91854 1.5451 1.0505 0.66351 0.958 0.612 -0.44621 0.076693 -0.38978 0.11588 1.6368 0.88034 -1.4019
0.51151 -0.44341 0.1235 -1.3685 -1.3332 -0.75645 -1.0968 -0.31904 0.060642 0.78151 -0.96507 0.1516 0.64175 -0.66335 1.0633 0.89006 -0.20287 0.11285 0.70166 -1.3142 0.033663 -0.080492 -1.3101 0.31328 1.8966 -0.85864 -1.0617 1.6377 0.82795 0.88142 1.2424 -0.0058884 0.012705 -0.1639 -0.44829 0.75079 1.856 -0.15758 -1.4751
0.55774 0.010267 0.36446 -1.3497 -1.165 -0.85901 -1.0897 -0.34313 0.11049 0.45836 -1.2666 0.26762 0.36351 -1.3806 1.7472 0.95646 0.095856 0.86103 0.69603 -1.1193 0.054162 0.21294 -0.92004 1.4539 1.1562 -1.4637 -1.2805 1.242 0.39063 1.2163 1.4616 -0.1705 0.94841 0.032544 -0.21735 0.6683 1.0325 -0.98893 -1.2072
0.51326 -0.0076375 0.62083 -1.0336 -0.78272 0.10221 -2.0124 -0.23822 -1.0723 0.48074 0.23821 0.74968 0.059346 -1.7072 2.1398 1.1556 0.66305 1.3115 0.065937 -0.5145 -0.29219 -0.22606 -0.52986 1.7648 0.62444 -1.784 -1.1722 0.41245 -0.098207 1.5451 1.5457 0.062831 1.7469 0.43116 -0.0062817 0.22644 -0.039621 -0.92543 -0.62838
0.23957 0.65409 0.82572 -1.3872 -0.63459 -0.48742 -1.9415 -0.91899 -0.83937 0.6645 0.78688 0.62753 -0.27483 -2.2485 2.0433 1.0697 1.4801 2.1846 0.60688 0.51866 0.39762 -0.17888 -0.69964 1.0353 0.1844 -1.9245 -0.47786 -0.52317 -0.80136 1.3286 1.1869 -0.039383 1.8939 0.67032 0.52473 -0.029568 -1.5549 -0.47404 0.25226
-1.1297 1.4077 0.80549 -1.0451 0.21268 -0.30691 -1.5917 -0.18038 0.21691 1.0914 1.3974 -0.32341 -0.92993 -2.4373 1.6297 0.66758 1.9122 2.5583 0.84879 1.288 0.7179 0.084182 -1.0177 0.44152 0.49202 -1.6961 0.19151 -1.3765 -1.2568 0.41272 0.60786 0.17249 1.4591 0.91705 0.93701 0.10486 -2.0873 -0.26079 1.0272
-0.99524 1.6567 1.2099 -0.14854 0.030609 -1.0023 -0.91642 -0.66258 -0.3202 0.60196 1.2484 1.0065 -1.0674 -1.9154 1.1019 -0.16696 1.8858 2.6229 0.22041 1.6881 0.89506 1.0975 -0.75262 -1.2783 0.2627 -1.0798 1.2065 -1.8065 -1.2508 -0.92753 -0.37975 -0.15685 0.52405 0.59259 0.94233 0.18616 -1.4666 -0.31933 1.5569
-1.9382 1.5353 1.1902 0.4623 1.3141 0.84904 -0.22044 0.65134 -0.4354 -0.84674 -0.79625 0.33865 -1.3337 -1.5126 0.2375 -0.37183 1.213 2.3126 0.56208 1.759 1.3105 1.0068 -0.32832 -1.6362 0.065341 -0.46232 1.5587 -1.7658 -0.86258 -1.9906 -1.1008 0.044156 -0.38224 0.52266 0.70473 0.42164 -0.4426 -0.75787 1.5166
-1.7672 1.4781 0.91225 0.63469 1.6374 0.71993 0.12477 0.3978 -0.32386 -0.59873 0.23534 1.3535 -1.3156 -0.43754 -0.3758 -0.54595 0.15105 1.5407 0.45142 1.3125 1.288 1.2416 -0.71712 -1.1267 -0.24292 0.10218 1.5387 -1.3965 -0.16905 -2.2329 -1.6265 0.40022 -1.0532 0.045314 0.030176 0.022528 0.87114 -0.30155 1.1345
-1.3153 1.3155 0.16962 0.46371 1.8692 -0.56366 -0.25463 0.38164 0.95514 0.53436 -1.3632 0.52382 -0.93972 -0.23958 -0.67632 -0.61497 -0.82762 0.8821 0.80173 0.73247 1.5649 1.4148 -0.26756 -0.59638 -0.80009 0.28812 1.5929 -0.92794 -0.037162 -1.7527 -1.9892 0.14121 -1.3332 -0.51502 -0.65379 -0.24631 1.0313 -0.074634 0.85968
-2.0936 1.1904 0.75932 -0.50027 1.7229 0.38485 0.56159 0.96158 0.64533 0.84717 -0.49814 0.030494 -0.96649 0.34708 -0.84865 -0.3323 -1.1406 0.063124 0.81957 0.14549 0.83336 0.93579 -0.762 0.11184 0.091414 0.47123 1.5387 -0.90465 -0.065601 -0.86927 -2.143 0.11724 -1.1858 -0.96877 -1.3006 -0.33934 0.94966 0.40693 0.83946
-1.3932 1.1431 0.58096 -0.54185 1.563 0.27124 0.23642 1.3903 1.5464 -0.89631 0.3737 -0.26853 -0.95269 1.0961 -1.1249 -0.54019 -1.3168 -0.95337 0.62378 -0.26094 0.45535 -0.17732 -0.788 0.0047433 -0.23793 0.81262 1.8236 -1.0055 -0.47389 -0.10163 -2.0187 -0.29768 -0.92864 -1.2508 -1.0484 -0.46315 0.29112 0.73576 1.1047
-1.6832 0.84394 0.69269 -0.56826 1.3616 1.2964 0.2153 1.776 0.8124 -0.31477 -0.53357 0.20212 -0.94677 1.7936 -1.7102 -0.69347 -1.1773 -1.8557 0.74237 -0.50585 -0.16935 -0.60382 -1.1131 0.65448 0.33289 1.2651 1.4575 -0.74129 -0.64221 0.25944 -1.4607 -0.40472 -0.30935 -0.87233 -0.41372 0.33574 -0.25773 0.27568 1.0473
-1.3506 0.54643 0.67247 -0.42344 1.7102 2.0274 -0.097471 1.0475 0.44606 -2.0124 -0.59933 1.506 -0.77392 2.4729 -1.9783 -1.2422 -0.98957 -2.2226 0.28421 -0.75396 -0.52372 0.05167 -0.97993 -0.22569 0.6141 1.7668 0.70757 -0.2648 -0.39158 0.45101 -0.56055 -0.32952 0.42519 -0.3867 0.2674 0.76715 -0.25546 -0.21709 0.6565
0.079043 0.15782 -0.25673 -1.0868 0.2173 0.099457 -0.37264 0.57499 -0.39054 -0.018643 -0.22712 0.11742 -0.05279 2.4048 -1.6987 -1.0768 -0.82946 -2.2438 0.23768 -0.20881 -0.49163 -0.031612 -0.0589 -0.33084 0.25165 1.7722 -0.50968 0.38234 0.064814 0.49643 0.46654 0.028732 1.2122 0.3776 0.16757 1.0413 -0.41178 -1.3096 0.038123
0.43116 -0.76099 -0.28206 -1.2727 -0.38207 0.71258 -0.54383 0.39254 0.82437 -0.66948 0.20056 0.49374 0.53823 2.1238 -1.585 -1.0157 -0.66841 -1.8898 0.26185 0.42645 -0.20311 0.05727 0.099387 -0.055535 -0.62716 1.6734 -1.507 0.89903 0.67065 0.79617 1.4907 0.75278 1.7122 0.74672 -0.43618 0.30568 0.13349 -1.3758 -0.70102
0.52881 -0.74039 -0.31581 -1.5951 -0.43892 1.1542 -0.26755 0.95483 1.6271 -1.2904 -0.94113 0.73322 0.73853 1.0083 -1.2442 -0.694 -0.43313 -1.0861 0.79382 1.2792 0.41659 -0.28726 0.27477 -0.3253 -1.7292 1.3759 -1.7053 1.0616 0.62176 1.0952 1.9282 0.72349 1.5171 0.56495 -0.99104 -0.3645 0.25637 -1.054 -1.0661
0.84229 -0.3087 -0.13365 -1.045 -0.41601 1.3666 0.30872 1.1482 0.81303 -0.74548 -0.30165 0.17147 0.4926 0.33239 -0.65118 -0.2856 0.26075 0.19515 1.3693 1.8554 0.52464 -0.71871 -0.59586 0.06894 -1.2146 0.77371 -1.3938 0.95751 0.50329 1.1802 1.6013 0.12861 0.92354 -0.22711 -1.1456 -0.54191 0.22086 -0.45956 -0.99471
0.50561 -1.0332 -0.35872 -1.1694 -0.26707 2.0008 0.84756 1.1534 0.0056201 -0.47193 -0.58754 -0.4172 0.78391 0.088291 -0.33067 -0.37736 0.69699 0.59041 0.99358 2.0483 0.27457 -1.6608 -0.41458 0.17296 -1.6102 0.41075 -0.74367 0.52261 0.11052 0.70965 0.60773 -0.97554 -0.036138 -0.95254 -0.71889 -0.3988 -0.13238 0.28874 -0.61545
0.030111 -0.96577 -0.40838 -1.2117 0.16833 2.3262 1.5369 1.2248 -0.38061 -1.0718 -0.86025 -1.5414 1.018 -0.041685 -0.38655 -0.31204 0.91168 0.49091 0.38471 1.8526 -0.62476 -1.5848 -0.59125 0.18374 -1.6164 0.46596 -0.11987 0.35694 0.018621 0.17391 -0.47238 -1.7413 -0.78659 -0.77655 0.056621 0.53898 -0.5018 0.5314 -0.30898
0.94539 -0.73459 -0.61127 -0.8054 0.13129 1.7904 1.8128 0.98558 -0.46054 -1.1454 0.53406 -0.6228 0.9262 -0.20534 -0.47192 -0.48995 0.53292 -0.013993 -0.5085 1.2142 -0.98757 -1.3226 -0.49504 -0.66656 -0.9151 0.48384 0.23303 0.33101 0.097289 -0.2846 -1.0101 -1.8547 -1.3189 -0.14184 0.81399 1.5406 -0.46993 1.1733 -0.34101
0.57809 -1.1163 -0.59179 -0.50544 0.06428 2.1919 2.01 0.87627 -0.65032 -1.4182 -0.20313 -1.3043 0.93678 0.2537 0.038153 -0.19552 0.66238 -0.45571 -1.0734 0.73817 -0.4626 -0.7922 0.43186 -0.60279 -0.44863 0.21178 0.33183 0.5511 0.25771 -0.56737 -1.0109 -1.5973 -1.7175 0.59957 0.90635 2.4896 -0.03135 1.1081 -0.5283
0.4794 -0.96893 -0.4211 -0.457 -0.042583 1.5595 2.2149 -0.082985 -0.3569 -1.7304 -0.9641 -1.4998 1.1873 0.37991 0.030935 -0.26741 0.30943 -0.97128 -1.6782 0.02998 -0.12446 -0.43409 1.9358 -0.4556 0.24291 -0.041953 0.42222 0.837 0.48148 -0.55283 -0.75531 -1.3796 -2.0566 0.40861 0.70778 2.5418 0.84745 0.89908 -0.7256
0.30495 -1.1169 -0.80738 -0.80838 -0.55421 0.62818 1.8348 0.085491 -1.4554 -0.71225 -1.6658 -1.0664 1.0734 0.29113 0.31584 0.01904 -0.0017843 -1.0669 -1.961 -0.91042 0.14469 -0.21977 2.8313 0.015278 0.10733 -0.16903 0.15814 1.0127 0.69226 -0.3259 -0.27587 -1.0576 -2.2195 -0.34846 0.43045 1.6608 1.3257 0.86582 -0.96649
0.92799 -0.78492 -0.46661 -0.37773 -0.514 0.89108 2.1089 1.3195 -0.87059 0.40959 -0.81131 -1.3877 1.0215 0.57166 0.83648 0.2275 -0.13382 -1.2307 -2.5974 -1.9799 -0.48144 -0.20001 3.0409 0.88269 0.67862 -0.55873 -0.26805 1.4625 0.96088 0.16417 0.46742 -0.33683 -1.816 -1.2117 0.38882 -0.39741 1.1892 0.75268 -1.2249
0.80915 -0.87513 -0.85722 -0.84546 -0.87286 -0.20073 1.5019 0.99475 -0.69363 1.58 -0.42217 -0.67168 0.84043 0.45605 1.3858 0.74195 0.29686 -0.88371 -2.5583 -2.5939 -1.0254 -0.059735 2.9663 1.6318 1.1366 -1.1719 -0.98635 1.3994 1.012 0.4665 1.0628 0.40866 -1.0292 -1.4706 0.33621 -2.221 0.48105 0.28886 -1.3126
1.1591 -0.40552 -0.39009 -0.60708 -0.92965 -0.66099 0.31239 0.70822 -0.6942 1.851 0.6866 -0.91435 0.76187 -0.20719 2.0227 1.0151 0.46203 -0.12516 -2.0072 -2.676 -2.0493 0.25145 1.1034 1.3415 1.2981 -1.6216 -1.6376 1.0389 1.0008 0.61664 1.6509 1.4603 0.20949 -0.7331 0.13608 -3.2602 -0.2613 -0.31934 -0.98318
0.9768 -0.11805 -0.23688 -0.62928 -1.364 -1.7194 -0.73523 -0.94168 -1.0743 1.5564 0.18846 -0.51422 0.35373 -1.1773 2.1407 1.3566 0.55069 0.51599 -1.5217 -2.5712 -2.1117 0.21397 -0.37762 0.84312 0.41103 -1.8676 -1.7198 0.13386 0.48173 0.25277 1.7276 2.1607 1.2114 0.30517 0.37559 -2.7419 -0.69164 -0.62059 -0.33135
0.76726 0.64617 0.34618 0.028086 -0.89042 -1.94 -0.8892 -1.2734 -0.78915 2.2543 0.80403 0.20366 -0.22999 -1.6963 2.2548 1.6323 0.86205 1.3882 -0.46002 -1.5773 -1.4676 -0.081005 -1.4097 0.71132 0.40074 -1.8813 -1.0538 -1.2567 -0.29363 -0.047275 1.1317 2.3145 2.0699 1.4856 0.59709 -1.0282 -0.76286 -0.5127 0.54049
-0.019241 1.1891 0.049333 -0.32984 -0.35488 -1.349 -1.0096 -1.6742 -0.89095 0.33054 -0.061527 0.37307 -0.67571 -2.0389 1.5034 1.2585 0.55952 1.8327 0.60349 -0.76948 -0.71838 0.84538 -0.92964 0.44036 0.32343 -1.6054 0.21777 -2.4148 -1.1669 -0.58422 -0.15515 1.6533 2.1962 1.6699 0.62662 0.52853 -0.9051 -0.23218 1.4903
-0.50258 1.2055 0.82936 0.045268 0.02028 -1.2211 -1.1846 -0.49959 -0.28919 0.42098 0.73137 -1.681 -0.79982 -1.7613 0.17515 0.56431 0.37595 1.4907 1.1467 0.47608 0.27026 1.1213 -0.56603 -0.11935 0.3025 -0.83529 1.307 -3.0774 -1.5297 -1.1679 -1.324 0.62261 1.4402 1.447 0.41436 1.4737 -0.86117 0.10093 2.1332
-0.7943 1.5302 0.81657 0.15084 0.55748 -0.92166 -0.686 -0.92227 -1.186 0.19787 1.1726 0.29894 -0.96119 -0.73419 -0.98448 -0.10147 -0.26205 0.14992 0.68332 0.70205 0.41331 0.85794 0.16852 -0.71474 -0.00081135 0.13979 2.0332 -2.487 -1.2465 -1.5726 -1.8704 -0.29324 0.42947 0.84552 -0.38978 1.0568 -0.70677 0.67062 2.2729
-0.89392 0.92074 0.73712 -0.13874 0.654 -0.066244 -1.1999 -1.0256 0.87203 1.5804 1.0184 -0.22782 -0.88987 0.11385 -1.8097 -0.29965 -0.84178 -0.43682 0.62537 0.5081 0.90368 0.72977 0.77803 -0.5883 0.78878 0.86844 1.9099 -1.1702 -0.41297 -1.7831 -1.7361 -0.77679 -0.79934 0.1928 -0.77686 0.19749 -0.26679 0.36487 1.7438
-0.81719 -0.10771 0.13872 -0.0099128 -0.12058 -0.55101 0.40652 -0.83645 0.11702 0.98719 -0.59537 0.35666 -0.52423 0.85413 -1.7938 -0.43757 -1.6806 -0.96925 0.31618 0.0588 0.66979 0.23651 0.35488 -0.86478 1.4809 1.4024 1.1167 0.58812 0.70553 -1.1402 -0.94243 -0.59068 -1.1941 -0.15087 -1.3324 -0.97807 0.55556 0.49665 0.63502
0.11004 -0.099134 0.15567 -0.58767 -0.99783 -1.3153 -0.31029 -0.84842 -0.16505 1.8314 -0.43456 -0.31886 -0.061407 1.0429 -1.4372 0.028633 -2.1455 -1.4454 -0.10115 -0.7615 0.50967 -0.15323 -0.3108 -0.62205 0.33179 1.4946 -0.010518 2.3458 1.6672 0.14596 -0.057267 -0.097708 -1.2396 -0.7909 -1.231 -1.3803 1.1425 0.31536 -0.82708
-0.22031 -0.53167 0.24912 -1.3469 -0.20405 0.0045472 -0.84681 0.32199 0.023343 0.74335 0.075793 0.97835 0.16085 0.90528 -0.15304 0.94199 -1.6746 -1.2446 -0.044852 -0.99448 0.27388 -1.4062 -1.1386 0.52226 1.2696 0.90463 -1.2696 2.8363 1.8957 1.9333 0.9569 0.72835 -0.366 -1.168 -0.65563 -1.2461 0.98461 0.030095 -2.0824
0.30611 -0.18878 0.70791 -1.7877 -0.59548 -0.68744 -1.2093 -0.065258 -0.28721 0.74647 0.1282 0.81548 0.55537 0.06878 1.4212 1.8614 -0.57588 -0.41705 0.61514 -1.3856 -0.54607 -0.94998 -1.0796 1.2216 1.5625 -0.28802 -2.0961 2.3483 1.1996 3.3178 1.462 1.2679 1.153 -1.1044 0.37293 -0.41504 0.064054 -0.20961 -2.5507
0.070962 -0.079035 0.84348 -2.1104 -1.0785 -0.875 -1.8231 -0.94706 -0.68496 0.28113 0.24109 0.013356 0.38258 -1.0503 1.6747 1.8875 1.046 0.43911 1.2765 -0.34075 -1.2227 -0.70589 -1.6139 0.37153 0.9454 -1.2437 -2.1733 1.0192 -0.26373 3.547 1.6489 1.1663 2.0889 -0.22733 1.4297 0.14348 -1.1727 -0.95477 -2.1648
0.06628 0.66921 1.5729 -1.3089 -0.99133 -0.11812 -1.4651 -0.6845 -1.3169 0.20881 1.4114 2.1186 -0.16419 -1.9277 1.7045 1.6078 2.5173 0.65157 1.5424 1.1712 -1.032 0.23011 -0.87105 -0.40109 0.079442 -1.764 -1.2578 -0.23042 -1.6064 2.4421 1.6987 0.28152 2.2392 1.0154 1.3333 0.57499 -1.5575 -1.1137 -1.0887
-0.76614 1.6981 1.9405 -0.29535 -0.55317 0.33579 -1.3723 -1.6398 -0.74707 0.13678 0.748 2.1359 -1.0151 -2.1904 1.467 0.6201 3.2177 1.5359 1.6102 1.8172 0.02375 0.86846 -0.99553 -1.2247 0.060151 -2.0347 -0.010672 -1.0503 -2.2279 0.87457 1.3832 -0.72128 1.4122 1.4906 0.7968 0.94869 -1.2596 -1.3741 0.17931
-1.3321 1.0371 1.7257 0.40908 0.12668 1.1192 -0.55068 -1.809 -0.69683 -0.73627 -0.49352 0.32141 -1.1428 -1.7304 1.1301 -0.24804 2.7728 2.4495 0.95042 1.9195 0.88367 0.93314 -0.33385 -1.3797 -0.27347 -1.7421 1.4291 -1.8591 -2.2531 -0.5492 0.35272 -1.2296 0.42717 1.2753 -0.47374 0.55286 -0.38851 -1.4445 1.3714
-2.307 1.019 1.7483 1.052 0.26636 1.826 1.0687 -0.37689 0.76704 0.10934 -0.50886 0.71191 -1.2282 -1.1687 0.15184 -0.98965 2.509 2.3203 0.2425 2.0516 0.84586 0.53093 -0.12829 -1.8873 -1.6938 -0.95075 2.2316 -1.7992 -1.5261 -1.5643 -1.3375 -1.6436 -0.41105 0.46711 -1.2307 0.45131 0.78509 -0.97382 1.9556
-1.5711 1.505 1.034 1.2427 0.79055 0.67787 0.42206 -0.044108 0.24191 -0.74269 -1.3227 1.0219 -1.4903 0.25411 -0.84393 -1.4355 1.8795 0.96636 -0.032461 1.8938 1.1422 -0.57507 -0.29121 -0.91356 -2.0043 0.022572 2.1058 -1.1437 -0.5412 -1.7669 -2.4217 -1.4677 -1.069 -0.27095 -1.436 -0.37933 1.3353 -0.16633 1.6683
-1.4284 1.5539 0.87318 0.66122 1.6944 0.22613 0.18434 -0.042857 -0.39802 0.32468 -0.43371 0.62391 -1.6123 1.0216 -0.64854 -1.3921 0.83058 -0.41609 -0.91351 1.0304 0.82408 -0.87796 -0.19342 0.26418 -1.0647 0.40375 1.4323 -0.47265 0.092197 -1.8522 -2.3805 -1.0248 -1.258 -0.54298 -0.3662 -0.19258 1.3407 0.95171 1.0977
-1.5107 0.87602 0.94776 2.2292 1.2998 0.675 1.5299 -0.66121 -0.82171 -0.10453 -1.523 -0.54726 -1.259 1.1418 -0.44103 -0.96968 0.41058 -1.0572 -1.1654 0.34343 0.31209 -1.2769 -1.0323 0.46934 -0.91321 0.41339 0.79569 -0.3137 0.078994 -1.6738 -1.8125 -0.75411 -1.3966 -0.67966 0.97494 0.2572 0.57148 1.3772 0.69635
-0.48895 0.16626 0.47805 1.9581 -0.1403 1.1339 1.5607 -0.24536 -1.4071 -0.87109 -0.5134 -1.318 -0.76881 1.0861 -0.86267 -1.063 -0.11274 -1.4599 -1.0757 0.37044 0.12116 0.12475 -0.13928 0.35783 -0.2591 0.71762 0.65542 -0.68734 -0.45179 -1.5939 -0.82515 -0.73954 -1.5054 -0.10613 1.5874 0.88809 0.041746 1.3476 0.67155
-0.73826 0.69332 0.39718 0.95143 -0.49007 -0.38586 0.96068 -0.058505 -0.61945 -0.61541 0.16433 0.017598 -0.83932 1.7211 -1.2756 -1.463 -0.68125 -2.161 -1.3414 -0.50367 0.073892 0.87115 0.14188 0.29455 0.45058 1.0477 0.53294 -0.85356 -0.66708 -1.2152 0.1819 -0.9898 -1.4826 0.54568 1.5609 1.507 -0.28457 1.1784 0.76921
-1.1339 1.2608 0.76891 1.5438 -0.094374 -0.28835 1.0143 0.30527 -0.83256 -1.569 -0.44825 0.15199 -1.2401 1.967 -1.4149 -1.9155 -1.511 -1.527 -2.1889 -1.4863 0.69838 1.2308 0.86031 0.4484 1.0499 1.2265 0.29238 -0.85304 -0.22822 -0.48113 0.84278 -0.76232 -1.2924 0.89607 0.14737 0.88423 -0.35084 0.027787 0.80965
-0.083277 0.26786 -0.39633 0.88139 0.057751 -0.94941 0.87875 -0.25519 0.70715 0.47794 -1.0878 0.58175 -0.65946 1.7057 -1.6354 -1.6814 -1.0907 -0.66037 -2.4294 -1.6238 1.1141 1.2994 1.267 -0.19251 0.87989 1.4647 -0.40461 -0.66552 0.65586 0.083222 1.0618 -0.24624 -0.34619 0.7799 -1.0006 0.46932 -0.090665 -0.81708 0.7781
0.91434 -0.61531 -0.64415 0.49009 -1.2265 -1.1246 -0.21817 -0.37004 0.10031 0.51727 -0.092795 0.23636 -0.076559 1.6449 -2.1523 -1.3419 -0.77676 -0.51728 -1.9367 -1.5931 1.4095 0.18925 0.93177 -0.1601 -0.39866 1.8836 -1.1728 0.076437 1.9264 0.74645 0.5695 0.86217 1.0635 0.45206 -1.6034 -0.35474 0.32293 -0.98108 0.39686
0.85521 -0.91255 -1.072 0.55094 -0.79662 -2.4017 -0.34287 0.86773 0.14657 0.3856 -0.40527 0.28414 0.30097 1.1202 -2.0528 -0.62713 -0.8933 -0.53237 -1.9296 -1.1231 1.2888 -0.64462 0.96328 0.40614 -0.49216 2.0401 -1.7198 0.9984 2.4808 0.6109 0.15089 1.8103 2.2806 -0.21159 -0.92385 -0.66566 0.55237 -0.3834 -0.24897
0.81765 -0.9719 -0.73351 0.64192 -0.69883 -2.5422 -0.53484 1.5767 0.32153 0.35688 -0.63769 0.19128 0.56825 0.050521 -1.0716 0.85132 -0.25143 -0.44789 -0.87584 0.34779 1.5098 -1.0493 0.32713 0.86063 -0.26925 1.6123 -1.753 1.5368 2.4307 0.21546 -0.29163 2.8991 2.7117 -1.023 0.52077 -0.43372 0.52183 0.43791 -0.87067
0.59071 -1.1557 -0.50065 0.28563 -0.69529 -2.6152 -0.90995 1.5269 -0.83232 0.054036 -0.25331 -0.75542 0.82994 -0.7366 -0.44999 1.4632 -0.24101 -0.39416 0.33532 1.8708 0.60306 0.037011 0.30241 0.51028 0.042413 1.1769 -1.0686 1.3468 1.6388 -0.2575 -0.62076 3.5929 1.991 -1.5059 1.5687 -0.38798 0.063653 0.46192 -1.0887
0.4518 -1.2296 -0.1253 0.30635 -0.68727 -2.9057 -0.0096468 1.0333 -1.1483 0.75244 0.067771 0.025153 1.0122 -0.72865 -0.29866 1.7686 -0.70793 -1.1758 2.2155 2.2182 -0.3709 0.88009 0.42937 0.93423 0.25482 0.83581 -0.21239 0.71864 0.31467 -1.0259 -0.82327 3.1293 0.21321 -1.5656 1.9357 -0.41653 -0.48378 0.27332 -0.95255
0.3995 -1.0975 0.4135 0.64737 -1.1085 -1.5755 1.7014 1.5982 -0.19743 1.1492 0.61411 0.48229 1.1736 -0.50285 -0.11218 1.7166 -1.1281 -1.42 3.077 1.8402 -0.88335 1.5356 0.16491 0.51406 0.21608 0.57858 0.30525 0.41132 -0.40413 -1.3426 -0.3982 1.9384 -1.7593 -0.81219 1.1838 -0.84859 -0.90702 -0.1681 -0.78979
0.016123 -1.1836 0.47733 0.1112 -1.7026 -0.7773 2.2207 0.51311 0.89019 0.54458 0.10515 0.19715 1.191 -0.46614 0.0024936 1.2643 -1.665 -1.594 3.4585 0.78438 -0.98178 2.0865 -0.4048 -0.19334 0.22531 0.29305 0.27859 0.36803 -0.85925 -1.3048 0.62414 -0.020995 -2.9863 -0.3539 0.13559 -1.128 -1.3053 -0.43789 -0.63925
0.14358 -1.3057 0.61388 -0.47088 -2.0207 0.98365 1.6572 0.78748 1.2825 0.81667 0.82684 0.33066 1.1904 -0.29249 0.112 1.0267 -2.194 -0.98889 3.2432 -0.84913 -0.78283 1.8025 -0.88976 -0.90333 -0.27165 0.10631 0.30901 0.40012 -0.78933 -0.79632 1.4385 -1.4251 -3.0946 0.20845 -0.63606 -0.77559 -0.78598 -0.24356 -0.48439
0.35578 -1.0786 1.0382 -0.78941 -1.9298 1.1508 0.92267 0.44913 1.2464 0.31191 -0.24951 -0.20472 1.2515 -0.30868 0.2271 0.64719 -2.5379 -0.13831 2.0818 -2.2739 -1.1736 1.0015 -1.1755 -1.2051 -0.38645 -0.014385 0.44167 0.55642 -0.59898 0.23551 1.7578 -2.4494 -2.1032 0.58749 -0.96029 -0.26156 0.18197 0.36575 -0.31226
-0.099373 -1.1794 0.65665 -1.5645 -2.3166 1.4674 0.17433 0.19512 1.1744 -0.28277 -0.5 -0.14775 1.164 0.00087315 0.46874 0.67832 -2.1322 0.74369 1.1493 -2.6793 -0.38776 0.77679 -0.9224 -0.69282 0.03753 -0.09101 0.50413 0.54764 -0.91817 1.2009 1.0962 -2.6924 -0.7945 0.74209 -0.8164 0.094276 1.3001 1.0163 -0.29905
0.14288 -1.0124 1.1495 -1.8111 -1.5141 1.5898 -0.30446 0.39779 1.3569 0.076705 -0.97213 -0.012471 1.1812 0.21954 0.78711 0.41692 -1.2645 1.0735 0.018055 -2.41 -0.0030635 0.6442 -0.89913 0.10478 0.84268 -0.13925 0.73276 0.47098 -0.88218 1.8503 0.27086 -2.3064 0.32199 0.59696 -0.5844 0.29203 1.6566 1.0295 -0.32216
-0.16132 -0.8565 0.9743 -2.2091 -1.3736 1.2998 -0.86399 -0.50383 1.4926 -0.44976 -0.76963 -0.040049 1.1672 0.39343 0.77984 -0.42515 -0.64794 0.60806 -0.65637 -2.3309 0.1249 0.31614 -0.87266 1.2895 1.2271 -0.33978 0.61424 0.17834 -0.93759 1.9122 -0.62812 -1.8177 0.93559 -0.44827 -0.72963 0.21668 1.3279 0.63561 -0.36377
0.28766 -0.6887 1.2724 -2.1719 -0.98636 1.4312 -1.2853 0.59169 2.237 -0.3057 -0.041765 0.40794 1.0784 0.87577 0.88708 -0.30659 0.080868 0.47178 -1.2415 -1.8141 -0.23424 0.034736 -0.67498 1.4309 1.1595 -0.43778 0.55466 -0.16788 -0.58422 1.8402 -1.0563 -1.1447 1.3938 -1.2395 -1.0978 0.35802 0.53173 -0.026684 -0.35188
0.59871 -0.30449 1.0106 -1.5771 -1.1079 0.93231 -1.5539 0.89803 1.7793 -0.44251 1.0265 1.5269 1.0714 0.83022 0.72922 -0.56013 0.66822 -0.22185 -1.5541 -1.143 -1.2179 -0.40847 -0.65015 1.5528 1.2076 -0.56019 0.30286 -0.40657 -0.13341 1.7414 -0.94528 -0.61187 1.8568 -1.6014 -1.2896 0.64897 -0.39412 -0.68176 -0.22285
0.54276 -0.41357 0.087347 -1.8093 -1.8597 0.15809 -2.461 0.14529 1.1687 -1.128 1.1966 0.94941 0.77431 1.0464 0.52535 -0.51195 1.42 -0.63938 -1.6367 -0.27344 -1.8984 -1.226 -0.36155 1.1412 0.81525 -0.62729 -0.12606 -0.58728 -0.11105 1.293 -0.54577 0.033311 1.8761 -1.0195 -0.99408 0.54746 -0.90116 -0.55039 -0.14886
0.94548 -0.22039 0.86634 -1.6317 -1.3585 -0.14369 -1.9336 -0.59516 1.2705 -0.76191 0.53086 0.96383 0.72787 0.87899 0.26169 -0.54849 1.8457 -0.74086 -1.5889 0.53481 -2.3512 -1.6727 0.16397 0.57829 0.011265 -0.62412 -0.331 -0.37278 0.019174 0.87666 0.32716 0.6241 1.3598 0.29289 -0.30228 0.54766 -1.4263 -0.3579 -0.088977
0.80316 -0.25987 0.72893 -1.1299 -1.6155 -0.3987 -1.5632 -1.8579 1.0567 -0.67144 1.0832 1.5092 0.6286 0.61423 0.10994 -0.50022 1.8419 -0.36943 -1.1755 1.0209 -1.7837 -1.3564 -0.078666 -0.046409 0.64051 -0.65926 -0.70218 0.039511 -0.52753 0.30523 0.83707 0.87973 0.2675 1.2128 0.49399 0.42701 -1.4789 -0.35642 -0.19435
1.2498 -0.25577 0.57342 -0.36454 -1.9746 -0.67825 -1.0865 -2.204 0.038802 -0.75461 1.1033 0.99905 0.52103 0.42306 0.29624 -0.53126 2.0517 0.29871 -0.65672 0.87388 -0.70254 -0.97142 0.21216 -0.96608 0.57473 -0.69594 -0.771 0.46022 -0.88913 -0.30516 1.0832 0.80354 -0.76472 1.4599 0.8884 0.23723 -1.3526 -0.74163 -0.32964
1.3373 -0.31519 0.48088 0.069862 -1.7693 -0.76118 -0.73013 -1.4123 0.14687 0.14247 1.2025 0.54834 0.43872 -0.048148 0.57894 -1.42 1.8748 0.52227 -0.5077 0.084507 -0.26542 -0.59902 0.3923 -1.3142 -0.18364 -0.92207 -0.63038 0.62193 -0.89158 -0.70785 1.114 0.47714 -1.0517 0.78231 1.037 0.47776 -0.88232 -1.2299 -0.27155
1.0637 -0.16433 0.053193 0.017587 -1.6003 -0.81974 -0.80148 -1.1282 0.20457 -1.3832 0.75763 3.0181 0.24942 -0.24195 0.82416 -1.606 1.2798 0.98985 -0.46691 -0.48847 -0.14677 -0.27841 0.35127 -1.7394 -1.0881 -1.0532 -0.25172 0.32882 -0.30797 -1.0014 0.83433 0.18323 -0.60937 0.16165 1.0058 0.70271 -0.048656 -1.0144 0.016165
1.0396 0.084659 -0.1297 0.33347 -1.1301 -0.67354 -1.6141 -1.079 0.27234 -0.49674 -1.029 1.004 -0.020291 -0.24049 0.92204 -1.4845 0.94784 1.5236 -0.41084 -0.35081 -0.48625 0.36976 0.72471 -1.5831 -1.0464 -0.94245 0.15666 -0.27466 0.61044 -0.94489 0.27887 0.094034 0.13637 0.1876 0.75781 1.0585 0.68036 -0.63482 0.53675
0.7594 0.52707 -0.63623 0.59359 -0.90334 -0.98899 -1.776 -2.0269 0.55942 0.17853 -0.72263 0.21234 -0.30912 0.045357 0.69486 -1.0234 0.70254 1.474 -0.38263 -0.096086 -0.28831 0.55392 1.3399 -0.93246 -1.0678 -0.65891 0.34468 -0.97671 1.0654 -0.79223 -0.64507 0.073059 0.66877 0.56239 0.31368 0.5828 1.2921 0.56299 0.99813
0.79165 0.51801 -0.80376 0.41575 -0.83117 -1.2068 -1.7957 -2.4028 0.11887 -0.31488 -0.63897 -0.34525 -0.4473 0.10365 0.17223 -0.66625 0.45332 0.83858 -0.39027 0.15932 0.16232 0.49451 1.8578 -0.22475 -1.485 -0.20821 0.34371 -1.4523 1.2729 -0.76035 -1.4509 0.1657 0.73329 1.0434 -0.31794 -0.42213 1.2359 1.4663 1.2768
1.2799 0.56117 -0.69066 0.89613 -0.19843 -1.1876 -0.74844 -2.2411 0.66342 0.5396 -0.52572 0.38646 -0.29678 0.23563 -0.48395 -0.1925 0.093901 0.031832 -0.35595 0.56881 0.65377 0.27326 0.85422 0.4118 0.30987 0.27431 0.003396 -1.4101 1.0401 -0.77865 -1.7597 0.16119 0.62568 0.79316 -0.56068 -1.1213 1.0634 1.7543 1.2981
1.3528 0.26543 -0.41913 0.7047 -0.25526 -1.139 -0.86619 -0.82889 0.97809 1.5359 -0.034901 0.56618 -0.16892 0.31219 -0.99234 0.2772 -0.12315 -0.67712 -0.13367 0.75529 1.1531 -0.14967 0.15638 0.45226 1.3062 0.75892 -0.30286 -0.95934 0.76155 -0.98107 -1.6486 0.4008 0.37536 0.14146 -0.44586 -1.2412 0.83805 1.0248 1.0169
0.86283 0.0058022 -0.79117 0.47493 -0.96832 -1.2609 -1.2665 -0.91902 0.66866 0.90966 -0.42503 0.22984 -0.005853 -0.052191 -1.1538 0.28425 -0.41774 -1.3111 -0.22866 0.83399 0.81392 -0.27328 0.07094 1.0595 1.1719 1.0615 -0.4718 -0.36956 0.45582 -1.0551 -1.1191 0.89805 0.26662 -0.36987 0.36341 -0.4493 0.53644 -0.744 0.54721
1.2015 -0.32004 -0.46033 0.48411 -1.2228 -1.2571 -1.026 -1.0515 0.44777 0.16693 -0.52605 1.2618 0.15228 -0.32265 -1.1459 0.39869 -1.0666 -1.8095 0.26613 0.76519 0.34471 -0.14996 -0.094456 1.2891 0.21495 1.1247 -0.34173 0.1524 0.3034 -0.98869 -0.077425 1.3208 0.44584 -0.21924 1.1624 0.27536 0.30886 -1.7715 0.041113
1.1803 -0.44753 -0.39406 0.4711 -1.5548 -1.1848 -0.48655 -1.0757 0.042338 0.11112 0.15752 1.7622 0.48306 -0.33542 -1.0423 0.52764 -1.3445 -1.6561 1.0727 1.0896 0.27284 0.98771 0.11763 1.1717 -0.66087 1.0202 -0.16949 0.41179 -0.081406 -0.75373 0.91314 1.3624 0.57995 0.42629 1.2515 0.52569 -0.34438 -2.0589 -0.36659
0.81078 -0.61293 -0.539 0.032541 -1.8693 -1.6318 -0.12151 -1.4934 0.17083 0.63397 1.3527 0.80568 0.72751 -0.18965 -0.78238 0.67593 -1.4493 -0.66308 1.6166 1.5038 0.94709 1.5454 0.62718 1.0769 -1.4125 0.84881 -0.079177 0.5538 -0.53162 -0.17606 1.5635 0.92734 0.6662 1.0736 0.61361 0.43213 -1.0001 -1.496 -0.61672
0.95317 -0.68691 -0.11324 -0.54605 -2.053 -0.25961 0.14585 -1.0754 1.1137 1.2843 1.1281 0.099141 0.85146 -0.43766 -0.62219 0.0084865 -1.5897 -0.049852 1.573 1.6033 1.3587 1.3843 0.67275 0.41824 -2.242 0.57626 -0.0057795 0.62282 -0.87548 0.45034 1.6331 0.23187 0.51243 1.2331 -0.79671 -0.15432 -1.4694 -0.43033 -0.69062
0.81762 -0.98028 -0.010919 -0.84879 -2.1777 0.71564 0.22407 -0.051069 2.7118 1.4304 0.82616 -0.56591 0.79946 -0.42037 -0.39748 -0.24821 -1.2593 0.53031 1.698 1.8157 1.9739 0.87061 0.41553 -0.51494 -2.0614 0.29863 0.002411 0.58771 -1.0914 1.0039 1.2117 -0.70193 0.31266 0.69513 -1.8861 -0.6811 -1.3767 0.77662 -0.62871
0.85038 -0.82839 -0.11576 -0.86818 -1.3106 0.70805 0.89395 0.29332 1.8357 0.9918 0.67069 -0.87418 0.88111 -0.23063 -0.1572 -0.50437 -0.6184 1.0301 1.4434 1.9403 2.2583 -0.30017 -0.086513 -1.2393 -1.206 0.12171 0.25684 0.61784 -0.85823 1.3563 0.64916 -1.4038 -0.0079145 -0.071277 -2.0999 -0.6315 -0.73441 1.6886 -0.4844
0.63075 -1.0199 -0.80953 -1.1491 -1.368 0.19515 1.3525 0.26049 1.1223 0.72066 0.22384 -1.062 0.84221 -0.2883 0.0021165 -0.93063 -0.10956 1.2322 0.38669 1.9511 1.894 -1.4345 -0.28899 -1.0985 -0.31132 0.007676 0.55799 0.61409 -0.58047 1.2482 -0.11483 -1.9145 -0.78896 -0.65113 -1.3478 -0.2702 0.032351 1.8074 -0.49176
0.57718 -0.81543 -0.60675 -0.86732 -1.2191 1.0462 2.1422 1.2388 0.87537 1.0445 -0.010317 -0.84495 0.90546 -0.019519 0.24702 -1.1149 0.30011 0.90259 -0.34836 1.5244 1.2253 -1.7164 -0.17797 -0.89 0.38255 -0.10158 0.7862 0.86167 0.17303 0.93117 -0.61241 -1.8424 -1.6339 -0.78195 -0.32318 -0.14974 0.75963 1.6543 -0.71295
0.70627 -0.78356 -0.74307 -0.74936 -0.91401 0.88299 2.2943 1.3707 0.26785 0.92347 -0.30457 -0.86272 0.88616 0.52557 0.46294 -0.9329 0.55001 0.36036 -0.91611 0.48471 1.1291 -1.158 -0.065578 -0.61328 0.88896 -0.42555 0.52631 1.1751 1.0222 0.74734 -0.63242 -1.4685 -2.2842 -0.93428 0.53421 -0.57311 1.0502 1.4008 -1.0904
0.59768 -0.81549 -0.93534 -0.80582 -0.79563 0.40586 2.4953 1.4413 0.24326 1.0942 -0.20809 -0.38379 0.80118 0.84384 1.1022 -0.20559 0.74521 0.2312 -1.2837 -0.51802 1.0114 -1.1088 -0.49963 0.18441 1.6229 -0.87317 -0.32688 1.0614 1.4553 0.70857 -0.11989 -0.74726 -2.1693 -1.0765 0.57408 -0.94345 0.8031 0.85826 -1.246
0.92168 -0.63589 -1.2522 -0.48979 -1.1116 -0.037709 2.0905 1.2511 0.68464 1.0053 -0.28428 -0.24041 0.66857 0.27184 1.6053 0.3635 1.0278 0.29282 -1.841 -1.4913 0.059519 -0.67958 -1.2219 0.66582 1.9748 -1.4591 -1.2369 0.79593 1.3488 0.72413 0.48217 0.077335 -1.3844 -1.4389 0.21641 -1.0213 0.18298 0.16556 -1.065
1.5869 -0.27801 -1.1886 -0.35093 -0.999 -0.89645 1.3449 1.8101 0.061551 0.72023 -0.20717 0.15765 0.31303 -0.50813 1.5104 0.7258 1.3508 0.69249 -1.2634 -1.7264 -0.47283 -0.81646 -1.3866 0.23176 1.6271 -1.7016 -1.5499 0.083962 0.47298 0.48495 0.61312 0.9635 -0.27902 -1.3352 0.38059 -0.54637 -0.69636 -0.66392 -0.45841
1.3933 0.48805 -0.57837 -0.25618 -1.0483 -0.9838 0.90306 1.928 -0.65402 -0.020784 0.76631 1.2657 -0.16754 -1.1283 1.6352 0.90829 1.565 1.0971 -0.79718 -1.6147 -1.1041 -0.88627 -1.5546 -0.23138 1.246 -1.8208 -1.0395 -0.81869 -0.52827 -0.15913 0.4893 1.7655 0.47976 -0.50748 0.90319 0.022501 -1.0486 -1.5009 0.47151
0.27215 0.94595 -0.05794 0.47741 -0.55473 -1.2808 0.35672 0.8426 0.21356 -0.5712 0.71973 1.4641 -0.69958 -1.3755 1.2348 0.33222 1.3605 1.0599 -0.057467 -0.99776 -1.1695 -0.25645 -1.3769 -0.88385 0.63611 -1.4715 0.044574 -1.3874 -1.3818 -0.99829 0.22263 1.4974 0.66523 0.40209 1.5038 0.45773 -0.84379 -1.7073 1.2122
-0.14856 0.29116 -0.40506 0.71559 0.102 -0.41364 0.52484 0.57415 -0.87195 -0.32241 -0.75438 0.61531 -0.71591 -1.2525 0.33279 -0.34046 0.73836 1.0909 0.76937 -0.91291 -0.65917 0.84329 -1.2058 -1.0633 -0.60673 -0.77391 1.184 -1.8867 -1.7655 -1.7366 -0.17578 1.1521 0.53001 1.2795 1.2052 0.32551 -0.27752 -1.233 1.8152
-0.27631 0.99865 -0.44061 0.89296 0.14421 -0.92723 0.51226 -0.021793 -0.51262 -0.6232 -0.67203 1.0588 -1.0215 -0.36176 -0.23027 -1.0091 -0.04286 1.1409 0.6769 -0.77185 0.10113 1.3328 -0.72558 -1.1914 -0.94914 -0.16689 1.6432 -1.5791 -1.0284 -1.595 -0.40565 0.55639 0.24125 1.1638 0.22437 -0.12705 0.65739 -0.23828 1.6865
0.20918 0.72421 -1.2839 0.77254 -0.42449 -0.29354 0.71344 0.55536 0.63425 -0.6774 -1.3268 0.60237 -0.75023 0.59554 -0.88571 -1.4361 -0.87964 0.70034 0.9283 -0.68675 0.85447 0.73094 -1.2923 -0.67875 -0.48598 0.60923 1.4229 -1.1222 -0.061838 -0.99276 -0.40744 0.13029 0.26538 0.52178 -0.99288 -0.21455 0.96782 0.98288 1.227
0.311 0.12758 -1.1306 0.13624 0.23827 0.2562 -0.46022 1.6692 1.0991 -1.1624 -0.58974 -0.52788 -0.50021 0.7963 -0.87854 -0.8753 -0.71999 0.43636 0.86738 -0.63471 0.43068 0.23362 -1.5926 0.36664 0.10218 0.70072 0.4658 -0.33565 0.96405 -0.067608 -0.22767 0.0034053 0.21658 -0.84935 -1.5571 0.15576 0.76819 1.1795 0.43087
0.5958 0.493 -1.1683 -0.12255 0.57102 -0.52099 -0.19811 1.5649 0.86951 -0.88898 -0.68494 0.64925 -0.56923 0.84943 -1.2772 -0.51105 -0.72001 0.62069 0.89994 -0.45814 0.21768 -0.62801 -1.1949 0.27909 0.9121 0.87562 -0.25118 0.45812 1.1546 0.58158 -0.3371 -0.26839 0.20791 -1.9568 -1.0178 1.1017 0.038007 0.52055 -0.36741
0.64284 -0.43166 -1.5928 -0.27136 0.31249 0.47626 -0.24105 1.3119 -0.050976 -2.5239 -0.7761 0.94939 0.06401 0.38912 -0.61115 0.17778 -0.24123 0.71995 0.68507 -0.45827 -1.3479 -1.1464 -0.50393 0.01464 0.80179 0.43109 -0.89821 1.2109 1.2796 0.80666 -0.49362 -0.36304 0.069136 -1.895 -0.5543 1.5779 -0.20123 -0.6074 -1.0144
0.5322 -0.19921 -1.0617 0.51371 0.41303 0.67259 0.036494 0.19152 -0.80131 -2.0935 -0.092479 0.82988 -0.30973 0.32627 -0.22607 0.012381 -0.059838 -0.12234 0.51685 -0.36404 -2.2924 -0.65022 0.20406 -0.41411 0.2554 0.11942 -1.3724 2.0202 1.5665 0.86415 -0.46316 -0.88075 -0.2176 -0.98933 0.16992 1.9264 0.37655 -1.8042 -1.5296
0.91531 -0.41194 -1.2445 -0.075116 0.63473 0.37294 -0.032428 0.75546 -0.40786 -1.5415 -0.81295 2.1943 -0.016635 -0.63389 0.68846 1.0516 0.41744 -0.18792 0.3834 -0.54226 -2.2239 -0.89168 0.63962 0.27886 -0.80413 -0.64466 -1.5353 1.9104 1.646 0.56746 -0.14313 -1.1621 -0.032708 0.54095 0.1737 1.206 0.47614 -1.8353 -1.4204
0.5204 0.25755 -0.96322 0.2745 0.609 0.77622 -0.57317 -1.104 -0.058047 -0.96209 -1.3194 0.286 -0.42587 -1.2242 1.5623 1.7309 0.52247 0.14012 -0.57063 -0.83748 -1.3986 -0.43127 1.8172 0.97577 -1.9874 -1.1851 -1.6247 1.412 1.7605 0.54337 0.18857 -1.2144 0.22498 1.585 0.043074 0.49061 0.58473 -1.2592 -1.0463
0.85074 -0.11104 -1.3649 -0.29884 -0.10492 0.60161 -1.0047 -0.98779 0.55718 -0.96898 -1.0124 -0.23655 -0.36388 -1.7276 1.7945 2.1332 0.50118 0.29808 -0.90661 -0.28125 -0.71398 -0.92414 0.92523 0.36621 -1.8433 -1.3298 -0.85584 0.23467 0.7962 0.48205 0.24636 -0.73595 0.69819 1.8481 0.32835 -0.038612 0.24891 0.47741 -0.15797
-0.67881 1.3246 0.30996 0.7175 0.46018 0.24341 -0.58572 -0.95436 -1.5373 -0.96243 0.50092 -0.03708 -1.3352 -2.1873 1.6605 2.482 0.88814 0.011364 -1.0691 -0.050216 0.17241 -0.56569 0.95824 0.82613 -1.8037 -1.3156 -0.015023 -0.71013 -0.23047 0.43312 0.0055389 0.1406 0.89092 1.1305 0.58179 -0.473 0.23132 1.6441 0.58038
-0.72587 1.1657 0.27101 0.59575 0.77071 -0.52782 -1.2232 -0.17093 -0.73123 0.21856 0.9998 -1.6908 -1.1424 -1.7643 1.0471 2.0386 1.1132 0.36944 -0.72421 0.43399 0.74948 -0.18085 0.97568 0.9034 0.10623 -0.8483 0.86703 -1.2384 -1.2687 0.046952 -0.29746 0.79346 0.49872 0.2384 1.3715 -0.28263 0.15154 1.4666 1.037
-1.0734 1.5098 0.87839 0.80941 0.88808 -0.50159 0.28371 -0.69483 -1.91 -1.3572 -1.1022 -0.21223 -1.5072 -1.2339 0.71306 1.3864 1.0063 0.1129 -0.41718 0.55176 0.15839 0.35181 0.88563 1.2184 0.44579 -0.44067 1.2345 -1.1603 -1.9638 -0.26426 -0.037563 1.3466 0.53674 -0.51359 0.84758 -0.7591 -0.48832 0.92182 0.95543
-1.4197 1.2117 0.90928 0.84739 0.1774 -0.7081 -0.59558 0.53517 0.14298 0.3014 0.15754 -0.64923 -1.2634 -0.57067 0.13359 0.51504 0.53137 -0.35383 0.20487 0.3975 -0.24591 1.3645 0.41144 0.50691 0.073895 -0.0066567 1.0819 -0.88004 -1.9166 -0.47654 0.040626 1.367 0.26142 -0.4483 0.49899 -0.62675 -0.77484 -0.21356 0.62995
-0.99964 1.1338 0.55623 1.4564 0.91756 0.34625 -0.18175 -0.72297 -0.014991 0.33269 0.38575 0.78485 -1.204 -0.45828 0.11728 -0.11013 0.70375 0.29475 0.91436 1.0221 -0.40946 0.35235 -0.20141 -0.037639 0.13108 -0.11433 0.79543 -0.55347 -1.3582 -0.27084 0.46513 0.84841 0.25997 0.066164 -0.29439 -0.97728 -1.2242 -0.061853 0.22067
-0.91894 1.2412 0.45107 0.91167 -0.015997 -0.28362 -0.28145 -1.0808 -0.060091 -0.029377 1.9675 -0.28615 -1.1553 -0.11366 -0.17123 -0.4864 0.40406 0.35758 1.0953 0.71441 0.087589 0.80661 0.3251 -0.15697 -0.15898 0.057832 0.20531 -0.28823 -0.42198 -0.085874 0.59125 0.10599 0.029762 0.73253 -0.72225 -0.5124 -1.0983 0.041448 -0.039811
-1.6014 1.6347 1.1113 1.2354 0.36431 0.28818 -0.18118 -0.85312 0.061837 -0.4749 0.46533 -1.2053 -1.4363 0.036431 -0.087096 -0.43184 0.58271 0.69032 0.67543 0.90608 0.09983 0.018505 -0.92129 -1.1204 0.45249 -0.098747 0.014448 -0.4417 0.40819 0.16291 0.3339 -0.47006 -0.44301 0.56132 -0.80284 0.1922 -0.79057 0.56447 0.09501
-1.3661 1.2793 0.093103 1.5404 1.6947 0.85348 1.1734 -0.36971 -1.2881 -0.59533 -0.7039 -0.93466 -1.4168 -0.43093 -0.25901 -0.043224 0.4402 0.63526 0.50575 0.51801 0.97283 0.056311 -0.20871 -1.3473 0.016451 -0.08268 -0.006298 -0.50863 1.1105 0.33197 -0.28333 -0.77533 -0.44978 -0.25046 -1.2781 0.44431 0.11607 0.81259 0.18334
-1.1164 1.0039 0.46665 1.1393 0.67987 0.92373 0.64814 0.10633 0.60075 0.22326 -0.8642 0.27553 -1.2268 -0.27211 -0.59848 0.36777 0.98533 0.82502 0.33811 0.25808 0.27054 -0.91015 0.40401 -1.1653 1.2251 0.11667 0.013591 -0.38688 1.3674 0.011452 -1.0913 -0.66982 -0.6757 -1.0006 -0.83302 0.81803 1.2105 0.27177 0.27076
-1.1317 1.1377 0.40384 1.8845 0.95956 0.052124 0.31337 -0.075637 0.17608 -1.2078 -0.48238 0.76544 -1.3257 0.029065 -0.79069 1.0134 0.8091 -0.28249 -0.1648 0.16294 -0.53825 -1.3252 0.47279 0.12477 1.1481 0.26089 0.11576 -0.0021666 0.67413 -0.35293 -1.0486 -0.34053 -0.28232 -1.587 -0.75886 0.10585 1.2967 -0.47413 0.080075
-1.7957 0.96694 0.73313 1.6223 1.2608 1.062 0.27599 0.21813 -0.24355 0.53504 -0.38505 -0.42431 -1.2977 -0.16764 -0.48629 1.3784 0.42313 -1.0491 -0.22532 -0.23375 -1.2219 -0.98926 0.24768 0.79547 0.46486 0.18871 -0.00038641 0.34225 -0.22581 -1.0746 -0.90187 0.07912 0.029128 -0.75424 0.10597 -0.46576 0.58163 -1.2925 -0.14763
-1.3593 0.69846 1.1806 2.2888 1.0581 0.25063 0.2843 -1.3713 -2.1344 0.37217 0.0012192 1.0331 -1.0777 -0.26476 -0.31617 0.60541 0.08512 -0.53996 0.15308 0.21598 -1.5597 -1.4531 0.046368 0.5128 -0.56329 0.016684 0.12244 0.4821 -1.5587 -1.1533 -0.17909 0.3028 0.24996 0.18886 0.97944 -0.93945 -0.24094 -0.8689 -0.31896
-1.3317 0.66566 1.9002 2.0125 0.10783 0.32186 0.91927 -1.3241 -1.6976 -0.21604 0.12639 -0.031566 -1.194 -0.1256 -0.24239 0.18788 -0.59815 -0.8634 0.31149 0.2928 -0.79136 -0.65107 -0.27559 -0.082183 -0.56651 -0.012578 0.30915 0.4695 -1.9554 -0.77424 0.54097 0.29105 0.2408 0.97819 1.5963 -0.984 -0.57467 -0.12907 -0.32637
-1.4514 0.81077 1.0588 1.5756 0.23116 0.73342 0.55144 -1.4575 -0.93089 -0.26997 0.19516 0.064577 -1.1989 0.23903 -0.077917 -1.053 -0.76847 -0.73832 0.10779 0.39283 -0.39394 0.46235 -1.0449 0.042398 -0.11013 -0.1808 0.27492 0.55621 -1.2576 -0.12882 0.90565 -0.1848 -0.21958 1.2562 1.88 -0.59381 -0.2538 0.93758 -0.19537
-1.5366 0.77693 0.59801 1.3675 0.61762 1.0926 0.77031 -1.6095 -1.0329 0.0063247 -0.36831 -0.56394 -1.315 0.16318 0.20756 -1.1318 -0.55058 0.13579 0.31686 0.15309 0.17195 1.2537 -1.0694 -0.22013 -0.010062 -0.26746 0.18088 0.58866 -0.14456 0.53467 1.1245 -0.53622 -0.17895 0.98781 1.0676 -0.063232 0.13731 1.0773 -0.070653
-1.5031 0.8096 0.83077 1.2319 0.17287 0.59526 0.5517 -0.43781 -0.9798 -1.125 -0.70852 -0.00086543 -1.2925 0.10908 0.42148 -0.88182 -0.16828 0.77985 -0.19947 -0.13938 0.505 1.3674 -0.6892 0.03247 1.1096 -0.18831 -0.039456 0.41101 1.0677 0.5415 0.6337 -0.5185 -0.16608 0.46501 -0.10923 0.60215 0.19635 0.5219 0.10447
-1.2076 0.7238 -0.26712 1.1795 0.40605 0.85215 1.0148 -1.1209 -0.32876 -0.55798 0.36826 0.17441 -1.418 0.28045 0.52655 -0.14277 0.075834 0.63719 -0.52681 0.21316 0.75557 1.0308 -0.59293 0.22852 1.0628 -0.12944 -0.24469 0.13165 1.3486 0.059704 -0.020996 -0.20382 0.07829 -0.043902 -0.83249 1.0274 0.27669 -0.37063 0.12664
-1.1367 1.0234 0.90921 1.983 1.1144 0.67944 0.58354 -1.5229 -0.57015 -1.1807 -0.30321 0.85001 -1.3478 0.10639 0.47463 0.27898 -0.095211 0.28325 -0.42993 0.042223 0.23957 0.33496 -0.17737 0.25289 0.44738 -0.072996 -0.54379 -0.086654 1.1645 -0.25529 -0.39551 0.36061 0.18269 -0.11825 -1.0376 1.1901 0.045547 -1.1997 0.081935
-1.46 1.2761 0.89171 1.5062 0.9382 0.039655 0.56407 -0.45118 0.51097 -0.72893 0.30721 1.3739 -1.3769 -0.29613 0.41088 0.5943 -0.4747 0.33917 0.047471 0.21968 0.18736 0.072471 0.57631 0.28012 -0.42541 -0.11065 -0.59524 -0.28713 0.28127 -0.44694 -0.44319 0.48717 0.10743 -0.084566 -1.3161 1.0338 -0.45161 -1.1724 0.019814
-1.1264 1.3235 0.60981 1.3685 0.80572 0.28966 1.1677 -0.37302 -0.074043 -0.87753 0.12174 0.57057 -1.3559 -0.62673 0.33243 0.74154 -0.35205 0.13045 0.16002 0.21895 0.51949 -0.26461 0.93212 0.1118 -0.60221 -0.059158 -0.27108 -0.32957 -0.20854 0.0458 -0.1774 0.36667 0.41708 0.31426 -1.2524 0.3227 -0.634 -0.62033 -0.0045954
-1.5172 1.0769 0.79946 0.99969 0.5088 0.66239 0.63962 -1.4164 -1.2608 -0.38973 -0.33749 -0.49601 -1.4075 -0.47401 0.10476 0.10856 -0.60249 -0.18075 0.056074 0.3392 0.415 -1.3422 0.76593 -0.6827 -0.81205 -0.10332 0.074438 -0.15664 -0.45146 0.56144 0.051651 0.095107 0.34963 0.13718 -0.73252 -0.31344 -0.36483 0.20946 -0.0081747
-1.8349 1.1902 1.159 0.71536 0.79435 0.996 1.1102 -0.2693 -0.38353 -0.12415 0.24237 -0.36037 -1.4817 -0.31502 0.061554 0.16745 0.055865 0.18362 0.22346 0.80252 0.74222 -1.5019 0.31058 -0.64621 -0.62062 -0.085081 0.36762 0.12922 -0.52467 0.7495 0.33588 0.024918 0.29823 -0.21774 0.15472 -0.60199 0.19106 0.67048 -0.022689
-1.8502 1.2589 0.76959 1.5699 0.98893 0.82516 1.14 -0.61356 -0.38443 0.54785 0.48264 0.35088 -1.4162 -0.31143 0.27865 0.11185 0.34399 0.41383 0.17728 0.61602 0.32967 -0.80471 0.27933 -0.13291 0.033503 -0.11219 0.38238 0.30115 -0.33117 0.70537 0.32465 0.061799 -0.037516 -0.69669 0.83132 -0.49683 0.66926 0.67323 0.0096897
-1.4939 1.2642 0.9783 1.0903 0.77294 0.083541 0.97326 -0.6376 -2.5086 -0.69099 -1.8909 0.16824 -1.4522 -0.015153 0.47119 -0.15471 0.53853 0.50624 0.13271 0.66814 0.088686 -0.23992 0.027657 0.26017 0.37533 -0.093874 0.27855 0.21382 -0.29048 0.016799 -0.010483 0.12016 -0.39546 -0.99049 0.95901 -0.24167 0.70288 0.21932 -0.0043915
-1.6727 1.3649 0.91993 1.602 1.1183 0.65387 2.2562 0.92584 -1.1103 -0.48133 0.022863 0.069214 -1.4514 0.096723 0.42238 -0.2943 0.43995 0.30844 0.20213 0.33728 -0.71293 -0.3153 -0.043566 0.33282 0.095976 -0.083079 0.17392 0.014591 -0.13009 -0.30519 -0.1717 0.21681 -0.35551 -0.74987 0.59329 -0.14647 0.45374 -0.24816 -0.0010737
-1.6986 1.5935 0.76565 1.4537 1.1226 1.0291 1.4725 -1.1714 -1.0487 -0.0053042 0.33411 0.037218 -1.524 0.0059678 0.3614 -0.12389 0.042458 0.21255 0.41835 0.17266 -0.79309 0.16882 -0.0014153 0.66314 -0.18183 -0.10771 -0.013047 -0.082829 0.066747 -0.38525 -0.16847 0.22221 -0.29758 -0.43661 0.33192 0.0070383 0.25733 -0.3462 -0.015034
