39 307
-0.31508 0.33351 0.14549 0.87079 0.61961 0.42539 -0.24109 -0.9099 0.3747 0.44729 0.2942 -0.44859 -0.8872 -0.13312 0.51294 -0.014999 0.034648 0.68516 0.41427 0.1248 -0.34588 0.085532 0.080741 0.45217 1.0042 -0.17043 -0.15947 -0.075373 -0.012931 0.17911 -0.33998 -0.11572 0.39097 0.72857 -0.1674 0.63703 -0.60455 -0.26066 -0.004404
-0.51109 0.083939 0.38184 1.0857 1.8115 1.5067 0.30919 -0.33432 0.53521 -0.022386 0.099874 0.68361 -0.90906 -0.25312 0.56916 -0.062091 0.13813 0.50573 0.27094 0.46498 0.45078 -0.28057 0.43406 -0.30785 0.68089 -0.25541 -0.31995 -0.11445 0.12894 0.019177 -0.71831 -0.1443 0.40709 0.97929 -0.041485 0.42153 -0.2702 -0.38584 0.074193
-0.40158 0.74148 -0.13887 0.53981 1.0682 1.5264 -0.31136 -1.8016 0.33986 0.69918 0.74542 0.50107 -0.9925 -0.34387 0.34373 -0.024391 0.31483 0.10855 0.23687 0.65426 0.83493 -0.043084 1.2273 -0.31247 0.60687 -0.1268 -0.23509 -0.19754 0.1494 -0.11453 -0.9441 -0.48479 0.19124 1.1408 -0.17696 -0.16297 0.21265 -0.73351 0.19201
-0.4437 1.0928 0.21375 1.0827 1.3544 0.10051 -0.12571 -1.1448 0.50651 0.6155 0.96962 0.89514 -1.1363 -0.5817 0.38674 0.18667 -0.073005 -0.41173 0.19869 0.58926 1.1757 0.088826 0.38353 0.33321 0.38129 -0.0544 -0.086497 -0.45433 0.24107 -0.085366 -0.7125 -0.39878 0.05319 0.55171 -0.42408 -0.97597 0.15622 -0.91877 0.27091
-0.67299 0.74228 0.07505 1.0949 1.0335 0.76582 0.63027 0.4836 -0.23922 1.2209 -0.92417 -0.067506 -1.1745 -0.37303 0.24515 0.090753 -0.077724 -0.67031 -0.51145 0.3951 1.7469 -0.42988 -0.23072 0.55946 -0.39689 0.071837 -0.038891 -0.57689 -0.00041955 -0.22171 -0.40077 -0.34228 -0.27599 -0.35347 -0.49351 -1.1014 -0.14337 -1.0171 0.14197
-0.73847 0.36319 0.19056 1.3056 0.71278 1.0918 0.62223 0.13143 0.70981 2.4624 0.18955 0.64613 -0.86337 -0.3805 -0.19855 0.25903 0.17108 -0.47898 -0.15065 0.67326 1.1981 -0.90984 -0.86055 -0.42457 -0.75674 0.12528 0.16721 -0.48415 -0.085009 -0.19191 0.086909 -0.50471 -0.74204 -1.2216 -0.53319 -0.87064 -0.1441 -0.33408 -0.028718
-1.1503 0.86426 0.48974 0.40212 0.48454 1.3059 0.40701 0.39259 0.61971 -0.52643 1.4631 0.65437 -0.96251 -0.50242 -0.39921 -0.073235 -0.22586 -0.63965 -0.27508 0.085909 0.10346 -0.50461 -0.43461 -0.19082 -0.96978 0.039091 0.1975 -0.12828 -0.034951 -0.15373 0.52552 -0.48887 -0.65912 -1.212 -0.25047 -0.6244 -0.7047 -0.13612 -0.26949
-0.60688 0.7034 0.10131 0.95739 0.99071 0.29272 0.3676 1.283 -0.54214 -0.33784 1.0088 -0.27838 -0.88506 -0.21123 -0.16125 0.11892 -0.36178 -0.28226 -0.91982 -0.63914 -0.56769 -0.91366 -1.3196 0.44971 -0.045214 -0.079173 0.35279 0.212 -0.15579 -0.062346 0.73664 -0.43672 -0.29443 -0.40674 -0.030248 0.3188 -0.86732 -0.046362 -0.27839
-0.84064 0.60666 0.20451 1.1706 0.47291 0.8893 0.77103 -0.97065 -0.98772 -0.0081618 -0.92898 -0.74681 -0.99386 -0.098434 -0.0089568 0.092187 -0.10264 0.20952 -1.0966 -0.17928 0.085016 -0.90502 -1.2953 -1.215 -1.0503 -0.28587 0.11193 0.18079 -0.12289 -0.098611 0.57067 0.20425 0.28148 0.41911 0.34373 0.588 -0.85102 -0.069872 -0.10489
-1.3072 0.34887 0.019209 0.72748 0.2763 -0.28637 0.040367 -0.30713 0.45697 1.3954 0.31752 -0.63477 -1.1769 0.050792 -0.022232 -0.088133 -0.010746 0.47576 -0.60889 0.2456 0.37389 -0.74828 0.23271 -1.5627 -0.82586 -0.18765 -0.057032 -0.066283 -0.48338 -0.17887 0.12302 0.8535 0.63912 0.76953 0.97369 1.0499 -0.17212 -0.17568 0.15084
-0.79248 0.55215 0.46134 0.55087 0.72189 -0.0012048 -0.36228 0.15376 -1.2825 -1.1924 0.69438 1.1383 -1.1077 -0.42522 -0.15294 -0.18084 -0.5895 0.045318 -0.061649 0.14184 0.5542 0.11853 0.010689 -0.8035 -0.73818 -0.080295 0.011204 -0.18298 -0.62893 -0.14132 -0.3665 1.1654 0.37807 0.071405 1.131 0.76751 0.73469 0.56799 0.37643
-0.93138 0.68256 0.37003 1.091 1.2221 -0.012214 0.89466 1.0363 -0.086224 -0.56897 -1.5105 -2.0382 -1.2157 -0.1378 -0.21415 -0.5399 -0.45676 0.01326 0.18549 0.35597 0.8639 0.53446 0.20721 -0.06861 -0.58197 0.089205 -0.00039899 -0.23118 -0.26228 -0.085619 -0.52245 0.83953 0.11349 -0.67742 1.249 0.40965 0.56168 0.50657 0.34262
-0.86315 0.86516 0.06258 0.49822 1.2375 0.58599 0.92433 0.96975 -1.0175 0.54182 -0.54104 -0.75307 -1.0635 0.02632 -0.24602 -0.71315 -0.14774 -0.27595 0.73142 0.44139 0.022645 0.7266 0.31134 -0.52975 0.0070791 0.23923 0.098145 -0.063143 0.43251 0.10637 -0.14748 0.34376 -0.25001 -1.4791 0.49266 0.2263 0.36226 1.1583 0.30607
-1.5064 0.14952 -0.23538 0.18824 0.24927 0.24766 0.26631 0.68605 -0.11603 -0.026769 -0.25543 -1.5523 -0.98055 -0.165 -0.39468 -0.25901 -0.39543 -0.37663 0.59037 0.28537 -0.769 1.4558 0.93378 -0.60017 -0.14797 0.25732 -0.028367 0.16664 0.98323 0.13886 0.24453 -0.29673 -0.31634 -1.5472 0.15026 -0.65698 0.10305 1.4334 0.17237
-0.94449 0.2529 -0.39578 0.69793 0.33507 0.66225 0.90076 -0.14725 0.3261 0.82427 -0.27155 -0.88299 -0.97146 -0.22774 -0.18196 0.36765 -0.42446 -0.060301 0.37422 -0.30147 -1.7416 0.6602 0.11837 0.17799 1.4624 0.37681 0.13751 0.47107 0.90697 -0.013388 0.6668 -0.63766 0.14023 -0.62147 -0.27804 -0.97847 0.021755 1.1379 0.15302
-0.97231 0.28541 -0.39449 0.65455 0.2653 0.57099 0.28598 0.10234 0.78186 0.56546 -0.52103 0.55862 -0.89229 -0.050144 0.044369 0.50111 -0.061856 0.34973 -0.23457 0.12688 -1.511 0.88835 -1.058 -0.20555 1.6852 0.32902 0.40464 0.49699 -0.15449 -0.21215 0.55884 -0.78441 0.52547 0.59736 -0.72618 -1.0929 -0.30854 0.59757 0.2371
-1.0484 0.30835 0.68128 0.039484 0.85534 0.69658 0.62095 -0.32647 0.47188 0.044313 -1.2609 -0.90667 -0.86575 0.22225 0.36798 0.36463 -0.34307 0.60751 -0.11319 0.75932 -0.8961 0.47837 -0.72154 -0.66656 1.4654 0.47833 0.25219 0.25455 -1.1883 -0.48282 0.46618 -0.37175 0.7851 1.5901 -0.47779 -0.31988 -0.48436 -0.55893 0.13088
-1.4117 0.68504 0.59529 0.45169 1.3326 0.49798 0.49916 -1.3057 -0.118 -0.17099 -0.58221 0.79314 -0.66104 0.3348 0.2101 -0.51985 -0.83685 0.33097 -0.70642 0.70177 0.10857 0.12264 -0.91243 -0.75296 1.0919 0.62776 -0.063766 -0.13457 -1.6711 -0.68477 0.31821 0.22567 -0.029322 1.5787 -0.75779 0.32367 -0.10196 -0.85446 0.02805
-0.99055 0.58037 -0.046758 0.42577 1.0666 -0.084469 1.1185 -0.58689 0.63171 -1.469 -0.40526 1.648 -0.68683 0.035529 0.18252 -1.0597 -0.94455 0.81452 -0.13338 0.83509 0.85849 0.11349 -0.61673 -0.46168 0.57439 0.46389 -0.23979 -0.4171 -0.58917 -0.19825 -0.08228 0.26936 -0.93966 1.1247 -0.58256 0.63231 0.80318 -0.86525 -0.30506
-0.92676 0.48085 -0.21825 -0.20125 0.67351 0.51369 1.5572 -0.27832 0.8931 0.13309 -1.4853 0.12186 -0.33809 -0.058632 -0.10959 -1.5068 -1.0469 0.83051 0.18577 0.016036 0.99739 -0.41618 -0.43746 -0.48554 0.32609 0.39383 -0.20313 -0.28677 1.1419 0.27135 -0.46427 0.26933 -1.616 -0.063043 -0.75637 1.352 1.804 -0.80946 -0.39812
-0.38448 0.42591 -1.1407 -0.41587 0.67772 -0.44888 1.2807 0.45551 0.43166 -0.42439 -1.4272 1.1174 -0.20663 0.0064761 -0.22276 -0.10868 -0.61277 0.18106 -0.064652 -0.64404 1.0805 -0.39037 0.35436 0.76385 0.021126 0.073499 0.43784 -0.20509 2.0343 0.084648 -1.0256 -0.62043 -1.9548 -1.0126 -0.84163 1.3775 2.4677 -0.32057 0.077761
-1.5178 0.6186 -0.66357 -0.57981 2.3071 1.034 1.1504 0.98538 0.68717 -0.60354 -1.0364 0.77586 -0.55756 0.0015231 -0.10539 0.84323 -0.49809 -0.25479 -0.24621 -1.5481 -0.10548 -1.1096 1.4088 2.1242 -0.34162 0.1393 0.78808 0.050528 2.0752 -0.58538 -1.2695 -1.6314 -1.6163 -1.3428 -0.67685 0.59808 1.5142 -0.25481 0.70461
-1.2942 0.21314 -0.60268 -0.93793 2.0726 0.78592 0.16953 -0.1795 -0.79506 -0.99474 -1.5927 0.040237 -0.34647 0.78883 -0.19204 1.0501 -1.0639 -0.6119 -1.1412 -1.995 -0.71104 -1.1937 1.3198 3.0005 0.22363 0.73522 1.2311 0.18244 0.55203 -1.3089 -1.0763 -2.271 -1.0284 -1.009 -0.29041 -0.57674 -0.28387 -0.26814 1.3444
-1.0069 0.48586 0.91825 0.34759 0.48678 -0.41745 -0.0014555 0.18774 0.15432 0.54981 1.5984 1.6878 -0.67666 0.95164 -0.041495 1.2649 -1.921 -1.2055 -2.4522 -2.2985 -0.92942 -1.3404 0.32218 1.3284 -0.32183 1.2973 1.0599 0.20487 -0.7231 -1.356 -0.33066 -1.8385 -0.18875 0.19278 0.41418 -1.3153 -1.7223 -0.40386 1.3445
-0.63765 0.46463 0.38049 -0.69256 0.17752 -0.39008 -0.52917 -0.84752 -0.58901 1.5926 1.8697 0.15028 -0.15103 1.7147 0.064019 0.56313 -2.3558 -1.409 -3.3732 -2.1781 -0.62091 -0.83152 -0.29758 0.63416 -0.5634 1.8416 0.13508 -0.0069769 -1.5099 -0.81967 0.78922 -0.27374 0.24299 0.65347 0.61921 -1.3896 -2.6278 -0.94272 0.89624
0.51709 0.15741 -0.056306 -2.3032 0.313 -1.2968 -0.79326 -0.50417 -0.53172 1.3543 1.4773 0.98003 1.0632 1.4197 0.12531 -0.097114 -2.3948 -0.50487 -2.7065 -1.8225 0.29003 -0.44458 -0.51022 0.011981 -0.80745 1.9335 -0.59875 -0.34779 -1.2599 0.40105 1.6038 1.2595 0.72505 0.94558 0.89955 -0.84446 -1.621 -0.34381 0.14043
-0.21487 0.58313 0.18214 -2.9176 0.087698 -3.3075 -1.7319 -0.12153 -1.3877 -1.8726 -1.5828 0.17843 1.1171 0.80386 -0.29455 -0.72777 -2.3654 0.517 -1.5683 -1.8054 0.098803 -0.38734 -1.1458 -1.3791 -1.5233 1.9848 -1.5869 -0.54703 -0.15142 1.4696 1.2939 2.0995 1.111 0.70879 1.0632 -0.003994 -0.47473 0.19807 -0.66237
0.40428 0.60808 0.04318 -2.7529 0.70872 -2.5393 -1.6213 -0.0046179 -0.27974 -0.95289 0.27494 -0.41497 1.3929 0.36111 -0.48918 -0.14352 -1.1686 0.85855 -0.94788 -1.1712 0.75103 0.24985 -1.0044 -0.76542 -0.57526 1.4788 -1.425 -0.71401 0.68635 1.6987 0.22676 2.042 1.7146 0.33806 1.5586 0.81256 0.76612 0.98077 -0.97429
0.23065 0.33096 -0.13032 -2.5781 0.8793 -2.1261 -1.9496 0.32815 -1.0906 0.020218 0.46615 -0.47621 1.5324 -0.54582 -0.61107 0.32896 -0.22043 0.34754 -0.22332 -0.48068 0.68571 0.95937 -0.057338 0.12803 -0.27615 0.92568 -1.1581 -0.57794 0.82416 1.147 -0.91767 1.3794 2.0947 0.27772 1.363 0.79325 0.82207 1.5066 -0.99201
-0.075177 -0.1047 0.014752 -2.6397 0.96402 -1.9317 -2.3445 -0.51971 -0.337 -0.19599 0.16179 -1.023 1.8701 -0.40947 -0.99658 0.47482 -0.28975 -0.009615 0.53909 0.64762 0.74586 2.0064 0.63293 0.75122 0.61424 0.77728 -0.59034 -0.36637 0.10714 0.15665 -1.3221 0.90328 2.131 -0.0079312 0.76948 0.045796 -0.01824 1.1815 -0.63274
0.26677 -0.16215 0.18406 -2.7532 1.2761 -2.2399 -1.7341 0.54702 -0.3417 -0.25187 0.52542 0.34133 1.9876 -0.84391 -1.0783 0.28669 -0.66044 -0.8129 0.32667 1.1164 0.72246 1.4693 -0.31716 -0.53695 1.0303 0.6189 0.15962 0.010615 -0.4413 -0.1499 -1.0944 0.39518 1.8291 -0.011516 0.032482 -0.64996 -0.61899 0.90579 -0.39641
-0.65544 -0.21675 0.47315 -2.8614 0.15575 -2.6814 -1.4965 0.62658 0.62232 -0.10765 0.36889 0.41545 2.0852 -0.52097 -0.91567 0.039258 -0.65877 -1.0936 0.49604 1.9281 0.7467 1.5483 -0.7781 -0.4494 1.2378 0.54043 0.50607 0.44201 -0.63548 0.32062 -0.59738 0.17275 1.0248 -0.5262 -0.51441 -0.70723 -0.54346 0.31007 -0.37991
-0.28071 -0.51662 0.55106 -3.3265 0.29192 -2.1625 -0.60086 0.90855 1.5947 -0.93101 -0.15199 0.78893 1.9826 -0.1977 -0.63926 -0.1804 -0.32009 -1.2102 0.53582 2.2221 0.69171 1.2746 -0.69898 -0.44408 1.3 0.36342 1.109 0.76457 -0.55289 0.73839 0.16883 0.27213 0.13991 -1.2443 -0.73229 0.00056075 0.25264 -0.0033592 -0.49107
-0.62132 -0.75306 -0.11188 -3.408 -0.35437 -1.6658 -0.58975 0.70385 0.41717 -1.0584 -0.46065 0.67774 2.1981 0.1712 -0.43442 -0.33346 0.13699 -0.96637 0.74257 1.9594 -0.32607 1.1012 -0.64214 -0.32231 1.1177 0.25305 1.0943 1.3068 -0.10026 1.3007 0.35119 0.11154 -1.1182 -1.8271 -1.2821 0.84485 0.17228 -0.42724 -1.0226
-0.18827 -0.78459 -0.12182 -3.0996 -0.22913 -1.4005 0.32182 0.91743 0.71905 -0.91942 0.20443 1.1448 2.343 0.77773 0.038057 -0.43493 0.32089 -0.57607 0.7034 1.3388 -1.3546 0.2566 -0.38255 -0.095729 1.0712 -0.082737 0.73687 1.707 0.40406 1.9421 0.56978 0.34683 -1.5691 -1.7517 -1.8554 1.2873 0.066312 -0.83185 -1.8833
-0.15368 -0.67115 0.10004 -2.8223 -0.42339 -1.8238 0.38313 0.62423 1.4591 -0.99808 -0.2395 1.4044 2.2859 0.93318 1.0698 -0.0079381 1.4529 -0.76374 0.60209 0.29539 -2.0819 -0.47343 0.81806 -0.27343 0.44389 -1.0063 -0.090101 1.6327 0.43059 2.2819 0.65227 0.84452 -1.3866 -0.58233 -2.1841 1.181 -0.014573 -0.97175 -2.556
0.20997 -0.55525 0.092557 -2.6018 -0.21153 -1.6576 0.58611 -0.052654 1.4957 -1.0991 0.16542 2.1847 2.2139 0.7324 1.6466 0.29967 2.6552 -0.24922 1.2503 0.15081 -2.1219 -1.61 1.2433 -0.32229 -0.12023 -2.2738 -0.99311 0.99844 0.43754 2.4115 1.0863 1.3048 -0.94236 0.53932 -2.4334 0.54593 0.30985 -0.63942 -2.4875
0.28649 -0.13914 -0.022688 -2.9452 -0.7109 -1.6335 0.041259 -1.3405 0.83008 -0.87217 -0.10733 1.7546 1.7423 0.045548 1.6668 -0.014943 3.2395 0.089227 2.0745 -0.014348 -1.149 -2.2919 0.99677 -0.21843 -0.33729 -3.0882 -1.5505 -0.064196 0.52529 1.5887 1.2761 1.1689 -0.37387 1.4426 -1.7757 -0.62491 0.36548 -0.1101 -1.4521
0.6924 0.96463 0.38918 -1.1043 -1.0968 -0.96355 -0.52024 -1.4794 0.15429 0.8331 -0.92296 0.76016 0.41082 -0.52036 1.5137 0.26566 3.9398 1.0412 2.4616 -0.25749 -0.64401 -3.6567 0.66224 0.49163 0.10825 -3.3594 -1.5098 -0.91566 0.50599 0.20713 1.0186 0.23952 0.040598 2.0828 0.55816 -1.0774 0.16047 0.11108 0.16958
-0.013659 0.9259 0.061618 0.23226 -0.21692 0.37479 0.389 -1.1968 -2.0753 0.51051 -0.39985 0.52568 -0.66592 -1.1661 1.0151 0.84835 3.7821 0.99537 2.2285 -0.20674 0.27581 -2.9635 -0.18662 0.041513 0.086541 -2.9804 -1.1079 -1.4183 0.41408 -1.5327 0.64817 -0.74839 0.31835 1.7704 2.7966 -1.1339 -0.079376 -0.31134 1.757
-0.36518 0.70342 -0.23752 0.37951 0.10435 0.90047 0.66342 0.37954 -0.85949 -0.34117 0.23634 1.4029 -0.97277 -1.3156 0.33264 0.67603 2.7683 1.2128 1.6104 0.30256 1.6226 -0.14148 -0.39909 -0.12485 -0.11126 -2.024 -0.30051 -1.1331 0.089725 -3.1554 -0.2202 -1.7508 0.20411 0.68643 4.138 -0.67584 -0.62776 -0.94622 2.9286
-0.63459 0.91398 0.70949 1.4462 1.3825 0.552 -0.28853 -0.93953 -2.9929 -0.48427 0.80159 2.5811 -1.1882 -1.5013 -0.27907 0.43893 0.95171 1.2147 1.0292 0.27171 1.5108 1.5392 -0.82376 -0.044293 -0.89278 -0.69123 0.8983 -0.41635 -0.10286 -3.6715 -0.8509 -2.0334 -0.64967 -0.72178 3.3722 0.11282 -0.67022 -1.3154 3.0936
-0.97635 0.69662 1.186 0.99843 0.077096 0.56142 0.0075851 -0.34638 -1.2834 -1.3845 -0.74174 1.6143 -1.0506 -0.87237 0.13312 0.60379 -0.55728 0.49281 -0.34563 -0.14062 0.22811 2.351 -0.42005 -0.65476 -1.3992 0.59857 1.6995 0.04008 -0.0070523 -3.1379 -1.6611 -1.6164 -1.3932 -1.103 1.479 0.2573 -0.26593 -1.0334 2.4778
-0.8222 0.6617 0.32033 0.38793 0.51582 0.38622 0.5188 1.0779 1.8226 0.044436 -0.87812 0.22937 -0.96681 0.20829 0.36558 0.7058 -1.4338 -0.28175 -0.74616 -1.1984 -0.52986 2.5249 0.059356 -0.96454 -2.0411 1.0979 2.067 0.0194 0.35647 -1.786 -1.6669 -1.0539 -1.7503 -0.72082 -0.35734 0.28091 0.54068 0.057755 1.4489
-1.3349 0.64192 0.44373 0.35168 0.97029 1.1072 0.15439 0.28423 0.63758 -0.35147 -0.36551 -1.2225 -0.68127 0.83952 0.075135 0.51918 -1.9185 -1.2156 -0.64923 -1.5422 0.32983 2.3316 -0.30536 -0.1578 -1.717 1.3999 1.6553 -0.58819 0.63598 -0.65899 -1.4307 -0.21939 -1.3356 -0.35986 -2.0353 -0.28622 1.3078 1.386 0.5816
-0.91698 1.3041 0.70894 -0.43281 0.52074 -0.41587 0.18621 -1.3069 -0.18631 -0.59914 -0.75439 -0.24155 0.20427 1.3012 -0.22214 1.0469 -1.7157 -1.1186 -0.87987 -2.2636 -0.040967 0.85916 -0.29684 0.76625 -0.62484 1.437 1.1196 -1.0056 0.47769 0.09285 -0.92678 0.11763 -0.37041 -0.25128 -2.0582 -0.26185 1.4179 2.1343 0.20275
0.31937 1.14 1.1492 -0.81642 -0.22425 -0.12317 -2.0673 -0.58748 1.4537 -0.47719 -0.79071 -0.58172 0.065236 1.5131 -0.62876 1.4519 -1.6538 -1.8275 -0.72806 -2.082 -0.75018 -0.84618 -0.8344 1.0149 0.78813 1.4494 0.61601 -1.1359 -0.068674 0.69829 -0.39627 0.40785 0.3291 -0.50434 -1.0162 0.31879 0.66897 1.5414 -0.20067
0.071859 0.55125 1.4375 -0.63458 -0.99061 -0.02271 -1.8399 0.71636 0.30704 -1.5585 0.47721 0.15265 0.34236 1.8581 -1.0826 1.0016 -1.3957 -1.7571 -0.50514 -1.6283 -0.49296 0.038014 -0.218 1.1961 1.1715 1.4346 -0.041591 -0.78695 -1.0974 0.99277 -0.058667 0.50724 1.3459 -0.56216 0.26003 0.7523 -0.40911 0.4116 -0.36898
0.26466 0.20727 1.9041 -1.1182 -0.88848 -0.5028 -2.1519 0.15138 1.0957 -0.93879 0.039833 -0.027391 0.56326 1.6589 -1.5273 0.41857 -0.7743 -1.6697 -0.074487 -1.274 -0.48503 0.74079 0.31809 0.93316 0.60608 1.0609 -0.47788 -0.0043912 -1.6815 1.1556 0.35181 0.23506 1.4654 -0.64382 1.1217 1.0047 -1.3628 -0.5873 -0.65081
0.56032 0.061449 1.4658 -1.6377 -1.6023 -0.12326 -1.3816 -0.94583 -0.26601 -1.1111 0.48488 1.1471 0.91656 1.1656 -1.1831 -0.22678 -0.29986 -1.3293 -0.25261 -0.21279 -1.3373 0.60488 0.68926 0.038573 0.31747 0.99826 -0.95872 0.86231 -1.4305 1.0889 0.50359 0.14789 1.2733 -0.76133 0.38268 0.62205 -1.4958 -0.76718 -0.92338
1.112 -0.19016 1.3113 -1.3379 -1.1057 0.020406 -1.988 -1.1315 0.88131 -0.34476 0.93966 0.41488 1.4087 1.0267 -0.59302 -0.67085 -0.041235 -1.3933 -0.42593 -0.11543 -1.6653 1.1249 0.79799 -1.01 -0.029036 0.54439 -1.164 1.7993 -0.82583 1.0145 0.96921 -0.070944 0.85443 -0.16537 -0.36337 0.1878 -1.2213 -0.46739 -1.4255
1.4386 -0.43101 1.2596 -1.1902 -2.2164 -0.65892 -2.5343 -1.3032 1.8008 -0.1262 -0.0313 0.18001 1.1363 0.49295 -0.01846 -0.78387 0.27329 -0.95879 -0.069376 0.11364 -1.4898 0.62936 0.83414 -0.69194 -0.13247 0.095556 -1.739 1.7871 -0.43946 1.2788 1.8423 0.25393 0.74005 1.239 -0.90881 -0.20582 -0.51776 -0.11409 -2.0484
1.2646 -0.22795 1.0758 -0.93109 -2.1465 -0.40066 -2.0747 -1.4137 1.684 -0.089662 -0.67234 -0.0091143 1.1539 -0.048325 1.0929 -0.65319 0.83547 -0.033727 -0.3287 0.1142 -0.72929 0.026748 0.63674 -1.0329 -0.16155 -0.95837 -2.1857 1.3513 -0.38863 1.4023 2.6953 0.29377 1.3258 2.1639 -1.8219 -0.68096 0.16274 0.011987 -2.0545
0.99559 -0.070012 0.94092 -0.9865 -2.8937 -0.7765 -1.7303 -1.3707 1.3745 -0.66935 -0.90644 0.38567 0.91051 -1.3551 1.1548 -0.95978 1.653 1.4711 0.1636 1.0136 0.85857 -0.63366 0.34425 -0.92762 0.13225 -1.8044 -1.7809 0.50472 -0.51586 1.1273 2.5548 0.23355 1.6857 2.2089 -1.6765 -1.061 0.056978 -0.1863 -1.5398
0.82434 0.28325 1.0298 -1.1818 -1.712 -0.097859 -1.6606 -2.3734 0.93597 0.546 0.11423 0.30098 0.83237 -1.8959 1.2239 -1.2247 1.8914 2.4927 -0.00063143 1.8525 1.7899 -1.8489 -0.36856 -0.56042 -0.1484 -2.0703 -0.95839 -0.39036 -0.22948 0.53062 1.5207 0.06436 1.3912 1.5567 -1.0193 -0.53039 0.51962 -0.39921 -0.43485
0.8042 1.6349 0.67112 -0.25952 -1.0553 -0.6804 -1.6369 -1.4919 -0.11061 -0.10099 -0.74963 0.76545 -0.45146 -1.7155 0.80962 -1.3461 1.8528 2.6119 0.19207 2.3238 1.9756 -1.7487 -0.86328 -0.79991 -0.542 -2.0179 0.28751 -0.7171 0.17927 -0.30026 -0.068114 -0.22587 0.26136 0.40895 0.18979 -0.0702 0.19071 -0.34953 0.58053
-0.81924 0.38466 0.12783 1.1937 1.062 0.21591 -0.71432 1.0612 1.1924 0.1954 -0.70831 0.22362 -0.86485 -1.5488 0.56262 -0.8439 1.7258 2.265 -0.24421 1.9971 2.0512 -1.4234 0.14144 -0.078271 -0.67401 -1.5992 1.0605 -1.1116 0.61237 -1.0756 -1.4278 0.12926 -0.47447 -0.6333 1.5163 0.61445 0.31382 -0.13132 1.4319
-0.60458 0.84118 -0.043887 0.66203 0.27014 -1.1392 0.19694 0.67802 -0.9116 -1.3308 -1.1854 -0.45978 -1.0095 -1.0106 0.19971 -0.87162 1.1701 1.4352 -0.17642 1.4026 1.6279 -0.44703 -0.054985 -0.78308 -0.3503 -1.0215 1.1734 -1.1428 1.016 -1.4394 -2.0384 0.17911 -0.79459 -1.5296 1.5498 0.94991 0.57752 0.39826 2.0196
-0.28486 0.62173 -0.19146 0.61746 0.30905 0.074062 0.92676 0.033924 -0.22118 -1.4632 -1.8199 -0.70396 -0.84622 -0.36612 -0.46047 -0.48152 0.21503 0.34774 0.40767 1.4219 0.64886 0.54032 0.50361 0.053661 -0.53187 -0.069229 0.87473 -1.3356 1.0528 -1.2345 -1.7364 0.24668 -0.67633 -1.9821 1.3285 0.70051 0.47382 0.77931 2.3295
-0.65274 1.0079 0.59217 0.7103 0.075799 -1.2491 -0.11095 0.4091 -0.30899 1.3954 0.37245 -0.1309 -0.83254 -0.22541 -0.7238 0.10722 -0.090731 -0.32285 0.18646 1.1319 -0.54276 0.37623 0.928 0.26403 0.21024 0.73865 0.84379 -1.5707 0.8548 -1.0634 -1.5222 -0.02866 -0.66986 -1.4129 0.36155 0.38583 1.0429 0.39032 2.3013
-0.24925 0.99717 -0.25785 0.53531 0.79588 -0.050524 -0.44546 -0.028367 0.68362 -0.022652 -1.8372 0.37458 -0.86747 -0.38703 -1.3644 0.36085 0.040949 -0.17557 0.025185 0.87029 -1.0447 0.83129 1.1049 0.32854 0.66837 1.5813 1.201 -1.6897 0.11275 -0.97624 -1.4654 0.046985 -0.4482 -0.38972 -0.55922 -0.84962 0.77117 -0.31025 1.9555
-0.24023 0.33794 -0.091005 0.56121 -0.0926 0.29058 1.1042 0.65594 1.059 0.26084 -0.40669 -0.70526 -0.64247 0.49963 -2.1565 0.080479 -0.73762 -1.2158 -0.066107 0.42808 -0.49685 0.14879 0.44637 1.1049 -0.14377 2.1648 1.8479 -1.5955 -0.47077 -0.8674 -1.5781 0.25542 -0.083181 0.57943 -0.98687 -1.3778 0.96277 -1.2202 1.3874
-1.4955 -0.71985 0.33918 1.1183 0.44965 -0.36919 1.3822 0.069429 0.29476 0.72832 -0.68878 0.51368 0.3027 1.4016 -2.7645 -0.29741 -1.2931 -2.0104 0.59912 0.93089 -0.17139 -0.43764 -1.017 1.1357 -1.0178 2.6277 2.3085 -0.86825 -0.73161 -0.57819 -1.1451 0.30943 -0.098612 0.83301 -1.3041 -1.5631 0.21584 -1.1431 0.42604
-0.65396 -0.52815 0.40363 0.45242 -0.14918 -1.344 1.2148 -1.4489 -0.12411 0.056034 -1.0171 0.48392 1.1714 2.152 -2.8762 -0.33855 -1.0515 -2.4243 0.36721 0.9296 0.28279 -0.93231 -0.86852 1.7316 -1.5184 2.6373 1.7958 0.15365 -0.75408 0.27997 0.23344 0.32509 0.089444 0.67912 -0.79203 -1.3005 -0.97917 -0.24135 -0.70443
1.0444 -1.7183 -0.1508 -0.77625 -1.9983 0.079005 0.28555 0.30361 0.068185 0.17657 0.9485 -1.5074 1.5495 2.8715 -2.5598 -0.62725 -0.88832 -1.7674 0.38055 0.41921 0.36655 -1.2027 -1.4794 0.44915 -1.0544 2.0948 0.47958 1.0192 -0.74604 1.2153 1.5676 0.17395 -0.11769 0.66993 -0.44094 -0.62605 -1.6576 0.87202 -1.6304
1.196 -1.942 -0.14953 -0.78194 -2.2889 0.33845 1.2113 0.59734 -0.34217 -0.9443 1.0056 -1.6767 1.9552 2.9446 -1.9914 -0.98863 -0.41922 -0.91412 0.64544 0.82926 0.70823 -1.0238 -2.0194 -0.41727 -0.64394 1.2148 -1.1631 1.521 -0.38371 1.7301 2.5391 -0.17151 -0.18182 0.04946 -0.11045 -0.3083 -2.2032 1.7358 -1.886
1.9012 -2.4033 -0.62839 0.10815 -2.0421 0.44623 1.6926 0.53972 -0.090021 -0.97847 0.16127 -1.8861 2.0072 1.8624 -1.3956 -1.1934 0.66305 0.19278 0.77036 0.74568 1.0704 -1.2481 -1.7391 -0.96081 0.36207 0.51196 -2.217 1.4914 -0.03807 1.4625 2.1714 -0.71436 -0.66102 -0.27191 0.19142 0.45768 -1.1121 1.6686 -1.5101
2.1574 -2.7428 -0.30768 -0.0050234 -1.4528 -0.10984 1.7328 0.43323 -0.91181 -1.5771 -0.74222 -0.8752 1.9485 0.61461 -0.75204 -0.6893 1.4092 1.3997 -0.18452 0.4131 0.066858 -1.1079 -1.3769 -1.7842 1.4025 0.15714 -2.3526 1.1986 0.19894 0.25268 1.1425 -0.95916 -1.2549 -0.56214 0.37787 1.0025 0.13369 1.0788 -0.72104
1.758 -2.6494 -0.6659 0.34854 -0.60399 -0.095263 2.2133 0.18529 -1.0856 -2.3147 -1.4474 0.021814 1.9443 0.13472 -0.52625 -0.85059 0.93271 1.1812 -0.60968 -0.60678 0.14031 -0.758 -0.84961 -0.98857 1.4107 0.0058702 -1.4602 0.74863 -0.14518 -1.0271 -0.35477 -0.34824 -1.1887 -0.51484 1.0669 1.2683 1.2241 -0.13642 -0.05435
1.9712 -2.1846 -1.1743 0.67353 -0.96334 0.38366 1.2359 0.85103 -1.5519 -1.9622 -0.76861 0.040505 1.8838 -0.33273 -0.29494 -0.84961 -0.08436 0.74219 -0.54254 -0.82025 0.009596 -0.49508 -0.38277 -0.12751 1.0826 0.22253 -0.49458 0.10476 -0.33637 -1.563 -1.6623 0.52702 -0.65892 -0.0069302 1.5072 1.4002 1.6937 -1.2865 0.30286
1.7 -2.841 -0.60291 0.78899 -0.42524 -0.16545 0.91778 0.43223 -0.91239 -1.7795 -0.92065 0.0033943 1.9155 -0.23014 -0.29561 -1.3605 -0.5169 -0.1729 0.25125 -0.84162 0.035888 0.59105 0.39685 0.58489 0.2237 0.39354 -0.03923 -0.15383 0.30524 -1.0808 -1.7534 0.51449 0.47109 -0.1124 1.7161 1.428 0.64775 -1.8039 0.27007
1.6335 -2.7897 -1.2898 0.2687 -1.054 -0.63982 0.6983 0.85475 -1.0307 -2.1828 -0.25162 0.069298 2.0472 -0.065098 -0.68717 -0.99146 -0.79637 -1.102 0.37726 -0.69968 0.13524 1.2396 0.90648 0.70668 -0.71483 0.49889 0.33796 0.18111 0.92488 -0.10572 -1.4753 0.082362 1.2328 -0.26377 1.4836 1.6661 -0.20983 -1.5573 -0.16328
1.6507 -2.8384 -1.4052 -0.37926 -0.81619 -0.26805 1.1967 0.24263 -1.0161 -1.61 -0.59623 0.029164 2.373 -0.057639 -0.61116 -0.29699 -0.73863 -1.2487 -0.10153 0.17976 -0.13046 1.8125 1.4701 -0.14063 -1.4868 0.34623 0.11485 0.93126 2.1005 0.7222 -0.84708 -0.71253 1.2753 -0.60958 0.53333 1.5992 -0.56834 -0.85592 -0.84002
1.9113 -2.9466 -2.0243 -0.34626 -1.6572 0.79908 0.93007 0.51205 -0.0035791 -1.0869 -0.30353 -0.3721 2.356 0.18812 0.1792 0.10551 -0.17494 -1.5434 -0.23266 0.91604 -0.43686 1.8691 2.5391 -0.14987 -1.3411 -0.029016 -0.6472 2.2033 2.7778 1.2864 0.13848 -1.0467 0.56634 -0.9565 -0.48327 1.1645 -0.035708 -0.044553 -1.768
1.688 -3.3902 -1.4749 -0.062574 -2.3441 0.35959 0.94537 0.78945 0.28467 -0.92858 -0.44209 -1.4027 2.4254 -0.14339 0.92552 1.483 0.52129 -1.582 -0.84548 0.67556 -0.94255 1.3596 2.9 -0.061793 -1.2708 -0.79477 -1.7263 3.0095 2.7543 1.2104 1.7043 -0.4829 -0.52364 -0.89747 -1.7167 0.29234 0.68097 0.8204 -2.4128
1.774 -2.875 -0.85291 0.073055 -2.1251 -0.67944 1.5009 0.51607 0.77057 0.3918 -1.3516 -2.3827 2.0986 -1.1537 2.4675 2.6082 0.9791 -0.69258 -1.2977 0.074321 -1.4604 0.52563 2.6092 0.61719 -0.92845 -1.997 -2.2499 2.8247 1.6039 0.3601 3.1364 0.36741 -1.3072 -0.25825 -1.7661 -0.98252 0.76284 1.6124 -2.3768
1.9336 -2.2628 -0.71595 0.48755 -2.4647 -0.83667 2.2835 -0.34188 1.0243 1.9538 -0.53856 -1.0495 1.8066 -2.4226 3.6056 2.9033 0.94741 1.5439 -0.52719 -0.38092 -1.495 -0.91155 2.0431 0.8048 0.015682 -2.8577 -1.8961 1.677 -0.47571 -0.32334 3.3762 1.4203 -1.5095 0.47231 -1.1052 -2.0209 0.53825 2.1341 -1.51
1.2202 -1.4942 0.27317 0.51774 -3.1432 -1.448 1.1248 -0.57566 -0.051872 1.4325 -0.063343 -1.5407 0.99474 -2.6322 3.8706 1.9827 0.28286 2.8327 0.2922 -0.97758 -0.67856 -0.4895 0.93035 0.90332 1.386 -3.1227 -0.80275 -0.33779 -2.1019 -0.55724 2.3294 1.761 -1.2561 1.1059 -0.15598 -2.209 -0.35989 1.5684 -0.14388
-0.10056 0.34215 1.0674 0.67825 -1.256 -0.93078 0.77291 -1.4991 -0.22722 1.5834 0.51928 -1.5032 -0.31911 -2.7396 3.2084 1.0128 0.26047 3.05 1.077 -1.5921 -0.29891 -0.31147 -0.45213 0.84947 2.0366 -2.8495 0.81514 -2.0374 -2.7965 -0.2814 0.44672 1.579 -0.4231 1.2045 0.8371 -1.7441 -1.1051 0.42467 1.184
-1.1776 0.71204 0.64645 0.76964 1.1966 0.85435 0.42204 -0.51066 -1.1318 1.4593 0.24709 -0.55768 -0.89181 -2.4012 2.057 0.1352 0.27562 2.9601 1.2756 -1.6479 0.32255 -0.063352 -0.72521 -0.079005 1.339 -2.2425 1.7994 -2.9474 -2.2413 0.15955 -1.0472 0.82065 0.40444 0.81706 0.51594 -0.86613 -1.4208 -0.68657 2.0812
-0.51774 0.44208 0.16303 -0.066667 0.99297 -0.09938 0.23962 0.56357 1.0331 0.56274 -0.041319 0.7846 -0.82274 -1.0889 0.8719 -0.71689 0.42062 2.3086 2.005 -0.84251 0.59509 0.56337 -0.74646 -0.81185 0.91789 -1.2296 2.2186 -2.3992 -1.1813 0.26396 -2.054 -0.14095 0.95859 0.36784 0.26809 -0.13883 -0.54204 -1.2634 2.0842
-0.84172 0.46661 0.078933 0.84085 0.53544 0.11993 -0.046298 -0.65374 0.52795 0.29824 -0.075735 0.85072 -0.94972 -0.27134 -0.22465 -0.79662 0.49807 1.1932 1.3876 -0.62806 0.64162 0.12173 -0.71817 -0.98129 0.49295 -0.30395 1.373 -1.3066 -0.17124 0.042717 -2.0912 -0.35184 1.2219 0.033077 -0.50343 0.26881 0.74301 -1.177 1.4381
-0.97905 0.17 -0.081328 1.0309 0.556 0.2853 -0.012464 -0.29159 0.095141 1.4276 -0.50069 -0.26425 -1.0028 0.12144 0.063376 -0.44758 0.64006 0.010315 0.72324 -0.35915 0.35414 0.15126 -0.74228 0.27627 -0.20274 -0.18485 0.38688 -0.11222 0.64001 -0.57827 -1.3341 -0.54357 0.9385 0.018042 -0.72564 0.42574 1.351 -0.89902 0.6249
-0.31702 0.30727 0.035141 1.0386 0.7199 1.8489 0.14315 -0.10765 0.25536 0.25322 -0.9075 -0.68497 -0.87421 -0.57272 0.12411 -0.28895 0.24241 0.11554 1.2113 0.33723 0.54422 -0.8379 -0.16814 0.82528 -0.58186 -0.25471 0.008399 0.37482 0.67811 -0.70384 -0.23029 -0.68782 0.79431 0.066231 0.056332 0.17708 0.97438 -0.34481 0.19159
-1.0265 0.30115 0.23269 1.0566 1.7087 0.94013 -0.19433 -0.16529 -0.60807 0.4922 -0.53053 0.082511 -0.85168 -0.24478 0.49071 0.054484 -0.53789 0.29225 1.0177 0.38082 0.71303 -0.37979 -0.1367 0.90301 -0.44277 -0.15846 0.044811 -0.2946 0.29234 -0.44426 0.33199 -1.2118 0.44492 0.078126 0.65372 0.045284 -0.1118 0.37169 0.36095
-0.79634 0.9846 -0.13698 1.1421 0.66778 0.9554 -0.057103 0.54155 0.34087 -0.13955 1.408 -0.063644 -1.2517 -0.062723 0.22353 0.039304 -0.23442 0.59433 -0.11365 0.44289 0.63382 0.52097 -0.65212 0.59889 -0.1225 0.024906 0.3371 -0.61708 0.32668 0.093739 0.0036635 -1.3222 0.15293 -0.28357 0.7193 -0.30661 -0.77034 0.64889 0.46915
-1.5929 0.28965 -0.28927 0.17268 0.75195 1.4449 0.97959 0.84924 -0.21065 0.78942 0.64161 -0.099495 -1.1589 -0.043787 -0.51844 -0.14992 0.043097 0.38139 -0.98011 0.38674 0.50626 0.79476 -0.40491 0.19298 0.33515 0.31196 0.13326 -0.80412 0.39223 0.40321 -0.24366 -1.1808 -0.28708 -0.66721 -0.24627 -0.14467 -0.93814 0.27094 0.48658
-0.72984 1.0685 0.3463 0.37814 1.0258 1.5877 0.11746 -0.17185 -0.023975 0.54794 0.20943 -0.51699 -1.0236 -0.06762 -0.47859 0.33068 0.12399 0.057598 -0.36883 0.5963 0.075894 0.028318 -0.66878 -0.28335 0.37825 0.33488 0.11207 -0.20259 0.69477 0.18566 -0.57967 -0.61557 -0.70937 -1.0674 -0.79986 0.080234 -0.37229 -0.19987 0.33097
-0.63709 0.084899 -0.068298 1.3291 1.9109 0.034153 0.49451 0.71506 1.1432 -0.32724 -0.42936 -0.61267 -0.75529 0.0035305 -0.59911 0.53245 0.034485 0.077311 -1.1608 -0.24263 -0.39498 -0.60214 -0.42711 -0.44241 -0.13692 0.54168 -0.2555 0.32111 0.41729 -0.32304 -0.88882 -0.055842 -0.50898 -0.96986 -0.61662 0.23212 0.48772 -0.41526 0.0040211
-0.68601 -0.51562 -0.18899 1.1903 1.2572 0.30023 0.39583 0.59274 0.72708 -0.33608 -0.18544 0.70946 -0.42212 0.12208 -0.10413 0.81206 0.11407 -0.37538 -1.2377 -0.56536 -1.153 -0.35131 -0.47312 0.21887 -0.31789 0.49452 -0.37185 0.75386 0.0064017 -0.71756 -1.0112 0.58132 -0.4059 -0.76422 -0.017731 0.52347 0.65441 -0.33041 -0.27856
-1.5498 0.50335 0.7178 0.86788 1.0389 1.0939 0.85001 0.0428 -1.2641 -0.50106 0.32037 0.61945 -0.90324 -0.57885 -0.13961 0.27366 -0.56033 -1.1113 -0.67908 0.012973 -0.90943 -0.22137 -0.01971 0.89898 -0.20004 0.24794 -0.23304 0.74843 -0.26911 -0.51702 -0.52407 1.4943 0.2393 -0.015193 0.38004 0.2856 0.040928 -0.201 -0.56004
-0.83983 0.28345 0.22489 0.47052 0.55028 -0.67465 -0.53833 0.089606 -0.35945 0.059365 0.86539 -1.2828 -0.59265 -0.42196 0.62956 0.45847 -0.92576 -1.2898 0.48745 -0.29664 -1.26 -0.17579 0.21508 0.3238 -0.29546 0.00604 0.082155 0.10642 -0.56214 -0.076174 0.31298 1.7213 0.61578 0.75955 0.48037 0.016501 -1.0924 0.061805 -0.39044
-0.99727 0.49251 0.84279 0.47523 0.55707 0.15703 0.1851 -1.3363 0.14259 0.11411 0.39646 -0.75657 -0.45676 -0.12502 0.36226 0.26114 -0.41723 -0.48159 0.83697 0.043781 -0.34284 0.088228 -0.17721 -0.39749 -0.58193 -0.17936 0.32511 -0.29238 -0.21936 0.53346 1.1997 1.2263 0.74064 0.88042 -0.071379 -0.42846 -1.9247 0.5365 -0.092744
-1.5105 0.28444 0.03157 0.14524 -0.18856 0.47427 0.66589 -0.38977 0.5808 0.076846 1.119 -0.23653 -0.69536 0.050834 -0.17192 -0.10465 -0.10359 -0.11587 1.303 0.53202 0.20873 0.47174 -0.35871 -1.2163 -0.0094388 0.037874 0.16789 -0.59074 -0.22623 0.69551 1.2688 0.044165 0.80941 1.0844 -0.53671 -0.27691 -1.2961 0.33636 0.03047
-1.0549 0.71661 0.47656 0.43594 0.3068 1.1423 -0.045538 -0.61746 0.43448 -0.32759 -0.67119 -0.22745 -0.71234 -0.23082 -0.26702 0.18775 0.024055 0.56096 1.256 0.94093 0.25804 -0.66566 -0.6204 -2.0159 0.77026 0.079514 0.044029 -0.19977 0.20456 0.37902 0.82426 -0.97828 0.31971 0.23335 -0.7376 0.10444 -0.16781 0.12447 0.14863
-1.0291 0.014252 0.44639 0.81036 0.96525 1.4765 0.68317 0.56121 -0.55148 -0.8548 -0.40699 -0.45294 -0.85871 -0.062095 -0.1161 0.11656 0.15252 0.57944 0.33765 0.72346 0.77488 -0.84572 -0.13646 -1.3424 -0.27809 -0.061599 0.035456 0.22028 0.012944 0.092721 0.28784 -1.9253 -0.089165 -0.39046 -0.37563 0.71914 1.4072 -0.33699 0.027275
-1.3174 0.30305 0.50272 0.4606 0.58969 1.8291 1.17 -0.050743 -0.33313 -0.54751 -0.9209 -0.1412 -0.57042 0.019829 -0.028627 0.47005 0.16099 0.71656 -0.5953 0.51664 -0.099151 -0.69983 -0.070215 -0.63869 -0.19865 0.13769 0.44472 0.25817 -0.27884 -0.12067 -0.41313 -1.9726 -0.78301 -0.84058 0.42543 1.2408 2.1998 -0.13866 0.14055
-1.2183 0.020744 0.60313 0.3018 1.3136 0.28293 0.66559 -0.52632 -0.93857 -0.57732 -1.8019 0.18287 -0.31285 -0.0012323 0.095104 -0.23681 -0.0019021 0.3329 -1.5153 0.5612 -0.41154 -0.23737 0.85973 0.82161 -0.24405 0.065029 1.087 -0.20551 -0.36072 -0.38748 -1.0977 -1.3255 -1.6146 -0.69527 0.42853 1.1353 2.2157 0.68223 0.64947
-1.2254 0.60324 0.62615 0.64444 0.66991 0.67625 1.2163 0.14714 -0.20646 0.31741 -0.27214 -1.7282 -0.8783 0.53426 0.081175 -0.099434 -0.12818 -0.12107 -1.6527 -0.43623 -0.90414 -0.10136 1.4575 1.1536 0.45023 0.26946 1.7074 -0.41332 -0.25972 -0.58935 -1.7286 -0.64764 -2.0695 -0.38004 0.069572 0.6839 1.8673 0.65195 0.99067
-1.3038 0.315 0.63214 0.47329 0.95062 -0.01075 0.85759 -0.68605 -0.20187 -0.60363 0.034637 0.07571 -0.50627 1.6096 -0.54422 -0.19526 -0.43197 -1.1077 -1.7192 -1.7869 -0.26922 -0.27031 1.4567 2.0435 0.81647 1.011 1.8096 -0.46867 0.083339 -0.84227 -1.6166 -0.3513 -2.0535 -0.56539 -0.62298 -0.34785 0.36542 0.48566 1.2239
-0.91124 0.59959 -0.094533 0.59441 0.97908 -0.46458 0.93795 -0.6194 -0.2959 1.1382 0.47291 -0.63402 -0.72268 2.2382 -0.45282 0.016397 -0.73106 -1.8679 -1.7697 -2.1323 -0.94702 -0.52329 1.0518 2.362 0.62657 1.3966 1.137 -0.025794 0.099074 -0.83679 -0.95604 0.075874 -1.2208 -0.6627 -0.88121 -0.76647 -0.6884 -0.51055 0.80534
-0.2946 -0.12347 0.65396 0.42452 0.55972 -0.14622 -0.083886 -0.74914 -1.017 1.2884 0.37435 0.962 -0.18131 2.351 -0.48047 -0.17165 -1.2812 -1.8856 -2.1609 -2.3843 -1.5607 -1.245 0.34226 0.93917 0.67442 1.639 -0.057547 0.52978 0.15215 -0.53025 0.20636 0.51128 -0.37601 -0.86253 -0.63519 -1.0373 -1.5789 -1.1508 -0.053644
0.91813 -0.58587 0.37107 -0.40819 -1.3559 -0.88363 -1.767 -0.13243 -0.76907 1.1915 1.4931 0.88719 1.2139 2.1808 -0.0033746 0.037338 -1.274 -1.569 -1.3109 -2.4004 -1.6358 -1.3467 0.42577 0.39977 -0.5619 1.365 -0.99442 0.84462 -0.01048 -0.02997 1.213 1.0108 0.29541 0.02445 -0.2165 -1.1045 -1.6784 -1.1907 -0.9759
1.1294 0.1406 0.77484 -0.33929 -1.1518 -2.1093 -1.2444 -2.1465 -1.2934 0.56025 1.6621 -0.39048 0.84257 1.5474 0.16929 0.028858 -1.1569 -0.88538 -0.98675 -2.363 -1.7269 -1.1015 -0.38127 0.0051516 -1.0155 0.94227 -1.5788 0.88762 0.034609 0.49567 1.8569 1.5486 1.3066 0.70618 -0.020142 -0.76926 -1.0539 -0.74217 -1.6973
0.86337 0.24504 0.076502 -0.86034 -1.1336 -2.0229 -1.1919 -2.084 -1.7021 0.28812 0.19411 -0.34618 0.69718 0.89581 0.72208 -0.11283 -0.85278 -0.083516 -0.43018 -1.619 -0.78107 -1.0045 -0.87682 -0.38188 -1.0384 0.056373 -1.513 0.35288 -0.027081 0.65763 1.7396 1.4518 1.5783 1.4339 0.0024307 -0.51682 -0.28736 0.335 -1.4216
1.0459 0.4667 0.52108 -0.66972 -0.38706 -0.90259 -2.0787 -2.435 -1.7476 1.1569 0.59728 -0.99646 0.80417 0.21799 0.73327 -0.052467 -0.56706 0.87947 0.36397 -0.39255 -0.45648 -1.4346 -0.60115 -0.67925 -0.65638 -0.65012 -1.1106 0.09207 0.47976 0.96172 1.0158 1.2993 1.8243 1.6847 0.30349 -0.2216 0.67878 0.82714 -1.056
1.055 0.24846 0.1216 -0.67531 -0.34059 -1.5354 -2.5929 -2.2164 -1.6046 0.6734 0.76936 -1.3157 0.58564 0.18609 0.33736 0.02213 -0.34093 0.8335 0.79192 -0.50373 0.80697 -1.1537 -0.53521 0.20766 -0.05084 -0.3026 -1.2022 -0.21503 0.53505 1.1894 0.17963 0.71982 2.3235 1.5094 0.83136 -0.36455 0.82399 0.99479 -0.79922
1.2843 0.54238 0.70197 -0.87241 -0.55988 -0.9865 -2.4526 -0.7627 -2.2298 -0.52683 0.44516 0.18026 0.35584 -0.046925 0.5192 0.72688 0.38462 0.56587 0.88597 0.41339 1.09 -0.40118 -1.0105 1.0351 0.21375 -0.70611 -1.4809 -0.30966 0.46663 1.2848 -0.17144 0.37377 2.4691 0.92307 1.7764 0.024249 0.18177 0.66769 -0.48798
1.1457 0.49638 0.30067 -1.169 -0.17434 -1.123 -1.2659 -1.8673 -2.9207 0.44253 0.74772 -0.72355 0.33528 -1.0826 0.43893 0.35261 0.89523 0.39426 0.67342 2.2297 1.6842 0.15537 -1.4271 0.36509 0.60125 -1.2969 -1.9645 -0.5524 0.14238 1.2408 -0.16707 -0.13207 2.1996 -0.3045 2.1582 0.59915 -0.62289 0.17959 -0.20171
1.1977 0.57462 0.58343 -0.70054 0.0099393 -1.1774 -2.0617 -1.2036 -2.5267 -0.17924 1.7633 -0.65961 0.65497 -1.7504 0.12352 0.52652 1.2173 0.75302 1.1195 2.76 1.0974 1.4686 -0.10346 -0.38957 0.40607 -0.99291 -1.5263 -0.90217 -0.36581 0.29216 -0.54333 -0.23208 0.57594 -0.63241 2.0178 1.0895 -0.62694 0.29041 0.59705
0.63899 1.05 1.1488 0.037624 -0.27378 -0.29037 -0.82273 -0.81612 -1.5121 -1.0047 1.5084 -0.27396 -0.46686 -2.4184 -0.45671 0.34106 1.5629 0.40214 0.39452 2.347 0.18711 2.2294 0.25587 -0.25991 0.2176 -0.50123 -0.22534 -0.9141 -0.12884 -1.006 -1.0543 -0.40882 -1.4053 -0.95762 1.0387 1.3618 0.010286 0.29199 1.3359
-0.6471 0.73427 0.43584 0.45883 0.19697 -0.39545 1.0264 0.15979 -1.4147 -1.0325 0.40149 -0.0049645 -1.0663 -2.0619 -0.64874 0.12784 0.59442 -0.49077 0.55163 1.3943 0.52555 2.6002 0.41014 0.1599 1.0026 -0.056695 1.238 -0.67764 -0.13625 -2.2226 -1.4775 -0.84836 -2.6778 -0.58089 -0.6395 0.97119 0.8961 0.34053 1.7577
-0.71696 0.17154 0.86143 0.29418 0.76213 -0.066013 0.40464 -0.96199 0.18816 1.2606 -0.23719 -0.39537 -0.092175 -1.3138 -0.81197 0.33116 -0.68059 -1.0073 0.14222 0.3104 -0.034024 1.6789 1.1431 0.12878 0.90335 0.56739 2.5418 -0.053919 0.16786 -2.8427 -1.3122 -0.71458 -3.0979 -0.37108 -2.1478 0.34687 1.3274 0.042866 1.6934
-1.317 -0.12043 0.91844 0.66668 -0.41143 -1.2206 0.051807 -1.403 -0.41342 -0.21659 1.0345 0.24649 0.25789 -0.1073 -0.91414 0.29868 -1.8264 -1.3699 -0.41837 -1.1627 0.004456 0.4924 1.4695 1.159 0.7654 1.5388 2.7087 0.54693 0.078801 -2.0442 -0.66289 -0.69947 -2.2136 -0.24323 -2.632 -0.52083 0.97824 -0.50474 0.97895
-0.52768 0.075048 0.36472 -1.0635 -1.2843 -0.13226 -0.321 -0.59803 0.072105 0.62852 2.1389 1.0635 0.36522 1.1008 -0.42685 0.51568 -2.5535 -1.6719 -0.52611 -2.0878 -0.31 -0.97091 0.44733 1.8133 0.41399 1.6553 2.3314 1.0485 -0.37342 -0.64438 0.22939 0.034316 -0.76916 -0.022891 -1.5961 -0.86996 -0.36764 -1.0295 -0.074299
-0.22608 0.033274 1.4701 -1.3011 -1.2472 -0.76721 -1.4523 -0.84819 -0.70916 1.0151 1.3928 0.48192 0.7378 1.5217 0.12753 0.1513 -2.3005 -1.4384 -0.49067 -1.4944 0.17756 -1.2929 -0.32124 1.2186 0.17636 1.1109 1.1322 1.2715 -0.83091 1.3845 1.071 0.098334 0.78144 -0.15843 -0.23039 -0.84109 -2.2865 -1.4716 -1.2662
0.091118 -0.11367 1.0964 -1.7299 -1.526 -0.86999 -1.2233 -0.20939 -1.0041 1.126 2.3891 0.70753 1.1073 1.9968 0.53069 -0.21229 -1.6537 -0.55758 0.21907 -0.95662 -0.13833 -0.58434 0.23478 -0.5898 -0.97386 0.66091 -0.25026 1.0051 -1.5204 2.9786 1.7854 0.2903 1.8234 -0.039431 0.89238 -0.41196 -2.5405 -0.94667 -2.0046
0.47006 0.10166 0.92259 -2.2794 -1.5324 -1.0697 -1.5117 -1.0934 -2.3784 -0.35399 2.1813 0.14669 1.1254 1.4534 0.86816 -0.69587 0.31282 0.087678 -0.62662 -0.31107 -0.38716 -0.13795 -0.16799 -2.0205 -1.6399 -0.15757 -1.2633 0.47801 -1.3097 3.5354 1.8238 0.41921 1.7141 -0.010735 1.2382 -0.17096 -1.8762 0.22128 -2.1233
0.67963 0.32925 0.8448 -1.7934 -1.4515 -0.91087 -1.2031 -0.89923 -0.61561 0.46707 1.3684 0.196 1.1964 0.70395 0.98892 -1.5367 1.7141 0.93705 0.07695 0.65293 -0.080542 0.24967 -0.48264 -1.4369 -0.67591 -1.1883 -1.985 -0.14928 -0.7866 3.0746 1.4609 0.65172 1.5655 0.52216 1.0025 -0.16087 -0.16488 1.511 -1.7731
1.3149 0.66787 0.41498 -1.5931 -1.3913 -0.21074 -1.2274 -1.3471 -0.51677 0.87145 0.1003 -1.364 0.83168 -0.050628 0.74431 -1.3209 2.6324 1.2594 0.36444 0.83237 0.15675 0.77662 -0.31583 -1.9495 0.47942 -1.6489 -1.7642 -0.71728 0.12949 1.3532 0.91707 1.1855 1.1147 0.6542 0.27541 0.0091951 1.0491 1.7746 -0.85041
0.91739 1.1024 -0.0065439 -0.26814 -1.0404 -1.7441 -1.0878 -0.75469 -0.45068 0.56731 -0.72288 -1.4033 -0.029106 -0.74366 0.3197 -1.1865 2.9406 1.6121 0.95661 1.3301 0.73024 0.97574 -0.023669 -0.92393 1.124 -1.6687 -1.1861 -0.84244 1.1928 -0.39169 0.18453 0.71176 0.50769 0.43192 0.12098 -0.037333 1.3787 1.0555 0.23598
0.23059 0.85285 -0.1622 0.67754 0.34375 -0.35712 -0.34071 -0.51229 -1.2228 -0.10116 1.2718 0.79329 -0.67224 -0.92549 -0.083216 -0.67312 2.2301 1.4723 1.1975 1.3802 0.62855 0.068861 -0.37698 -0.23963 1.1706 -1.3877 -0.41926 -0.56609 1.6775 -1.7635 -0.44723 0.61386 0.077068 -0.14782 -0.0037432 -0.17159 1.241 0.11418 0.95721
0.071729 0.49926 -0.079685 0.67758 -0.27307 -0.39459 -0.39077 -0.2874 -0.34646 0.2168 -0.22825 1.9289 -0.42868 -0.94112 -0.10653 0.060378 1.1783 1.1609 1.0094 1.2931 0.63231 0.86596 -0.52811 0.37979 1.1805 -0.89965 0.10737 -0.14893 1.9193 -2.0493 -0.83981 -0.0012841 -0.30491 -0.57195 -0.0048303 -0.24743 0.070748 -0.76166 1.1107
-0.13866 0.52117 -0.23151 0.77598 0.48716 0.45914 0.28721 -0.28663 -0.45895 0.083159 0.99797 0.90861 -0.47049 -0.68111 -0.058908 0.76225 0.20769 0.61491 1.498 0.97345 -0.077506 0.84562 -0.4182 -0.19475 0.67856 -0.35969 0.14342 0.2859 1.2167 -1.3983 -0.74057 -0.218 -0.73547 -0.61242 -0.19471 0.027077 -0.22206 -1.2291 0.6736
0.22044 0.48536 0.17887 0.45211 0.12964 0.48532 0.29003 -0.47039 -0.55867 0.26547 0.12461 0.31606 -0.44771 -0.66569 0.035259 1.1941 0.11085 0.42473 0.77832 0.95395 -0.10125 0.59931 -0.51501 -0.79159 -0.23987 -0.2421 -0.027088 0.32378 0.33989 -0.63199 -0.49978 -0.35647 -1.2142 -0.54078 -0.54486 0.6317 -0.44843 -1.0319 0.10945
0.16372 1.0044 0.39549 0.080716 0.2141 -0.04219 0.2076 -0.31285 0.95433 -0.17069 0.39243 0.22046 -0.67213 -0.79941 0.34915 0.71983 0.14196 0.41293 0.86646 0.17889 -0.27519 -0.16386 -0.32592 -0.062597 -0.70976 -0.53609 -0.33527 0.090903 -0.73915 -0.14796 -0.15448 -0.49982 -1.1359 -0.035428 -0.23988 0.9117 -0.062803 -0.3882 -0.21908
-0.34787 0.90776 0.76699 0.58916 0.19504 0.62951 0.25033 -0.93285 -0.21651 -0.33872 -0.64439 1.1042 -0.7099 -0.91909 0.26026 0.62042 0.02422 0.29191 0.61118 -0.56055 -0.38714 0.30761 0.73787 -0.53051 -0.30225 -0.61227 -0.32429 -0.76611 -1.2189 0.35962 -0.1085 -0.56769 -0.71202 0.2587 -0.6916 1.0008 0.17352 -0.07544 0.10074
-0.82237 0.49348 1.0038 1.1727 1.0054 0.60474 1.1505 -0.22646 -0.63646 -0.79884 0.1601 0.99916 -0.8806 -1.1354 -0.015942 -0.16073 -0.02954 0.36746 0.59068 -0.37631 0.021045 0.53551 0.84844 -0.4275 -0.11674 -0.54685 0.28368 -1.5374 -0.68904 0.73307 -0.36427 -1.4011 -0.25422 0.55134 -1.0797 0.5493 0.42627 -0.093123 0.74481
-0.76106 1.0253 0.062733 0.62964 0.21747 1.1092 -0.59408 -0.67092 -0.65675 0.2764 0.46241 -0.073242 -1.091 -1.0593 -1.1553 -0.35293 0.86654 0.22098 -0.20574 -0.096257 0.33128 -1.1056 0.97581 -0.2566 -0.70678 -0.052686 0.87472 -1.2605 -0.24378 0.51374 -0.67993 -1.7712 -0.17165 0.45402 -1.2848 -0.41741 0.57899 0.072139 0.97086
-0.85394 0.81725 0.64217 0.33719 0.76776 0.98007 -0.54135 -0.90092 0.72326 1.9343 -0.21548 0.18849 -1.1404 -0.21799 -1.6918 0.07788 1.0901 -0.26408 -1.4567 -0.53959 0.56812 -1.5851 0.69627 0.63931 -0.71499 0.48838 1.5423 -0.4597 0.37876 -0.18587 -0.8563 -1.7665 -0.0097364 0.30646 -0.47685 -1.0153 0.45305 0.62153 0.93668
-1.0599 0.55129 -0.032237 0.21134 0.51512 0.75653 0.33156 -0.076753 0.76426 0.5534 -0.69748 0.44631 -1.0521 0.17656 -1.1567 0.094057 0.42297 -0.70457 -1.8114 -0.81348 0.33504 -1.1682 -0.050708 0.068818 0.13606 0.56756 1.8328 0.74641 0.27877 -1.1251 -1.1007 -0.833 0.092046 -0.091203 0.41017 -1.1558 0.46275 1.0521 0.5677
-1.3075 -0.97026 0.45239 2.2189 0.53346 -0.68805 0.5321 0.044314 -2.2673 0.50465 0.038434 -0.74275 -0.45965 0.97911 -0.8418 0.21761 -0.15928 -0.81712 -2.0438 -0.054663 0.7013 -0.36089 -0.74351 0.30019 0.75351 0.78102 1.6295 1.2926 0.089008 -1.3799 -0.99385 0.39377 0.042222 -0.9132 1.0226 -0.16782 0.1593 0.90853 0.2733
-0.33269 -1.0444 1.2759 2.054 -0.15769 -1.2597 -0.70819 -0.13946 -2.634 0.25598 1.1114 0.40095 -0.075046 1.5873 -0.25564 0.016996 -0.61917 -1.6142 -1.5465 -0.1886 0.10178 -0.87961 -0.70109 0.82203 0.75394 0.7972 1.2198 1.1714 -0.26844 -1.5196 -0.93697 1.5648 -0.26249 -1.7413 1.7846 0.76663 -0.32778 0.18333 0.16488
-0.63838 0.36214 0.39446 0.3799 -0.16234 -0.81837 -0.73527 -0.18533 -0.55563 -0.42304 -0.21701 1.3048 -0.70553 1.963 0.15653 0.24867 -0.97628 -1.718 -0.85421 -0.79349 -1.225 0.32793 0.67468 0.58787 0.8698 0.85772 0.18868 0.65916 -0.13528 -1.1097 -0.684 2.122 -0.36912 -2.1396 1.7381 0.83144 -1.052 -0.32213 0.16744
0.64845 0.32983 0.13056 -0.3103 -0.67119 -1.03 -0.22124 0.30852 0.63744 0.2835 0.46615 0.96203 -0.22065 1.8479 0.42675 -0.36848 -2.0176 -2.0548 0.59042 -0.94562 -2.3714 2.0616 0.83227 -0.6871 0.45035 0.82479 -0.58238 -0.25236 0.6609 -0.286 -0.006528 2.0013 -0.51058 -1.4065 1.052 -0.10054 -1.2836 -0.57686 0.38245
0.69923 0.062518 0.56286 0.14665 -1.6213 -0.8288 -0.11831 -0.8325 -1.4453 0.85472 0.74953 0.92753 -0.096015 1.1925 -0.013993 0.17912 -1.5415 -1.9168 0.96046 -0.3737 -2.5779 1.6501 0.21635 -0.95083 0.21741 1.0673 -1.3311 -0.56655 1.0942 0.032186 0.75745 1.3495 -0.60685 0.1575 -0.38341 -1.7591 -0.58797 -0.77526 0.35965
0.8819 -0.29937 0.66558 0.56646 -1.5077 -0.92326 -0.96159 -2.0194 -0.24878 1.8186 0.22802 1.1838 0.386 0.9555 -0.62715 1.1108 -0.87561 -1.5475 1.3857 -1.3561 -2.1797 0.57517 -0.67911 -0.85995 -0.14211 1.3664 -1.6313 -0.22782 1.199 -0.013746 1.7176 0.074035 -0.69428 1.9944 -1.0216 -2.5034 0.734 -0.55196 0.16565
0.83158 -0.57671 0.18122 -0.45989 -2.4201 0.20325 -1.37 -3.1341 0.37821 0.89715 -1.0756 -0.087929 0.59907 0.07087 -0.33368 1.2703 -1.4905 -0.55275 1.3289 -1.7228 -0.9552 0.32948 -2.2182 -0.43844 -0.47242 1.2212 -1.5719 0.59902 0.39319 -0.469 2.2346 -0.99393 -0.50718 2.9837 -0.73302 -2.1558 1.3683 -0.35491 -0.2387
0.79788 -0.22486 1.5154 -0.5425 -2.4229 -0.14467 -0.77235 -2.454 0.19133 -0.653 -0.14824 1.7583 0.88418 -0.45946 0.17359 1.017 -2.0723 0.50646 0.5236 -1.5663 1.0864 0.70984 -3.1433 0.48769 -0.37475 1.0447 -1.272 1.0056 -0.51876 -0.22152 2.4481 -2.108 0.52083 2.9587 -0.69497 -0.6006 1.469 -0.17377 -0.53377
0.97002 -0.19301 1.4013 -0.89068 -1.9997 0.90596 -2.6278 -1.8444 0.23187 -1.3325 -0.92754 0.76919 0.92727 -0.86333 0.64737 0.85127 -1.8249 1.2817 -0.55364 -1.2199 2.1604 0.14513 -3.0231 1.0269 -0.42293 0.82176 -0.61377 0.63218 -1.3684 0.47928 1.8961 -2.4729 1.0784 1.648 -1.1208 1.3503 0.74054 -0.45346 -0.52794
0.61978 -0.12569 1.3527 -2.0185 -1.29 0.10211 -2.0139 -0.71578 0.00094318 -2.3958 0.82918 -0.24447 1.2556 -0.81146 0.6692 0.46768 -1.1267 2.1664 -1.7699 -0.66925 2.5807 -0.69458 -1.5214 1.2526 -0.54353 0.64657 -0.16252 0.4465 -1.557 0.95506 0.81383 -2.0063 1.7933 0.19563 -0.87065 2.5694 -0.34334 -0.35502 -0.66041
-0.024464 0.14599 1.3471 -1.8364 -0.85171 -0.76444 -2.0905 0.066479 -0.2077 -2.6225 1.2823 0.7033 1.2031 -0.8256 0.53939 -0.68455 -1.0692 2.1996 -2.3259 -0.20821 1.8307 -1.178 -0.2261 0.62269 -1.3514 0.51086 0.063517 0.25563 -1.5497 1.7075 -0.13203 -0.52181 1.7491 -1.0245 0.022751 3.0135 -1.4553 0.14486 -1.2949
-0.083707 0.37985 1.32 -1.4143 -0.24314 -1.473 -2.4752 -0.40829 0.48128 -2.0153 0.39804 0.31982 1.423 -0.75445 1.0173 -0.75031 -0.66515 1.5735 -2.4907 1.2051 1.6978 -0.34024 0.7909 0.04778 -0.66739 0.060297 0.13636 0.044107 -0.94178 2.114 -0.90819 1.6657 1.6725 -1.2486 0.88553 2.2449 -1.7982 0.47191 -1.808
0.2506 0.14116 1.0782 -1.6573 0.29524 -1.832 -1.7325 0.021411 -0.9975 -1.1677 0.34551 -0.39483 1.3777 -0.76905 0.92261 -1.0631 1.1383 1.307 -1.2266 1.0388 0.45558 0.034821 2.0747 -1.1523 -0.06925 -1.1285 0.0048061 -0.20496 -0.028119 2.4043 -0.99653 3.1716 1.6664 -0.73722 1.3604 0.83673 -1.1069 0.92951 -1.9622
-0.014242 0.38033 0.60167 -2.2199 0.31917 -2.3532 -1.6222 -0.12896 -1.4021 -1.3962 0.40133 -0.84283 1.4993 -0.5884 0.54959 -0.88124 1.7247 0.86678 0.87184 1.7623 0.64577 0.48343 1.9875 -1.3013 -0.20681 -1.6696 -0.19136 -0.59109 0.3447 2.0249 -0.70367 3.5794 0.93607 -0.93907 1.3514 -0.38784 -0.44619 0.8684 -1.4079
-0.094255 1.3422 0.74376 -2.0528 -0.15239 -1.9807 -0.61945 1.1879 0.77878 -0.71613 -0.2322 -0.045212 0.81952 -0.88946 0.401 -0.67663 2.2347 0.63916 2.0926 2.5571 0.82097 1.1399 0.91313 -0.81407 0.35601 -2.0283 -0.11024 -0.67639 0.61224 0.73275 -0.69807 2.4945 0.44741 -0.75242 1.0702 -1.1706 0.82727 0.92111 -0.27368
-0.779 0.77439 0.23374 0.50683 0.79726 -1.2148 -1.219 -0.60736 0.036238 0.76543 -0.47893 0.4703 -0.66576 -1.0213 0.21717 -0.39692 2.5749 0.55008 2.737 2.1475 -0.44952 1.8191 0.56839 -0.96125 0.92952 -1.9297 0.00036639 -0.73967 0.59192 -0.31761 -0.4707 0.53768 -0.57594 -1.0242 -0.072761 -1.2497 1.434 0.67077 0.76638
-0.53562 0.49779 0.72035 0.21629 0.41764 0.77234 0.19199 1.1361 0.4195 -0.18335 -0.55703 -0.0090537 -0.40078 -0.73648 -0.12423 -0.32509 2.0819 0.1186 2.6329 1.6496 -0.56481 1.519 0.35675 0.28814 1.2827 -1.4657 0.36106 -0.55229 0.62924 -1.6755 -0.48122 -0.85535 -0.98613 -0.62387 -0.91692 -1.138 1.1308 0.016332 1.6006
-0.94842 0.75401 0.55416 0.57637 0.85021 0.4446 1.1705 0.68061 1.2344 -1.3512 -0.34304 0.45386 -0.53515 -0.65356 -0.51371 -0.10974 1.2029 0.21237 1.6145 1.1384 -0.80694 0.17057 -0.32595 0.92555 0.72481 -0.60916 0.42683 -0.24257 0.55169 -2.3795 -0.57661 -1.7618 -1.1857 -0.16558 -1.3637 -0.75264 0.32794 -0.61034 1.6027
-0.86588 0.58039 0.44914 0.50267 0.8979 0.67144 0.38808 -1.3437 0.84016 -0.10531 -0.98231 0.90721 -0.53708 -0.42544 -0.22529 0.18753 -0.22027 -0.12667 0.97637 1.23 -0.29519 0.16039 -0.99942 0.43703 0.48048 0.10419 0.25136 -0.15422 0.65418 -2.1147 -0.33048 -1.419 -1.497 -0.12814 -1.0063 0.025779 -0.51564 -0.53592 1.1472
-0.80554 0.67718 0.14046 -0.081894 -0.16078 0.40949 0.17762 0.058537 1.0596 -0.30112 1.4375 1.5374 -0.43365 -0.41285 -0.17161 0.22885 -0.73336 -0.44321 0.13708 0.15882 -0.90529 -0.19468 -0.31373 -0.38605 0.038136 0.081823 0.16037 0.014611 0.29497 -1.1258 -0.11862 -0.76297 -1.3721 0.42727 -0.20593 0.38057 -0.61197 -0.19302 0.3625
-1.176 0.449 0.69852 0.47677 0.7616 0.073677 0.64105 0.020285 0.28096 -0.76098 0.49583 0.63482 -0.45206 -0.40256 -0.57701 0.55378 -0.91333 -0.20188 0.60555 -0.63121 -0.75703 -0.27997 0.40555 -0.02962 0.48967 0.19302 0.16301 0.14591 -0.0084923 0.17088 0.26531 -0.38945 -0.81538 0.66667 -0.38152 0.43751 -0.41493 -0.030209 -0.3029
-1.1894 0.42982 0.67563 0.14209 0.62623 1.1253 1.2507 -0.19333 0.49204 -1.4354 -0.89335 0.80174 -0.46883 -0.3713 -0.31845 0.17317 -0.56226 0.0042559 0.30085 -0.47211 0.36285 0.0023685 -0.23737 -3.4794e-05 0.30316 -0.014274 0.37119 0.34059 -0.33879 0.58889 0.15671 -0.54018 -0.1352 1.1647 -0.17037 0.47192 0.30128 -0.069508 -0.38112
-1.0381 0.45323 0.91342 -0.84893 -0.33305 0.74837 0.37347 -0.48097 0.72733 -0.6112 -1.4579 -0.069251 -0.31936 -0.14786 0.10171 0.18962 0.01069 0.13337 0.11677 0.027673 0.51835 -0.67607 -0.12839 -0.53575 0.27245 -0.3658 0.77841 0.64599 -0.45591 0.26928 0.016974 -1.4931 -0.38524 0.88206 -0.0047523 0.57828 0.46252 -0.54056 -0.056305
-1.4532 -0.12503 0.95603 -0.29483 0.97137 1.2962 -0.42088 -1.2621 0.96232 0.27011 0.69309 2.4935 -0.30276 0.12554 0.089833 -0.15009 -0.096105 -0.33341 -0.68736 -0.43819 0.96304 -0.31421 0.93383 0.46539 -0.01121 -0.29286 1.0547 0.51834 -0.25833 -0.46185 0.009533 -1.5828 -1.2508 0.1749 -0.20333 0.63041 0.73729 -1.1181 0.54453
-1.1701 0.54062 0.099696 0.040911 0.50506 0.40438 -0.052455 0.46937 0.75934 -1.0678 0.16687 1.209 -0.69765 0.73341 0.36435 -0.03541 -0.64563 -0.021134 -1.8095 -1.3753 0.84819 -0.10957 1.0212 0.64629 -0.49926 0.24319 1.2637 0.40886 0.21751 -1.2183 -0.15383 -0.92315 -1.6279 -0.42309 -0.24046 0.10051 0.59829 -2.0902 1.0308
-1.0003 0.99668 0.73909 0.37274 0.1642 0.3231 1.257 1.1888 -0.70967 -0.95312 0.051805 1.2229 -1.024 1.06 0.46805 -0.14494 -1.1024 0.079287 -1.8185 -2.0888 0.6005 -0.66409 0.49726 0.84628 -1.6687 0.63715 1.1456 0.17977 0.91812 -1.1463 -0.13297 0.30831 -1.0934 -1.446 -0.40925 -0.34885 -0.13948 -1.6535 0.97941
-1.0336 0.21586 0.66349 -0.15352 0.076078 -0.6495 -0.082793 0.73586 0.46949 1.157 0.26219 -0.10729 -0.51562 1.6257 0.63517 0.52756 -1.771 -0.38561 -1.1261 -2.1583 -0.16857 -0.95825 0.29987 0.44368 -3.2957 0.97095 0.85637 -0.13594 0.45377 -0.2531 -0.32969 1.1394 -0.15265 -1.5382 -0.70766 -0.49862 -0.42534 -0.36706 0.39221
1.9006e-05 0.89037 0.83858 -1.7445 0.5661 -1.1732 -1.7197 -0.095084 1.0105 0.076281 -0.52429 0.066911 0.36378 1.7117 0.26839 1.0443 -1.6835 -0.42415 -0.45921 -2.0756 -1.5705 -0.68301 0.57212 0.31695 -2.0938 1.0556 0.42115 -0.2404 -0.35749 1.2355 -0.3785 0.90834 1.1654 -0.88705 -0.89558 -0.64277 -0.61807 1.5017 -0.48007
-0.10797 0.75051 0.54827 -1.8665 0.2352 -0.82613 -2.877 -0.11172 -0.47881 -0.11259 1.0263 -1.9484 0.38742 1.9295 0.21505 0.093339 -0.83252 -0.41619 -0.3143 -1.6816 -1.3043 -1.4873 -0.049361 0.11115 -1.0688 0.72496 -0.32798 -0.47982 -1.5461 2.4355 -0.36766 0.40342 2.2002 0.11604 -0.7589 -0.13062 -0.66903 2.6522 -1.2158
0.49105 0.94221 1.4706 -1.6079 0.19319 0.38953 -1.8096 -0.73319 -0.61853 -0.040266 1.2065 -2.7806 0.35895 1.662 0.24268 -0.51916 0.73837 -0.64493 -0.49569 -0.20414 -0.68577 -2.1608 -0.66039 -0.15811 0.35589 -0.066046 -0.67484 -0.2027 -2.0659 2.3538 -0.39402 0.14249 2.7547 0.96518 -0.14885 -0.059792 -0.88042 2.2759 -1.2903
0.67127 0.89933 1.3443 -1.1956 -0.47261 -0.50999 -1.177 -1.0286 -0.29215 0.025186 -0.21826 -0.44437 0.088268 1.0825 -0.21444 -1.2083 1.5753 -0.99413 -0.35434 0.931 -0.33343 -1.7085 0.64651 -0.5875 1.0308 -0.57408 -1.1588 -0.034663 -1.8813 1.3622 0.15484 0.18357 1.9004 0.68979 0.70138 0.036329 -0.42805 1.6047 -0.88519
1.2444 0.92678 0.2096 -0.52562 -0.23424 -0.93799 -1.3047 0.042947 -2.503 -0.27108 0.020512 -0.12722 -0.045864 0.95502 0.11495 -1.6648 1.5168 -0.90419 -0.18958 1.6625 0.026051 -0.84714 0.10154 -1.0092 1.6185 -0.53034 -1.2278 0.20318 -1.1945 -0.016952 0.86829 0.81406 0.5665 0.22207 1.4426 -0.27114 0.60821 0.72859 -0.18595
0.92966 0.59555 -0.051458 0.18008 -0.52474 -1.9116 -1.3248 -0.36093 -1.3819 -0.13509 -0.0025757 0.34947 -0.27051 0.24877 0.21043 -2.3946 1.3257 -0.0127 -0.1384 0.85915 -0.16347 -0.72634 -0.35353 -0.26832 1.654 -0.57372 -0.97974 0.3582 0.14062 -0.87778 1.0543 1.0417 -0.27788 0.087333 1.7512 -1.2564 1.1996 0.28264 0.23153
1.043 0.61596 -0.33972 -0.54552 -0.89062 -0.73211 -1.0762 -0.80052 -1.0263 1.613 -0.62338 0.067519 -0.15813 -0.077146 0.38596 -1.8738 0.82797 0.49383 0.94296 0.85399 -0.26795 0.2415 -0.72153 0.87125 1.5606 -0.38086 -0.53533 -0.033645 0.98979 -1.1904 0.77929 0.8842 -0.50363 0.17923 1.4015 -0.73124 1.148 0.0012055 0.45746
1.1892 1.2891 -0.52636 -0.21784 -0.94126 -0.015817 -0.023166 -0.19059 -1.4643 -0.93523 0.14556 -0.31177 -0.1604 -0.11975 0.28226 -0.88785 0.27252 0.28974 1.0657 0.80542 0.030052 1.2548 -1.5474 0.79926 1.6406 -0.23731 0.21127 -0.48552 1.3126 -1.0699 0.2241 0.070866 -0.29563 0.51951 1.1067 -0.12561 0.54358 -0.33386 0.65436
0.66419 1.1805 -1.0422 0.20743 0.68575 -0.31368 -0.95049 -1.2871 -1.719 -0.81953 0.64045 0.94953 -0.53262 0.20524 0.012359 -0.82608 -0.18926 0.40495 0.89042 0.74457 0.34106 0.97387 -0.81733 0.68472 1.6156 0.10592 0.77718 -1.0299 0.31148 -0.96538 -0.23503 -0.90335 -0.62156 0.45648 0.66755 0.81553 -0.0743 -0.74907 0.71906
0.82295 1.2147 -0.75227 -0.015415 0.081127 0.23952 -0.15274 -0.68192 -0.32714 -0.95692 1.0737 2.7218 -0.35132 0.49111 -0.47539 -0.80331 -0.17266 0.43722 -0.00084986 0.3514 0.6669 1.1322 -0.56483 0.88955 0.91397 0.32984 1.1643 -1.3033 -0.51845 -1.0155 -0.50133 -0.81439 -0.48918 0.3416 0.085818 1.5301 -0.27199 -1.7408 0.93539
1.2148 0.85181 -0.56231 -0.14162 -0.56525 -0.47516 -0.52974 0.52587 -0.57823 -2.3736 0.49151 1.8491 -0.3211 0.99964 -1.0788 -1.4233 -0.76066 -0.046806 -0.29396 -0.080533 0.41456 1.6533 0.48074 0.70178 0.34037 0.59504 0.9625 -1.3206 -1.0198 -0.90695 -0.31201 -0.45339 -0.50425 0.20643 -0.33808 1.3041 -0.6795 -2.7696 0.97277
1.3084 0.49526 -1.1998 -0.50958 -0.24144 -0.47253 -0.16807 -0.35897 -0.19964 0.70117 0.32412 1.9437 0.10166 1.5484 -1.5034 -1.4414 -1.3468 -0.45728 0.059517 0.29977 0.75011 1.1075 0.97969 0.286 -1.3857 1.1539 0.52936 -1.1455 -1.1193 -0.44914 0.18754 0.41152 -0.28127 0.10827 -0.60454 0.8801 -1.3201 -3.0007 0.93015
1.6774 0.39443 -1.3854 -0.55676 -0.031189 -0.41146 -0.41965 0.074922 -0.086954 -0.22399 1.0987 0.40596 0.22309 1.3859 -1.8357 -2.1716 -1.304 0.23902 -0.040976 -0.17553 0.76902 0.33476 1.1178 -0.30238 -3.0567 1.3947 -0.13672 -0.98459 -0.31581 0.51572 0.69697 0.75342 -0.29829 0.58154 -0.79815 -0.48652 -1.978 -2.401 0.63581
2.1853 0.088587 -2.4992 -0.95774 -0.46628 -0.32091 -0.52613 -0.33832 0.56371 -0.81089 1.5036 1.1021 0.31642 1.2429 -2.1467 -2.2551 -0.74553 0.63031 0.64184 -0.13716 0.75063 0.6096 0.94418 -1.1299 -3.6943 1.5567 -0.83367 -0.75214 0.49714 1.2833 0.76408 0.64658 -0.34463 0.69055 -0.34956 -0.97324 -2.2067 -0.66606 0.26015
2.4453 -0.6576 -1.9839 -1.5287 -0.10239 0.11844 -0.1402 0.16638 -0.36118 0.55639 0.72859 -0.75941 1.037 0.92183 -2.5199 -1.5402 -0.099073 0.71335 0.84437 -0.42942 1.681 0.33494 -0.50955 -2.3777 -3.5541 1.5083 -1.2612 -0.35707 1.5337 1.4747 0.28199 0.4314 -0.0023575 0.56231 -0.042281 -1.0017 -1.7172 1.0269 0.0028329
2.2546 -0.99289 -2.9489 -1.3644 0.33903 -0.32244 -0.63518 1.1206 -0.087854 0.092308 -0.084166 -2.4606 1.3265 0.3199 -2.5094 -0.96346 0.45027 0.73704 0.84 -0.22581 1.7925 0.43315 -0.22459 -2.9038 -2.5464 1.5583 -1.4629 0.23726 1.5273 1.1756 -0.12327 -0.015049 0.059227 -0.22532 0.11272 -0.77073 -0.39181 2.5358 -0.36436
2.6091 -1.7238 -2.9112 -0.63374 0.3872 0.46024 -0.57769 1.0423 0.6024 -0.11743 -1.3845 -3.5287 1.5545 -0.36774 -2.2978 -0.34391 0.85621 0.70112 0.66753 -0.15461 1.4739 0.36038 -0.37479 -2.701 -1.4886 1.4076 -1.3479 0.7241 1.0957 0.57782 -0.33866 -0.13495 0.47392 -1.2747 0.28838 -0.048299 1.1481 3.3914 -0.61918
2.3543 -2.3335 -2.5753 -0.50813 0.70178 0.55277 -0.87065 1.8849 0.19676 -0.81135 -2.2734 -2.618 1.7487 -0.68341 -1.8412 -0.39013 0.97474 0.38186 0.67562 -0.18477 0.40623 0.84283 -0.72095 -1.7035 0.58034 0.98212 -1.0589 0.98699 0.56522 -0.080588 -0.41007 -0.1843 0.66272 -1.3223 0.46207 -0.096845 2.266 3.2012 -0.81723
2.0923 -2.2177 -2.6228 -0.32004 0.56739 0.48957 -0.48569 1.8966 0.66298 -0.50227 -1.5196 -2.192 2.0623 -0.94457 -1.5692 -0.063234 0.71724 0.22713 0.64035 0.4021 -0.30375 0.72574 -0.36016 -0.75 1.9847 0.72829 -0.56791 0.89893 0.25007 -0.42348 -0.39945 -0.19753 1.0299 -0.66421 0.51185 0.018269 2.249 2.0224 -0.87257
1.7039 -2.6195 -2.7795 -0.46027 0.43112 0.40198 -0.51803 1.2186 0.47347 -0.64296 -1.7006 -1.4022 2.1715 -1.2497 -1.1201 -0.1998 0.36537 0.17454 0.47208 0.6949 -0.097688 1.1919 -0.43142 0.49958 2.4201 0.48535 0.062404 0.76027 0.53466 -0.45481 -0.27165 -0.54825 1.1333 0.22932 -0.40542 -0.095799 1.5477 0.60152 -0.82043
1.7201 -2.768 -2.8504 -0.42722 0.56853 0.9035 -0.60934 0.66772 0.85393 -0.4383 -1.5745 -0.5537 2.1733 -1.0761 -1.0618 -0.045801 0.36442 0.025462 0.36225 1.2795 0.34529 1.2264 -0.48022 0.54367 1.8219 0.14706 0.8377 1.7219 1.1471 -0.18135 -0.30573 -0.90155 0.47138 0.30226 -1.5572 -0.20011 0.99606 -0.53937 -1.2168
1.3188 -3.0632 -3.043 -0.18748 0.77483 0.64152 0.068863 1.0383 1.038 -0.55628 -1.6558 -0.18762 2.1584 -0.49681 -0.74558 0.45562 0.296 -0.053795 -0.26974 1.4405 0.59993 -0.19299 -0.85827 0.64648 1.9114 -0.14546 0.61842 2.8355 2.367 0.078078 -0.17196 -0.72823 -0.13901 -0.59802 -2.5873 0.051369 0.73516 -1.1393 -1.8624
1.1166 -3.0938 -2.869 -0.13467 0.69382 1.1451 0.21682 1.8702 2.2546 -1.2745 -0.77116 -0.0088656 2.167 0.16801 1.3081 1.4561 0.40886 -0.25996 -0.75547 0.87665 0.020662 -1.6603 -0.56053 1.1118 1.0954 -1.0639 -0.16523 3.7902 3.0883 0.11405 0.12186 -0.12086 -0.93746 -1.6795 -2.4038 0.54413 1.1588 -1.2962 -2.2589
1.1457 -3.5348 -2.4164 -0.0473 0.54463 0.70433 1.0015 2.6935 1.2901 -1.4003 -1.6918 -0.19971 1.9616 -0.76974 2.7456 2.8732 0.48589 -0.029825 -0.40107 0.62178 -1.1753 -2.4939 -0.28327 1.6487 0.38129 -2.1397 -1.4473 3.3472 3.1334 0.12647 0.47388 0.41297 -1.382 -1.8494 -1.1055 0.95255 0.9427 -1.3444 -2.0154
1.7445 -2.8536 -2.1298 -0.14458 0.32472 -0.35304 1.0805 1.7475 -0.71858 -1.6389 -0.49088 1.3139 1.9254 -1.2206 3.946 3.7383 0.47958 0.22468 0.16892 -0.05327 -2.3051 -2.387 0.36269 2.2909 -0.14426 -2.776 -2.2625 1.3164 2.3082 -0.16207 0.5061 0.44675 -1.611 -0.85954 0.93548 1.2214 0.61766 -0.64896 -0.7691
2.048 -0.00226 -1.0999 0.062444 0.11093 -0.28632 -0.21629 0.035181 -1.7369 -0.81566 -0.17235 -0.074391 0.37382 -2.346 3.8987 4.3805 0.49399 0.58395 0.040064 -0.65376 -2.1364 -2.0088 0.65797 1.8895 -0.30104 -2.786 -1.8933 -1.0344 0.60681 -0.59054 0.10366 0.3167 -1.338 0.71281 2.0644 0.98928 -0.0035785 -0.19018 0.82434
-0.39866 0.14477 0.2995 0.31039 1.0594 1.2055 0.52788 -0.90217 -1.0731 -0.77834 0.66212 -0.18167 -0.63416 -3.0259 3.0728 4.431 0.097835 0.37444 -0.13881 -1.4657 -1.2944 -0.01894 1.5046 2.1985 0.063049 -2.0697 -0.64364 -3.3319 -1.2988 -1.0864 -0.27248 -0.12442 -0.20974 1.765 1.9086 0.23042 -0.58899 0.1636 2.3456
-0.22498 0.83013 0.51552 0.36844 1.137 1.2239 0.16714 -0.74364 -0.2982 -0.27185 1.4932 -0.4625 -0.73484 -3.1975 1.3307 3.4982 -0.43255 0.071927 0.33887 -1.1505 -0.135 0.4534 1.1998 1.7067 -0.13346 -1.0502 1.393 -4.136 -3.2105 -1.162 -0.42257 -0.14106 0.78141 1.8346 0.99637 -0.52985 -1.2987 0.029635 2.8911
-1.58 0.14011 1.5291 0.35248 1.2721 0.32107 -0.33082 0.86256 -0.40922 -0.84327 0.52462 -0.052389 -0.49113 -1.92 -0.71941 2.0626 -1.095 -0.057385 -0.24634 -0.2095 0.47585 0.203 0.57128 1.2676 0.103 0.44461 2.3722 -3.3914 -3.849 -0.63061 -0.37637 0.12643 1.7815 1.1951 -0.089886 -1.1989 -1.9614 -0.44051 2.1258
-1.4565 -0.17607 1.851 -0.30042 0.3478 -0.55442 -1.0797 1.0276 0.56668 1.2516 1.5012 0.98007 -0.0023155 -0.43007 -1.5887 0.34982 -1.0891 -0.023379 -0.20418 0.13534 0.90794 -0.11473 0.026674 -0.12532 -0.271 0.99421 2.6124 -1.2833 -3.5956 0.50233 -0.31712 0.40865 1.7343 0.19331 -0.38399 -1.0963 -1.4639 -0.62306 0.65655
-1.4175 -0.29175 1.2093 -0.72144 0.2355 0.74347 -0.32825 0.27759 -1.6104 -0.31335 1.8747 0.24495 0.12606 -0.21265 -1.523 -0.24445 -0.75823 -0.31337 0.3513 1.1468 0.7546 0.10776 -0.39496 -0.64086 -0.80442 0.61428 1.5346 0.79916 -2.5654 1.5561 -0.12332 1.0279 1.1874 -0.37436 -0.2277 -0.98734 -0.7689 -0.69855 -0.91542
-0.40301 -0.68269 1.2114 -1.0616 0.79048 0.099474 0.36079 -0.35245 -1.2804 -0.35696 1.5687 -0.6061 0.4679 0.56976 -0.56305 -1.1872 0.33628 -0.42296 0.80368 1.3402 0.16731 -0.24181 -0.59034 -0.13725 -0.99891 0.015701 0.61662 2.0334 -1.2588 1.8887 0.16306 0.51307 0.47814 -0.5205 0.16189 -0.27739 -0.22888 0.15703 -1.5462
-1.1323 -1.6001 0.49764 -0.40226 1.5748 1.3813 0.67075 0.87673 -0.23856 -0.83956 -0.088697 -0.8316 0.25029 0.2989 0.18649 -1.3383 1.1029 -0.11224 1.2092 1.3516 0.08152 -0.16516 -1.1674 -0.1873 -1.0106 -0.64955 0.29441 2.2521 -0.60926 1.4716 0.30742 -0.083403 -0.43781 -0.48036 -0.27006 0.51584 -0.14288 1.1151 -1.4027
-1.2726 -0.61804 0.99771 -0.28423 0.11565 0.94624 1.2927 1.2481 0.40828 -0.62229 0.59185 -1.3161 -0.2176 0.41302 1.1766 -1.1552 1.5136 0.16554 0.33217 0.8927 0.16928 0.36558 -0.16123 -0.77388 0.14935 -1.0544 0.16652 1.5908 -0.10809 0.33595 0.2051 -0.71358 -0.83695 -0.65214 -0.33539 1.2174 0.065179 1.4488 -0.70474
-0.75551 -0.14987 0.37121 0.85837 0.077629 0.63482 0.4106 0.89434 -1.2245 -0.73966 1.5109 -0.52226 -0.36099 0.39596 1.6174 -1.2598 1.4053 -0.043836 0.40041 0.54671 -0.23629 -0.71198 0.4622 -0.57885 0.94854 -1.2817 0.57793 0.37197 -0.67785 -0.95572 0.035941 -1.087 -1.4527 -0.87603 0.019418 1.402 0.24946 1.6316 0.23837
-1.0644 0.058547 0.26925 0.43401 0.42968 1.5512 0.79577 0.29156 -0.57054 -0.98721 1.6942 -0.65871 -0.68833 0.82578 1.5521 -1.4136 0.81068 -0.087795 -0.19561 0.18519 -1.0287 -0.61451 1.1223 0.20258 1.0487 -0.88521 0.67444 -0.69243 -0.82285 -1.8832 -0.19736 -0.84435 -1.4487 -0.42491 0.83872 0.87103 0.39018 1.0978 1.0433
-0.34857 0.8931 -0.031976 0.67068 1.3118 0.63443 1.2394 0.22475 -1.0576 -0.28799 -0.29751 0.51954 -0.90978 1.1231 0.6555 -2.3196 -0.33881 0.062385 -0.65168 -0.98383 -1.1502 0.38511 1.1012 -0.17688 1.9503 -0.31074 0.68711 -1.1556 -0.61604 -1.8429 -0.4519 -0.98284 -1.1139 0.34142 1.6857 0.5797 0.11818 0.52202 1.4339
-0.27271 0.39865 -0.27562 0.59207 0.75684 1.1384 1.2339 -0.019508 -1.7703 0.42959 0.17749 0.49732 -1.0451 1.2503 0.41587 -1.9708 -1.1444 -0.2829 -0.79805 -1.0239 -0.24583 1.5083 1.328 -0.20543 1.9392 0.28361 0.37851 -1.1002 -0.0098333 -1.0623 -0.63238 -0.474 -0.54492 0.97282 1.4459 0.10905 0.18015 -0.3026 1.2191
-0.42121 0.22399 -0.85417 0.5802 0.53907 0.83699 0.80514 -0.044379 -0.017715 0.8174 1.1996 0.071203 -0.70322 1.4069 0.11769 -1.9915 -1.0717 -0.82525 -1.2221 -0.91517 0.1287 1.604 1.5636 -0.1288 1.5862 0.63675 0.16607 -0.44202 0.69364 -0.039798 -0.52582 -0.15141 0.2918 0.73123 0.3963 -0.11322 0.5932 -1.5971 0.75622
0.30131 0.2283 -1.8239 -0.78212 -0.18156 -0.35418 -1.0573 -0.25227 0.73836 0.32902 0.95076 2.4836 -0.46432 1.3625 -0.14792 -1.6056 -0.81567 -0.86587 -0.85142 -0.8698 0.43002 1.6761 1.1188 0.54382 0.58383 0.77032 0.013378 -0.34749 0.7863 0.57115 -0.10381 0.21033 0.56248 0.037015 -1.0103 -0.37701 0.41017 -2.2938 0.269
0.65309 0.73048 -1.2076 -0.42735 0.13493 0.24968 -0.22941 0.90716 0.43766 0.98302 1.0959 2.0869 -0.040817 1.3708 0.14235 -1.3901 -0.58115 -0.66556 -0.94298 -0.54357 0.096678 1.1117 0.97231 0.60857 -0.73458 0.77001 -0.32064 -0.50555 1.2108 0.7938 0.58711 0.67865 0.81348 -0.16809 -1.5766 -0.46908 -0.10239 -2.8635 0.10987
0.6596 0.44862 -1.7133 -0.36755 -0.22303 -0.10727 0.73355 0.21624 0.66067 1.6946 0.25013 1.3582 -0.25017 1.3027 -0.2229 -1.0092 -0.32356 -0.58034 -0.55697 -0.19485 -0.12027 -0.23523 0.84278 0.23377 -1.7244 0.69367 -0.58503 -0.8282 1.085 0.40659 0.7753 0.57788 0.47922 -0.22314 -1.1877 -0.69428 -0.82998 -2.2525 -0.016719
1.1731 0.42981 -1.6054 0.13005 0.26412 -0.031017 0.2024 0.64897 0.37208 1.3144 0.78453 0.63879 -0.19504 0.88168 -0.75317 -0.33957 0.16526 0.12719 -0.084244 0.22351 0.077535 -0.55741 0.72977 -0.15215 -3.2788 0.87498 -0.72584 -1.0044 1.2208 0.14067 0.79496 0.49503 -0.18258 0.33081 0.028604 -1.1971 -1.2714 -0.69943 0.032459
1.0615 0.45799 -2.1082 -0.32671 -0.45979 -0.23495 -0.031336 -0.39928 0.11917 1.8164 1.9139 -1.2434 0.0096111 0.58531 -1.184 -0.38447 -0.43098 0.19054 -0.19032 -0.39156 -0.003698 0.16781 -0.19905 -0.65423 -2.8814 0.69756 -0.92989 -0.90945 1.182 0.043926 0.66559 -0.0055055 -0.48122 0.97908 1.0182 -1.7699 -1.6597 1.0854 0.075994
1.2899 -0.22725 -2.2043 -0.51153 -0.55276 -0.26799 -0.40305 -0.051166 -0.034045 1.599 1.1334 -1.0283 0.35171 0.45923 -1.1753 0.26396 -0.2675 0.43915 -0.19584 -0.79988 0.77227 0.98868 -0.98916 -1.3751 -1.6355 0.83332 -0.75687 -0.79073 0.94451 0.22762 0.40223 -0.23776 -0.23812 1.7092 1.0657 -2.3655 -1.5076 2.905 0.0089175
1.3591 -0.50495 -1.6024 -0.43415 0.6118 -0.16632 -0.23932 0.79252 0.16657 1.5087 0.066759 -2.2971 0.85227 -0.11641 -1.6406 0.59255 -0.028395 0.50801 -0.53738 -0.58673 1.6439 1.0402 -1.9687 -2.3297 -0.2814 0.85548 -0.63433 -0.50996 0.75955 0.54666 0.0077088 -0.12929 0.58748 1.7399 -0.011901 -2.4147 -0.45668 3.1094 -0.0014037
1.2186 -0.57171 -1.7301 -0.97092 0.24007 -0.03804 -0.14842 0.79626 1.2218 0.56596 -0.21277 -1.7099 0.36888 -0.092473 -1.9419 0.69059 0.38674 0.71238 -0.39547 -0.13565 2.9167 1.1494 -3.2921 -2.1967 1.503 0.82034 -0.36364 -0.088563 0.2472 0.2881 -0.75865 -0.23254 1.3546 0.8857 -1.3558 -1.8173 0.73835 2.4696 -0.19407
1.3688 -0.70367 -1.384 -0.095977 0.34885 -0.54228 -0.5403 1.2969 1.9667 0.083149 -1.2344 -0.58229 0.67851 -0.24759 -1.7169 0.62115 0.26209 0.048237 -0.36578 0.33709 2.6523 0.085318 -4.0563 -1.1035 2.0601 0.71042 0.076359 0.81745 0.11685 0.12309 -1.3432 -0.063739 1.5993 -0.40631 -2.0689 -0.011074 1.6234 1.1434 -0.36703
0.77118 -1.6733 -1.2929 0.075186 0.51884 -0.98375 -0.69862 2.5373 0.70847 -1.5891 -1.3536 -0.24575 0.98102 -0.10624 -1.3017 0.63828 0.12327 -0.79277 -0.75633 1.209 2.1811 -1.2114 -3.7146 -0.54887 2.3622 0.57711 -0.092055 1.9008 0.14526 -0.18848 -1.4703 0.065198 1.3044 -2.1175 -1.7864 2.5795 2.0199 -0.17132 -0.9913
1.2273 -2.0554 -1.6745 -0.11379 0.40199 -0.43748 0.0028362 3.5285 1.2196 -2.9458 -0.41249 1.1913 1.2088 0.035918 -0.50934 0.79609 0.33036 -1.3118 -0.50563 1.6615 1.1791 -1.8765 -1.779 -0.011239 1.6754 0.34751 -0.67983 2.9371 0.48282 -0.020976 -0.35757 0.79568 0.61669 -3.0281 -0.66052 4.3319 1.7044 -1.1361 -1.8564
1.0646 -1.9585 -1.3017 -0.58851 -0.41613 -0.51925 0.2908 2.8426 -0.40329 -3.7847 -0.38549 0.99716 1.2614 -0.38599 0.83787 0.82653 -0.003814 -1.4216 -0.22521 1.5807 -0.81557 -1.4044 0.92291 1.1625 1.3238 -0.71359 -1.6271 2.9577 0.89733 0.5218 0.94019 1.2666 -0.58773 -3.3863 0.092237 4.5359 0.92143 -1.896 -2.2601
1.3067 -1.5022 -0.76286 -0.45566 -0.65016 -1.3872 1.6834 3.0496 -0.81784 -2.8888 -1.1947 0.85698 1.178 -1.2968 2.4452 1.2975 0.28288 -0.33709 0.87977 1.2657 -2.2533 -1.1115 2.6146 1.339 0.18401 -1.8644 -1.7777 1.7458 0.87673 1.1835 1.5886 1.4271 -1.2198 -2.5705 0.56292 2.8009 0.16103 -1.4753 -1.7137
1.2217 -0.86676 -0.85429 0.10218 -1.5573 -0.64886 1.331 1.9076 -0.13921 -0.69996 -0.58285 0.85013 0.60254 -2.3007 2.4896 1.8298 1.1207 0.48593 0.97156 0.30757 -3.2679 -1.3887 3.5015 0.56765 -0.88147 -2.2392 -0.88354 -0.2973 0.2404 1.1831 1.2772 0.8408 -1.4473 -0.86209 0.50663 0.16447 -0.24411 -0.80991 -0.20486
0.32487 0.11686 -0.64343 -0.0085347 -0.92258 -0.92292 0.67812 0.30897 0.52535 1.5343 0.85318 1.9049 -0.42011 -2.1333 1.7719 1.7033 1.9808 0.73244 1.6265 0.037034 -3.0263 -0.74214 2.7448 0.61469 -0.32882 -1.8616 0.92128 -2.2827 -0.54647 0.41282 -0.095933 -0.78664 -0.84566 0.96677 0.62792 -1.8918 -0.28075 0.015206 1.6089
-1.0731 0.99827 -0.020571 0.29869 1.0604 1.0578 1.0132 0.58174 -1.0426 0.2418 0.56423 -0.24828 -1.2668 -1.5163 0.63757 1.0012 1.3592 0.45008 0.99969 -0.48427 -2.2302 -0.55896 1.2005 1.0736 -0.13094 -1.0625 2.6869 -3.031 -1.3307 -0.60707 -1.4916 -1.8271 0.12076 2.3178 0.88418 -2.7425 -0.14283 0.47657 2.7928
-1.2618 -0.001212 0.41298 1.2255 0.52006 0.20963 0.46981 -0.47304 -1.4575 0.72467 -0.58445 -0.41083 -0.84052 -0.052489 -0.70676 0.8142 0.93317 -0.52177 -0.6791 0.088194 -0.68682 -0.25484 -0.15882 0.56449 -0.17151 0.35447 3.4193 -2.8119 -1.7792 -1.3354 -2.1359 -2.9854 0.6066 2.5149 1.2233 -1.6516 0.24142 0.60506 2.9641
-0.39142 -0.3291 0.41049 1.9023 -0.53802 0.97408 1.2841 -0.31089 -1.0955 -0.37065 0.063777 1.4259 -0.31785 1.4113 -1.6837 0.10591 0.50419 -1.7413 -1.43 0.48488 0.51877 0.14937 -0.73561 0.33656 0.027443 1.5191 2.8971 -1.4142 -1.6433 -1.2744 -1.5862 -2.3717 0.60776 2.0179 1.3712 -0.38963 0.31636 0.42899 1.9373
0.11353 -0.64515 -0.33495 0.45568 -0.87446 -0.93869 0.83128 0.4214 -0.58906 -0.15489 1.0152 0.92811 -0.094153 2.4478 -2.0893 -0.74431 -0.095768 -2.2505 -2.95 0.64837 0.97453 1.3605 0.28736 1.4664 0.84911 2.0119 1.2242 0.05809 -1.4453 -0.96109 -0.19455 -1.0286 -0.18573 0.92417 0.7039 0.70168 0.044691 -0.00032629 0.35659
1.0321 -1.2 0.11302 0.98973 -2.1675 -1.967 1.3181 0.81773 0.13289 0.27416 0.61337 0.53087 0.74227 2.3569 -1.2001 -0.89454 -0.51627 -1.7198 -2.4709 0.33368 1.2582 1.3846 0.17037 1.25 0.24651 1.4872 -0.45247 0.92541 -0.83814 -0.23465 1.0592 0.36259 -0.60519 -0.12375 -0.29739 0.81538 -0.81073 -0.12207 -0.81165
1.0541 -1.2743 -0.32753 0.72228 -1.9855 -1.3403 1.3186 0.92775 -0.26372 0.15991 0.96604 0.99494 0.88364 1.6458 -0.85161 -1.0398 -0.35978 -0.92252 -2.1708 -0.19666 0.93829 0.55039 0.84551 0.21238 -0.29387 0.99946 -1.508 1.1698 -0.41704 0.16727 1.7084 1.79 -0.80582 -0.59211 -1.064 -0.097734 -1.4935 -0.29812 -1.2812
1.4075 -1.6762 -0.66573 0.75907 -1.4782 -2.7009 1.7236 1.2482 0.35105 1.045 2.2995 1.1022 1.0611 1.0245 -0.65865 -1.1166 0.19332 -0.41303 -1.1449 -0.22405 0.30482 -0.016007 0.67854 -0.57781 0.33072 0.62243 -1.6237 0.84406 -0.29916 0.27581 1.5589 1.8557 -0.40229 -0.44392 -0.52691 -0.77153 -1.6147 -0.10097 -1.0012
1.557 -1.0798 -0.35625 0.93856 -2.1172 -2.0473 0.67952 0.85682 0.1146 0.055989 0.45825 0.35396 0.74534 0.46339 -0.28025 -1.3211 -0.1408 0.32179 -0.18159 -0.57298 0.22383 -0.035727 -0.16809 -0.47485 0.16947 0.22472 -1.2835 0.64007 -0.1803 -0.035635 1.2225 2.1744 -0.094094 0.19835 0.63022 -1.5024 -1.6784 -0.077395 -0.66375
1.5439 -1.4293 -1.0381 0.98771 -1.8943 -2.2994 0.86625 1.1601 -0.58677 1.1216 0.30208 0.91783 0.91822 0.093382 0.013007 -1.2507 -0.11275 0.5996 0.092756 -0.23667 0.70293 0.65028 -0.92224 -1.4947 -0.20912 0.14198 -0.86199 0.47446 -0.12207 -0.43339 1.3213 1.9668 0.030713 1.0095 1.6048 -1.3992 -1.5818 -0.42058 -0.31433
1.4839 -1.7527 -1.4062 0.74251 -1.8946 -2.7437 0.90748 0.86747 -0.26737 0.8312 0.23118 1.6532 1.0184 -0.14303 -0.052507 -1.2769 -0.27695 0.87369 1.3842 -0.38237 1.1916 1.4934 -1.4699 -2.5402 -0.19845 0.094022 -0.56204 0.28171 0.12009 -0.42497 1.131 1.7029 -0.056871 0.85251 1.8224 -0.77249 -1.5088 -0.59665 -0.18535
1.5465 -1.4666 -1.2272 0.63711 -1.4235 -1.5543 0.74973 1.3776 0.37826 -0.57575 0.81537 0.54345 1.1262 -0.18278 0.067039 -1.3485 -0.55364 1.8012 1.8451 -0.28197 1.997 2.4357 -1.5724 -2.5703 -0.37974 0.14987 -0.30273 0.27381 0.27257 -0.48152 0.99969 1.2753 -0.2062 -0.094363 0.89314 0.30947 -0.65426 -0.74285 -0.29575
1.1511 -1.1564 -1.6712 0.65811 -0.84513 -1.7282 1.4288 2.2768 1.087 -1.0813 -0.97457 0.43343 1.0178 -0.3797 0.18852 -1.0896 -0.71961 1.8496 2.2055 -0.67393 1.4193 2.7211 -1.4444 -2.8217 -1.009 -0.092804 -0.047133 0.2627 0.33973 -0.42706 0.61874 0.39944 -0.11608 -1.2506 -0.41205 1.5629 0.24142 -0.69755 -0.39828
1.4074 -1.6993 -1.8371 0.54714 -0.65482 -0.50627 0.51172 2.6354 2.2341 -0.91899 -2.0256 0.69819 0.98735 -0.31184 0.37419 -0.91463 -0.79658 1.9908 2.1195 -0.48897 0.41946 1.836 -0.29144 -2.5942 -1.3743 -0.27022 0.091919 -0.0976 0.54974 -0.19924 -0.063303 0.090275 0.066552 -2.1406 -1.4777 2.2044 1.3697 -0.67576 -0.3611
1.4159 -0.96645 -1.9636 0.23079 0.48856 -0.029392 0.18946 3.4043 2.4366 -1.4633 -2.7577 0.0045406 0.98308 -0.15099 0.25581 -0.9553 -0.95865 1.9342 1.9929 -0.5113 -0.64628 0.99455 1.1338 -2.045 -1.1766 -0.37987 0.13017 -0.21486 0.50763 0.07352 -0.54199 -0.49871 0.47588 -2.0647 -2.0762 1.9216 2.0547 -0.56956 -0.2029
0.93007 -1.5215 -2.2672 0.020999 0.1446 -0.20558 0.096329 1.9067 2.1914 -0.46538 -2.434 -0.41782 0.80941 -0.12423 -0.14735 -0.53672 -0.81068 1.6183 2.1001 -0.26002 -1.4881 0.37893 1.7139 -0.30436 -1.7257 -0.32587 0.068748 -0.20741 0.54858 0.37137 -1.0015 -0.80374 0.41503 -1.5264 -1.6992 0.86625 1.8576 -0.27751 -0.065325
1.226 -1.0852 -2.1326 -0.18509 0.79667 -0.12364 0.79412 1.0165 1.5818 0.23225 -2.2261 -0.80585 0.72458 -0.23311 0.059391 -0.46787 -0.57836 0.98573 1.2264 0.067226 -1.9836 -0.66196 1.5415 0.0055706 -2.0403 -0.40909 0.10326 0.11311 0.67934 0.59177 -1.1367 -1.128 0.18163 -0.15738 -0.92876 -0.23229 1.201 0.26081 0.02367
1.3711 -1.0957 -2.3601 -0.40716 1.2775 1.115 0.30507 1.2285 1.9621 0.9318 -2.327 -1.036 0.65547 -0.13878 0.095799 -0.2813 -0.29477 0.54173 0.92486 -0.034448 -2.1248 -0.69673 1.3035 -0.02647 -1.5368 -0.36042 0.020938 0.20445 0.75033 0.46257 -1.2706 -1.7842 -0.19404 1.2049 -0.20818 -0.90037 0.25128 1.4037 0.10102
1.0033 -1.7793 -2.1639 -0.07404 1.1606 1.2702 0.85582 1.1118 2.2761 0.95125 -1.5615 -2.21 0.70254 0.04919 0.3293 0.0059427 -0.11194 0.2923 0.3764 -0.30932 -0.6315 -0.29495 0.85844 0.14573 -0.73608 -0.31262 -0.174 0.11721 0.81797 0.2629 -1.3794 -2.2373 -0.12477 2.0606 -0.022052 -1.2344 0.33139 2.1668 0.21747
1.0998 -1.1811 -2.4574 -0.18244 0.58383 0.53603 0.13599 0.51019 1.1509 0.45178 -2.8458 -2.4294 0.44453 -0.21775 0.075674 0.43037 -0.18117 -0.46964 -0.94626 -0.44748 0.42713 -0.19743 0.18866 0.1277 0.55479 -0.1896 -0.17292 0.22764 1.0367 0.067171 -1.4696 -2.2961 0.33145 2.0163 -0.62041 -1.2171 0.97207 2.2926 0.21818
1.115 -0.77717 -2.3054 -0.21946 1.2036 0.77402 0.079426 0.14434 1.5657 0.59952 -2.7563 -1.8116 0.54521 -0.49001 0.27183 0.4899 -0.14633 -1.1499 -2.1845 0.025348 1.1503 -0.93394 -0.46087 0.58478 1.4473 -0.10745 -0.34639 0.16258 1.4677 0.053255 -1.2215 -1.4124 1.0276 1.085 -0.83181 -0.36118 2.1386 1.3413 0.197
1.1785 -1.0863 -2.1278 -0.24031 0.70831 0.084896 0.022429 1.5247 1.9074 1.3685 -1.6127 -1.0239 0.4019 -0.16366 0.52388 1.1448 -0.15527 -1.5499 -2.2548 0.38838 1.3 -1.5907 -0.56077 1.6431 2.1687 -0.074718 -0.35303 0.38169 1.8373 0.036904 -0.70251 0.23104 0.93839 -0.16677 -0.5092 0.57868 2.2554 -0.26306 -0.13513
0.9098 -1.2775 -1.5529 -0.58573 0.16068 -1.1476 0.36132 2.0344 1.4764 0.47929 -2.0454 0.34997 0.58301 -0.57847 0.3885 2.0152 -0.028636 -1.5088 -1.7226 1.1424 1.2686 -1.2326 0.48518 3.5217 1.2586 -0.018606 -0.40648 0.57975 1.9743 0.21595 0.071448 1.6255 -0.15964 -1.5397 0.13673 0.99622 1.2431 -1.1909 -0.40867
0.49867 -0.95487 -2.0923 -0.31993 -0.53128 -1.4066 0.72783 2.5998 0.45665 -0.0907 -1.2371 0.18585 0.5428 -0.78585 0.69145 2.6331 -0.17438 -1.6454 -0.75654 0.69975 0.044513 -1.0402 0.91773 3.0178 0.085176 -0.46025 -0.47964 0.82962 1.3109 0.43955 0.80376 2.2165 -1.4066 -2.3507 0.64756 0.54567 0.02214 -1.426 -0.63095
1.1646 -0.79522 -0.79964 -0.15007 -1.0248 -1.2148 1.1406 1.7096 -0.27304 0.098021 0.43674 0.4205 0.48021 -0.88558 1.2154 2.9332 0.26414 -0.98673 0.18012 -0.44283 -1.4629 -0.91545 0.86832 2.3081 -0.021375 -0.61669 -0.13189 0.98929 0.3892 0.47931 1.4777 1.9813 -2.3071 -2.1145 0.92349 -0.67626 -1.2615 -0.70326 -0.71351
0.22194 -0.4925 -0.18769 -0.25678 -0.70714 -1.0267 1.4582 1.667 0.50304 2.3565 1.9878 -1.3678 0.40357 -0.84587 1.5835 2.7982 0.51797 -0.30406 1.049 -1.4234 -2.2988 -0.43864 0.38128 2.3112 -0.19483 -0.8643 -0.056638 0.72953 -0.75989 0.31029 1.8975 1.2902 -1.979 -1.0117 0.85893 -1.3041 -1.208 -0.036693 -0.47902
0.21469 -0.059071 0.44835 -0.67898 -0.93511 0.030366 0.25169 0.2931 1.0956 2.1192 0.089534 -1.4142 -0.30026 -0.77053 1.7003 2.5514 0.51926 0.60805 1.1754 -2.0557 -2.0224 0.32657 -0.64833 1.4663 -0.088846 -1.0488 0.146 0.11784 -1.5115 -0.051411 1.5821 0.48513 -0.6087 0.22736 0.18264 -1.7659 -1.1836 0.35417 -0.23562
0.097498 0.18076 0.69325 0.28992 -0.59277 -0.51277 -1.0188 0.14763 0.39467 1.4002 0.53463 0.61098 -0.13948 -0.93263 1.7435 1.5806 0.27562 1.1422 1.2121 -2.1505 -1.7949 0.070264 -1.0283 1.133 0.029794 -1.0686 0.16891 -0.49551 -1.8344 -0.049026 0.91155 -0.42215 0.88049 1.149 -0.11571 -1.3016 -1.1902 0.45181 0.23232
-0.069658 0.62688 0.74286 0.1445 -0.48059 -0.15475 -0.98843 -0.36244 0.22171 -0.33674 1.5409 0.21081 -0.35028 -0.57385 1.3389 1.0805 0.28557 1.2759 1.0099 -1.2172 -1.2008 -0.78475 -2.0895 0.63839 0.59712 -0.91558 0.17873 -0.91667 -1.8487 -0.093111 -0.065375 -0.51286 1.8873 1.4177 0.20668 -0.46138 -1.3889 -0.047459 0.49374
-0.061892 0.99334 0.75 0.26436 0.33657 -0.034949 -1.0882 0.53116 0.78574 -0.93289 1.463 -0.55184 -0.7223 -0.63543 0.87371 0.54884 0.53954 1.0737 0.29084 -0.24331 -0.23704 -0.091747 -1.5973 0.45365 0.39783 -0.51803 0.34316 -1.1105 -1.3854 -0.17356 -0.54473 -0.53993 1.7271 1.3922 0.7335 0.45637 -1.643 -0.026981 0.72606
-0.27465 1.1853 1.0499 -0.26156 0.52179 0.50664 -0.997 -0.82074 -0.037308 0.80918 2.5841 -0.60384 -0.78993 -0.59303 0.49358 0.059391 0.20948 0.49778 0.61996 0.4406 0.24223 0.84059 -1.3197 -0.84799 -0.38456 -0.45649 0.32464 -0.95359 -1.3309 -0.51653 -0.84582 -0.41399 0.8091 0.55413 0.91076 1.0346 -1.3467 0.14599 0.84262
-0.46154 0.86645 1.1455 0.0023609 0.6873 0.42437 -0.08875 -0.048336 -0.37335 -0.66598 1.3014 -0.12408 -0.8217 -0.30676 0.17892 -0.1661 -0.014813 0.47594 0.3387 0.17609 0.47313 0.73936 -0.46484 -1.2666 0.45189 -0.026449 0.43188 -0.52469 -0.87061 -0.65915 -0.87029 -0.32294 -0.32642 -0.19482 0.22431 0.91031 -0.63083 0.52492 0.73008
-0.52048 0.90588 0.92621 0.64862 0.1269 -0.28531 -0.84164 0.15448 1.5172 -0.45819 0.14506 0.27477 -0.68758 -0.15459 -0.021177 -0.73088 -0.40796 -0.052667 0.16089 0.0412 -0.34745 0.63433 -0.50755 -1.0741 0.86419 0.31301 0.27498 -0.086359 0.13449 -0.57739 -0.98044 -0.48465 -0.98969 -0.80421 -0.14588 1.1582 0.80093 0.5472 0.50337
-0.56688 0.94972 0.5186 0.42876 -0.078136 0.59072 -0.57315 0.52296 1.5226 -1.5599 -0.18541 -0.48804 -0.75294 -0.081808 0.1886 -0.4789 -0.38953 -0.32504 -0.12889 -0.66267 -0.32531 0.47948 -0.1132 -0.62848 0.86245 0.37586 0.23562 -0.11847 0.89678 -0.65692 -1.099 -0.23117 -0.41456 -0.63918 -0.68487 1.0074 1.6724 0.12485 0.22254
-0.22228 1.086 0.64816 -0.29743 0.91806 0.31474 -1.0301 0.30185 0.62405 -0.53675 0.90613 0.92999 -0.41624 -0.20954 0.32804 0.42175 -0.68785 -0.98497 -0.10782 -0.9782 -1.0366 0.7017 0.90908 0.39273 0.5459 0.22668 0.31829 -0.54129 1.3102 -0.46145 -0.87801 -0.1836 0.038281 -0.087498 -0.66685 1.148 1.6151 -0.15702 0.17698
-0.35283 1.0026 0.010819 -0.61293 0.20468 0.31439 -0.81799 -1.0483 0.92387 -0.8736 0.91775 0.57174 -0.39998 0.14721 -0.21365 0.69891 -1.1085 -1.1664 0.0010165 -0.095272 -0.50967 -0.63614 0.91857 1.2366 0.86079 0.41259 0.4129 -0.99872 0.70816 -0.14933 -0.76978 0.023383 0.71142 0.51308 -0.34788 0.51211 0.60285 -0.28856 0.26057
-0.6037 1.3892 1.0961 -0.26086 -0.11673 0.093306 -1.7537 -0.80002 0.31065 0.71967 1.3234 0.73459 -0.44744 0.30329 -0.79216 0.79151 -0.91606 -1.3206 -0.28422 -0.1912 -0.41031 -0.11379 1.3599 1.1198 0.52349 0.61128 0.67725 -1.1113 -0.4289 0.29395 -0.31478 0.30454 0.88642 1.1997 0.0011303 -0.1292 -0.56193 -0.21816 0.37443
-0.86969 1.1364 1.8748 -0.32295 -1.3311 0.01841 -1.3289 -0.89328 1.9704 0.35195 0.93998 0.49192 -0.66953 0.40113 -1.0393 0.47186 -0.55854 -1.6402 -0.021111 0.2324 0.48274 0.21626 0.72539 0.18662 0.25619 0.64558 0.82943 -0.66093 -1.4381 0.61916 0.1404 0.43577 0.98309 0.61244 0.4523 -0.27269 -1.4319 -0.21895 0.26026
0.072896 0.29897 1.0004 -0.92245 -1.1616 0.13602 -0.27996 0.50417 0.1059 -0.098384 1.7455 1.7034 0.051267 0.86937 -1.2479 -0.17177 -0.41585 -1.3665 0.46583 0.46819 1.0474 0.29932 0.73901 -0.14491 0.37841 0.77024 0.86741 -0.15142 -1.914 0.85141 0.64777 0.28761 1.1611 -0.10506 0.085039 -0.27849 -1.6672 -0.23952 0.10898
-0.039731 -0.01014 0.9419 -0.9539 -0.97324 0.21985 -1.2761 -0.42864 1.3003 0.77937 1.5024 0.24601 0.18778 1.3386 -1.1713 -1.162 -0.20263 -0.89703 0.44202 1.363 0.093832 0.079284 0.66462 -0.86756 0.46188 0.79459 0.20025 0.28736 -1.1515 0.9903 0.52421 -0.21206 0.88595 -1.1043 0.059106 0.17739 -1.2837 -0.55871 -0.28242
0.075199 0.23247 0.81485 -0.8883 -1.415 0.28648 -0.7512 0.45695 0.85328 0.25511 0.75286 1.4183 0.25357 1.376 -1.0029 -1.5054 0.49684 -0.48171 0.014105 1.3586 -0.40821 0.14555 0.81383 -1.5425 -0.093955 0.73512 -0.53725 0.55594 0.033117 0.92965 0.20787 -0.52523 0.73028 -1.1326 -0.021449 0.18396 -0.68265 -0.98883 -0.58365
0.51152 -0.11799 0.20979 -0.75803 -1.9393 0.9883 -0.57273 0.079699 1.3562 0.94525 0.82079 1.0796 0.31225 0.5119 -0.65589 -0.73946 0.83606 -1.1069 -0.23039 1.3966 -1.1053 0.43238 1.0575 -1.5661 -0.69179 0.18072 -1.0394 0.7766 0.81282 0.55224 0.31269 -0.27233 -0.26151 -0.361 -0.20224 -0.26699 0.061789 -1.3969 -0.8129
0.93201 0.11397 0.34537 -0.35993 -1.5281 0.22009 0.60036 -1.1999 0.62115 1.6916 -0.010092 1.5159 0.34234 0.34529 -0.5207 -0.34135 0.80218 -0.88695 -0.23792 1.7746 -0.72902 0.10164 0.92571 -1.0906 -1.1312 0.07082 -1.2307 1.0514 0.99186 0.028532 1.0157 0.3104 -0.81584 0.3854 -0.70372 -1.0296 0.52152 -0.99381 -0.93189
0.89996 -0.52987 0.070104 0.15801 -1.7913 -0.30236 0.54218 -0.68756 1.8851 0.92228 -0.76424 0.10911 0.49338 0.030356 -0.033894 -0.43873 0.67535 -0.12062 0.016511 0.65519 -0.48201 -0.27979 0.056125 -0.956 -1.962 -0.27836 -1.0438 0.74007 0.37405 -0.28669 1.7048 1.3585 -0.90437 0.90091 -0.8011 -1.2895 0.58764 -0.25726 -0.68774
0.09645 -0.50566 0.50807 -0.28861 -2.9219 0.022287 0.82493 -0.91192 0.61848 1.6913 0.36163 0.12534 0.16031 -0.54446 0.55473 -0.060314 0.62715 0.93472 0.46455 0.21063 0.13003 -0.8777 -0.82046 -0.82539 -1.5558 -0.64739 -0.94477 0.57992 0.10896 -0.22079 1.7987 1.7853 -0.85906 0.75827 -0.55001 -0.82429 0.46297 0.81163 -0.59006
0.44557 -0.324 0.61551 -0.17073 -1.8981 0.32754 0.81689 -0.65633 1.4734 1.8987 0.099031 -1.2394 0.3226 -0.87463 0.11969 -0.28578 0.38326 1.2012 2.0164 0.4972 0.41053 -0.65114 -0.74353 -0.54929 -1.0313 -0.64757 -0.70648 0.13527 0.16484 0.31102 1.8386 1.136 -0.22433 0.40064 -0.25828 -0.18786 0.39175 1.5712 -0.43377
0.44696 0.52386 -0.24696 -0.050828 -1.2439 0.78902 -0.45138 -0.055381 0.23982 -0.25589 -0.81163 -1.198 -0.22479 -0.85884 0.43017 -0.25323 0.5313 1.8494 2.1845 0.25553 0.46696 -0.78602 -0.38335 -0.38442 0.093905 -0.76207 -0.47106 -0.25626 0.050414 0.79366 1.3427 0.044109 0.03334 -0.12436 -0.40404 0.15854 0.61413 1.4636 -0.29793
-0.022401 0.56469 0.30607 0.30876 -0.13632 1.2664 0.45859 -0.38908 0.068633 0.082393 -0.5916 -0.33151 -0.48785 -1.0485 0.26297 -0.087121 1.3022 2.8951 1.3249 0.20135 0.23181 -0.81822 -0.55079 -0.40404 0.49694 -0.96669 -0.27807 -0.13633 0.48127 0.75363 0.671 -1.2984 0.11544 -0.38826 -0.12846 0.19954 0.79374 0.70537 -0.11423
-0.18639 -0.73037 -0.046649 0.17064 -0.67269 2.8038 2.0701 -0.82445 0.71241 1.2369 -0.83758 -0.18497 -0.11059 -1.2781 0.019362 -0.089929 1.6504 2.6186 0.86991 0.40077 -0.013991 -1.5769 -0.58645 0.30233 0.73826 -0.99723 -0.1359 -0.043806 0.7348 0.237 -0.43332 -1.8633 -0.24908 -0.20036 0.14078 -0.40263 0.79225 -0.18588 0.054113
-0.34289 0.12035 0.11004 0.67728 0.0054365 1.7422 0.34205 0.13672 0.78701 0.97241 -0.50631 0.22551 -0.50944 -1.145 0.075282 0.40052 1.2315 2.0712 0.14055 0.61769 -0.14317 -0.48984 -0.22653 0.65329 0.11405 -0.71986 0.26138 0.40992 0.79713 -0.41826 -1.3357 -1.7022 -0.97918 0.3621 0.5775 -0.34384 0.42194 -0.46397 0.20835
-1.1034 0.10689 0.61753 1.4892 1.7047 0.94798 0.70438 -0.6781 -0.6467 0.57855 -0.037382 -0.028353 -1.1664 -1.0397 0.43922 0.68177 1.007 1.4177 -0.84743 -0.42955 0.25957 -0.64838 -1.3795 0.63001 -0.11672 -0.78256 0.73069 0.38523 0.57652 -0.98114 -1.7081 -1.2445 -1.1313 0.70912 0.55189 -0.2276 -0.41424 -0.37995 0.47694
-0.77322 0.14705 -0.060829 1.7433 1.5926 1.7185 0.88307 -0.39691 -1.1904 -0.26665 0.16443 -0.47638 -0.94399 -0.69578 0.77751 0.80685 0.83722 0.93733 -1.1294 -1.2024 0.8954 -0.11127 -0.86629 0.26267 -0.061007 -0.70283 0.9952 0.18719 -0.13635 -1.1584 -1.6933 -0.58803 -1.2544 0.52373 0.36341 0.28667 -0.3536 0.44407 0.71536
-0.86101 0.67047 0.41482 0.83884 1.1615 1.3435 0.94779 -0.33514 0.59455 -0.31127 -0.26627 -0.89407 -0.94192 -0.20258 0.34867 0.62922 0.0067901 -0.080216 -0.92427 -0.78772 1.0045 -0.64598 -0.73739 -0.28081 0.016609 -0.1674 1.0261 -0.19467 -0.86036 -1.3372 -1.3939 -0.097105 -0.4799 -0.10231 0.27593 1.194 -0.2315 0.86461 0.81293
-1.3496 0.43509 1.155 1.3766 1.086 0.56391 0.1819 0.02371 -0.43433 -1.5582 0.073232 0.091691 -1.2814 0.20336 0.44776 0.19385 -0.44105 -0.41753 -0.98226 -1.528 0.62821 0.25396 0.048651 0.44694 0.96679 0.22559 0.83265 -0.35746 -1.5636 -1.1106 -0.87845 0.32859 0.41999 -0.43725 0.031399 1.0803 -0.19126 0.7804 0.58067
-0.88333 0.30413 0.62892 1.4746 0.75035 1.2253 -0.27748 0.95645 0.89883 1.2824 -0.61745 0.040428 -1.0115 0.3322 0.25022 -0.41799 -0.86131 -0.5737 -1.1341 -1.1679 0.20665 -0.26013 0.64183 0.11107 1.171 0.17597 0.52362 -0.20316 -1.5918 -0.56894 -0.35201 0.9689 1.087 -0.69959 0.57441 0.81303 0.18993 -0.044463 0.16744
-0.67693 0.54035 0.71063 0.82042 0.62969 0.1089 -0.32268 0.94274 -1.7314 -0.71623 -0.65248 0.020563 -0.821 0.51695 0.18251 -1.2155 -0.81185 -0.50538 -0.41544 -0.25937 0.39605 -0.22012 0.68698 -0.28266 0.98675 0.14425 0.045465 -0.25779 -0.60591 -0.058037 -0.26403 1.3067 1.9461 -0.86487 0.41326 -0.36103 0.25982 -1.0342 -0.079835
-0.79239 0.79562 0.33166 1.072 1.5924 0.11438 -1.1006 -0.71081 0.096596 0.45486 1.5252 1.5951 -0.79735 0.57537 0.11227 -1.2577 -0.87666 -0.72548 0.63797 0.55687 -0.33515 0.75611 0.63179 0.4681 -0.098786 0.17331 -0.26438 -0.28301 0.44246 0.52631 -0.016769 1.3592 1.6196 -0.73219 0.62833 -0.54003 0.50904 -1.3788 -0.12773
-0.43832 0.49591 -0.56037 0.17228 0.23718 0.44826 0.11185 0.0035412 -0.92461 0.37623 -0.56283 0.63464 -0.8605 0.1727 0.050281 -0.38018 -0.54553 -0.86365 0.62966 1.1677 -0.90788 0.5901 -0.69399 0.787 -0.57997 0.09687 -0.47449 -0.44518 1.3486 0.71501 0.29188 0.752 0.80327 -0.50989 -0.3098 -0.54756 -0.15595 -1.2035 -0.16311
-0.55392 0.80957 -0.3529 0.26678 0.37035 0.94704 0.76094 1.0654 0.76672 0.21021 -1.1235 0.53896 -1.021 0.048437 -0.19511 -0.13059 -0.01239 -0.44676 0.94283 1.0763 -0.66644 0.60715 0.21324 0.57436 -0.95027 -0.0137 -0.42435 -0.35431 1.5271 1.0848 0.66944 -0.22312 -0.41143 0.098196 -1.018 -0.19073 -0.66046 -0.38727 -0.14762
-0.59627 0.3279 0.15361 0.76838 -0.069796 1.8409 0.45139 -0.3521 0.82859 0.20428 1.3242 -0.68665 -0.93365 -0.046254 -0.46448 0.39444 0.091449 -0.11048 0.85888 0.93829 -0.49096 -0.74078 -0.23844 -0.61723 -1.1243 -0.037145 -0.054213 -0.2068 0.72788 0.76536 0.35893 -0.71693 -1.03 0.41414 -1.6166 0.050438 -0.75475 0.30809 -0.12681
-0.70532 0.54264 0.58732 0.76314 -0.20698 0.98154 0.90087 -0.52249 0.095276 -0.80259 0.5328 -0.50967 -0.67922 -0.053349 -0.26895 0.81775 0.8327 0.14958 0.066868 -0.10372 -0.30404 -0.58339 0.009707 -0.081996 -0.65114 -0.0076396 -0.095268 0.12383 0.23958 0.16442 -0.14718 -0.9341 -0.8003 0.67814 -0.93792 -0.043714 -0.60414 0.79373 -0.14509
-0.59977 0.41753 0.070193 0.8032 0.97868 0.86397 0.36396 -0.33638 -1.1559 0.65527 0.53744 -0.38085 -0.90336 0.1386 -0.2883 0.31324 0.46166 -0.50017 -0.34253 -0.15454 -0.17812 -2.0113 -0.48615 -0.31848 -0.095369 -0.11793 -0.25795 0.087911 -0.30001 -0.32503 -0.47723 -0.51886 -0.24707 0.54145 0.35208 0.34896 0.20551 0.88765 -0.14699
-0.72602 0.096466 0.22649 0.65435 1.0459 1.4599 0.54573 -0.87965 -0.94267 0.072257 -1.0006 -0.032969 -0.95534 -0.20143 -0.069009 0.28628 0.10693 -0.5519 -0.28606 0.13269 0.64911 -0.60317 0.24782 -0.71887 0.18817 -0.21686 -0.28603 0.071919 -0.40404 -0.78049 -0.53118 0.10531 0.59517 -0.074392 0.97489 0.23472 0.307 0.34363 -0.030245
-0.42721 0.45883 0.40366 1.4473 -0.25955 0.52603 0.084411 0.74029 -0.23996 0.3386 -0.54579 -0.62713 -0.9308 -0.41675 -0.41433 0.16201 -0.15779 -0.68684 0.0076874 0.34689 0.21396 -0.0084299 0.36798 0.11529 0.30594 -0.17939 -0.16893 0.18838 -0.18584 -0.7445 0.092926 0.4739 0.3162 -0.53895 1.5631 0.57728 0.43155 -0.31514 0.13366
-0.4112 0.35301 0.096185 0.70636 -0.98619 0.96208 0.8234 0.15077 -2.0205 -1.2591 -0.0047729 0.10713 -1.1574 -0.26977 -0.084333 0.22661 -0.32257 -0.78671 0.069561 0.72047 -0.62727 0.37749 0.07108 0.31048 -0.1431 -0.020711 0.17569 0.24443 -0.078449 -0.63036 0.92763 0.67518 -0.074414 -1.0476 0.72187 0.42475 -0.082342 -0.37176 0.20444
-1.2272 0.3238 0.8212 0.78868 -0.31195 1.3742 0.8638 0.17247 0.77958 1.1674 0.59899 -0.58178 -1.0207 -0.11466 0.04868 0.029928 -0.72121 -0.22654 0.36932 0.11371 -0.65432 0.63172 0.80143 0.01586 -0.60296 0.025274 0.53652 0.42178 0.21583 -0.11879 1.2469 -0.038083 -0.69086 -0.18177 0.491 0.44368 -0.75224 -0.22365 0.19166
-1.1656 -0.22899 0.3777 0.46102 -0.12778 0.78625 1.1664 -0.73438 -0.85324 0.1217 0.39349 0.28871 -0.87724 -0.031744 0.12877 0.21321 -0.79524 0.96017 0.81152 0.093439 -1.1121 0.53537 0.91382 -0.80896 -0.14938 0.045194 0.8002 0.35095 0.076645 0.23605 0.76198 -0.631 -0.78239 0.78033 -0.23192 -0.17815 -0.60384 -0.07287 0.084225
-0.54317 0.53473 0.18371 0.55114 0.10966 1.1296 1.1206 -1.4385 -0.83521 0.50403 -0.14712 -0.956 -0.96679 0.42175 0.22473 0.5065 -0.14736 0.78859 -0.46242 -0.62851 0.10099 0.91164 0.86861 -0.75382 -0.17222 0.12983 0.66559 0.38228 0.020501 0.73933 -0.17613 -0.69645 -0.50548 1.1098 0.052721 -0.73271 0.16411 0.013856 0.051225
-0.61488 0.33847 0.3104 -0.0072444 0.024554 1.7983 -0.029367 -0.38018 0.2711 1.2929 -1.3655 -1.302 -0.97847 0.88487 0.44693 0.10055 -0.17095 0.13321 -0.75879 -0.36558 0.68421 -0.20258 -0.33072 -0.44795 -0.52348 0.082309 -0.0098814 0.12356 -0.49543 0.98243 -0.75203 -0.20063 -0.05846 0.8496 0.0069 -1.1265 0.77178 -0.17156 -0.00044822
-0.58446 0.64337 0.80489 0.52391 0.93655 1.5922 0.75725 -0.52309 -0.20756 0.90092 -1.0159 0.076667 -0.98384 0.61232 0.56477 0.1075 0.34763 -0.16806 -0.21616 -0.60496 0.83678 1.1272 -0.095163 0.16977 -0.39899 0.10462 -0.73253 -0.085303 -0.7057 0.8067 -0.38236 0.68204 0.64889 -0.34622 -0.28565 -0.8107 0.71236 0.16204 -0.014789
-0.25359 0.37155 0.94178 0.76386 -0.22024 -0.45575 0.05491 0.74357 0.0038524 0.46959 0.14314 -0.21571 -0.90279 -0.13378 0.17247 -0.40216 0.79347 -0.010749 0.27532 -0.044857 0.35638 0.46288 -0.94023 0.23295 -0.40804 0.065823 -1.0769 -0.46156 -0.63838 0.50648 0.18678 0.78439 0.57786 -0.64769 -0.16281 -0.034593 0.35337 0.47517 0.022764
-0.19936 0.71453 0.38495 0.27696 -0.25728 0.53652 1.0079 0.2838 -0.38961 0.062599 0.15591 -1.8304 -0.8431 -0.35097 0.20315 -0.39777 0.87757 0.11372 0.31216 0.38476 -0.43995 0.03182 -0.50731 0.29509 0.097829 0.12115 -0.81348 -0.61104 -0.4327 0.054391 0.68583 0.608 0.89933 -0.58388 -0.48522 0.67415 -0.12861 0.51505 -0.07441
-0.39481 0.68303 0.19134 1.0309 -0.16745 1.4766 0.021905 -0.55336 1.0919 0.47666 0.03188 -0.43819 -0.78752 -0.52335 -0.20215 -0.69335 0.50904 0.32688 0.46636 0.18264 -0.022902 0.042588 -0.19501 0.18799 0.21276 0.12244 -0.38446 -0.41663 0.44018 -0.42527 0.58772 0.072843 0.48143 -0.14055 -0.35045 1.3068 -0.01098 0.62444 -0.1233
-1.0711 0.60641 -0.27409 1.4135 0.60105 2.1953 0.91928 -0.83929 -0.43836 -0.77589 -0.9989 -1.8652 -1.0175 -0.61781 -0.34443 -0.46011 0.58822 0.94591 0.83697 0.91526 -0.18345 0.393 0.93242 -0.036577 0.35892 -0.044311 -0.05492 -0.19428 1.0992 -0.5996 0.18143 -0.61312 0.14375 0.18287 -0.56242 0.75035 -0.084342 0.19091 -0.15291
-0.89599 0.64052 0.6099 0.93902 0.45823 1.3231 0.63979 -0.5608 0.12173 1.273 -0.74429 0.28815 -0.76556 -0.66814 -0.30349 0.33037 0.13831 0.66952 0.12802 0.55573 -0.039651 -0.39378 1.0528 0.39629 0.75919 -0.057101 0.43343 0.11681 1.3436 -0.46803 -0.35092 -1.157 -0.70777 0.0096142 -0.24869 0.31313 -0.14805 -0.17194 0.0091238
-0.83551 0.13973 0.091359 0.97223 0.87472 0.72423 0.76323 0.72275 -0.18989 0.20776 0.34062 0.2442 -0.78585 -0.3648 -0.09936 0.85972 -0.063327 0.26679 -0.72836 0.44337 -0.012077 -0.84804 0.4271 0.047284 0.21295 -0.04624 0.73028 0.27844 0.53421 -0.49644 -0.73059 -1.0014 -1.1327 -0.17374 0.47412 -0.57964 -0.701 -0.63533 0.078017
-0.8062 0.14822 0.22584 1.4219 0.79696 1.0618 1.8276 0.13747 0.94383 2.1915 0.20683 -1.0051 -1.0346 0.12574 -0.12301 0.81217 -0.045087 -0.020669 -1.0111 -0.90141 -0.057264 0.18961 0.70877 -0.12018 -0.087098 0.14807 0.8399 0.54059 -0.38682 -0.12356 -0.45668 -0.20244 -0.98158 -0.58002 0.94513 -0.53391 -1.0433 -0.74135 -0.066396
-1.24 0.68083 0.76372 0.4188 0.40682 1.5163 0.96048 -0.7287 -1.1278 0.9448 0.3918 -0.37787 -0.86627 0.28469 0.055274 0.15273 -0.25318 -0.1175 -0.55312 -0.45728 -0.51296 1.0667 -0.096834 -1.1086 -0.56285 -0.0024001 0.57662 0.46463 -0.85495 -0.11787 -0.013343 0.28626 -0.65261 -0.30555 0.41342 -0.5575 -0.22839 -0.076519 -0.14645
-0.99019 0.62523 1.0188 1.414 0.39914 0.56398 0.48061 -0.83651 -0.34482 -0.022507 -1.1155 -0.50638 -0.88864 0.50001 0.57671 0.045005 -0.0015975 -0.026392 -0.37615 -0.81724 -0.99089 0.5519 0.20838 -1.0146 -0.42021 -0.1857 0.13967 0.1928 -0.61919 0.11512 0.36641 0.21888 0.33856 0.23431 -0.25546 -0.40941 0.91907 0.36946 -0.19777
-0.6486 0.22067 0.54255 1.1961 0.74096 0.43515 -0.81825 -0.23779 0.54633 1.4261 -1.0086 -1.342 -0.62846 0.47634 0.37282 -0.15419 -0.30927 0.22396 -0.51857 -0.81733 -0.16369 -0.18461 -0.47801 0.073675 0.20684 -0.12527 -0.27943 -0.19381 -0.18633 -0.031729 0.19481 0.25974 0.39573 0.50324 -0.96188 -0.0013638 1.8812 0.73003 -0.097112
-0.44184 0.53821 0.2772 0.32077 0.4206 0.57017 1.2437 -0.56406 2.0979 0.98127 -1.6328 -0.15399 -0.9256 0.28709 0.055419 -0.049804 0.19505 0.48446 -0.63124 -0.11815 0.29691 0.3283 0.051307 1.0758 0.29094 -0.12567 -0.71152 -0.46982 0.12295 -0.098548 -0.1106 0.51371 0.6172 0.38943 -0.96989 -0.48667 1.4722 0.91689 -0.016924
-0.36181 1.0979 0.18666 1.4428 0.94674 0.64495 0.13399 -0.88763 -0.46383 1.3191 -0.0058885 -0.99953 -1.2934 -0.091281 -0.036427 -0.11381 -0.41439 -0.023113 0.050481 -0.098506 -0.056553 -0.71476 -0.019707 1.4847 0.60084 -0.19252 -0.85801 -0.36853 -0.009098 0.13917 -0.4214 0.61697 -0.031415 -0.071333 -0.93473 -0.34646 0.31441 0.38936 -0.027642
-0.7043 0.59088 0.58705 0.52788 0.88966 0.5963 0.51261 -0.12421 -0.66729 0.53742 0.79434 -0.23021 -0.97801 -0.46116 -0.063285 0.21209 -0.13705 -0.13333 0.30587 -0.061255 -0.18599 -1.0922 -1.0291 1.1313 1.2941 -0.17271 -0.63243 -0.24013 -0.26227 0.060193 -0.41315 0.22765 -0.44489 0.067759 -0.27663 -0.63501 -0.99231 -0.23851 0.054712
-1.0044 0.52225 1.0706 1.2881 1.0197 0.16137 0.39315 -0.35191 0.05 0.72093 0.95056 -0.00029916 -0.82631 -0.65304 -0.23179 -0.31186 0.11392 -0.28817 0.17884 -0.92259 -0.042928 -1.3136 -0.65524 0.66955 0.50993 -0.14102 -0.092691 0.0080013 -0.3965 0.36025 -0.12419 -0.2705 -0.18463 0.56481 0.58032 -0.18728 -1.8502 -0.9665 0.068136
-0.84012 0.34949 0.35896 0.51264 -0.0036417 0.79995 -0.27303 -0.97177 -0.45974 0.55052 -0.24173 0.029689 -1.1079 -0.53743 -0.28186 -0.38779 0.040136 -0.18836 -0.28134 -0.54291 0.46498 0.098578 -0.94707 -0.40741 -0.17608 -0.047451 0.50128 0.31547 -0.32371 0.10899 -0.029301 -0.19508 0.27778 0.495 1.1273 0.51022 -1.6546 -1.2349 0.061634
-1.0243 0.43209 0.52311 0.86382 0.70671 1.0019 -0.009537 -0.46553 -0.0088418 -0.38965 0.023067 1.2389 -0.99351 -0.20604 0.080463 -0.46841 0.16814 -0.25191 -0.2039 -0.21611 0.8491 -0.13335 -0.44791 -1.2875 -0.70372 -0.12784 0.75484 0.50562 0.23148 -0.16781 0.089955 -0.16269 0.90636 0.13232 1.2046 0.91548 -0.90663 -0.69317 0.15528
-1.1635 0.64795 -0.4002 0.92199 0.2595 0.57606 -0.21853 -0.60069 -0.78666 0.64987 0.042103 -0.54177 -1.3528 0.21066 0.33659 -0.24622 0.036464 -0.22747 0.094908 0.077023 0.45079 0.58345 -0.072735 -1.0553 -0.70169 -0.063295 0.72657 0.26801 0.056989 -0.31723 0.043956 0.052272 0.61922 -0.39531 0.46532 1.3051 0.24225 -0.14063 0.17086
-1.0448 0.5837 0.37371 1.3946 1.0625 -0.20482 -0.31314 0.43567 -0.1776 -0.50443 -0.01324 -1.6281 -1.0801 0.31571 0.35413 -0.019504 -0.20196 -0.11803 -0.34906 0.41433 0.27625 0.86365 0.80853 -0.73242 -0.6935 0.14578 0.35553 -0.14097 -0.077357 -0.26991 0.22104 0.10382 0.52388 -0.73986 -0.21403 0.59326 0.7006 0.61667 0.10448
-0.95537 0.60719 0.51894 0.63123 0.23087 0.48256 0.54295 0.95525 -0.66284 0.31862 -1.2465 -0.61937 -0.97259 0.4946 0.052667 -0.53188 -0.37234 -0.19211 -0.13339 0.26097 -0.057755 0.54796 1.134 -0.20018 -0.48834 0.12173 -0.098018 -0.35798 -0.4302 -0.16527 0.3054 0.13123 0.35348 -0.79429 -0.93412 -0.053255 0.45055 0.81166 -0.14954
-0.53957 0.92532 0.59218 1.0984 0.2537 0.92377 0.10783 -0.99732 1.3554 0.75017 -0.48895 -0.27201 -1.0101 0.2901 -0.035679 -0.46293 -0.13637 0.13006 0.085179 0.63578 -0.43797 -0.5201 0.18109 -0.34832 0.47109 -0.029829 -0.38512 -0.3523 -0.20862 0.25729 0.59094 0.2008 0.082669 -0.68374 -0.87261 -0.7959 0.54523 0.47508 -0.27514
-0.65816 0.69176 -0.043384 0.076675 0.047383 0.16845 0.21957 -0.54175 0.23881 1.7081 -0.94277 -0.57797 -0.94775 0.061167 -0.11366 -0.73367 -0.30928 0.20843 0.10564 0.59695 -0.84911 -0.56267 0.13191 -0.36172 0.40652 -0.22679 -0.44937 -0.16552 0.12719 0.38311 0.49123 -0.36818 -0.15868 0.3731 -0.43934 -0.98001 0.62891 0.033559 -0.10332
-0.62585 0.3949 -0.67736 0.8332 0.70117 0.6021 0.079377 -0.09426 -0.15757 1.0216 0.43715 -0.34698 -1.0569 -0.13654 -0.19773 -0.26868 0.24483 0.78419 -0.10636 0.37923 -0.75015 -0.29658 -0.3404 0.41613 -0.15647 -0.14971 -0.096213 0.051759 0.20891 0.39034 -0.0014393 -0.73238 -0.68423 1.1918 0.63261 -0.59908 0.98534 -0.30699 0.15921
-1.0145 0.68986 -0.2888 1.2264 0.82358 0.27245 0.89028 -0.56822 -2.096 -0.42665 -1.0585 -0.30988 -1.4353 -0.074422 -0.16819 -0.43487 0.15099 0.39386 -0.77426 0.078501 0.92209 -0.41682 -0.63723 0.64639 -0.1163 0.010776 0.26468 0.2536 0.21853 0.13909 -0.56265 -0.90993 -0.90559 1.5577 1.1132 -0.18286 0.85886 -0.084563 0.37602
-0.87066 0.50695 0.11485 0.51041 0.94532 0.2119 0.65068 -0.48346 0.20537 0.19596 -1.1733 -0.86162 -1.19 0.19879 0.077238 -0.28575 0.36096 0.014268 -0.91488 -0.38173 1.2401 0.6879 -0.67593 1.0623 0.076368 0.13711 0.49843 0.26951 -0.33809 -0.28929 -0.96523 -0.66296 -0.97838 1.3037 1.2307 0.45125 0.67266 0.2356 0.37372
-0.87377 0.53446 0.46062 1.0932 1.1509 0.67965 0.7127 -0.81635 0.3139 0.63751 0.087276 -0.69271 -0.97724 0.37129 0.19451 -0.38297 -0.11037 -0.49603 -1.273 -0.70618 1.4969 1.1827 -0.078325 0.98647 0.10056 0.29262 0.43105 0.15623 -0.42703 -0.31109 -0.69391 -0.25222 -0.78197 0.50477 1.062 0.69911 0.59371 0.19832 0.26686
-0.4578 0.69461 -0.73866 0.80728 0.25432 -0.82855 -0.25097 1.1882 0.38631 0.31316 0.66342 -0.30648 -0.92742 0.53091 0.094939 -0.85451 -0.16969 -0.62521 -1.1629 -1.0458 1.7638 1.3752 0.31786 1.559 0.21718 0.36819 0.22736 -0.014251 -0.48905 -0.29736 -0.35985 -0.086682 -0.44333 0.29472 0.3828 0.57375 0.39727 0.10071 0.14952
