39 246
-1.015 1.0435 0.04127 0.72003 0.26345 0.8539 0.91339 0.74715 -0.31755 1.1938 -0.77722 1.4066 -1.4151 0.24485 0.083846 0.22231 0.14991 0.235 -0.090352 -0.82254 -0.88732 0.28558 -0.86631 0.37988 -0.6252 0.12528 -0.25736 -0.037456 0.036395 0.30495 0.15289 -0.076862 0.27016 0.44518 0.077048 0.46159 0.11873 -0.46756 -0.044286
-0.45996 1.2709 0.27597 1.1887 1.0486 0.733 -0.31987 0.40872 0.57784 0.43892 -1.0418 2.5552 -1.2922 -0.076403 0.11302 0.38341 0.50958 0.45511 0.16685 -0.39189 -0.59578 0.51822 -0.74131 0.087457 -1.6103 0.086067 -0.23579 -0.14205 0.0064603 0.18117 0.02794 -0.042902 0.47688 0.60241 -0.14746 0.77507 0.45266 -0.20569 -0.082326
-0.77309 0.84208 -0.10685 0.67012 0.21455 0.98871 0.73634 -0.72549 -0.30951 0.43458 -0.35545 0.70222 -1.3061 -0.056937 -0.0011307 0.19054 0.48932 0.40785 -0.37309 -0.47967 -0.16914 0.32166 0.024102 0.74656 -1.121 0.068667 -0.21718 -0.28336 0.01129 0.14034 -0.098041 0.044958 0.49145 0.66848 -0.57635 0.95388 0.55345 -0.0026609 -0.083544
-0.92172 1.2526 0.44494 0.85705 0.52811 0.60177 -0.25913 0.079557 0.010044 -0.047396 -0.18935 0.18703 -1.2925 -0.02821 -0.12162 0.23662 0.28419 0.18964 -0.03497 -0.029345 -0.078309 -0.046221 0.26754 1.0707 -0.80667 0.012871 0.082604 -0.30605 -0.078301 -0.041717 -0.013716 0.15262 0.21737 0.68531 -0.73252 0.66639 0.53394 1.0347 -0.02432
-1.2788 1.1782 0.4817 1.5349 1.0506 1.3656 0.94926 0.49807 0.60659 0.56425 -1.1103 -0.87143 -1.369 -0.17001 -0.2867 0.30225 0.49559 0.16495 0.10089 -0.010545 0.14983 -0.63651 0.56549 0.95973 -1.023 0.019097 0.21943 -0.21682 -0.17629 -0.21626 -0.10618 0.26102 0.28615 0.24981 -0.71339 0.0087607 0.077883 1.0717 0.033848
-0.77224 0.94652 0.019843 1.1414 0.76209 -0.29593 -0.11839 0.68251 -0.033267 1.8343 0.67072 1.3919 -1.3136 0.12389 -0.27058 0.18341 0.42283 0.537 0.23625 -0.17204 0.57318 -0.53127 0.34998 1.0141 0.55914 0.068482 0.2076 0.026587 -0.10959 -0.46147 -0.26558 0.03007 -0.17604 -0.021177 -0.49958 -0.51342 -0.36803 0.70931 0.045415
-0.67517 0.90198 0.4236 0.95828 0.57605 1.3389 0.65825 -0.0038438 -0.3169 0.84162 0.48731 1.0283 -1.3503 0.25474 -0.30154 -0.0918 0.032848 0.015641 0.015222 0.18132 -0.008861 -0.92466 0.0313 0.91534 0.49344 0.097112 0.017075 0.30854 0.10443 -0.47125 -0.42273 0.2249 -0.073278 -0.44493 0.31045 -0.81138 -1.0062 -0.30839 0.00237
-0.85945 0.76877 0.58465 1.7669 1.079 1.0357 -0.32542 0.017666 -0.80787 0.85022 0.0436 -0.18577 -1.2147 0.12603 -0.075865 0.23688 -0.29802 -0.26278 0.068313 -0.44432 -0.037127 -0.94704 -0.45997 0.36049 -0.041117 0.049724 0.098863 0.15599 -0.22583 -0.13659 -0.31672 -0.11332 0.087388 -0.39079 0.94491 -0.35781 -1.1111 -1.0302 0.17521
-0.78739 0.72354 0.13564 0.99351 1.1215 1.2564 0.53053 0.61218 -0.62906 0.5556 0.9988 1.4392 -1.2324 -0.14417 0.13294 0.43871 0.025432 -0.2664 0.6363 0.008591 -0.40287 0.20841 -0.61929 -0.69513 -1.3715 0.031357 0.78507 -0.80141 -0.94602 -0.15254 -0.19897 -0.37903 0.13998 -0.08809 1.5597 -0.21219 -0.98312 -0.13994 0.92495
-0.76351 1.022 0.33039 1.0645 0.41699 0.27079 0.47788 0.20196 -0.94949 0.36185 0.45923 0.15949 -1.2321 0.49608 -0.22981 -0.47411 0.17794 0.051967 -0.3016 0.1132 0.01704 0.85659 -0.0085027 -0.36763 -0.69776 0.39728 1.4391 -2.0328 -1.4064 -0.42009 -0.13479 -0.79703 0.22174 -0.075157 1.3175 -0.40816 -0.47969 0.86665 1.8813
-1.015 1.0299 0.77887 1.0503 0.56697 1.1774 -0.3197 0.534 -0.76946 0.58141 -0.39754 -0.29572 -1.3654 1.466 -1.5919 -1.3399 -0.48148 -0.53987 -0.56035 0.20484 -0.20354 1.4044 -0.58733 -0.65709 0.53273 1.4904 1.5507 -2.6118 -1.1923 -0.70511 0.088712 -0.62391 0.26021 0.56121 0.36927 -0.71019 0.27809 1.8462 2.2211
-0.81694 1.0223 0.62304 1.3563 0.44945 1.5343 0.29496 -0.54061 0.77663 0.74257 -0.23471 -0.67684 -1.2342 1.8833 -2.6712 -1.2516 -0.78619 -0.39996 -0.93273 -0.07943 -0.27937 1.1831 -1.2603 -0.60952 0.8664 2.5088 0.83912 -2.1772 -0.37388 -0.87404 0.10706 0.056149 0.4619 0.92373 -0.52596 -0.88393 0.24214 1.4342 1.8431
0.25024 0.17635 -0.63083 1.5221 1.2972 0.34477 0.77506 0.42255 0.56612 0.88824 0.43275 0.47887 -0.55651 1.9236 -3.0872 -1.1903 -0.72976 0.11826 -0.30008 0.64355 0.83373 0.80434 -1.381 -0.041755 1.797 2.7403 -0.23051 -0.70443 0.55535 -0.66353 0.19079 0.36271 0.37831 1.3794 -1.3429 -0.45426 -0.27379 0.2908 0.73289
1.0368 -1.9493 -1.3052 0.47189 -0.15179 -0.060488 0.010353 -0.016918 0.92248 -0.85262 -0.62886 1.8008 1.0822 1.7599 -3.1853 -1.1902 -1.229 -0.082882 -0.31895 0.82902 1.288 0.056971 -1.3463 -0.21323 1.7412 2.8961 -1.0026 1.1087 1.0583 -0.48789 -0.44689 0.63244 0.2606 0.77581 -1.3748 -0.045162 -0.7219 -0.83794 -0.60023
0.88902 -2.1765 -0.45559 -0.1474 0.44273 -0.38387 0.32315 0.23661 0.29138 -1.6464 0.26089 1.8384 1.5747 1.1131 -2.5376 -0.449 -1.4251 -0.34212 -0.13924 0.52145 1.6837 -0.82836 -1.4207 -1.4031 0.72578 2.5382 -1.3701 2.5557 1.2843 -0.14023 -1.0149 0.33708 0.049248 -0.51801 -0.95173 0.49667 -0.5158 -2.2154 -1.6656
0.71801 -1.8179 -0.24984 0.87783 0.95346 1.1586 1.4956 1.8706 0.071814 -0.80955 0.094111 1.5704 1.081 0.49742 -1.0706 0.14523 -1.2981 -1.0478 0.25614 0.52103 0.79914 -0.86266 -1.2997 -1.354 -0.37693 1.591 -0.97156 3.0443 0.97251 0.11104 -1.2431 0.2327 -0.30055 -1.6496 -0.042651 1.1572 0.14851 -2.4636 -2.1594
0.83174 -2.4497 -0.74348 -0.22809 0.35458 0.94277 0.76815 1.5328 -0.081485 -0.64711 -0.958 1.298 1.7127 0.10842 0.1875 0.28962 -0.95015 -1.3768 0.088938 0.92143 0.07896 -0.71956 -0.38133 -0.49307 -1.8633 0.56773 -0.27026 2.6302 0.78217 -0.25968 -1.2463 -0.22658 -0.85428 -2.463 1.0654 1.3459 1.3016 -1.5183 -1.8918
0.85622 -2.1784 -0.42488 -0.10934 0.014094 0.41429 0.90164 1.4177 -0.33687 -1.5283 -2.3132 0.31724 1.927 0.52639 0.61363 0.063731 -1.2844 -1.9848 0.034051 0.065203 -1.0977 -0.093566 0.47625 -0.38952 -2.2134 0.21902 0.046392 1.9333 0.98671 -0.35748 -0.43224 -0.70819 -1.4551 -2.2825 1.6441 1.3003 1.3346 -0.20789 -1.4234
1.2699 -1.6568 -0.87111 -0.33831 -0.93335 0.17984 1.1288 0.6105 -0.37457 -1.9948 -0.70492 0.85067 1.7661 0.61326 1.0787 0.89486 -1.8946 -2.299 -0.48278 -0.90313 -2.1294 0.99171 0.41057 0.65066 -1.5872 0.015498 -0.22604 1.373 0.96681 -0.26169 0.57327 -0.77055 -1.9586 -1.9488 1.6766 0.88135 1.0483 1.1695 -0.94367
0.93823 -1.8249 -0.4709 -0.73755 -1.7485 0.021326 1.6013 0.035501 -0.08583 -1.2588 -0.13752 -0.96758 1.7226 0.32419 1.759 1.4898 -1.4586 -1.4363 -0.87909 -1.4005 -2.5091 1.6879 0.93246 0.67485 -0.94901 -0.54733 -0.99964 1.0051 0.60054 0.29993 1.7342 -0.82625 -1.7838 -1.2213 0.84627 0.40999 0.74126 1.3399 -0.66525
1.5269 -1.2631 -0.15522 -1.2846 -1.4067 0.712 0.27949 -0.41124 0.28822 0.20607 -0.41812 -0.8829 1.5379 -0.19705 1.939 1.1903 -1.3292 -0.55437 -1.0007 -2.1694 -2.9823 1.8633 1.1819 1.0149 0.010655 -0.65016 -1.2028 0.47742 -0.46204 0.87059 2.3402 -0.54771 -1.0052 -0.36796 -0.32278 -0.12973 0.39404 1.05 -0.31265
1.3096 -0.65628 0.913 -1.5274 -2.0123 0.33894 -0.28131 -0.59376 1.9326 -0.51626 0.32828 0.1739 1.3001 -0.85434 1.883 0.91365 -1.0565 0.4865 -1.365 -2.7816 -3.0309 1.2202 0.94041 0.8675 -0.14262 -0.57718 -1.1085 -0.38823 -1.0701 0.83849 1.8531 -0.23363 0.07738 0.38688 -1.4113 -1.0118 0.26237 0.40118 0.13001
1.0218 -0.2126 0.68864 -1.5231 -1.0866 -1.1998 -1.0652 -1.7583 1.9131 0.10251 -1.4472 0.0011331 1.206 -0.94568 1.8204 0.39335 -0.59269 1.2563 -1.3389 -2.1618 -2.5775 0.54775 0.17839 1.3137 0.26049 -0.5008 -0.57733 -0.95501 -0.97525 0.80731 1.0147 0.37122 1.1938 1.2728 -2.1364 -1.178 -0.23423 -0.26373 0.22104
0.56631 0.19966 0.12166 -1.3855 -0.92849 -1.0668 -1.5145 -2.7029 1.5811 -0.43963 0.069945 0.50032 1.2514 -1.2815 1.1524 0.075942 -0.37977 1.2323 -1.1788 -1.2251 -1.9603 -0.59222 -0.5558 1.0271 -0.20788 -0.40272 0.071317 -1.2564 -0.35553 0.51572 -0.25087 1.1204 1.7605 2.0251 -2.0431 -0.87967 -0.4355 -0.34273 0.16137
0.20779 0.26573 0.02456 -1.6789 -0.57475 -1.5897 -2.1269 -3.1206 0.6682 -0.3301 1.2503 -0.73962 1.1352 -1.0164 0.67618 -0.043615 -0.27471 1.0239 -0.34877 -0.57356 -1.0528 -1.674 -0.39198 0.46462 -0.50997 -0.36377 0.57778 -1.2793 0.56952 0.12579 -1.063 1.3903 1.2952 2.3737 -1.3733 0.090577 -0.88936 -0.43669 0.08052
0.42756 0.37224 0.35031 -1.562 -0.066291 -1.0478 -0.87392 -2.5633 0.98847 -0.51159 1.4742 -0.6625 1.0921 -0.69536 0.31531 0.52172 -0.32975 0.10411 0.38854 -0.087307 0.12686 -1.9186 -0.50054 0.42758 -0.47929 -0.37323 1.0045 -0.92767 1.0315 0.051096 -1.2877 1.2069 0.44903 2.1619 -0.39008 0.93546 -0.70725 0.31743 0.025406
0.16249 0.10433 0.57273 -1.8769 -0.3261 -0.93767 -1.5114 -2.5304 0.025353 -0.93414 -0.013394 -0.5292 0.96534 -0.21209 0.06033 1.1159 -0.41002 -0.25014 0.66758 -0.15715 0.97337 -1.6482 0.36261 -0.13946 -0.52627 -0.38016 1.0116 -0.59689 0.70324 0.2562 -1.167 0.51192 -0.23074 1.495 0.22184 1.2039 -0.16886 0.64634 -0.043317
0.16748 0.36861 0.83992 -1.7161 -0.68752 -0.63864 -1.3806 -2.2153 -0.30776 -0.7039 -0.14628 -0.15506 0.85048 0.10383 -0.12139 1.2187 -0.23433 -0.63619 0.73526 -0.52338 1.2114 -1.4226 0.96635 -0.06735 0.48753 -0.35259 1.0126 -0.013434 -0.41412 1.0141 -0.57415 -0.05044 -0.24522 0.83567 0.48703 0.93862 0.12489 0.43657 -0.31261
0.10172 0.32593 0.92511 -1.8164 -1.1061 -0.80443 -1.5302 -2.0345 -0.85015 -0.67358 -0.0060902 -0.63931 0.84937 0.3841 -0.1256 0.77825 0.11204 -0.87787 0.5053 -0.7821 1.2997 -1.4689 1.3102 0.36958 0.39599 -0.44867 0.50937 0.54283 -1.4756 1.924 0.22946 -0.23112 0.32922 0.24158 0.82062 0.20448 0.010303 0.077164 -0.83124
0.36591 0.2661 1.2779 -1.9627 -0.87305 -0.18722 -2.0594 -1.6216 -0.61402 0.69451 1.1958 -0.83925 0.82919 0.80844 0.37866 -0.018407 1.1616 -0.70637 0.36857 -0.22989 1.583 -1.0046 0.9314 0.40559 0.0011594 -0.87013 -0.26334 0.9198 -1.8731 2.606 1.2883 0.070263 1.1085 -0.34492 0.994 -0.46274 -0.80768 0.12577 -1.2748
0.46259 0.017336 1.3853 -1.8446 -1.0782 -0.51283 -2.409 -1.521 -1.113 1.0152 1.325 0.3898 0.70655 0.34029 0.72505 -0.75981 2.2269 0.21608 0.38723 0.37044 1.2577 -0.16089 0.81945 -0.36772 -0.10868 -1.5319 -1.2979 0.75316 -1.543 2.4659 1.8955 0.41623 1.4392 -0.78324 0.94085 -0.84983 -1.5002 0.45488 -1.306
0.84382 0.21099 1.0018 -1.3077 -1.3023 -0.31505 -1.6667 -0.86677 -1.3941 0.75355 0.89493 -0.25989 0.45246 -0.34732 1.008 -1.1751 3.229 1.2975 0.9354 1.1068 0.56804 -0.020353 0.31837 -1.2918 1.018 -1.9735 -1.843 0.36962 -0.69409 1.2266 1.8979 0.62115 1.5368 -0.64438 0.35335 -0.84912 -0.89581 0.58256 -0.75538
1.0142 1.0319 0.28065 -0.10876 -1.3714 -0.39838 -1.4952 -0.4724 -1.3808 -0.31322 -0.31923 -0.82459 -0.31606 -1.3557 0.83155 -1.251 3.3555 1.7762 1.0573 1.4061 0.29489 -0.015075 -0.049831 -1.7304 0.86823 -2.1125 -1.733 -0.2077 0.28279 -0.31819 1.2434 0.27572 1.1177 0.090677 0.077103 -0.34949 0.97241 0.73719 0.11135
0.0058715 1.3043 0.055894 0.82301 0.08724 0.028377 -0.75216 -1.0241 -0.048608 0.93296 -0.54294 -0.47209 -1.0583 -1.6333 0.94611 -0.95268 2.7193 2.1742 1.2802 2.3008 0.82071 -0.35137 -0.29908 -0.67867 0.76591 -1.8617 -0.9786 -0.78773 0.9613 -1.8623 0.34717 -0.24107 0.3199 0.82497 0.12606 0.24803 2.3509 0.29055 0.99153
-0.4359 1.2296 0.088094 1.3979 1.0345 1.1687 -0.39027 -1.6635 -1.1821 0.34912 -0.842 1.5832 -1.1749 -2.1102 0.39659 -0.40783 1.9173 2.1715 0.76827 1.9979 1.3096 0.15714 0.46101 1.2174 1.6006 -1.4001 0.33454 -1.3909 1.1986 -2.7447 -0.95862 -0.73613 -0.49358 0.77729 0.3852 0.11717 2.2208 -0.1466 1.9017
-1.109 0.68698 0.30767 1.037 0.92451 1.0124 -0.77061 -0.89601 -1.0491 0.96675 -0.29558 0.19128 -1.292 -1.7184 -0.11863 0.0077092 0.69852 1.7589 0.59624 1.4669 1.6593 0.14771 0.5893 1.8246 1.2817 -0.6497 1.1645 -1.8408 1.0327 -2.7642 -1.9551 -1.4073 -1.1936 -0.19506 0.85039 -0.24425 0.59873 -0.93636 2.4495
-0.58976 1.4487 0.27483 0.84792 1.1247 1.0273 1.4279 0.51462 -2.1846 -0.035711 0.96884 0.83204 -1.262 -0.72012 -1.0042 0.27234 -0.4182 0.11531 -0.07791 0.87974 1.382 0.52762 -0.22906 1.3534 0.30711 0.50455 1.8743 -1.4984 0.6573 -1.7733 -2.1308 -1.4742 -1.0701 -1.3383 0.68979 -1.0556 -1.1601 -1.2176 2.3623
-1.3851 0.89312 0.22126 1.3371 1.2383 0.17737 0.5625 1.0194 -0.17703 1.6258 2.4 1.6715 -1.408 -0.2555 -1.4854 0.43177 -0.931 -0.5951 -1.1208 0.54021 0.40999 1.2215 -0.411 0.41341 -0.57635 1.3378 1.3781 -0.84021 0.15362 -0.39339 -1.4168 -1.2301 -0.9108 -1.5382 0.76157 -1.1276 -1.8608 -1.0075 1.4266
-0.99334 0.99305 0.12228 0.95215 1.4648 0.92492 0.088255 0.71849 -0.63406 0.71814 0.76885 0.59976 -1.2428 0.49667 -1.4706 0.47323 -0.36279 -0.78901 -1.3315 0.3844 -0.65167 1.0449 -1.1164 -0.35993 -0.059756 1.6102 0.6724 0.17189 -0.36075 0.6848 0.14314 0.036293 -0.52675 -0.97986 -0.045966 -0.76573 -1.3361 -0.31458 0.069931
-0.77473 -0.55544 0.53109 0.28558 -0.05703 0.29528 0.32773 -0.52033 0.46135 -0.058951 0.20139 0.2951 -0.040567 0.12678 -1.3186 0.1532 -0.024375 -0.54433 -1.2454 -0.049048 -0.29655 1.4628 -1.1884 -0.97346 -0.67573 1.2151 0.26146 0.57479 -1.2699 0.91348 1.1875 1.1946 -0.26597 0.29623 -0.48845 -0.0043161 0.011964 0.37006 -0.89503
-0.95776 -0.66757 0.73334 0.23186 0.35892 -0.89001 0.46028 -1.1758 -0.0073266 -0.16505 -0.25911 0.38516 0.45057 0.2841 -0.80258 -0.20758 0.30829 0.35398 0.057328 0.16582 -0.15738 0.30397 -1.3389 -0.58072 -0.30499 0.68331 0.31301 0.32996 -2.0278 0.36067 1.6761 1.7356 -0.31114 1.3461 -0.69663 0.70677 0.55563 0.047908 -0.96959
-0.18822 -0.26805 0.71337 1.1607 0.25064 -0.804 0.76448 -0.55145 -0.40492 -0.96237 0.56568 0.80086 0.077511 0.31343 -0.85041 -1.3762 0.31094 1.1188 0.58226 0.15365 0.73867 0.57022 -0.27747 0.53527 0.34588 0.28264 0.95464 -0.40932 -1.9712 -0.46832 1.0997 1.6121 -0.62456 1.2161 -0.55654 0.65103 0.16054 -0.22399 0.049781
-1.1661 0.22083 0.0073838 1.1605 1.0397 -0.57081 1.0784 1.6007 0.9898 -0.75915 0.62413 0.07403 -0.57628 0.95792 -1.1513 -2.1851 0.085704 1.6108 1.2377 -0.30161 1.4374 0.037147 -0.12928 -0.038554 -0.4586 0.43142 1.0931 -1.1447 -1.1089 -1.3928 -0.066921 0.54533 -1.0409 0.49576 0.14863 0.36692 -1.0076 -0.49013 1.3833
-0.95746 -0.24757 -0.11899 1.4437 2.158 1.6778 0.11341 0.12453 -0.29882 -0.17926 1.2457 1.2035 -0.62922 1.4885 -1.846 -2.1859 -0.73856 0.94284 1.3998 -1.0162 1.2612 0.43305 -0.46194 -0.94223 -1.0673 1.4243 1.2252 -1.1664 0.33318 -1.6452 -1.1224 -0.35187 -0.8121 -0.63061 0.051602 -0.19421 -1.4822 -0.24923 2.0575
-0.24291 -1.1603 -1.568 0.41234 2.0761 1.2402 0.35634 0.8198 0.80041 0.35828 0.86806 0.78238 0.017522 1.6421 -2.2549 -1.6802 -1.6002 0.29945 0.74302 -1.2686 0.54312 0.67359 -0.48286 -1.8263 -0.6349 2.4566 0.55472 -0.30508 1.1395 -1.0876 -1.5517 -1.1431 0.13215 -0.82612 0.1591 -0.12221 -0.83582 0.36883 1.4309
0.68883 -2.4665 -1.4139 0.21847 1.4909 0.89765 -0.0027837 0.76389 -0.029767 -0.96452 -0.82792 -1.0687 1.283 2.1523 -2.2856 -1.0807 -1.7182 -0.41103 0.12356 -0.93243 -0.031223 0.35156 -0.45767 -1.4844 -0.088266 2.7573 -0.39956 0.97633 1.3266 0.13467 -1.0207 -1.0368 1.0187 -0.50246 -0.31505 0.4163 0.34158 1.2155 -0.28189
0.75929 -2.3146 -1.0814 -0.18597 1.1389 0.59428 -0.89239 0.69879 0.76281 -1.6005 -1.2595 -0.81738 2.0743 1.6115 -1.4563 -0.8336 -1.3269 -0.72871 -0.41803 -0.056619 0.4884 0.40067 -0.3446 -1.4156 -0.15116 2.1897 -1.3674 1.7385 0.7779 0.92317 -0.31789 -0.30517 1.5028 0.2989 -0.41646 0.97209 1.3645 1.6849 -1.9702
0.8569 -2.2003 -1.0176 -0.33697 1.0335 0.39217 -0.51344 0.90628 1.1451 -1.2525 -1.0935 0.82627 2.1967 0.78779 -0.59459 -0.39043 -0.65209 -0.53175 -0.10024 0.40768 0.31944 -0.092225 0.33138 -0.49087 1.2951 1.0787 -1.8657 1.6702 0.361 1.1461 0.23969 0.26761 1.5912 0.99809 -0.52935 0.94026 1.3193 1.4516 -2.5932
1.0581 -2.5139 -1.4133 -0.46326 1.2645 0.79067 -0.017958 1.0524 0.81686 -0.44528 -0.033364 0.65317 1.9309 -0.11722 -0.1558 -0.7294 -0.53895 -0.26851 0.24262 1.043 0.94877 0.023178 1.0952 0.33617 2.2796 -0.045588 -1.4018 1.1038 0.3941 1.0082 0.1485 0.1875 1.274 0.97582 -0.84728 0.17966 0.7255 0.55122 -2.0974
0.94343 -2.2549 -1.7869 -0.11265 1.3596 1.1903 0.42651 0.88326 0.18419 -0.3408 -0.85424 0.32342 1.8235 -0.31341 -0.1072 -0.53806 -0.13022 -0.19018 0.33039 1.6732 1.6721 -0.56639 0.73145 0.2105 1.8045 -0.52279 -0.45527 0.8235 0.87621 0.58654 -0.49179 -0.62857 0.79106 0.73413 -0.74582 -0.80431 -0.11286 -0.78085 -1.0261
0.87463 -2.3932 -1.8793 -0.41848 1.0356 0.75435 0.6389 1.2491 0.43677 0.3263 -0.4737 1.9945 1.6946 -0.34085 0.1672 -0.10938 0.15443 -0.62506 -0.25697 1.8423 1.7025 -1.1291 -0.15485 -0.35803 0.78042 -0.56673 0.49753 0.87005 1.4015 0.29244 -1.217 -1.4842 -0.039296 -0.37623 -0.41871 -1.1622 -0.30877 -1.5011 -0.2338
0.39083 -2.7075 -1.879 -0.64725 0.90733 1.0876 0.84626 2.2773 0.55979 -0.018869 -0.73759 1.873 1.5825 0.084325 0.63515 0.76084 0.010158 -1.3184 -1.1117 1.5903 1.3655 -1.0723 -0.61922 -0.37666 0.38754 -0.40163 0.95815 1.3346 1.3906 0.27729 -1.326 -1.8731 -1.0976 -1.9975 0.23829 -0.53648 0.43091 -1.4215 -0.23643
0.59655 -2.2346 -1.2762 -0.22448 0.91697 0.90721 1.4779 3.0237 0.029492 -0.98665 -0.90593 1.7126 1.6069 0.56748 0.9433 0.96594 -0.11166 -2.073 -2.0147 1.0342 0.37711 -0.60085 -0.51994 0.01334 -0.20648 -0.5037 0.89913 1.5663 0.91221 0.41131 -0.77136 -1.4254 -2.0201 -3.2529 0.54143 0.69143 1.4549 -0.78016 -0.63797
0.76628 -1.9241 -1.2655 -0.050101 0.13754 -0.23682 2.1972 2.4922 -0.94815 -1.3536 -1.2371 1.1788 1.4566 0.93727 1.7637 1.2507 0.47397 -2.0458 -2.5496 -0.053593 -1.5263 -0.34331 -0.12665 0.8564 -0.72651 -0.9563 -0.0046902 1.7986 0.31875 0.47209 0.27701 -0.1123 -2.4404 -3.1917 0.4623 1.3309 1.8433 -0.42879 -1.2488
1.4282 -1.5729 -0.65266 -0.55431 -0.5882 -0.85902 1.8449 2.0859 -0.65997 -0.7603 -0.35752 0.94678 1.4719 0.83229 2.2551 1.1675 0.62673 -1.7674 -2.3985 -1.2803 -3.1411 -0.37692 1.0109 1.8617 -0.31816 -1.3722 -1.3956 1.5693 0.19345 0.4592 1.8709 1.7593 -2.0774 -1.6982 0.27325 1.1486 1.3476 -0.10821 -1.4909
1.4516 -1.2539 -1.1472 -0.41909 -1.5631 -1.9182 1.3372 0.99479 0.091654 -0.36993 -0.71317 0.8054 1.0935 -0.059974 3.0259 1.1837 0.45087 -0.94803 -1.1451 -2.0232 -3.0465 -0.23191 1.3047 2.2957 -0.46222 -2.0857 -2.6782 0.58034 -0.058877 0.3272 2.8517 2.9005 -0.86152 0.47711 0.39673 0.1936 -0.10143 0.41979 -1.1983
1.5379 -0.19065 -0.42335 0.36661 -1.0215 -2.5078 0.088926 -0.61039 0.22115 0.19532 1.0556 1.4475 0.31277 -1.4258 2.9695 1.3124 0.68737 0.9863 0.81372 -2.0382 -2.1449 -0.096765 1.0895 1.9199 -0.55991 -2.4678 -2.9731 -0.57943 0.016212 0.15869 2.9499 2.8786 0.8208 2.0464 0.53233 -0.59451 -1.287 0.41494 -0.43357
0.99933 0.046967 -0.47843 0.17635 -0.86564 -1.5829 -0.59604 -1.0247 -0.74635 1.2045 1.5074 1.4973 0.048695 -2.7125 2.385 1.0668 1.0016 2.0841 1.6652 -1.3414 -1.0987 0.3328 0.25165 0.6168 0.30013 -2.4413 -2.2967 -1.8916 -0.067148 -0.12449 1.9656 2.0102 2.1038 2.0986 0.51139 -0.8782 -2.1796 -0.00057958 0.6944
0.31226 1.8184 0.15906 0.10439 -0.21365 -0.27259 -0.27654 0.23044 -0.91023 0.0075666 1.3837 0.36109 -0.89802 -3.146 1.5851 1.2408 0.61627 2.4133 1.9732 0.019558 -0.1537 0.43845 0.38083 0.16966 0.19608 -1.9306 -0.81728 -2.4918 -0.12462 -0.34394 0.31056 0.62635 2.446 1.3193 0.39462 -0.73094 -1.8656 -0.59963 1.5617
-0.81463 1.1004 0.22812 0.51311 1.6972 1.1358 0.022745 0.15044 -0.71498 0.13066 0.7049 0.16611 -1.1478 -3.2985 0.49999 1.0941 0.25886 2.13 2.3094 1.1112 0.020134 0.55473 -0.064196 -1.1079 -0.83176 -1.1782 0.8631 -2.5597 -0.29946 -0.52518 -1.1031 -0.48631 1.7337 0.091996 0.1851 0.021677 -0.95825 -0.93233 2.1273
-1.3731 0.77888 0.071742 0.66249 1.2728 0.19226 0.06097 0.18787 0.99063 -0.44679 -0.1603 2.3258 -1.114 -2.5936 -0.32504 1.0767 0.44955 1.5514 1.7487 1.5716 -0.14947 0.60407 -0.18161 -0.88182 -1.2642 -0.45276 2.6886 -2.0697 -0.91402 -0.82631 -2.5461 -1.6525 -0.016768 -0.49333 -0.016002 0.66601 -0.13545 -0.81652 2.3419
-1.4802 0.79623 0.42181 0.34775 1.0353 -0.084313 1.2015 -0.23895 0.53726 1.2993 0.72779 1.041 -1.1011 -1.4533 -1.0124 0.63276 0.16058 0.36693 0.80161 1.3183 -0.92005 0.62675 0.60709 -0.74527 -0.95016 0.42545 4.0888 -1.082 -1.0875 -0.93423 -3.0289 -2.2975 -1.5289 -0.37217 -0.52568 1.2611 0.72559 -0.54611 2.0457
-1.9906 0.61007 0.88795 0.51698 1.6141 1.6512 1.1033 -1.0858 -0.042348 0.13832 -0.087491 -0.633 -1.0095 0.7217 -1.1793 -0.078297 -0.78262 -1.6465 -0.58901 -0.08991 -0.6351 0.36164 1.4064 -0.28875 -1.4779 1.2369 3.9217 0.11309 -1.1987 -0.74917 -2.6033 -2.0984 -2.1687 0.16003 -1.0913 0.65422 0.57806 0.23508 1.0827
-1.7568 0.31566 0.82342 0.74089 1.3427 1.5655 1.3751 -0.31891 -0.40753 0.31117 0.75258 -0.74799 -0.7193 2.3306 -0.91664 -0.16985 -0.76076 -2.1469 -1.1322 -1.037 -0.45417 -0.42313 1.6917 0.0040285 -1.8809 1.4443 2.316 1.2694 -0.98967 -0.020347 -1.3192 -1.4351 -1.4963 0.99324 -1.2214 -0.31322 0.33418 1.2393 -0.35161
-1.3774 0.43331 0.5791 0.27967 0.67445 0.80211 1.231 -0.85909 0.61403 1.0982 -0.12878 -0.015812 -0.43026 2.5033 -0.18772 -0.55066 -0.40368 -2.2437 -1.4953 -1.4875 -0.07006 -1.1445 0.61376 -0.13682 -0.28734 0.87228 -0.080189 1.9058 -0.32038 0.97509 0.63738 -0.12398 -0.286 0.86472 -1.0378 -1.2165 -0.17742 1.9984 -1.6373
0.55201 -0.79554 -0.37776 -0.73522 -1.3894 -1.1694 -0.99112 -0.38781 0.65041 2.6832 0.12693 -0.73108 0.54965 1.7818 0.64004 -0.80806 -0.075346 -1.9009 -1.6251 -0.89754 0.72154 -1.1638 0.40872 -0.179 1.1096 0.010484 -1.9593 1.7563 0.24659 1.3753 1.9495 1.0924 0.78404 0.5252 -0.64229 -1.7604 -0.2611 1.3834 -2.078
1.1466 0.1192 0.41653 0.12934 -1.2116 -1.3985 -0.66802 -0.69313 -0.23743 2.2231 0.28753 -0.57929 0.25427 0.84959 1.271 -0.31049 0.5593 -0.54875 -0.59128 -0.69485 0.45254 -1.4304 -0.35107 -0.5565 1.3023 -0.82329 -2.7786 0.84683 0.82385 1.1657 2.5484 1.9126 1.395 -0.50166 -0.011069 -1.4176 0.064101 0.14367 -1.521
0.03897 1.1206 0.19043 0.38908 -0.7836 -0.57124 0.084707 -0.62202 -2.2124 0.54015 0.43975 0.38582 -0.75664 -0.3394 1.3288 0.11236 1.1383 0.76621 0.60808 0.1352 0.30326 -1.6214 -1.3111 -0.3092 0.28688 -1.2321 -2.1814 -0.82869 0.56919 -0.10845 1.6278 1.4513 0.6895 -1.4312 0.72432 -0.72331 0.29375 -0.9358 0.045865
-0.90779 1.4021 -0.024551 0.66727 -0.24679 0.079242 0.73877 0.4838 -1.1249 0.55833 -0.34817 1.0492 -1.1877 -1.3938 0.89876 0.36235 1.0057 1.3424 1.2265 0.76584 -0.82853 -0.94626 -1.327 0.041809 0.44039 -1.0863 -0.44505 -2.1612 0.1809 -1.6812 -0.016825 -0.06711 -0.28544 -1.4187 1.7238 0.47872 0.63728 -1.1295 1.8079
-0.40418 1.4726 0.50339 1.0843 0.63384 0.49419 -0.091056 -0.24581 -1.4525 0.57729 -0.28654 0.81488 -1.2871 -0.98954 -0.58749 -0.19959 -0.49819 0.29136 0.3786 -0.24523 -1.4036 0.090534 -0.51714 0.084927 -0.44729 0.21863 1.3492 -2.3744 0.083644 -2.6867 -1.3255 -1.3665 -1.2615 -1.1036 1.9342 1.1641 0.76827 -0.91742 2.7194
-0.63513 1.0465 0.33277 0.87756 0.59237 0.60317 0.45485 -0.7513 -1.2685 0.030326 -0.23059 -1.0258 -0.98518 0.3776 -1.4467 0.1373 -1.5571 -0.3569 -0.61111 -1.0388 -1.4356 1.2853 0.23906 0.48201 -0.73204 1.5154 1.9749 -1.4845 0.13635 -2.3527 -1.8805 -1.7944 -1.3506 -0.025254 1.3449 0.71884 0.88805 -0.76905 2.3343
-0.53218 0.19211 0.19772 0.29222 -0.28888 -0.034893 -0.075032 -2.1202 -1.0047 1.0692 0.82306 0.3018 -0.43918 1.177 -1.5364 0.35313 -2.2635 -0.9628 -1.2154 -1.4156 -1.5251 1.2713 0.26202 0.9627 -1.0755 2.0764 1.3553 0.12563 0.56318 -0.80927 -1.1897 -1.0559 -0.77716 0.7741 0.30161 -0.064739 0.71767 0.09934 0.7403
-0.27786 -0.28792 -0.049795 -0.75076 -1.2112 -1.0555 -0.9663 -2.0668 -0.79402 0.85446 0.18715 -0.77326 0.38306 1.0407 -1.1538 0.30288 -2.2141 -1.6835 -1.5774 -1.2772 -0.81383 1.2484 -0.24983 1.3294 -0.87739 1.9413 0.33026 1.2691 0.45574 0.86742 -0.24354 0.18182 -0.15579 1.3977 -0.60516 -0.66859 -0.011628 0.3379 -0.94557
0.33282 -0.12839 0.54612 -1.1297 -0.5589 -1.0379 -0.93581 -1.1444 0.25714 0.73431 0.69694 0.24642 0.70639 1.0919 -0.52742 0.65241 -1.5881 -1.3612 -1.2572 -1.6269 -0.2143 0.72768 -0.37108 1.0542 -0.15288 1.2597 -0.25018 1.6631 0.34122 2.2803 0.7833 1.1962 0.50963 1.3676 -0.96938 -0.58901 -0.33105 0.80846 -2.0209
0.5477 -0.061344 0.6826 -1.2788 -0.8247 -1.1348 -1.1611 -1.5034 0.38574 0.78756 0.79672 -0.88556 0.85169 1.0055 0.19658 0.74174 -0.39741 -0.64211 -0.22523 -1.2124 0.61541 0.29299 -0.74892 0.40155 -0.46239 0.3195 -0.53163 1.4516 0.016899 2.5515 1.2162 1.7314 0.93073 0.81046 -1.1839 -0.24216 -0.49347 0.63227 -2.2276
0.34709 0.080513 0.67574 -0.88244 -1.7907 -1.6332 -1.3754 -1.6864 -0.21813 -0.39013 1.7396 -1.0835 0.68247 0.74497 0.60511 0.69516 0.78262 0.019663 0.50927 -0.41905 0.40858 -0.27135 -0.63402 0.7666 0.4524 -0.54019 -0.84137 0.89188 -0.4374 1.8602 0.91247 1.651 1.2296 0.39169 -0.76226 -0.061251 -0.85545 0.6108 -1.7112
0.42097 0.016608 0.89272 -0.94581 -1.3304 -1.1892 -1.9899 -1.6582 -0.57829 0.1711 1.0769 -0.40283 0.43332 0.26272 0.73743 0.29748 1.0266 -0.032752 1.0141 -0.024233 0.44527 -0.71799 -0.57113 0.49521 0.17929 -0.93656 -0.91562 0.31164 -0.44055 0.55237 0.40231 1.075 0.98561 0.17674 0.055555 0.053747 -1.3003 0.67967 -0.78835
0.76386 0.28772 0.80255 -0.35832 -1.1123 -0.25987 -1.7596 -0.9993 -0.34232 0.17202 0.70633 -0.47442 0.12872 -0.040443 0.70948 0.12641 0.92374 0.087313 1.4365 0.22355 0.63124 -0.35715 -0.55139 -0.67922 0.83977 -1.0146 -0.93794 -0.042293 0.15498 -0.64847 -0.21324 0.33707 0.47293 0.45645 0.83675 -0.39921 -1.5867 0.36356 0.074334
0.78917 0.56526 0.90548 -0.0084752 -0.62363 -0.38042 -1.0022 -1.3087 -0.67164 -0.027255 1.6374 0.44925 -0.079947 -0.23791 0.66667 0.27269 0.48155 0.089772 1.4685 0.43114 0.84876 0.44366 -0.65195 -1.433 0.80442 -0.78103 -0.86872 -0.26421 0.7928 -1.2747 -0.23434 -0.31006 -0.2509 0.37977 1.3624 -0.63715 -1.1178 0.08714 0.63338
0.50359 0.79671 0.86768 -0.35659 -0.97699 0.33738 -0.95284 -0.62731 -0.58157 -0.2266 1.4911 -0.50353 -0.20447 -0.6806 0.56189 0.95577 -0.083604 -0.46735 0.9586 0.31014 1.0926 0.87766 -1.3601 -1.3873 0.92557 -0.49306 -0.59475 -0.44195 0.95973 -1.4172 -0.10878 -0.6737 -0.81131 0.30719 0.91133 -0.44227 -0.43074 -0.52093 0.86483
0.26233 0.63626 0.76863 -0.32723 -1.4133 0.58851 -1.2952 -1.0819 -0.12895 -0.52647 -0.54963 0.14078 -0.246 -0.96966 0.35587 1.2038 -0.69747 -0.22202 0.63094 -0.53375 0.952 1.4859 -1.4085 -1.351 0.33209 -0.12462 -0.14904 -0.59281 0.53673 -0.94378 0.29445 -0.83501 -0.8374 -0.17018 -0.03056 0.22678 0.25966 -0.38512 0.88811
0.13674 0.7731 1.2065 -0.45489 -1.586 0.36293 -1.1984 -0.51992 0.54262 -1.2957 -0.26174 0.18833 -0.18408 -0.73854 0.10778 1.2626 -0.96238 0.019639 0.50339 -0.86202 1.1766 1.0064 -1.0256 -1.5754 -0.02633 0.12231 0.37067 -0.52983 -0.19912 -0.47616 0.70785 -0.75842 -0.13313 -0.6479 -0.97968 1.1846 1.2334 -0.35442 0.84835
-0.16064 0.74253 2.3134 -0.924 -1.7048 0.28095 -1.6093 0.10398 0.58992 -1.8239 -0.28191 1.1311 -0.2037 -0.47821 -0.11948 1.0096 -0.73138 0.40322 0.02055 -0.60209 0.48034 0.30826 -0.3353 -0.84261 0.46798 0.41589 0.66741 -0.56869 -0.92246 0.0015814 0.45164 -0.8637 0.73976 -0.96408 -1.4143 1.7481 1.8664 -0.22423 0.84684
-0.16033 0.85304 1.8219 -0.93863 -0.63647 0.74594 -2.3733 -0.097864 1.7244 -1.5258 -0.090741 -0.50338 -0.018901 -0.26895 -0.10672 0.70554 -0.90576 0.57714 -0.2581 0.10962 0.077944 -0.57527 0.50031 0.76107 0.11078 0.67387 0.76653 -0.62021 -1.7392 0.28987 -0.011955 -1.062 1.1028 -1.247 -0.85254 1.8418 2.0087 -0.55393 0.87109
0.096367 0.68919 1.9265 -1.1087 -0.70344 0.61179 -1.7344 0.26674 -0.22519 -1.0956 -0.5045 0.040451 0.013025 -0.017991 -0.50914 -0.081623 -0.7341 0.36041 -0.72148 0.46188 -0.36075 -0.66735 1.3512 1.1225 -0.2054 1.0342 0.77403 -0.69606 -2.1239 0.43536 -0.56088 -1.27 1.109 -0.82439 -0.13399 1.4027 1.2417 -0.91641 0.72811
-0.1089 0.49318 1.6276 -0.95716 -0.92635 0.24651 -1.5109 -0.72176 -0.22983 -0.54223 -0.24597 0.72874 0.33848 0.39454 -0.75712 -1.1294 -0.46799 0.0048911 -1.2568 0.8012 -0.81216 -0.28357 1.8411 1.3623 -0.86235 1.2889 0.70458 -0.6523 -2.1942 0.95812 -0.54421 -1.4197 0.80937 -0.26861 0.70394 0.44282 0.24469 -1.0246 0.37083
-0.11659 0.62367 1.831 -1.5189 -0.98809 -0.032272 -0.80554 -0.85286 -0.61212 -0.11226 1.0529 0.34654 0.57853 0.56661 -0.98277 -1.6576 -0.20423 -0.40932 -2.0286 1.2596 -0.66649 -0.12339 1.827 1.2755 -0.9919 1.3417 0.67247 -0.17531 -1.7965 1.3109 -0.11274 -1.1113 0.63488 0.64987 0.91706 -0.78704 -0.63915 -0.47959 -0.27809
0.071108 -0.021182 1.4534 -1.3397 -1.215 -0.91492 -1.0485 -0.39381 0.52218 0.36091 1.1577 -0.14507 1.0832 0.69149 -0.98411 -2.2094 0.48442 -0.10438 -2.4535 1.3291 -0.28599 0.60681 1.1778 1.1516 -1.6733 1.1477 0.60605 0.3237 -1.2539 1.4178 0.51808 -0.43346 0.038 0.88272 0.83274 -1.4303 -1.8074 0.17343 -0.95793
0.45674 -0.1248 0.64956 -1.3416 -1.2046 -1.2807 -1.1224 -0.9389 0.89478 0.84816 1.101 -1.0024 1.2493 1.029 -0.70007 -2.5757 1.0583 0.18382 -2.3531 1.4732 0.63607 0.78402 0.14166 -0.035277 -0.81396 0.63219 0.49171 0.96588 -0.73513 0.91303 1.0232 0.6407 -0.73591 0.21014 0.3435 -1.3895 -2.1841 0.58028 -1.4655
0.54034 -0.34023 -0.11835 -1.0158 -1.04 -2.2626 -0.30112 -0.72842 0.45527 1.1025 0.93273 -1.5751 1.382 1.2404 -0.35573 -2.7918 1.3552 0.69812 -1.9643 0.79618 0.24688 0.98422 -0.14237 -1.5323 -0.57142 0.018382 0.32005 1.3719 0.12612 0.03138 0.85159 1.5668 -1.338 -0.7325 -0.44958 -0.92622 -1.4768 1.3144 -1.6731
0.69126 -0.41568 -0.31422 -0.28313 -0.76103 -2.9334 0.34362 -0.2719 0.15665 0.21276 1.0091 -1.4291 1.2103 1.1653 0.33601 -2.6153 0.93709 1.1569 -0.98732 0.1063 -0.52363 0.39356 -0.25735 -1.67 -0.29449 -0.57941 -0.20889 1.5861 1.3733 -0.52334 0.37199 2.2996 -1.7868 -1.0577 -0.98728 -0.1717 -0.35765 1.4727 -1.6932
1.0039 -0.069467 -0.84674 -0.038846 -0.74775 -2.7734 0.55295 0.25607 1.0122 -0.67563 -0.18646 0.69583 0.98616 1.1905 0.82007 -1.99 0.58851 1.0444 0.0079524 -0.59099 -1.1203 -0.13902 -0.4418 -0.93398 0.88234 -1.0843 -1.0261 1.432 2.4837 -0.57064 -0.11867 2.7183 -1.2256 -0.33779 -1.5042 0.10117 0.41842 1.4098 -1.5154
1.36 0.055354 -1.1143 -0.36903 0.00055856 -2.752 -0.6926 -1.0253 1.4816 0.46467 -1.0418 -1.2679 0.69584 0.67802 1.398 -0.67932 0.52045 0.7177 1.2757 -1.319 -0.7236 -0.71189 -0.02066 -1.0465 1.6123 -1.6883 -1.8707 0.74205 3.1326 0.039851 -0.34708 2.212 -0.11395 0.77 -1.4398 0.055146 0.28617 0.57551 -1.1184
1.3601 0.40577 -1.6243 -0.67577 0.27749 -2.0279 -1.3871 -1.7066 0.81518 0.61767 -0.33598 -1.3534 0.52435 -0.34893 1.5376 0.40521 0.5601 0.67502 2.3594 -0.87365 -0.30374 -1.5938 -0.027715 -1.0369 1.4942 -1.9977 -2.3507 0.10568 3.0238 0.77879 -0.37616 1.2279 1.1805 1.9041 -0.99678 -0.16364 -0.15123 -0.32196 -0.50398
1.7768 0.79219 -1.5009 -0.51193 -0.17526 -1.4742 -1.2724 -2.259 -0.093165 0.069537 0.79879 0.58039 0.0043285 -1.404 1.2302 1.4436 1.0095 0.65678 2.2761 0.050666 0.56038 -1.8761 -0.32332 -1.0703 0.63773 -2.02 -1.9093 -0.51286 1.9325 0.93996 -0.2043 0.032592 1.9691 1.8032 -0.27596 -0.2726 -0.0051118 -0.89181 0.24523
0.89325 1.3826 -0.23534 0.25764 -0.28389 -0.54674 -1.3126 -0.18751 -0.88407 0.72222 -0.9327 1.0493 -0.75911 -1.9633 1.0766 2.0219 1.6872 0.33376 1.9719 1.0721 1.9237 -1.6342 -0.58641 -1.2301 0.69209 -1.7741 -0.98104 -0.86709 0.3539 0.49436 0.18678 -0.8165 1.3594 1.2255 0.77625 -0.068532 0.37336 -0.99126 0.88975
0.029521 1.3265 0.10471 0.54486 0.38874 0.58422 -0.027488 -0.17183 -1.5736 -0.64837 -1.1434 0.75785 -1.0636 -1.9227 0.75105 1.7502 1.5804 0.47988 1.535 1.6066 1.6535 -1.2723 -0.25488 -0.97191 0.11945 -1.3855 0.26263 -1.0808 -1.3385 -0.44772 0.46336 -1.0428 0.40676 -0.28405 1.4344 -0.024695 0.96907 -0.70831 1.3316
-0.39108 1.1202 0.36091 0.80553 0.54343 -0.25477 0.20147 0.28451 -0.52732 -0.71252 -2.0227 -0.17274 -1.1221 -1.8423 0.29834 0.83469 1.1233 1.112 1.0916 1.048 1.5231 -0.29155 -0.1679 -0.36721 -0.35288 -0.80752 0.90805 -1.3184 -1.5001 -1.0727 0.083654 -1.0915 -0.76112 -1.24 1.593 0.29836 1.62 -0.42743 1.5034
-0.30366 1.4672 0.50474 1.2423 0.33252 -0.082907 0.077234 0.75423 -0.73836 0.23871 -1.6905 -0.7199 -1.1073 -0.99978 -0.22227 -0.22656 0.50186 1.1515 0.62381 0.88946 0.214 0.42345 -0.55098 0.38332 -0.34202 -0.24676 1.097 -1.4035 -0.55866 -1.6953 -0.74408 -0.86339 -1.4501 -1.3765 1.2842 0.55498 2.2091 0.039022 1.6292
-0.16738 1.4814 -0.14953 0.73626 0.66153 0.48029 0.56536 -0.60502 -1.6829 0.39722 -0.22028 0.14109 -1.1557 -0.80925 -0.68181 0.47475 0.34997 0.14684 0.23725 -0.038674 0.24752 0.81811 0.18852 1.2516 0.020141 0.20445 0.97964 -1.3406 0.63577 -2.1445 -1.5583 -0.93616 -1.6623 -1.2471 0.81712 0.65997 2.1265 0.088663 1.7519
-0.60744 1.2441 -0.25526 0.90039 1.514 0.57739 -0.36553 0.7203 -0.48227 -0.39438 -0.19849 0.93034 -1.1959 -0.4868 -1.1484 0.97813 -0.99216 -0.4908 0.22958 -0.67388 -0.36852 0.83181 0.70637 2.5313 0.025928 0.86956 0.5809 -1.0071 1.1404 -2.2821 -1.7289 -1.2663 -1.7917 -0.6691 0.44807 0.49872 1.2129 -0.29811 1.7725
-0.48891 0.87728 -0.21394 0.91977 1.3089 0.65166 0.65502 -0.067705 -0.29056 -1.0872 -1.3757 0.10384 -1.1076 -0.35564 -1.5214 1.2892 -1.8701 -1.0961 -0.5899 -1.4114 -0.59525 1.1933 0.5526 2.7096 -0.33791 1.6034 0.66527 -0.29552 0.25897 -2.097 -1.1335 -1.5065 -1.1195 -0.81875 0.13949 -0.08601 0.082335 -0.61649 1.4957
-1.2038 0.23622 1.5585 1.1929 -0.20325 0.31023 -0.25154 0.55871 -0.009292 0.25121 0.44218 0.040057 -0.66183 -0.19437 -1.519 1.2719 -2.3679 -1.5864 -1.5038 -1.9196 -0.6561 1.1586 0.29407 2.0168 -0.78965 2.0578 0.62863 0.58177 -0.79102 -1.0854 -0.30128 -1.4186 -0.51412 -0.38587 0.0023165 -0.59379 -1.1781 -0.33188 0.73287
-0.52097 -0.084796 1.3627 -0.96196 -0.31689 -0.04122 -1.0013 -0.49938 0.36033 1.4094 1.9996 -0.63843 0.16994 0.22719 -1.005 0.751 -2.6199 -1.5124 -1.9193 -1.5898 -1.1897 0.93676 0.2538 1.658 -0.87833 2.1451 0.7153 1.3309 -1.5602 -0.20432 0.71686 -0.50839 0.55862 -0.24285 -0.26325 -0.83189 -1.9158 0.08891 -0.3249
-0.47743 -0.099398 1.1098 -0.99915 -0.69166 -0.9969 -1.8443 -0.44631 0.37813 0.62883 2.0295 -0.62084 0.7855 0.3391 -0.42576 -0.095644 -2.5159 -0.87882 -1.9525 -1.5684 -0.81495 0.95733 -0.29937 0.7388 -0.4026 1.8401 0.45424 1.4901 -1.3191 0.89957 1.1332 0.44855 1.4948 0.26295 -0.48521 -0.7134 -1.9378 0.62334 -1.2008
-0.57025 -0.24444 0.60287 -1.5177 -0.5854 -1.6904 -1.883 -0.98782 0.086149 -0.43445 1.2051 -0.22088 0.88768 0.64948 0.18461 -0.66363 -2.1624 -0.075333 -1.3856 -0.46172 -0.9828 0.73982 -0.7814 -0.41376 -0.33195 1.1602 0.10646 0.92551 -0.61842 1.3633 0.74858 1.0972 1.8546 0.67433 -0.48126 -0.26158 -1.7322 0.73513 -1.4799
-0.38664 0.15346 0.64206 -1.3327 -0.16707 -1.8318 -1.4419 -0.69197 1.207 -0.3658 0.87431 -0.4582 0.94224 0.40086 0.40903 -0.25192 -1.0433 -0.12464 -0.87034 0.48225 -0.24808 0.24203 -0.58237 -0.75272 0.27741 0.51319 0.032161 0.073793 -0.035914 1.4859 -0.086717 1.3801 1.7161 0.64458 -0.45332 0.63272 -1.2992 0.10372 -1.171
-0.41329 0.15307 0.48672 -1.618 -0.42698 -1.8532 -1.5124 -0.69 1.105 -0.74993 0.095604 -0.55318 0.97363 0.3826 0.14202 -0.22344 -0.99642 -0.45354 -0.25841 1.0583 -0.16588 0.28756 -0.096262 -0.99906 0.36055 0.29836 0.10242 -0.80359 -0.22233 1.4719 -0.58715 1.0298 1.1582 0.7066 -0.56352 1.1737 -0.71702 -0.48646 -0.53799
-0.1603 0.33852 1.1581 -2.0466 -0.45039 -1.3832 -0.99516 -1.1835 0.85261 0.21966 1.2993 -0.77616 0.88971 0.52635 -0.28599 -0.38859 -0.52589 -0.87058 0.25358 1.0725 0.026264 0.23461 0.6528 -1.5237 -0.51776 0.28462 0.46695 -1.1811 -1.046 1.5255 -0.31835 0.41076 0.94961 0.82514 -0.64878 0.69609 -0.49536 -0.73382 -0.077614
-0.072997 0.26898 0.9369 -2.0592 -0.7778 -1.7247 -0.6754 -0.60389 0.23964 0.44466 1.3849 0.11999 1.0215 0.76582 -0.83894 -0.98169 0.12734 -0.85186 0.11909 1.5473 0.24967 -0.43414 0.97628 -1.4438 -0.96306 0.36126 0.58652 -1.0561 -1.4877 2.1822 0.36665 -0.092666 0.72648 1.5498 -0.72914 -0.52764 -0.70795 -0.11906 0.005996
-0.20452 -0.24037 0.33174 -2.147 -1.3939 -1.7124 -0.58325 -0.8724 1.0297 -0.37174 -0.19315 -0.027533 1.2684 1.0383 -1.1125 -1.6445 1.0365 -0.55469 -0.23466 2.1318 1.1431 -0.75182 0.30267 -1.512 -0.61748 0.34901 0.47928 -0.72368 -1.2814 2.1451 1.1717 -0.15362 0.21949 1.8079 -0.46607 -1.5798 -0.79934 0.53033 -0.16404
0.12559 -0.58342 -0.007665 -1.7509 -1.4348 -1.2249 -0.48982 -0.84984 1.0117 0.68299 -1.5174 -1.8185 1.1836 1.1689 -1.2446 -2.1101 2.0062 0.085204 -0.20015 1.984 2.2765 -0.74077 -0.94419 -2.4027 0.16596 0.27519 0.28646 -0.16513 -0.62831 1.4632 1.6828 0.3246 -0.64656 1.3886 -0.084363 -1.7055 -0.40827 0.67506 -0.3598
0.61737 -0.79244 -0.44015 -0.99018 -0.92636 -1.8621 0.97251 -0.20045 0.25208 1.1353 -0.39845 -1.8632 1.3463 1.1759 -1.3186 -1.9921 2.254 0.91581 0.10502 1.3127 2.5128 -0.58737 -1.5117 -2.621 0.059442 0.048393 -0.03109 0.068743 -0.11561 0.042829 1.5699 0.91164 -1.54 0.093689 0.13769 -1.0305 0.18621 0.49829 -0.40334
0.82604 -0.96648 -0.96003 -0.61298 -1.024 -2.2348 1.5645 0.99392 -0.41176 -0.73724 -0.78619 -0.47284 1.2629 1.2043 -1.023 -1.8771 2.0521 1.6571 0.60076 0.71274 2.2537 -0.6991 -1.4922 -1.7005 0.14914 -0.099584 -0.28348 0.25507 0.21222 -1.2515 0.88648 1.4025 -1.9584 -1.4574 0.55658 0.18723 0.84183 -0.15299 -0.2809
1.0182 -1.0664 -0.94762 0.11322 -0.25698 -1.4481 1.1358 2.0283 -0.089254 -1.6736 -1.9372 0.54658 1.2147 0.96163 -1.1133 -1.9679 1.077 1.685 1.1945 -0.23327 1.3385 -0.49433 -1.4507 -1.5105 0.46425 -0.14858 -0.36027 0.38042 0.37203 -1.9393 0.072728 1.3285 -1.7868 -2.5167 0.73672 1.3762 1.1571 -0.62368 -0.011761
0.94237 -1.608 -1.3175 -0.0019675 0.22387 -1.3178 0.23872 1.8166 0.16354 -1.7043 -2.8824 -0.61406 1.1256 0.76701 -0.92095 -1.7777 0.40729 1.4035 2.0697 -1.0663 0.047308 0.3608 -0.56976 -1.322 -0.35333 -0.10371 -0.25908 0.50113 0.6032 -2.0203 -0.65452 0.68408 -1.0428 -2.7546 0.48294 1.9977 1.4405 -0.94617 0.17758
1.2309 -1.4511 -1.853 -0.090869 0.70123 -0.40256 0.37211 1.063 0.1656 -1.2891 -2.1262 -1.3526 1.1736 0.74859 -0.73056 -1.4285 -0.30712 1.1704 2.0368 -1.2837 -1.2494 0.4048 0.80693 -0.55712 -1.0109 0.029381 -0.084257 0.87381 0.93409 -1.3535 -0.9789 -0.079209 -0.067695 -1.9386 -0.016685 1.7941 1.9442 -0.65727 0.2461
1.368 -2.0898 -2.3298 -0.67126 0.5457 0.24688 -0.12215 0.67773 -0.21352 -0.72775 -2.645 -1.1847 1.0771 0.84532 -0.37045 -1.1447 -0.78017 0.63456 1.5525 -0.78529 -1.778 -0.15348 1.4002 0.63079 -1.1232 0.11138 -0.23901 0.90008 1.0507 -0.68465 -1.1262 -0.82878 0.41275 -0.56066 -0.40939 0.78228 1.8244 0.11029 0.16507
1.5358 -1.7034 -2.2812 -0.17278 0.6091 0.897 0.14235 0.42016 0.83253 -0.31276 -1.6994 -1.5046 1.299 0.76872 0.088071 -0.72573 -0.69415 0.16171 1.2942 -0.47978 -1.496 -0.27941 1.1787 1.3071 -0.54407 0.16 -0.52093 0.97893 1.1335 0.045061 -0.9364 -1.0533 0.49232 0.62785 -0.042254 -0.19387 1.1707 0.49215 8.4085e-05
1.6576 -1.8019 -2.1892 -0.73931 0.71247 0.3666 -0.31481 -0.033403 -0.0058634 -0.10211 -2.1061 -1.0123 1.2828 0.32726 0.19099 -0.37428 -0.60088 -0.28505 0.77787 -0.62965 -0.91112 -0.15472 0.8378 1.3054 -0.34163 0.10972 -0.64259 0.71052 1.0262 0.42925 -0.73736 -1.1094 0.19769 0.87049 0.43108 -0.35333 -0.077897 0.41158 -0.28974
1.927 -1.5789 -2.1914 -0.73612 0.76503 0.56916 -0.042629 -0.049521 -0.5369 0.17181 -1.3171 -1.4647 1.2788 0.075266 0.64383 0.080245 -0.32947 -0.19529 0.31047 -0.36648 -0.4656 0.31011 0.73183 1.3854 -0.34152 0.029217 -0.36829 0.49962 1.025 0.73699 -0.57398 -1.0841 0.10166 0.60299 0.73902 0.11728 -0.58189 0.11231 -0.53683
1.7354 -1.4599 -2.3859 -0.76673 0.46848 0.97418 -0.40842 -0.17185 -0.053739 -0.15967 -0.97671 -1.7369 1.287 0.042785 0.5511 0.16582 -0.22711 -0.62719 -0.18191 -0.42621 -0.60659 0.43927 0.94888 0.42724 -0.33628 -0.31561 -0.02363 0.37136 1.0487 0.92452 -0.30962 -1.2055 -0.17058 0.19498 0.76953 0.44139 -0.71968 0.19969 -0.60322
1.4389 -1.5551 -2.4883 -0.8938 0.12294 1.0148 -0.67535 -0.023303 0.17454 0.10983 -0.74463 -1.7228 1.248 0.25077 0.74942 0.71575 0.38954 -0.79124 -0.40145 -0.35457 -0.4791 0.9505 1.3884 0.59516 -0.29732 -0.53865 0.2189 0.13744 0.81919 0.90444 -0.095457 -1.4339 -0.79102 0.19984 0.42707 0.28362 -0.69541 0.32208 -0.53965
1.5502 -1.0714 -1.9873 -0.76067 0.55829 0.6845 -0.29775 0.092201 0.92669 0.70402 -0.87778 -1.5225 1.1693 0.19384 0.76184 1.0593 0.6363 -0.5994 -1.2853 -0.94392 -0.5244 1.1153 1.4221 0.2797 0.07222 -0.63022 0.22258 0.093833 0.45742 0.82808 0.2435 -1.3817 -0.94872 0.52793 -0.025298 -0.27594 -0.18727 0.2134 -0.22542
1.857 -1.146 -2.0308 -0.50601 -0.35683 0.12351 -0.53442 -0.87873 0.94453 1.3664 -1.8341 -1.7925 0.81038 0.3865 0.76499 0.99887 0.80059 -0.40697 -2.0154 -1.6358 -0.11733 0.85124 1.0926 0.085858 0.15142 -0.72956 -0.050628 -0.27767 -0.29506 0.41854 0.17973 -0.81475 -0.53073 0.75773 -0.5946 -0.95711 0.057951 -0.090607 0.14843
2.2158 -0.78494 -1.1974 -0.21529 -0.19031 -0.15733 -0.75096 -0.52265 0.77965 2.0252 -0.58551 -1.4994 0.6496 0.36824 0.69581 0.78116 0.99634 -0.36102 -2.1477 -1.6238 0.23654 0.42879 0.57651 0.30333 -0.095436 -0.60348 -0.33416 -0.52894 -0.80749 0.029715 0.050145 0.29574 0.70784 0.83067 -0.55388 -1.2631 0.029454 -0.18973 0.54399
1.8179 -0.70619 -1.3137 -0.1216 0.13867 -1.3283 -1.8157 -0.57423 1.1148 1.5859 -0.6331 -1.4763 0.69647 0.069766 0.30423 0.34612 0.92628 -0.57556 -1.6052 -1.031 0.60897 0.051588 -0.069658 0.68483 -0.39721 -0.3015 -0.51222 -0.81409 -0.99569 -0.35803 -0.16094 1.3193 1.8872 0.46974 -0.11005 -1.4709 -0.71656 0.34328 0.7692
1.9475 -0.65624 -1.7137 -0.064309 -0.12146 -1.8101 -2.8922 0.16253 1.2491 0.94405 -0.95228 -1.6231 0.49208 -0.24712 0.087445 0.015129 0.61406 -0.43105 -0.89676 0.17242 0.72209 0.35753 -0.48878 0.02592 -0.048756 0.076923 -0.40566 -0.80755 -0.65338 -0.68332 -0.26492 1.8309 2.4925 0.18857 0.11292 -1.6908 -1.3389 1.4211 0.68557
1.8419 -0.64689 -1.5656 0.25551 -0.32338 -1.7694 -1.8888 0.29099 0.85052 1.212 -0.46666 -1.9814 0.63345 -0.22265 -0.31969 -0.30523 0.35805 -0.69647 0.0067858 1.2036 0.55135 0.65079 -1.2817 -1.1901 0.87052 0.23324 -0.2845 -0.58335 0.035543 -0.82252 -0.19934 1.6557 2.2014 -0.034741 -0.13264 -1.8242 -1.1553 2.1845 0.46316
1.7837 -0.87109 -1.5293 0.30037 -0.66332 -1.1868 -0.81689 0.28396 0.9475 1.0094 -0.27993 -2.1943 0.79113 -0.21238 -0.36999 -0.0045462 0.081084 -0.82636 0.72067 2.1864 0.63291 0.35607 -2.1637 -1.3922 2.3138 0.29035 -0.24889 -0.40652 0.36078 -0.70159 -0.084681 0.99452 1.1326 0.0046448 -0.80882 -1.7895 -0.085804 1.997 0.20447
1.7181 -0.95065 -1.6987 0.096984 -0.76609 -1.0992 -0.095786 -0.28099 1.7111 1.0417 -2.0163 -1.2855 0.88436 -0.45839 -0.4642 0.4033 -0.24868 -0.77675 0.90895 2.3171 0.58916 -0.23066 -2.8449 -0.87958 3.0941 0.37591 -0.37618 -0.15053 0.61651 -0.62702 0.20567 0.30654 0.14762 0.21824 -1.6504 -0.85697 1.4674 0.73653 0.078067
1.9607 -1.1783 -1.5262 0.14175 -0.83201 -0.49719 -0.071606 0.32727 1.9207 -0.59277 -2.2285 0.32383 0.85946 -0.57656 -0.53725 0.25523 -0.31372 -0.56783 0.64807 1.8695 0.71497 -0.88874 -3.2507 -0.30927 3.1119 0.35112 -0.36332 0.00069029 0.6799 -0.57068 0.26769 -0.055136 -0.6805 0.07738 -1.8323 0.66925 2.2495 -1.4574 -0.011414
1.492 -0.98189 -1.4013 -0.066651 -0.93318 -0.76556 0.27061 0.75396 1.1674 -2.33 -2.0086 1.7127 0.90774 -0.71482 -0.49843 0.58936 -0.54602 -0.44065 0.65837 1.6794 0.93528 -2.1612 -2.4191 1.129 2.0533 0.33408 -0.25145 0.34156 0.69704 -0.696 0.069327 -0.10957 -1.0518 -0.61862 -1.2218 2.3253 1.8506 -3.3047 -0.19135
1.3342 -1.2373 -1.1299 -0.23446 -1.2496 -0.615 0.25615 1.0002 0.20476 -2.7317 -0.99833 1.3936 0.98363 -0.7355 -0.35851 1.0335 -0.77374 -0.48928 0.73542 1.1944 0.61234 -2.4907 -1.0089 1.9952 -0.26697 0.29078 -0.10964 0.65293 0.94906 -0.85228 -0.10205 -0.1168 -1.3461 -1.4321 0.22712 3.1958 0.73426 -3.9623 -0.3376
1.2232 -1.4401 -1.4912 0.11495 -1.0373 -0.76723 1.1781 0.87832 -0.43525 -2.679 -0.57979 0.98239 1.1489 -0.83079 0.019491 1.1741 -1.2401 -0.69485 0.6455 0.61383 -0.55338 -1.9742 0.70968 1.5789 -2.261 0.080527 0.08661 1.0595 0.81489 -0.66965 -0.037594 -0.33086 -1.7585 -1.6397 2.0338 2.6688 -0.99054 -2.7461 -0.46552
1.0875 -1.498 -0.78536 -0.54451 -1.2417 0.14947 1.733 1.1327 -1.8221 -1.3842 0.62276 0.12226 1.1936 -0.7176 0.30546 1.5467 -1.4599 -0.65127 0.42021 -0.21714 -1.3081 -0.51825 1.5992 0.89118 -3.179 -0.09562 0.24506 1.3211 0.70767 -0.30145 0.21719 -0.65175 -1.9869 -1.0004 2.9933 1.3355 -1.8235 -0.50738 -0.57696
1.1187 -1.2876 -0.38447 -0.86298 -1.4568 0.16566 0.89723 0.34721 -0.75966 -0.64277 -0.40063 -1.4796 1.1218 -0.57288 0.96142 1.6909 -1.3785 -0.44543 0.1521 -1.0451 -1.2735 1.0678 1.6386 -0.27006 -2.3426 -0.26311 0.3421 1.4379 0.32542 0.54677 0.50859 -0.80585 -1.7019 0.022097 2.8124 -0.23183 -1.5968 1.7078 -0.68695
0.85443 -0.861 -0.2991 -1.3973 -1.9077 0.11587 0.30789 -0.54684 -0.47838 -0.52362 -0.67575 -1.7841 0.8007 -0.43104 1.4066 1.9529 -1.2398 -0.2066 -0.32572 -1.8554 -0.95995 2.196 1.225 -0.66189 -1.2995 -0.51674 0.20011 1.408 -0.16409 1.2199 0.77283 -0.58783 -0.74932 0.69756 0.75319 -0.71641 -0.35025 2.9643 -0.95495
0.60682 -0.70518 0.3365 -1.5235 -1.687 -0.59287 -0.11117 -0.63292 0.58703 -0.78204 -0.48581 -1.8902 0.86873 -0.36764 1.9033 1.5058 -0.41037 0.054236 -0.59861 -1.886 -0.68194 2.5007 0.46462 -0.78243 0.45439 -0.87473 -0.36568 0.79297 -0.88616 2.0459 1.124 -0.23525 0.54917 0.99284 -1.172 -0.0059025 0.95742 2.8858 -1.2615
0.83543 -0.095433 0.39817 -1.2736 -1.5027 -0.36535 -0.57438 0.040846 1.4344 -0.49348 -1.1397 -0.88326 0.82336 -0.46696 2.218 1.3508 0.16642 0.58178 -0.38398 -1.2428 -0.25179 0.32164 0.78614 0.44977 1.7597 -1.41 -0.87952 0.13973 -1.58 2.4184 1.366 0.79383 1.6549 0.83013 -2.5652 0.70522 1.2216 2.021 -1.3659
0.82201 0.13384 0.83852 -1.3516 -1.2027 -0.91469 -0.79993 0.026998 1.7956 -0.39236 -0.66712 -0.89912 0.53565 -1.2105 1.8951 0.48909 1.4652 1.323 -0.29075 -0.24464 0.29574 -0.43596 1.8772 1.0364 2.2974 -1.9564 -1.1553 -0.62829 -1.6065 2.0718 1.2459 1.3146 1.9669 0.70519 -2.5993 0.66279 0.89253 0.14604 -1.0143
0.66244 0.96071 0.75724 -0.98083 -1.4248 -0.34063 -0.7577 -0.20529 1.3605 -0.48438 -0.57531 0.34193 -0.025958 -1.5814 1.6411 -0.20865 2.0169 1.79 1.1135 0.60455 0.15981 -1.6696 1.9583 0.80803 2.1027 -2.2928 -0.77593 -1.1456 -1.4358 1.5646 0.75219 1.2248 1.3769 0.5874 -1.0165 -0.27434 0.26824 -1.3284 -0.15007
0.37247 1.487 1.0677 -0.90907 -0.73187 -0.30017 -0.73965 -0.6045 -1.6774 1.021 0.5127 0.35569 -0.80328 -1.8739 1.1183 -0.42898 2.2562 1.8487 1.291 1.0844 0.47917 -1.9084 1.2333 0.77368 0.60428 -2.1542 0.048848 -1.4524 -0.81272 0.37534 0.23471 0.48003 0.513 0.53425 0.38175 -1.2888 -0.23595 -1.8698 0.85105
-1.0315 0.97127 -0.064339 0.65786 0.16524 -0.75066 0.28979 0.096137 0.093713 2.6124 0.55678 0.99558 -1.3935 -1.5222 0.65471 -0.61753 2.4808 1.7619 1.2833 0.82671 0.79556 -1.0603 0.59101 1.0943 -0.21966 -1.5667 0.78935 -1.4525 -0.30667 -0.50212 -0.37574 -0.39018 -0.34838 0.27212 1.7159 -1.5406 -0.60351 -1.4181 1.6146
-0.74572 1.2882 0.21052 0.56964 0.74183 2.0235 0.56282 -0.14851 -1.0482 1.2048 -0.37781 0.72525 -1.4178 -1.1565 -0.084162 -0.68586 1.8749 1.7784 0.58779 0.67993 1.0141 0.044503 0.017448 0.41941 -0.52291 -0.87768 1.3936 -0.90948 0.36052 -1.4477 -0.86643 -0.3606 -0.93285 -0.40326 1.4785 -1.1282 -0.5295 -0.20248 1.7584
-0.81231 1.2783 0.35388 0.84649 0.48966 0.78472 0.43739 1.0004 -0.46162 0.26274 -0.14598 -0.96981 -1.3742 -0.53623 -0.23035 -0.60845 1.3233 1.0848 0.68219 0.14891 0.42152 0.90933 -0.48007 -0.20821 -0.35095 -0.19483 1.2258 -0.48924 0.55743 -1.9342 -1.1219 -0.59796 -0.85354 -0.69534 0.65079 -0.10185 -0.50499 0.75974 1.3243
-0.46596 1.2407 0.3321 1.2775 0.66959 0.51509 -0.29797 0.64056 0.45948 0.41716 1.5449 -0.62278 -1.236 0.11427 0.010016 0.1604 0.30621 0.49715 0.86796 -0.38367 -0.11106 0.16903 -0.45365 0.37642 0.24742 0.14003 0.85906 -0.26572 0.61015 -1.4524 -1.0705 -0.34707 -0.41743 -0.6935 -0.48059 0.39402 -0.57343 1.0555 0.81767
-0.85729 0.84914 -0.070335 0.77822 1.2066 -0.039868 0.32583 0.66522 0.21999 0.74484 -0.16972 0.5527 -1.3521 0.024538 -0.22975 -0.11554 -0.10957 0.21796 -0.056668 -0.29252 0.015882 0.22111 0.65405 0.11526 1.0266 0.16856 0.5757 -0.79062 0.10692 -1.2638 -0.95072 -0.83199 0.11243 0.22322 -0.74081 0.25618 -0.69953 0.48026 0.70585
-0.76033 1.1287 -0.014281 1.0888 0.84281 1.3018 -0.15538 -0.41804 -0.25507 1.4223 -0.032414 0.35616 -1.2439 0.091331 -0.54237 0.081463 0.054521 0.12668 0.26083 0.10702 -0.12177 -0.61685 0.26834 -0.87681 1.0512 0.3258 0.79738 -1.371 -0.74311 -1.1101 -1.0975 -1.3284 0.22569 1.1639 -0.10671 -0.8503 -0.41415 -0.63094 1.1558
-0.79514 1.2289 0.50363 0.86808 0.89287 2.0054 0.018069 0.16208 -0.2882 1.2615 1.1084 1.2168 -1.2534 0.49818 -1.3032 -0.40159 -0.75973 -0.58316 -0.68377 0.15168 0.86147 -0.24351 -0.29844 -0.96294 0.28202 0.90788 1.2863 -1.5073 -0.87458 -1.4696 -1.0527 -1.6947 0.35264 1.7559 0.13911 -2.1334 0.17326 -1.2361 1.6159
-0.60397 0.90407 0.028328 0.42388 0.87392 0.8224 0.19695 0.78907 -0.43655 1.7185 -0.43361 1.0212 -1.1799 1.2956 -1.7877 -0.95888 -1.3102 -1.2396 -1.4842 -0.13499 1.7204 0.1722 -1.6449 0.092838 -0.7174 1.7289 1.2635 -1.1905 -0.91629 -1.633 -0.84548 -1.7506 0.45086 1.5493 0.11504 -2.0384 0.75641 -1.1946 1.5645
-0.5694 0.31847 0.50602 1.4786 0.72858 0.50269 0.44415 0.82243 -1.0565 -0.15381 -0.97104 -0.15678 -0.83951 1.7123 -2.1729 -1.0788 -1.9939 -1.1495 -2.5851 0.54885 2.4942 0.10786 -2.6197 -0.042347 -0.71794 2.2055 0.6208 -0.33742 -0.17764 -0.9562 -0.32516 -0.27173 0.74716 0.26531 -0.69806 -1.1108 1.1172 -0.66629 0.87287
0.17153 -0.85633 -0.75606 -0.30019 -0.21416 -1.2533 -0.16718 1.8332 0.83387 0.23097 0.32356 0.18208 0.07636 1.7336 -2.1355 -1.1335 -2.1793 -1.2397 -2.3015 0.8219 2.0616 -0.56124 -2.6118 0.13168 -0.98921 2.3285 -0.29189 0.60402 0.61232 -0.40234 0.19788 1.3687 0.81387 -1.2277 -1.3192 0.72363 0.76304 -0.31411 -0.19772
0.71925 -0.98454 -1.2246 -0.7953 -0.57863 -1.2417 -0.078186 2.3444 0.13115 -1.7873 0.4962 -0.36879 0.81507 1.3826 -1.7089 -0.62549 -1.9991 -1.2255 -0.82035 1.1692 1.2069 -1.3338 -2.0028 1.1927 -0.99461 2.0869 -1.0434 1.5361 1.4235 0.72195 0.43676 2.8042 0.36625 -2.6735 -1.2691 2.075 0.34873 -0.753 -1.2125
0.9716 -1.0126 -0.45489 -1.0538 -0.17239 -1.7779 1.1844 2.7111 -0.71921 -2.1 0.064608 0.19642 1.0201 0.93654 -1.001 -0.1681 -2.0183 -0.83157 0.3802 1.182 -0.0080197 -1.8536 -0.47703 0.95706 -1.2399 1.4518 -1.539 1.8307 1.6745 1.3604 0.37326 2.585 -0.30302 -3.1007 -0.032636 2.6253 -0.59685 -1.0033 -1.8353
0.76205 -1.1906 -0.54569 -1.2063 -0.51864 -0.96414 1.2567 2.449 -1.7345 -1.6808 0.5745 -0.21532 1.0164 0.24686 -0.13906 0.82036 -0.82995 -0.52115 1.7017 1.1159 -1.6398 -1.8886 0.48864 0.21567 -2.1902 0.58692 -1.5639 1.8028 1.2767 1.4542 0.16482 1.3786 -1.3355 -2.5166 1.6357 2.2537 -1.5718 -0.52338 -1.9085
0.66641 -1.3464 -0.44566 -1.037 -0.8241 0.094782 1.6509 1.7957 -2.412 -1.1117 1.0195 -1.0082 1.1119 -0.44618 0.1807 0.94749 -0.4092 -0.88239 1.6252 0.27987 -2.5103 -0.35921 1.4172 -0.56014 -2.5234 -0.034367 -1.1907 1.4866 0.83199 1.1369 0.17382 -0.09613 -2.0709 -1.2699 3.0406 0.8584 -1.516 0.89295 -1.4966
0.73282 -1.2287 -0.21544 -1.4289 -0.58866 0.39037 1.2598 0.79112 -2.3639 -0.39348 0.46744 -1.9809 1.0789 -0.71809 0.754 0.95157 -0.28579 -0.89408 1.3238 -0.97819 -2.4073 1.3078 1.5825 -1.1376 -1.4603 -0.40686 -0.59257 1.211 0.44138 0.34131 0.47794 -1.334 -2.4173 0.3545 3.209 -0.37336 -0.98174 2.5308 -0.91269
0.70721 -0.86167 -0.020372 -1.3388 -1.0545 0.95066 1.1205 -0.077926 -1.1088 0.10463 0.47876 -2.8566 0.95514 -0.70762 1.0694 1.1532 -0.3244 -0.32167 0.37636 -1.8153 -2.078 2.8541 0.72154 -1.3459 0.31095 -0.58988 -0.071101 0.98424 0.55676 0.19156 0.78763 -1.5151 -1.7204 1.4093 1.8449 -1.4012 0.020888 3.2742 -0.43779
0.13898 -0.73484 0.005774 -1.2499 -1.7758 0.22805 0.55745 -0.2188 -0.19194 -0.40792 -0.83255 -2.9429 0.78024 -0.68251 1.4657 1.4474 -0.28988 0.11058 -0.35095 -2.562 -1.1674 3.1603 0.12165 -1.3252 1.8045 -0.68387 0.2216 0.39575 0.50871 0.36306 0.73096 -1.0453 -0.74366 1.6043 -0.0010346 -1.6843 0.95285 2.6465 -0.093599
0.13267 -0.034169 0.67292 -1.4269 -1.0901 0.1896 -0.19841 0.34306 0.70704 0.30611 -1.0537 -0.3876 0.48747 -0.59428 1.489 1.6236 -0.085099 0.1268 -0.57784 -2.2836 -0.40131 2.5377 -0.62024 -0.43738 2.8429 -0.63925 0.42794 -0.16 0.16575 0.54271 0.30143 0.053213 0.058138 1.2939 -1.5514 -1.2338 1.5391 1.1015 0.11737
0.093386 -0.17753 0.61879 -1.5763 -0.59878 -0.10313 -1.0453 -0.36528 1.7664 -0.95063 -0.26094 0.30447 0.45327 -0.38318 1.2093 1.5596 0.21487 0.28353 -0.29671 -2.1791 -0.13951 1.4563 -1.0799 0.26148 2.9325 -0.542 0.46583 -0.75971 -0.31688 0.5359 -0.39315 0.86863 0.79329 0.51163 -2.1874 -0.91441 1.6131 -0.83347 0.22261
0.10558 0.49419 1.257 -1.4192 -0.56806 -0.12405 -1.6967 0.10963 1.2096 -0.52314 -0.59375 0.31997 0.43308 -0.097788 0.91919 1.3635 0.35593 0.1623 0.45614 -1.8654 -0.086269 0.47722 -1.1112 0.86158 2.1079 -0.46296 0.35421 -0.98151 -0.51267 0.44277 -0.76795 1.1403 1.0392 0.10921 -2.0374 -0.15047 0.75312 -1.9337 0.17637
0.12443 0.54363 1.5214 -1.4179 -1.0345 -0.10577 -1.072 -0.085124 1.0431 -1.2243 0.14767 0.62268 0.36613 -0.10371 0.45406 1.0321 0.41048 -0.68117 0.87534 -1.1844 -0.33245 -0.35884 -1.4284 1.1712 0.40254 -0.39574 0.10551 -1.0452 -0.5052 0.16531 -0.86273 0.79098 1.2406 -0.24487 -1.184 0.38078 0.074835 -2.1289 0.12575
0.069611 0.43224 1.4572 -0.85568 -1.129 0.60089 -1.8203 -0.37101 1.1172 -1.5671 0.2174 0.51793 0.25842 -0.10598 0.19346 1.0126 0.57601 -0.89031 1.1247 -0.7107 -0.090777 -0.79269 -0.7156 0.57011 -0.010073 -0.41449 -0.037782 -0.72944 -0.40047 -0.081137 -0.45471 0.009154 1.2688 -0.45219 -0.14349 0.8301 -0.4714 -1.7939 0.12349
0.012312 0.47645 1.5275 -1.0629 -1.2607 1.0082 -2.2257 -0.012516 0.83037 -1.6326 -0.077397 0.64421 0.11644 -0.19448 -0.20906 0.87284 0.38123 -0.87308 0.95645 -0.2903 -0.60813 -0.37482 -0.48615 0.54176 -0.54306 -0.35418 -0.0024149 -0.25242 -0.59686 -0.18286 0.1109 -0.73405 1.1966 -0.68395 0.77835 1.217 -0.35104 -1.0926 0.20262
0.030021 0.41559 1.776 -1.2409 -1.8559 1.224 -1.8254 -0.39563 0.57 -2.1891 0.90796 0.12056 0.048317 -0.1233 0.005579 0.75707 0.21839 -0.6349 0.43406 0.20922 -0.82033 0.17969 0.10669 0.24155 -1.2388 -0.27551 0.10744 0.093577 -0.79415 -0.151 0.39666 -1.0729 1.1974 -0.68987 1.0127 1.1272 0.04618 -0.46419 0.27557
0.008469 0.2595 2.0129 -0.80765 -1.4897 1.2169 -2.0437 -0.23794 0.51365 -1.3545 -0.027927 0.38496 0.036599 -0.10289 0.11267 0.1435 0.26022 -0.60722 -0.25234 0.73522 -1.2879 0.76354 0.62232 0.63631 -1.3056 -0.12283 0.018454 0.38388 -0.74567 -0.061775 0.51819 -0.89055 0.88088 -0.14115 0.77167 1.2153 -0.22333 0.034604 0.17828
-0.131 0.27471 2.3249 -1.0327 -1.8117 0.98985 -1.6405 -0.98976 0.91785 -1.3494 0.39589 -0.52707 0.077314 0.036258 0.18465 0.029094 0.36285 -0.26847 -0.42393 1.1578 -1.0826 0.73336 1.0125 0.60128 -0.60996 -0.064087 -0.23191 0.22077 -0.74681 0.017908 0.63066 -0.33093 0.52849 0.45045 0.45829 0.88904 -0.15422 0.5385 -0.037976
0.056577 0.72069 2.0839 -1.0051 -1.8016 0.56809 -0.80565 -1.227 1.6791 -1.2125 0.51798 -1.1585 0.012671 -0.24489 0.34632 -0.029787 0.1905 -0.066296 -0.4016 0.99432 -0.74726 0.94304 1.5194 -0.087238 -0.77392 -0.15876 -0.75497 0.014462 -0.62053 -0.031443 1.1525 0.054341 0.14033 1.3583 -0.21579 0.50068 -0.29917 0.90529 -0.29956
-0.073492 0.52274 1.151 -0.51057 -2.0247 0.39749 -1.2863 -1.9185 2.1224 -0.68587 1.2819 -0.76564 0.097903 -0.46932 0.25675 -0.42481 0.27333 0.30235 -0.15531 1.1458 -0.2165 1.0339 1.4649 0.28947 -0.34546 -0.32307 -1.4219 -0.3329 -1.0228 -0.014897 1.7425 0.2158 -0.093167 1.1764 -0.58156 0.023012 -0.075658 1.0271 -0.30424
0.14081 0.59655 1.9714 -0.85129 -1.5878 0.80626 -0.57541 -0.81628 1.0273 -0.33917 0.71241 0.47439 -0.020644 -1.1997 0.094376 -0.68567 0.23924 1.3252 -0.27749 1.0442 0.90943 0.15761 1.4271 0.19461 0.50425 -0.50237 -1.42 -0.52264 -1.8039 -0.10982 2.1856 0.2798 0.095067 0.50298 -0.95696 -0.68648 0.49613 0.4608 0.041291
-0.49241 0.76542 2.1446 -1.0549 -1.8465 0.7773 -0.84041 -1.1854 1.9095 0.42715 -0.028946 -1.4708 -0.2065 -2.0251 -0.26135 -1.3758 0.30151 2.3955 -0.052803 0.97676 0.36742 -0.089042 1.1355 0.30029 0.95304 -0.40923 -0.85384 -0.3478 -2.2203 0.16431 1.9974 0.28266 -0.0080245 -0.43063 -0.66003 -1.2207 0.84627 -0.27085 0.34931
-0.58531 0.4581 1.441 -0.36817 -0.90524 0.92735 -0.25656 -0.67862 2.354 0.55839 0.79157 -0.26305 -0.35137 -2.0023 -0.28872 -2.6007 -0.025635 3.1046 0.10876 1.2928 -0.063454 -0.49006 0.34379 0.86661 -0.42985 -0.04681 0.40515 0.071582 -1.4975 0.4986 0.84439 0.087538 0.017998 -0.80762 -0.31835 -1.3752 0.72749 -0.25256 0.42151
-1.6446 0.53993 1.2441 -0.85959 0.27139 -0.0089416 0.03056 0.19503 0.8877 0.40014 1.0629 0.12015 -0.49656 -1.594 -0.14896 -3.2141 0.68043 3.2658 0.21891 1.0328 -0.56026 -0.020277 -0.40088 1.5981 -0.44687 0.040249 1.4044 0.6078 0.28287 0.44892 -0.71812 0.085508 -0.35061 -0.31059 -0.11224 -0.90353 0.14582 -0.1347 0.15776
-2.1752 0.24004 -0.16629 -0.4081 1.3856 0.68241 0.25545 -1.9601 1.8641 0.39153 1.2602 0.42601 -0.22753 -0.69645 0.15291 -2.2976 0.90578 2.5114 -0.23757 1.0786 -0.18618 -0.54537 -0.52054 0.95784 0.67479 -0.013602 1.718 0.754 2.1437 0.63177 -1.9946 0.14358 -0.79645 0.15502 0.014108 -0.29278 -0.91494 0.20407 -0.31088
-1.6269 0.26742 -1.5951 -0.91846 1.6937 0.9972 0.57285 -1.7472 0.82354 -0.36641 2.3015 -2.1696 0.25228 -0.17741 0.54289 -1.064 0.60541 1.2891 0.29207 0.42157 -0.16922 -0.30202 -0.20613 0.52817 0.12289 -0.1595 1.3828 0.49454 3.1539 0.16653 -2.481 -0.092698 -0.85672 0.94849 -0.22951 0.18988 -1.5093 0.058133 -0.4922
-1.3418 0.70274 -0.52582 0.25976 2.0271 1.2495 0.47366 -1.1293 1.8705 -0.6778 2.2059 -0.23021 -0.2879 0.34909 0.63861 -0.082625 1.0995 0.21923 0.36044 0.059593 0.043694 -0.32747 -0.30748 -0.40143 -0.26944 -0.47516 0.52227 0.010416 2.8266 -0.1299 -1.9982 -0.20074 -0.70003 1.0982 0.1534 0.51429 -1.0774 0.23315 -0.51062
-1.1969 0.97716 0.45208 0.1293 0.9088 -0.31381 0.7495 -0.61171 1.0495 0.30697 0.54542 0.62935 -0.51758 0.34523 0.44096 0.97058 0.86212 -0.40328 -0.26601 -0.11501 1.1623 -0.61335 -0.097216 -0.68878 0.15902 -0.5646 -0.031615 -0.46999 1.6191 -0.48218 -1.0193 -0.38154 -0.12898 1.0263 -0.0068337 0.61152 -0.38287 0.24507 -0.18215
-1.4589 1.0489 0.26 -0.19271 1.1217 1.6179 0.080571 -0.75833 1.5777 0.50371 1.8971 -0.15645 -0.6047 -0.030101 0.21475 1.4269 0.54045 -0.52303 -0.36127 -0.002295 1.2751 -0.078768 0.48318 -0.55468 1.1641 -0.67792 -0.24773 -0.62693 0.33118 -0.70191 0.15651 0.1193 0.25249 0.36263 -0.14459 0.50734 0.34763 -0.39744 0.21995
-1.6441 0.98532 0.13629 0.56976 1.1702 0.6379 0.22362 -0.90377 0.28076 -0.60656 0.45096 -1.0015 -0.85647 -0.047716 -0.049886 0.89208 0.035319 -0.32572 -0.11265 0.226 1.2031 -0.44814 0.65093 -0.15665 -0.061053 -0.36808 0.41238 -0.85184 -0.98179 -0.42601 0.15242 0.26003 0.46722 -0.18336 -0.16626 0.30625 0.27395 -0.97411 0.57247
-1.5101 0.48587 0.087371 0.2573 1.215 0.19286 0.39106 -0.35064 0.96959 -0.063763 1.2527 -0.075881 -0.41524 0.10033 -0.18711 0.50121 0.28115 0.47038 0.52327 0.41256 0.72759 -0.71789 0.36276 0.0010646 -0.99806 -0.20165 1.3383 -1.3088 -1.6919 -0.6855 -0.6487 -0.1838 0.18457 -0.24328 -0.13889 0.47916 -0.037451 -1.1468 1.1713
-1.4059 0.81261 0.55588 -0.12001 1.0798 0.55918 0.80969 0.34974 1.5071 0.64845 1.891 0.63307 -0.79073 1.0118 -0.81107 -0.23033 0.23986 -0.61796 -0.18635 0.6232 1.0842 -0.64658 0.60563 -0.44233 -0.82953 0.16671 1.752 -1.5353 -1.7224 -1.0773 -1.6085 -0.85816 -0.1386 -0.35536 -0.36396 0.67428 -0.73566 -0.64801 1.4807
-1.2564 0.8928 0.99742 0.33532 1.2204 0.88875 0.81194 0.46995 0.77906 0.79107 1.2377 -0.40934 -0.84001 1.8228 -1.6334 -0.87003 -0.76498 -1.6455 -0.69316 0.18904 0.86676 -0.27551 1.4938 -0.49711 -0.8899 1.0394 1.7753 -1.4716 -1.6107 -1.4099 -1.9094 -1.4291 -0.21803 -0.3559 -0.67857 0.44464 -1.0439 -0.29902 1.6637
-1.2239 0.76668 0.68336 0.49691 1.8519 1.4063 0.93695 -0.41363 -0.41168 0.53847 0.53262 -1.8177 -0.7476 2.2114 -1.9399 -1.3317 -1.3261 -2.3941 -1.2265 0.092338 0.44889 -1.4326 1.4631 -1.3596 -1.4887 1.5207 1.1056 -0.63094 -1.1038 -1.0329 -0.96086 -1.1675 -0.10899 -0.52052 -0.8399 -0.42076 -0.62371 0.10427 1.2094
-0.04591 -0.5171 -0.80328 0.24727 -0.5983 0.45047 0.77377 0.78214 0.67552 0.8581 0.99357 -1.2264 -0.22323 2.6623 -2.1278 -1.6697 -1.3989 -2.3505 -1.8245 0.2764 0.3596 -1.7414 0.85306 -1.5957 -1.2971 1.9409 0.26576 0.48347 -0.2405 -0.021657 0.28068 -0.75794 0.22433 -0.42242 -0.7771 -1.5751 -0.19604 0.96028 0.17705
0.51182 -1.4937 -0.80768 -0.97079 -1.2593 -1.4043 0.33099 0.30578 0.5086 2.2708 0.11351 -1.2666 0.91842 2.5597 -1.6418 -1.6994 -1.2506 -2.1383 -1.9635 0.39231 0.3337 -1.6652 0.11651 -1.126 -0.39368 1.7652 -0.75827 1.5674 0.75602 0.98239 1.7268 0.19457 0.3905 -0.41297 -0.31052 -2.3982 0.6122 1.5492 -0.82479
0.67875 -1.261 -0.69249 -1.47 -1.5428 -1.1659 0.92646 0.45766 -1.4936 2.2167 -0.15907 -1.6137 1.0422 2.1189 -0.96852 -1.1031 -0.85146 -1.2432 -1.8456 0.50716 0.11003 -1.7804 -0.9481 -1.0097 0.62209 1.2161 -1.6043 2.0694 1.2249 1.6565 2.179 1.1052 0.30281 -0.12407 -0.23003 -2.8139 0.82102 1.502 -1.6705
1.3831 -1.115 -0.69083 -0.87851 -0.87445 -1.3224 1.5222 0.82442 -1.1299 1.0951 -0.18571 -1.4316 0.97439 1.1275 0.1345 -0.35583 0.097571 0.38153 -0.82536 0.77177 -0.22237 -2.0655 -2.3955 -0.46619 0.8683 0.48356 -1.8922 1.5311 1.1338 1.7328 2.0671 1.4818 -0.31895 0.28325 0.29628 -2.1738 0.56487 1.1593 -1.6654
1.2427 -0.78391 -1.0448 -0.36696 -1.0436 -1.261 1.1991 0.40776 -1.696 0.23951 -0.11271 -1.3694 0.84233 0.51428 0.49034 -0.29374 0.79677 0.59426 -0.17556 0.70907 0.40043 -2.0264 -3.4806 -0.33033 1.2877 -0.25159 -1.7563 0.62394 0.7406 1.1264 1.4588 1.4257 -1.2095 0.79062 0.95931 -0.68361 0.15699 0.91891 -1.1585
1.3362 -1.0616 -1.0906 -0.61736 -0.53149 -1.7168 1.3237 -0.12468 -2.2159 -0.84511 -0.61234 -0.41666 0.76576 -0.015324 0.22132 -0.2096 0.92763 0.93098 0.17522 -0.30866 0.73921 -0.93451 -2.9283 -0.3718 1.7579 -0.32561 -1.1036 -0.19562 0.25775 0.16975 0.77331 0.96944 -1.7577 0.83147 1.8214 0.9273 -0.58565 0.48797 -0.53056
1.1963 -0.71569 -1.1082 -0.18769 -0.45426 -1.2014 1.6395 0.63994 -2.0017 -1.9383 0.56049 -0.11896 0.84031 -0.44473 0.040514 0.056964 0.68127 1.2928 0.51541 -1.3036 1.1614 -0.36154 -2.0162 -0.76148 2.1485 -0.34452 -0.53143 -0.29684 -0.091067 -0.27894 0.58206 0.94923 -1.5159 -0.00077542 2.2203 2.1363 -0.78526 -0.46659 -0.12883
1.0921 -0.93986 -0.90152 -0.52036 -0.86537 -1.6476 1.4096 1.2878 -3.2655 -2.3527 -0.85537 0.014059 0.66573 -0.36429 0.020503 -0.11011 0.43945 1.5161 0.77473 -1.6505 1.0083 0.87636 -1.2445 -1.409 1.4892 -0.37064 0.030249 -0.04537 -0.51779 -0.29778 0.29639 1.0446 -0.49945 -0.93788 2.07 2.5751 -0.88758 -1.2424 -0.22985
0.87373 -0.98444 -0.89047 -0.14708 0.18245 -0.56119 0.22319 1.5292 -2.0312 -1.5228 -0.65087 0.58503 0.65571 -0.26231 0.08 -0.5091 0.54471 1.4153 1.4297 -1.5733 0.26717 1.6707 -0.024326 -1.3609 0.43579 -0.44863 0.52003 0.0011951 -0.87828 -0.26239 -0.26629 0.91692 0.49652 -1.5984 1.9209 2.723 -0.36928 -1.7249 -0.046209
0.94664 -0.95474 -0.75794 0.13271 1.0929 -0.62233 -0.55917 1.8996 -1.3544 -1.8838 -1.2346 1.502 0.50441 -0.05613 0.11775 -0.80991 0.46701 1.4304 1.8145 -1.1287 -0.6251 2.3398 1.2502 -1.8216 -0.028039 -0.66439 0.83914 0.081532 -0.65696 -0.23049 -0.86282 0.32859 1.0109 -1.4204 0.7952 2.0899 0.33451 -1.4538 0.13373
0.98647 -0.73704 -1.5277 -0.11372 0.79458 -0.41831 -0.49931 0.75239 -0.32435 -2.0795 -2.0704 0.14536 0.40232 0.32488 -0.012884 -1.0828 0.20013 0.80722 1.8357 -0.56121 -1.1109 2.8876 2.2062 -1.2901 -0.76507 -0.27713 0.43657 0.40482 0.039602 -0.1678 -1.1258 -0.28389 1.0201 -0.54337 -0.57722 1.0406 1.1744 -0.78793 0.028519
1.0791 -0.89907 -1.7335 0.066712 0.90903 0.7105 0.1409 0.11974 -0.2805 -0.96042 -1.4126 -0.22004 0.29233 0.83477 0.19856 -0.94067 0.19985 0.13703 1.2313 -0.14192 -1.0474 1.9115 1.8456 -0.80155 -1.004 -0.2308 -0.29982 0.6799 0.97644 0.25043 -0.88145 -0.73566 0.51429 0.47416 -1.7804 -0.21029 1.9432 0.58093 -0.24643
1.0817 -0.60919 -1.7331 0.22486 1.1157 1.3544 0.38697 0.43449 0.60767 0.21129 -2.1915 0.10155 -0.042285 0.067108 0.72005 -0.38955 0.37541 -0.12999 1.1517 -0.034007 -0.56994 0.67883 1.7875 0.41618 -0.74844 -0.61821 -1.2893 0.9615 1.6423 0.46889 -0.42904 -1.126 -0.038364 1.0785 -2.3163 -1.2135 1.8402 1.2967 -0.73733
1.4884 -1.2445 -1.8757 -0.39845 0.24658 0.85528 -0.090346 0.40602 0.9956 1.285 -2.3087 -0.68274 0.69796 -0.46535 0.89875 0.47334 0.8038 0.17988 0.68027 -0.35411 0.024432 -0.2602 1.0705 1.1174 1.2134 -0.9128 -1.9489 0.75921 1.8401 0.47695 0.024734 -1.2549 -0.14274 0.9377 -1.8584 -1.2937 1.6268 1.2133 -0.78292
1.9496 -0.4618 -1.6935 0.44155 0.93151 0.69784 -0.66908 0.55169 0.31382 -0.13076 -1.4628 -0.026814 0.25629 -1.3274 1.2626 0.95996 0.70249 -0.057664 -0.1483 -0.50348 0.44219 -0.84357 0.20085 1.341 0.9038 -1.1874 -1.7125 0.36943 1.3784 0.39035 0.27649 -1.0631 0.28332 0.52057 -1.023 -1.249 0.75728 0.71032 -0.59805
0.29743 0.35525 -1.269 0.5723 0.96411 1.2375 -0.42847 0.80409 -0.70523 0.20246 -0.48795 0.21195 -0.6645 -1.9465 1.2094 1.467 0.85466 0.13573 -0.63693 -0.16076 0.26317 -1.1937 0.085743 1.9088 0.76941 -1.2748 -1.2773 -0.21694 0.66248 0.036954 -0.0021452 -0.5891 0.89807 0.043776 -0.062612 -0.51482 -0.013609 -0.50858 -0.090761
0.41853 0.10078 -1.0357 0.88162 1.1994 1.0178 -0.49387 0.29987 -0.51722 -0.26383 -0.68241 2.3631 -0.73214 -2.2493 1.1851 1.4195 1.0177 0.41425 -0.32303 0.45341 0.32046 -0.98608 -0.18395 1.4909 0.99945 -1.4523 -0.1413 -0.7149 0.29184 -0.12798 -0.17072 -0.38483 0.83271 -0.11047 0.57938 -0.045449 -0.27859 -0.41495 0.56883
-0.38571 0.51953 -0.74901 0.53257 0.50474 0.47176 -0.19638 0.94659 -0.82603 0.18442 -0.33368 -0.19768 -0.97136 -2.2854 0.56239 1.3454 0.69937 -0.073241 -0.41447 0.96016 0.17277 -0.32653 0.26547 1.0038 0.089636 -0.93534 0.5872 -0.72072 0.076269 -0.298 -0.22532 -0.23991 0.08049 0.041342 0.86116 -0.065147 -0.4406 -0.38227 0.94392
-0.5426 0.34989 -0.17995 0.95116 1.1435 0.044636 0.075743 0.67344 -0.53652 1.1906 0.052717 0.53432 -0.93842 -1.4134 0.36559 1.4992 0.54651 -0.29664 -1.0317 0.60026 0.27649 -0.081722 0.051126 1.2361 0.36765 -0.39379 1.0709 -0.62213 0.014106 -0.18269 -0.030937 -0.30008 -0.39059 -0.14534 1.0042 -0.336 -0.43524 -0.21469 1.1488
-0.53476 0.43532 -0.61626 1.0542 1.1215 0.80865 0.2912 0.90617 -0.57438 -0.0119 -0.38033 1.1041 -1.0683 -1.3209 0.3888 1.543 0.56098 0.04204 -0.76396 -0.048877 0.36792 0.13465 -0.13099 1.1617 0.27902 -0.20481 1.0875 -0.40504 -0.41923 -0.28562 0.14993 -0.0031906 -0.43337 -0.35179 0.74987 -0.76189 -0.16804 -0.17047 0.94306
-1.1506 0.47592 -0.099547 1.3189 0.70388 0.36063 0.67201 0.69555 -0.48745 0.14394 0.24188 0.14715 -1.12 -0.82551 0.2089 1.332 0.75816 0.28372 -0.75039 0.21707 -0.055452 0.86088 -0.62592 0.54799 0.45619 0.12899 0.66462 -0.52044 -1.0489 -0.66021 0.15397 0.37153 0.1427 -0.84555 0.78983 -0.23411 -0.19936 -0.73782 0.74175
-1.0607 0.82762 0.6416 1.0611 0.48723 -0.80277 -0.10699 1.0955 -0.98875 0.11731 1.3949 1.9844 -1.0919 -0.64379 -0.053713 0.71142 0.085788 -0.086233 -0.56142 0.3268 -0.33895 0.75159 -0.8869 1.0069 -0.30883 0.40104 0.69459 -0.68476 -1.6143 -1.1272 0.0014231 0.49907 0.6991 -0.89063 0.86882 0.1028 -0.43416 -0.83855 0.66435
-1.2214 0.59254 0.66468 1.3862 1.4538 0.011389 -0.84274 0.91596 -0.12702 -0.16981 0.43767 1.5848 -0.96202 -0.57048 -0.3035 0.13838 -0.37507 0.052517 -0.38727 0.72003 -1.0029 1.2422 -0.0076119 0.91131 -0.90367 0.55975 0.40307 -0.58371 -1.668 -1.1585 -0.10222 0.73908 0.56186 -0.48451 0.67132 0.44451 -0.59096 -0.88569 0.3736
-1.186 0.61904 0.55997 1.5649 1.1034 -0.68854 1.012 0.60642 0.9411 -0.39505 -0.06693 -0.28083 -0.70468 -0.21353 -0.52431 -0.58786 -0.8437 0.14739 0.05613 1.1012 -0.87838 1.7404 -0.2039 0.11819 -0.82131 0.70505 0.39229 -0.17728 -0.84136 -0.54735 -0.18309 0.79175 0.25144 -0.15238 -0.0090462 0.54505 -0.87098 -0.14133 -0.053483
-1.1959 0.073835 0.0053914 0.73593 0.73742 -0.12609 0.79193 0.12322 -0.0063424 -0.49584 1.8063 0.32063 -0.49013 -0.3255 -0.55356 -0.83627 -0.80279 -0.043949 0.42413 0.96159 -0.72018 1.7528 -0.048618 -0.17645 -1.1685 0.60927 0.18543 0.24489 0.38509 0.2661 -0.11409 0.74236 -0.72398 0.22121 -1.1119 0.17049 -0.56423 0.36601 -0.48599
-1.446 0.17621 -0.42018 0.61585 1.0115 0.21006 1.3489 -0.54017 1.2058 0.57092 0.90163 -0.13373 -0.58207 -0.070365 -0.23646 -0.22882 -0.66327 -0.40541 0.62187 0.72742 -0.77226 0.46993 0.25322 -0.16614 -0.46843 0.28446 -0.049567 0.53452 1.4684 0.89167 0.022517 0.36034 -1.197 0.13802 -1.8416 0.11537 -0.23433 0.35296 -0.73839
-1.2626 0.060336 -0.18196 0.35313 0.9064 -0.13466 1.4609 0.30581 1.8538 -0.51788 0.37505 0.27224 -0.31475 -0.31498 -0.03848 0.59411 -0.013607 0.09508 0.81975 -0.4894 -0.62524 -0.43891 0.13529 -0.062999 -0.28914 -0.055064 -0.011438 0.41252 1.728 0.8987 0.12369 -0.050636 -1.1654 0.31066 -1.7952 -0.038356 0.34837 0.57222 -0.58892
-1.5023 0.25084 0.095546 0.6584 0.80182 -0.025022 0.25867 0.45322 1.4743 -0.081882 0.78844 0.39034 -0.43801 -0.3107 0.11879 1.1543 0.30127 0.10845 0.58157 -0.49959 -0.65606 -0.99519 -0.034474 -0.4092 -0.49786 -0.21582 -0.047452 0.0051102 0.79525 0.79768 -0.014882 -0.56721 -0.4133 0.14655 -0.98022 0.098937 0.60651 0.41713 -0.25878
-1.0988 0.37518 0.64413 0.95463 0.7728 1.0063 0.96255 -0.57716 -0.063983 0.21703 0.039618 0.16854 -0.66927 -0.22925 -0.037651 1.3662 0.26673 -0.07447 0.34277 -0.68905 -0.17454 -1.2497 0.049539 0.61509 0.077398 -0.14021 0.090025 -0.2971 -0.54233 0.026286 -0.46979 -0.99506 0.72085 0.16211 0.12703 0.22969 0.56479 0.68777 0.059455
-1.7693 0.30796 0.98473 1.3787 1.3552 0.52409 0.25377 -0.50114 -0.078646 -0.33695 1.0488 -0.97153 -0.72869 -0.20137 -0.235 0.71024 0.57268 -0.36245 -0.27781 0.04174 -0.71132 -1.1676 0.52463 0.67015 0.24839 -0.11285 0.13952 -0.11339 -1.4947 -0.57068 -0.4232 -1.0683 0.8677 0.55806 1.0662 -0.02182 0.53231 0.86739 0.1847
-1.5648 0.099226 0.77916 0.5518 0.78584 0.62601 0.65904 -0.91284 -0.70804 -0.21212 1.0318 -0.13158 -0.66526 -0.21266 -0.37276 -0.1085 -0.11467 -0.5918 -0.74734 0.68422 -0.28123 -0.096544 0.34545 0.49098 0.81552 -0.0068826 0.28319 0.53968 -1.623 -0.8342 0.18825 -0.66718 0.55819 0.79054 1.365 -0.16044 -0.43905 0.60488 0.0028148
-1.5432 0.047543 0.99291 0.70777 0.76354 0.31282 0.46148 0.23927 0.67203 0.56969 1.6256 0.72349 -0.5035 -0.073756 0.087052 -0.6348 -0.51153 -0.46504 -1.0171 0.54678 0.47958 0.63445 -0.19509 0.68293 0.99427 0.029523 0.49921 1.0226 -0.86475 -0.28603 0.99218 0.23689 -0.41839 0.97299 0.91895 -0.40355 -1.0298 -0.035522 -0.28072
-1.4191 -0.17665 0.397 1.4545 0.1903 -0.86656 1.525 -0.85342 0.025432 0.40629 0.84427 0.6348 -0.47411 0.20833 0.71073 -0.70354 -0.65293 0.3282 -0.62637 0.18291 0.76203 0.67605 0.11986 -0.26274 1.0053 -0.20776 0.61246 0.9708 -0.15067 0.25934 0.97357 0.9823 -0.92282 0.28024 -0.35058 -0.17503 -1.4857 -0.91533 -0.52897
-1.7229 -0.024791 0.071864 0.34556 0.17753 -0.41862 1.2506 -0.17172 0.95197 0.29115 1.0615 1.1618 -0.64998 0.4747 0.9525 -0.45913 0.33333 1.085 0.13721 -0.50311 0.65198 0.34664 -0.1377 -0.98095 0.08736 -0.4895 0.5144 0.32003 0.26377 0.54737 0.40016 1.3634 -0.84707 -0.15348 -1.088 -0.027678 -1.4276 -1.1279 -0.50421
-1.2948 0.8459 0.28934 0.44453 0.80778 -0.20035 1.1592 0.12722 0.40638 -0.85557 1.4771 0.50463 -0.72531 0.60159 0.83583 -0.46219 -0.097175 0.50461 0.64689 -0.57809 0.17746 -0.68815 -0.0019289 -1.5974 -0.67517 -0.64535 0.38892 -0.52703 0.52886 1.0439 -0.53146 0.97173 -0.38157 -0.30908 -1.3075 0.054556 -0.7558 -0.95506 -0.21172
-1.5137 1.1947 0.40933 0.42546 2.2217 -0.11573 0.049432 0.44543 0.57889 0.46496 0.44296 0.49466 -1.0161 0.64327 0.561 -0.32427 0.1514 0.2083 1.0824 -0.71105 0.47776 -0.95016 -0.15856 -1.4563 -0.56341 -0.60767 -0.041782 -1.167 0.44507 0.88153 -1.3496 0.05878 0.30775 -0.072928 -0.87149 0.078633 -0.18262 -0.084874 0.11713
-0.78543 0.82051 0.41543 1.6577 1.8531 1.0101 0.019223 -0.092058 -0.0066571 -0.036783 -0.31586 0.21884 -1.1342 0.81397 0.0049324 0.1061 1.2424 -0.27516 0.8512 -0.43624 0.25405 -1.3981 0.27018 -1.5166 -0.69825 -0.50877 -0.25403 -1.1319 0.36914 0.8918 -1.3654 -0.60541 0.92561 0.062912 -0.34456 -0.30982 0.83956 0.50319 0.39281
-0.97347 0.57804 0.074197 0.3731 0.02292 0.45265 0.67314 -0.12831 -0.70135 0.80579 -0.5457 -0.18564 -1.1224 0.29049 -0.62008 -0.0071357 1.1855 -1.1505 0.15312 0.058072 0.47541 -1.1155 -0.085768 -1.3908 -0.072579 -0.36034 -0.62271 -0.62445 0.20364 0.0081503 -0.89982 -1.0772 1.206 -0.026592 0.00014199 0.044765 1.7771 0.45941 0.48207
-0.95382 0.50138 -0.20335 1.2944 0.3837 0.64203 0.82052 0.13094 -0.83248 -0.57304 -0.3569 0.44866 -1.1346 0.32151 -0.50201 -0.01233 0.92558 -1.4719 -0.10329 0.88421 0.30313 -1.3285 -0.62625 0.0014227 0.16321 -0.10416 -0.73785 0.097508 0.14485 -0.47722 0.21736 -0.61911 0.73936 -0.16347 0.60494 0.67136 2.2509 0.43818 0.42152
-0.69775 0.40889 0.69534 1.9689 0.63578 0.7918 0.37129 0.51439 -0.88242 0.61666 -0.37642 -0.030242 -1.2715 -0.22432 -0.25246 0.065012 0.31291 -0.94802 -0.60204 1.0269 0.40458 -0.99223 0.41 1.2515 -0.0038096 0.0062037 -0.38859 0.58591 0.3185 -0.70682 0.82198 0.0073426 0.041849 -0.47036 0.82593 1.3403 1.8887 -0.1314 0.30793
-1.2635 0.26856 0.29352 1.6095 -0.0060557 -0.32567 0.80977 0.94248 -0.80713 -0.97305 -0.70308 0.60454 -1.2117 -0.24775 -0.020147 0.30121 0.83771 0.031332 -0.013552 0.56001 -0.02395 -0.21122 1.3942 1.5567 0.21239 0.021477 -0.19722 0.46683 0.2884 -0.85445 0.64466 0.58512 -0.36651 -0.53258 0.72845 0.86806 0.54804 -0.34137 0.14605
-0.71363 0.63928 0.26322 1.5435 0.23355 0.42941 1.4756 0.136 -1.7605 -0.29193 0.67299 0.4957 -1.1004 -0.12128 0.12687 0.35935 -0.01083 -0.32407 0.12309 0.32951 -0.2681 0.033209 1.612 1.5169 -0.36797 0.097786 0.33059 0.17496 0.29267 -0.69182 0.33069 0.94738 -0.5394 -0.25291 0.34721 -0.18178 -0.85451 -0.32 0.029672
-1.2346 0.35911 0.23646 1.3177 -0.10124 -0.030477 1.6376 0.25657 -1.4997 1.7789 1.5011 -0.31978 -1.1059 -0.085184 0.094064 0.31312 -0.40951 -0.54911 0.70848 0.53942 -0.38795 -0.33627 0.53756 0.92957 -0.37371 0.096531 0.33283 -0.053815 0.17364 -0.7061 -0.14688 0.21426 -0.76096 0.25078 0.23071 -1.1153 -1.8524 -0.098872 -0.088595
-1.201 0.54617 0.44386 1.9633 0.55441 0.99573 0.93774 -0.13893 -0.42961 2.7657 0.98672 0.56215 -1.1532 0.2803 -0.019341 0.53886 -0.27763 -0.030711 0.93825 0.0038002 0.10015 -0.21634 0.50615 -0.11969 -0.38413 0.017847 0.49736 -0.084579 -0.044367 -0.13902 -0.0066759 -0.43141 -0.846 0.25587 0.11871 -1.3645 -2.0711 0.50176 -0.16382
-0.82727 0.61344 0.60214 1.3739 -0.1885 0.69568 0.86439 0.2588 -0.82944 0.80521 1.0415 -0.41716 -1.063 0.14137 -0.045204 0.49105 -0.26789 -0.41265 0.0089529 -0.74616 0.27982 0.38502 -0.24959 -1.2631 0.019114 -0.089899 0.29889 -0.0023361 -0.093641 0.11192 -0.077551 -1.0342 -0.6195 0.02549 0.11177 -0.85338 -1.268 0.5485 -0.17947
-0.96244 0.38046 0.9687 1.2667 -0.47141 1.5556 1.6487 0.28822 -2.0531 -0.34269 0.22986 -0.16203 -1.1696 0.64872 0.046113 0.18332 -0.33447 -0.41823 -0.39279 -0.66391 -0.10423 -0.088532 -0.68894 -1.4531 0.51636 -0.08789 -0.22217 0.12395 -0.27834 0.25754 0.078707 -0.84104 -0.22991 -0.3752 0.43149 -0.028409 0.073128 0.48874 -0.1478
-0.73199 0.30795 0.6288 1.2869 0.43928 0.84306 0.97127 1.0329 -1.3126 0.55816 -0.46697 0.26336 -1.1411 0.26 0.050569 0.32095 -0.19753 -0.51847 -0.70138 -0.31763 -0.23365 -0.17567 -0.53853 -0.89784 0.35655 -0.15602 -0.29957 0.37694 -0.53145 0.40394 0.64468 -0.051532 -0.047762 -0.27732 0.64708 0.78018 0.95954 0.21284 -0.028921
-0.86929 0.63034 0.672 1.3249 -0.62556 -0.31389 0.14027 0.024392 -0.49306 0.98438 -0.2488 0.3629 -1.2308 -0.17868 0.13639 0.14331 0.12398 0.16153 -0.39428 -0.63542 -0.36609 0.95235 0.6248 -0.17111 0.5001 -0.20082 -0.50041 0.38551 -0.54816 0.33802 0.72618 0.41183 -0.014226 0.17739 0.61035 0.46419 1.0855 -0.10731 0.040798
-0.34331 0.48275 0.39158 1.1844 -0.37604 -0.10421 0.76236 -0.32229 -1.4912 1.4599 -0.036346 0.62021 -1.1839 0.017406 0.54278 -0.39525 0.19427 0.53229 -0.09361 -0.82724 -0.1229 1.2006 0.68281 -0.037652 0.49127 -0.083606 -0.21484 0.2463 -0.53001 0.11174 0.76602 0.82255 0.33395 0.4636 -0.21472 -0.57118 0.64009 -0.041778 0.1481
-1.0888 0.63653 1.2359 1.722 -0.32791 0.54519 0.85838 -0.13174 -0.89573 0.64554 0.10499 0.40194 -1.3333 -0.12575 0.44767 -0.39299 0.046374 0.44898 0.12989 -0.41001 0.18633 0.48308 -0.34149 0.22971 0.22964 -0.056063 -0.0074209 -0.0061346 -0.23259 -0.015713 0.34781 0.46334 0.7527 0.75172 -0.54672 -1.3154 -0.31393 -0.28664 0.15861
-1.1721 0.63659 0.75038 1.3191 0.33 0.78391 0.14895 0.2602 0.56254 1.2928 0.66644 0.088555 -1.3031 -0.15305 0.30627 -0.31478 0.02451 0.80751 0.68734 0.25328 0.38972 -0.39444 -1.1653 0.14283 0.41229 0.021555 0.1303 -0.35894 -0.074339 0.027664 -0.10005 0.03031 0.8679 0.4837 -0.45526 -0.72505 -0.87085 -0.28828 0.10294
-0.55323 1.1956 0.020856 1.4504 0.60856 1.0986 0.24615 0.60653 -0.51674 0.86153 -0.69307 0.92404 -1.1754 -0.11022 0.23743 -0.30057 0.17047 0.68414 0.14518 0.33121 0.83453 0.60709 -1.0476 -0.88785 -0.062581 0.014373 0.33718 -0.24182 0.097508 0.17702 -0.47129 -0.32097 0.58979 0.013719 -0.16809 0.094844 -0.83879 0.11012 0.047903
-0.87359 0.73261 0.26836 1.237 0.31584 -0.090995 0.26259 0.81395 -0.91377 -0.090309 0.077211 0.51266 -1.2356 0.23844 0.031733 -0.57894 0.16926 0.20805 -0.040322 0.53553 0.49147 0.1857 -0.38145 -1.1956 0.031711 0.054566 0.16051 -0.17714 0.24926 -0.0056 -0.53618 -0.38883 0.084863 -0.34677 0.20309 0.60103 0.019129 0.15696 -0.061308
-0.94909 0.85734 0.61872 1.4208 0.27442 1.0777 1.2162 -0.21328 -1.8748 -0.74409 0.25101 1.0812 -1.2035 0.27617 0.1676 -0.10935 0.27077 -0.17654 -0.15029 0.63548 0.16479 -0.16358 -0.51308 -0.75504 0.66467 0.0075111 0.15869 0.010265 0.32285 -0.40325 -0.2415 0.2342 -0.43513 -0.34378 0.25831 0.7751 0.96282 0.45394 -0.057267
-0.71601 0.75063 0.4477 1.7085 0.64633 0.17121 1.1869 1.194 0.99509 0.42948 -1.6773 -0.12692 -1.2606 -0.063583 0.033662 -0.0035955 -0.046449 0.187 0.054883 0.29505 0.056599 0.40502 -0.20119 0.10192 0.3934 -0.080096 0.11616 0.071133 0.25699 -0.781 0.34736 0.33767 -0.83849 0.09063 0.41064 0.79852 1.2142 0.22327 -0.069859
-0.8326 0.72344 0.24371 1.7661 0.010825 0.87305 0.96953 0.48637 -0.32057 0.8779 -0.99913 0.53359 -1.2461 0.3202 0.24709 -0.057681 -0.434 0.2142 0.56769 -0.37697 0.38976 1.0262 0.44138 0.33625 0.73523 -0.016526 0.11456 -0.08486 -0.11413 -0.99309 0.43594 0.36733 -0.64199 -0.11293 -0.12081 0.72554 1.0809 -0.05959 0.0071476
-0.54424 1.2577 0.35484 1.423 0.26414 0.50655 0.6932 0.53428 -0.56512 -0.073954 -0.020601 1.9001 -1.228 0.42001 0.10595 -0.18498 -0.84759 0.67202 0.27843 -0.57969 0.55709 0.43586 0.76724 0.62372 0.48271 -0.052995 0.10827 -0.20971 -0.19921 -0.68528 0.14622 0.032523 0.017897 -0.35019 -0.46813 0.40227 0.31371 -0.34616 0.067512
-0.9103 0.94407 0.082888 1.1275 1.1258 0.89968 0.667 0.66622 -0.37206 -0.15186 0.016998 0.96351 -1.3077 0.2351 -0.019414 -0.22307 -1.0667 0.41175 0.47519 -0.16226 -0.3011 -0.43743 0.48285 1.088 0.50251 0.0049419 -0.24956 -0.45842 -0.20886 -0.094337 -0.22644 -0.23413 0.65947 -0.699 -0.4969 0.17894 -0.35935 -0.82467 0.057041
-0.38572 0.9715 0.55821 0.76543 0.32657 1.2258 0.019561 1.2135 0.87162 0.70579 0.37511 1.3981 -1.2015 0.16848 -0.19591 -0.2684 -0.93287 0.35824 0.1665 0.24995 -0.27257 0.15725 0.61251 0.32819 -0.21945 0.022496 -0.29505 -0.29008 -0.13857 0.48702 -0.69037 -0.25898 0.7683 -0.72873 -0.11028 0.018697 -0.7903 -0.62842 0.081886
-0.39824 0.82994 0.28142 0.7761 1.5102 1.0108 0.8994 0.811 -0.81201 1.1911 -0.19021 0.88617 -1.3139 -0.0025371 -0.38703 -0.3797 -0.56649 -0.080217 0.15392 0.53183 -0.54475 0.1262 0.9071 -0.23139 -0.66433 0.0413 -0.16937 -0.11198 -0.094269 0.66214 -0.63277 -0.33853 0.47125 -0.3398 0.11684 0.057601 -0.8447 -0.37518 0.049975
-0.63592 0.72652 -0.027955 0.71783 0.48389 0.93689 1.1316 0.14947 -0.1216 1.0797 -0.15943 0.81095 -1.2093 0.00922 -0.20952 -0.35218 -0.26185 -0.43129 -0.080541 0.61084 -0.72793 -0.08252 0.62339 -0.27559 -0.26558 0.066521 -0.084044 0.048275 -0.034227 0.47982 -0.49186 -0.18157 0.18989 -0.2842 -0.16209 -0.081054 -0.31361 0.06725 0.034076
