39 276
-0.81213 0.83811 0.72539 0.64041 0.50673 0.72977 -0.46237 -0.31972 0.16164 0.047143 -0.20724 1.1261 -0.89308 0.38641 0.084855 0.37653 -0.19588 0.2015 -0.62914 0.55201 1.1897 -0.37352 0.81062 0.44142 -0.42398 -0.27062 -0.14985 0.018873 -0.60169 0.00056273 0.36618 0.12132 -0.34796 -0.52649 0.054942 -0.090579 -0.15265 -0.57869 0.023028
-0.66184 0.81825 0.83059 0.57873 0.35124 1.1831 0.18044 -0.076965 -0.27602 0.64247 0.3282 1.3375 -0.972 0.2923 -0.0071751 -0.11592 -0.15298 0.54823 -0.98176 0.3325 0.93571 -0.69774 0.50498 0.16459 -0.85421 -0.28649 -0.31609 0.066848 -0.70864 0.10229 0.18405 0.5818 -0.35031 -0.59413 0.096579 -0.27181 -0.021084 -0.92712 0.11685
-0.61826 1.1202 1.0917 0.63562 0.78974 0.70936 0.17599 0.13003 -0.30262 1.3561 0.66662 0.40866 -1.1148 0.16071 0.16861 -0.44866 -0.2158 0.7578 -0.19432 -0.096129 0.27288 -0.072757 0.7707 0.26438 -1.3995 -0.21457 -0.47742 0.15944 -0.5474 0.14682 -0.3889 0.65423 -0.53791 -0.59572 0.2892 -0.82458 -0.065932 -0.51829 0.23756
-0.32841 0.78132 1.0946 0.3589 0.778 -0.46904 0.22297 1.5509 -0.25085 0.84693 -0.05477 0.65821 -1.0953 -0.077042 0.16772 -0.47401 0.002718 0.28459 0.33932 0.11309 0.46942 -0.29649 0.27395 0.49683 -1.8304 -0.080188 -0.58091 0.062878 -0.0051444 0.36073 -1.1457 0.68659 -0.41974 -0.67659 0.37346 -0.95315 0.082407 0.41732 0.31941
-0.69645 0.77129 0.16173 0.59553 1.3592 -0.12544 -0.32655 0.058419 -1.0315 0.23456 -0.25245 -0.038905 -1.0826 -0.29977 0.29006 -0.41854 -0.0031997 -0.46444 0.042044 -0.50839 0.24101 0.063867 -0.74039 0.14594 -1.0046 0.06385 -0.51066 0.0022433 0.27431 0.48068 -1.2873 0.22632 -0.031505 -0.83749 -0.016595 -0.78903 0.34727 1.2658 0.25795
-0.72173 1.1427 0.24754 0.40532 1.3587 1.5291 -0.77636 -0.5822 0.78109 1.6316 0.50223 -0.65207 -1.0244 -0.53728 0.049637 -0.13312 0.40469 -1.1694 0.29696 -0.37504 -0.39142 0.051589 -0.66417 0.41279 -0.23122 0.16055 -0.12803 -0.041303 0.54677 0.31669 -0.6282 -0.45786 0.131 -0.69379 -0.1275 0.033317 0.17462 1.7481 0.13751
-0.87241 0.98456 0.61504 0.79329 0.22583 1.3637 0.62906 0.94176 -0.98869 0.3788 1.0099 -1.0213 -0.9818 -0.54073 0.23522 -0.12033 0.46778 -1.1302 0.29683 0.076769 -0.96057 -0.26064 -0.35538 1.0638 0.33448 0.13971 0.32237 -0.24767 0.21792 0.1266 0.39157 -0.53238 0.33118 -0.079368 -0.44973 0.4355 -0.1412 1.2957 -0.015734
-0.86692 1.2145 0.71674 0.47225 -0.44017 0.16139 -0.97376 0.5654 -0.012048 -0.71969 0.22331 0.71765 -0.99802 -0.18948 0.12374 0.36403 0.35018 -0.66432 -0.69597 0.102 -0.30715 -0.38449 0.13748 0.42478 1.0076 0.13786 0.75387 -0.19295 -0.30165 -0.39756 1.4935 -0.23627 0.019174 0.084017 -0.11204 0.63264 -1.0062 0.80631 -0.079145
-1.1107 0.83318 0.96767 1.1843 -0.45699 0.30693 -0.2143 -0.22084 -0.35409 0.77836 0.91547 0.1972 -0.99326 0.11577 -0.19262 -0.26942 0.25739 0.064064 -0.51947 -0.03102 0.046592 -0.65526 -0.27764 -0.15095 0.96997 0.052926 1.0859 -0.331 -1.1137 -0.84302 1.5094 0.47976 0.010572 0.59066 0.4924 0.45041 -1.2926 0.037302 0.060838
-0.91983 1.0618 0.19797 0.73882 0.23299 0.21263 0.414 -0.42611 -1.0431 0.41541 1.4452 0.64993 -0.97248 0.5118 -0.08284 -0.59219 -0.22082 1.2436 0.24346 -0.28233 -0.72152 0.031591 0.55638 -1.127 1.0569 0.066541 1.8042 -0.36728 -2.1097 -1.2768 0.38408 0.81251 -0.44075 0.86281 0.87404 -0.13665 -0.7888 -0.26011 0.46798
-0.80273 1.0575 0.70433 0.84269 0.94867 -0.070571 -0.57919 -0.2135 -0.92029 1.2107 0.029914 0.60754 -0.9248 1.0922 -0.25824 -1.6314 -0.79672 0.95798 0.80747 0.28908 0.43028 0.60251 0.32869 -0.92225 0.36297 0.29213 2.2528 -0.90111 -2.0942 -1.325 -0.94972 0.21143 -0.34231 0.79646 0.83318 -0.43164 -0.0074689 -0.4785 1.1372
-0.54842 0.86172 -0.097526 0.72956 0.77532 1.5934 -0.48856 0.6264 -0.44474 0.027516 0.45107 0.13164 -0.99976 2.6174 -0.50599 -2.7294 -1.4707 -0.3454 0.29103 -1.0173 1.2273 0.87136 -0.45092 -0.87024 0.76374 0.87425 2.1767 -1.6386 -1.7616 -1.1333 -1.5952 -0.46963 -0.046397 0.12499 0.061784 -0.84547 0.72251 -1.0346 1.728
-0.3108 1.0231 0.23408 0.38904 1.5176 0.95807 -0.22286 -0.43376 -0.43607 1.0135 -1.1389 1.2494 -0.91346 3.1772 -1.6117 -2.9475 -1.5541 -1.0736 -0.10328 -0.40917 0.66619 0.72249 -0.65153 -0.28322 0.12818 1.7201 1.358 -1.7835 -0.59832 -0.56134 -0.80952 -0.85199 -0.077128 -1.1867 -0.57104 -0.33192 0.46509 -1.432 1.8811
0.34115 0.77488 -1.4883 -0.29561 0.040575 0.64981 0.035515 1.1839 1.248 -0.0020473 0.050624 0.85027 -0.64011 3.4445 -2.3741 -3.0846 -1.9261 -0.97856 -0.23277 -0.036689 -0.58428 0.12484 -0.662 0.11617 -0.937 2.4964 -0.33378 -1.5041 0.69423 0.20263 0.54867 -0.38816 0.2763 -1.5247 -0.78239 0.23676 0.28797 -2.1186 1.4403
2.3475 0.29196 -2.4255 -0.39302 -1.2451 0.17675 -2.4709 1.1012 -0.012024 0.046463 0.46744 1.2939 -0.011468 3.159 -2.555 -2.5192 -1.6009 -0.37403 -0.63226 -0.3714 -1.0241 -0.21999 -0.24311 -0.40521 -1.7003 2.9027 -1.8468 -0.62029 1.9674 0.91859 1.6819 -0.027899 -0.10824 -1.0281 -0.78166 0.3812 -0.49177 -1.4167 0.5022
2.0997 -0.76839 -2.2998 -0.65207 -0.29747 0.1956 0.55004 -0.21865 -0.52864 -0.3431 0.71942 0.15559 0.67583 2.0179 -2.7585 -1.6921 -1.0741 0.40363 -0.21201 -0.43941 -0.96162 -0.30368 -0.19061 -0.17912 -2.622 2.9044 -3.3005 0.12463 2.7976 1.5667 1.9543 0.012147 0.015314 0.35295 -0.35525 -0.17588 -0.76255 0.17211 -0.62076
2.4173 -1.1025 -2.2239 -1.1485 0.54412 0.73479 -0.5908 -1.2369 -0.71316 0.21116 -0.43566 -1.3011 1.1082 0.51931 -2.5409 -0.11027 -0.29012 1.6264 -0.15567 -0.4455 -1.1892 -0.70799 -0.13268 -1.1788 -1.9119 2.4342 -3.4716 0.77055 2.8645 1.7067 1.1603 -0.12985 0.10777 1.7182 -0.39119 -1.0132 -0.014734 2.0162 -1.4806
2.4318 -0.9631 -2.5023 -0.76062 0.75078 0.82706 -1.2757 -0.27044 -0.17821 0.085601 -1.0575 -1.3052 1.2266 -1.2612 -2.1516 0.7326 0.30045 1.9634 -0.43242 0.030794 0.20797 -0.36692 -1.0812 -1.1214 -0.50584 1.6098 -2.7096 1.1737 2.5806 1.4483 -0.32353 -0.58754 0.73951 1.817 -0.72845 -1.1818 1.2444 3.2814 -1.8443
1.7139 -1.4089 -2.0535 -0.80989 1.2752 0.30223 -0.99734 -0.46748 0.043167 0.4323 -0.45383 -1.6179 1.4838 -1.5393 -1.4575 1.4101 0.85136 1.1821 -0.76938 -0.37543 1.8229 -1.0008 -1.843 0.046433 1.2905 0.86813 -1.5027 1.1423 1.9693 0.59922 -1.7602 -0.12452 1.3237 0.37773 -0.99374 -0.7383 2.2621 2.458 -1.657
1.5422 -1.7619 -1.8545 -0.44296 1.3759 0.099874 -1.3746 0.037647 -0.55235 -0.73473 -1.1409 -0.50389 1.5442 -1.8993 -1.1681 2.1805 1.0194 -0.039738 -1.0742 1.1276 1.1611 -1.6886 -1.7192 1.891 2.3801 0.34507 -0.28155 1.0581 1.3081 -0.30705 -2.2187 1.0478 1.207 -1.7217 -0.96099 0.58435 1.6298 0.56343 -1.2649
0.81057 -2.1069 -1.5204 -0.12792 1.4598 -0.34189 -0.96103 1.0844 -1.1009 -2.3144 -0.56692 0.80339 1.5089 -1.9045 -0.95754 2.7028 0.45299 -0.94381 -0.071354 1.8759 -0.9066 -2.144 -1.307 2.1818 1.586 0.064458 0.29976 1.1701 0.72951 -1.2327 -1.5058 1.9815 0.86465 -2.8595 0.25339 1.9962 -0.0025447 -1.4448 -0.81776
0.85062 -1.9754 -0.56497 -0.0078803 1.3267 -0.14412 -0.040675 1.57 -2.4739 -2.7136 0.94094 0.95865 1.5015 -1.5918 -0.4793 2.438 -0.064605 -1.4729 1.3429 1.5217 -1.8541 -1.8223 -0.1868 1.3208 0.46192 -0.27869 0.86253 1.5473 -0.074243 -1.7514 -0.38657 1.9525 -0.42673 -2.1449 1.7241 2.528 -1.8403 -2.1832 -0.41261
0.54267 -1.9124 0.046843 -0.1687 0.006172 -0.22159 1.2615 -0.7833 -2.7315 -1.0455 2.146 0.98401 1.3918 -1.1449 0.32353 2.596 -0.87332 -1.1584 2.0267 1.301 -2.3649 -0.37221 1.388 0.33824 -0.68977 -0.29844 0.9372 1.6973 -0.8703 -1.6309 0.55931 0.56164 -1.2118 -0.29398 2.7217 1.9949 -2.5964 -0.9973 -0.083831
0.20448 -1.9641 0.30268 -0.56289 -0.35531 1.1452 1.2331 -2.2502 -2.6784 -1.3451 0.98582 -0.47711 1.3893 -0.7034 1.0008 2.1079 -1.5381 -0.72547 1.8231 0.48613 -2.3805 1.1224 1.9984 -1.1244 -0.9124 -0.21633 0.84413 1.384 -1.3122 -1.1249 1.007 -1.2197 -1.4144 1.6156 2.6104 0.30931 -2.0236 0.74103 0.19176
-0.011085 -2.0437 0.16716 -0.80401 -0.15264 1.8589 0.14424 -1.7758 -2.2374 -0.042724 -0.065161 -0.84133 1.2387 -0.63664 1.3839 1.315 -1.8093 -0.1972 0.83379 -0.23894 -1.2236 2.207 1.595 -2.1555 0.23721 -0.11263 0.78633 0.75376 -1.7654 -0.24865 0.46761 -2.5917 -1.2402 2.6462 1.6255 -1.3998 -0.55491 2.166 0.19476
0.36036 -1.3323 1.1834 -1.2353 0.59764 1.6599 0.56244 -1.1962 -0.59132 0.51421 -0.78768 -0.3238 1.347 -0.3038 1.5038 0.73346 -1.665 0.072448 -0.50284 -0.78041 0.80255 2.4741 0.3199 -1.763 1.4725 -0.017126 0.79565 0.1573 -1.6281 0.50633 -0.30006 -2.7443 -0.54822 2.3763 0.42609 -2.2042 1.0242 2.2214 0.1147
0.12893 -1.0206 0.88945 -1.6278 0.4833 0.87262 0.17852 -1.1838 0.094736 -0.15524 -0.96412 0.43696 1.3618 0.091889 1.4425 0.12584 -1.2667 -0.62252 -2.0155 -0.75988 1.3258 2.4386 -0.59428 -0.5212 2.4692 -0.038124 0.70298 -0.49407 -1.3625 0.86437 -0.93265 -1.7349 -0.083496 1.1601 -0.72428 -1.866 1.5822 1.0084 -0.011835
-0.0048752 -0.74601 0.83643 -1.7905 0.27173 0.3824 0.35747 -0.78817 0.087187 -0.22383 -0.78869 1.688 1.3778 0.38593 1.2603 -0.20874 -0.87765 -1.1308 -2.2647 -0.44586 1.0888 1.9364 -1.3437 0.26849 2.4347 -0.039017 0.61162 -0.87833 -0.84422 0.82201 -0.83469 -0.18169 0.41619 -0.30095 -1.2831 -0.62552 0.90336 -0.64379 -0.087079
0.12309 -0.85483 0.71043 -1.8159 -0.48352 -0.23072 0.0045015 -0.42984 0.4104 -1.0309 0.03683 1.9431 1.3327 0.30289 0.61321 -0.64905 -0.61274 -1.4932 -1.7649 -0.59021 0.95244 0.95344 -1.3308 0.23629 1.77 -0.11687 0.47334 -1.0408 -0.38605 0.6196 0.027876 1.145 0.69841 -0.93105 -1.6211 0.78115 -0.20966 -2.1463 -0.040187
0.39822 -0.83152 0.27505 -1.7833 -1.3279 -0.45576 -0.38611 -0.77691 1.0105 -1.8511 -0.13576 1.7715 1.2616 0.70828 0.32912 -0.38524 -0.47959 -1.1917 -0.97988 0.035108 0.39513 0.50306 -0.5787 -0.1909 0.49996 -0.12956 0.25331 -1.095 -0.30206 0.58242 0.8938 1.5365 1.0025 -1.0373 -1.6463 2.0993 -0.84642 -2.739 0.11531
0.62787 -0.58002 0.4779 -1.8112 -0.9033 -0.20681 -0.20263 -0.24453 1.1003 -1.3352 -0.27334 1.9679 1.2493 0.79583 0.024101 -0.4708 -0.32565 -0.54675 -0.33782 0.51243 -0.17783 -0.27898 0.58085 -0.72932 -0.91944 -0.059515 0.080442 -1.0791 -0.34887 0.86746 1.2515 1.2576 1.3728 -0.87314 -1.7052 2.3932 -0.53886 -2.4523 0.29449
0.41418 -0.69608 0.53581 -2.1116 -1.0534 -0.3346 -0.31456 -0.019629 0.65249 -1.2878 -0.97158 2.0375 1.297 0.60283 -0.42739 -0.83222 0.050495 0.19288 0.13023 1.1755 -0.40836 -0.93529 1.9049 -1.053 -1.7732 0.14798 -0.30941 -1.258 -0.85007 1.1746 0.92264 0.70646 1.1879 -0.10547 -1.6799 1.3389 0.64772 -1.3589 0.31416
0.89255 -0.66173 0.51044 -2.1908 -0.97633 -0.31538 0.79703 -0.99648 0.66114 -0.71887 -1.1176 1.1246 1.2622 0.50334 -0.96196 -1.0438 0.71816 0.33495 0.22694 1.816 -0.38078 -1.9409 2.2218 -0.47692 -2.0671 0.28536 -0.30227 -1.0455 -1.2437 1.4513 0.52348 0.071886 0.5043 0.88062 -0.90615 -0.42698 1.8896 0.097981 0.1788
0.83719 -0.88456 0.079267 -1.9515 -0.63584 -0.16724 1.0367 -0.97575 -0.6084 0.71452 -1.2197 0.30137 1.3287 0.29042 -1.4556 -1.6154 1.1593 0.22274 0.17465 1.9583 0.29227 -2.2256 1.2783 1.0851 -1.6923 0.27471 -0.11793 -0.48022 -1.2333 1.299 0.44433 -0.44329 -0.62624 1.7996 0.20639 -1.8727 1.9978 1.4471 -0.032465
0.77387 -1.4207 -0.59281 -1.4741 -0.53034 -0.15629 1.5239 -0.79183 -0.53994 1.4802 -1.1 -0.30692 1.4863 0.40097 -1.3542 -2.3014 1.7896 0.48618 -0.20108 1.2126 1.2337 -1.544 0.025974 2.2689 -0.78423 0.20806 0.14237 0.24312 -0.89328 0.59165 0.64536 -0.82221 -1.6931 1.9839 1.509 -2.2337 0.79849 1.964 -0.25407
1.0221 -1.6226 -0.64452 -0.85167 -1.0307 -0.15011 2.33 -0.78681 -1.9934 0.77168 -0.46536 -0.21862 1.4856 0.43954 -1.0986 -2.407 1.9044 1.005 -0.53432 0.11538 2.3786 -0.67229 -0.76823 1.8737 0.48518 0.13398 0.48263 1.0001 0.076767 -0.21473 0.60648 -1.0152 -2.1544 1.1014 2.3791 -1.327 -0.88654 1.524 -0.41918
0.76173 -1.8495 -1.1325 -0.9491 -0.6149 -0.07668 2.4464 0.76731 -1.9159 -0.47806 1.6124 0.59589 1.4267 0.68958 -0.69607 -2.2421 1.4343 1.2382 -1.0602 -0.93959 2.5378 0.52072 -1.2509 0.85451 0.78761 -0.099279 0.42832 1.6897 1.0914 -1.03 -0.035395 -0.73691 -1.9628 -0.5151 2.514 -0.19151 -2.0572 0.45015 -0.7078
1.1276 -1.6492 -2.0684 -0.32033 -0.16385 -0.83252 1.0438 1.0754 -0.76113 -1.4294 1.6055 0.98382 1.4208 1.0282 0.032488 -1.5003 0.94255 1.0625 -1.4261 -1.6437 1.8422 1.8352 -0.75859 -0.098158 0.57669 -0.32639 -0.26712 2.5288 2.4244 -0.90625 -0.65578 -0.14956 -1.3241 -2.2347 1.781 0.72754 -1.7165 -0.6737 -1.2551
1.4565 -1.6243 -1.9995 -0.27738 0.81269 -0.79841 0.77628 1.5972 -0.342 -0.45395 -0.064436 1.2688 1.4039 0.88956 1.1479 -0.79146 0.37667 0.37479 -1.2251 -2.1701 0.48078 2.583 -0.37424 -1.1478 0.056744 -0.84056 -1.7594 2.7031 3.4032 -0.43102 -0.71475 1.0974 0.0058346 -2.7171 0.35427 1.0444 -0.35265 -0.5906 -1.7219
1.5263 -1.7634 -2.3474 -0.52977 0.73928 -1.3064 -0.24224 1.5901 0.063256 -0.20686 -0.8426 0.3409 1.2659 -0.14735 2.5688 1.2205 0.76692 0.09913 -0.73891 -2.1456 -1.0427 2.1147 0.24341 -0.79678 -0.53189 -1.7679 -3.0902 2.1575 3.5796 0.29712 -0.44557 2.2535 1.3309 -2.5783 -1.0246 0.53832 1.1055 0.29499 -1.7923
1.9622 -1.3542 -1.7365 -0.331 0.0085545 -1.5621 -0.077573 0.82199 1.8395 0.32994 -0.47887 0.17459 1.187 -1.9342 2.9413 2.5047 0.72986 0.263 0.8204 -0.67874 -1.4313 1.1577 0.33439 0.45914 0.12718 -2.4986 -3.4034 0.92771 3.0196 0.8011 0.041753 2.4529 2.0651 -1.3772 -1.585 0.069582 1.6569 0.70603 -1.2046
1.6089 -0.22723 -1.5019 -0.55019 -0.97966 -1.077 -0.67791 -0.072738 1.2447 -1.0713 -0.58981 0.33975 0.53251 -3.2014 3.0518 3.2749 1.3129 0.206 2.1037 0.49589 -2.3366 0.38523 -0.04287 1.483 1.1149 -2.7452 -2.3844 -0.75268 1.2634 0.47916 0.28559 1.8172 1.5834 0.079619 -1.4627 -0.15264 0.92305 0.38071 -0.11462
0.026319 0.88903 0.49705 0.51255 0.3927 -0.9072 -1.1825 -0.14349 0.94584 -0.43216 1.5969 0.30342 -0.35602 -3.7967 2.5923 3.601 1.5776 0.39476 2.3077 0.98771 -1.6122 0.090461 -0.10225 1.2802 0.63674 -2.5327 -0.26645 -2.07 -0.60622 0.071178 0.22466 0.32737 0.77932 0.74599 -0.88193 0.18816 -0.25828 -0.5309 1.1829
-1.2358 0.48733 0.28093 0.38897 1.2249 0.56833 0.90632 0.12678 0.68399 -0.39734 1.3635 1.8286 -0.61937 -3.569 1.3819 2.9441 1.2248 0.5999 2.1912 0.45453 -0.78751 -0.44807 0.14438 0.78575 -0.040143 -1.9527 1.8518 -3.0271 -2.6878 -0.87133 -0.056834 -1.1424 0.30021 1.1488 -0.35576 0.12751 -1.0555 -1.1726 2.1863
-1.5044 0.61409 1.1192 1.0244 0.77836 1.3215 1.5712 -1.4665 0.44093 -0.1957 0.81534 2.3642 -0.62388 -2.2361 0.025896 1.5905 0.9053 0.50944 1.4501 1.0303 -0.71248 -0.28417 0.60771 0.26564 -0.38946 -0.74086 3.0958 -2.7299 -3.4319 -1.2433 -0.40126 -2.1307 -0.093414 0.39263 0.039189 -0.14656 -0.62264 -0.87849 2.4491
-1.6758 0.4972 1.3288 0.88769 0.30037 0.15796 0.48715 0.046711 1.395 -0.34258 0.2713 -0.41901 -0.64804 -0.5998 -1.151 -0.53054 0.046977 0.022628 0.24594 1.1233 -0.49 -0.16429 -0.15268 -0.26266 -0.76184 0.33472 2.7912 -1.6928 -2.9052 -1.2294 -0.41387 -2.3109 -0.038588 0.27998 0.38347 -0.59982 -0.099412 -0.25032 2.0206
-1.4113 0.286 1.2176 0.58931 0.26148 0.60862 -0.67782 -0.27281 0.86607 0.079901 0.82487 -0.13255 -0.63949 0.37217 -1.0884 -0.80622 -0.11968 -0.13934 -0.99641 0.44783 -0.9721 0.05364 -0.25887 0.48029 -0.79843 0.7766 1.4715 -0.53216 -1.5948 -0.99793 -0.30741 -1.6978 -0.144 0.14647 0.50335 -0.75728 0.73964 0.70958 1.1225
-1.0896 0.20947 0.3973 0.75229 0.4631 0.5253 1.5829 -1.2753 0.40105 -0.034086 0.8432 0.57122 -0.29567 0.22417 -1.1272 -1.0578 -0.52337 0.076036 -1.2253 0.65924 -0.093485 0.22198 -0.63757 0.47721 -0.36328 0.96367 0.14666 0.26574 -0.10626 -0.39756 -0.20451 -0.75743 -0.31869 0.38488 0.52847 -0.40954 1.0818 0.92037 0.30189
-1.1188 -0.50869 -0.51925 0.51265 1.1098 -0.21345 1.7937 -0.50494 0.61206 -1.1455 1.4151 0.43816 -0.10569 0.039427 -0.94755 -0.99735 -0.64446 -0.15016 -1.2194 0.94706 -0.61272 0.6172 -0.68125 1.4951 0.82183 0.98901 -0.36606 0.54861 0.78506 -0.093932 -0.4319 0.38272 -0.85616 1.137 0.41117 -0.17727 0.36009 0.43092 -0.43506
-1.0495 -0.26847 0.30536 0.59634 0.6505 -0.21699 1.4713 -1.8759 1.028 -0.49432 1.766 1.1753 -0.010194 -0.1648 -0.73604 -0.61836 -0.42134 -0.39672 -1.1538 0.17926 0.10369 0.70201 -0.77466 1.5636 0.26421 0.78294 0.57628 0.81951 0.82008 0.21112 -0.93377 0.645 -1.4142 1.2783 0.18879 0.69655 -0.83057 -0.028478 -0.77341
-1.6327 -0.26789 0.57086 0.39617 0.40994 -0.23004 1.6703 -0.26213 1.289 -1.198 0.60884 0.35387 0.1038 -0.10087 -0.28562 0.38831 -0.34297 -0.7877 -0.24723 -1.1729 1.2023 0.71166 -0.55712 0.72198 -0.26427 0.083366 1.7342 0.61167 0.040956 0.0077027 -1.0447 0.12701 -1.5277 1.4055 -0.34136 1.0418 -2.1874 -0.5195 -0.44311
-1.4695 -0.36739 0.084672 0.019687 -0.18269 -1.101 1.2194 -0.88862 2.3431 -0.95118 3.1749 0.61301 0.12715 1.3474 0.031455 -0.27363 -0.28533 -1.5051 -0.39819 -1.3524 1.5537 0.59873 0.68812 -0.90653 0.10008 0.018571 2.5345 0.2006 -0.76244 -0.26855 -0.90092 -0.78469 -0.82014 0.3115 -0.86314 1.171 -2.1139 -0.097968 0.28774
-1.2625 -0.49189 0.006192 0.43759 0.092035 -0.2555 0.048347 -0.39656 0.98222 -1.1233 2.7463 0.33613 0.089658 2.4505 -0.21854 -1.0892 -0.6978 -1.7202 -1.3272 -1.6051 1.4706 -0.037309 0.66829 -1.9519 -0.16725 0.57297 2.243 -0.16283 -0.97354 -0.36437 -0.47669 -1.4843 0.22876 -0.67069 -1.4166 0.88574 -1.3856 -0.1251 0.9823
-1.0207 -0.18876 0.78927 0.4455 -0.22527 0.43643 0.071956 0.5984 1.3749 -1.2205 0.97302 0.26282 -0.35842 3.1881 -0.40229 -1.2392 -0.73735 -1.7639 -2.1799 -1.3872 0.59659 -0.74192 0.95292 -1.6237 -0.0043084 1.0669 0.68079 -0.15535 -0.0046754 -0.26486 0.092754 -1.4664 0.65452 -1.3642 -1.4011 0.46801 0.17237 -0.81499 0.95273
1.0383 -0.44102 -1.1193 0.1459 -1.3337 -1.309 0.083782 0.82438 1.8791 0.89849 -0.61026 1.2002 0.15482 3.0751 -0.36051 -0.86687 -0.78661 -1.6336 -2.3314 -0.66187 0.34955 -1.6162 1.0781 -1.8808 -0.48688 1.349 -0.90423 0.39228 0.97116 0.24401 0.44183 -0.83586 0.75434 -1.5576 -1.0486 0.31636 1.2193 -1.5035 0.21107
1.1988 -0.53398 -0.66608 -0.51591 -1.7525 -2.2591 -0.87014 -0.31768 0.87236 -0.2638 -0.66542 0.35345 0.90809 2.279 -0.17577 -0.38611 -0.72757 -1.3718 -2.835 -0.40645 -0.59986 -1.5771 1.4121 -0.56006 -1.4079 1.3667 -2.5595 1.3355 1.7565 0.76773 1.3236 1.2005 0.4555 -1.2836 -0.38032 -0.57818 1.0112 -1.5763 -1.3462
1.2562 -0.76532 -0.67378 -0.35225 -1.7386 -2.8064 -0.21434 0.089524 0.24486 -0.12695 0.98058 0.18282 1.035 1.2549 0.3831 0.2321 -0.25341 -1.0336 -2.6688 -0.46128 -1.0308 -1.8336 1.0631 0.14499 -2.5234 0.81261 -3.2113 1.8849 1.7544 1.3866 1.9995 3.2475 0.090768 -0.58542 0.35792 -0.98291 0.40593 -0.69515 -2.7319
1.3538 -0.60015 -0.4592 -0.41764 -1.8531 -2.4593 0.15988 -0.23129 -0.75924 0.56126 1.0655 -0.31366 0.93857 -0.57426 1.6512 1.3669 0.40857 0.60243 0.42066 -0.50185 -1.2665 -1.4224 -0.21136 -0.45429 -2.1911 -1.1028 -2.776 1.8069 1.2269 1.5389 2.2643 4.6018 -0.21069 0.45144 0.84738 -1.1836 -0.7738 0.4272 -3.084
0.96836 -0.36805 0.031568 -0.0074386 -1.5445 -2.6401 -0.85482 -0.70277 -0.72086 1.3063 1.021 -1.7381 0.81981 -1.3609 2.1478 1.4084 1.1961 1.4129 2.5951 -0.42 -0.47839 -0.90902 -0.094638 -1.0504 -1.5211 -2.3701 -1.9111 0.94446 0.36518 1.0872 2.0209 4.2974 -0.13582 0.93983 1.2034 -1.041 -0.81335 1.4168 -2.2207
1.1165 0.34776 0.35406 0.11436 -2.206 -3.1408 -0.71938 -0.32465 -0.61558 0.69309 -0.38381 -2.5326 0.30999 -1.4809 2.2222 1.232 1.3785 1.9742 3.8148 -0.88709 0.030019 -0.21153 -0.39656 -1.6109 -1.0687 -2.6351 -0.6461 -0.34482 -0.62295 0.2824 0.9872 1.829 0.47741 1.0794 0.96436 -0.44136 -0.28174 1.775 -0.42368
0.21601 1.2662 0.31126 0.30738 0.14398 -0.051937 -0.973 -1.2613 -0.11733 -0.73355 -1.7286 -0.56301 -0.902 -1.7804 1.8139 0.96122 1.2616 2.3575 4.3029 -0.56618 0.20079 0.14791 -0.94543 -1.0101 -0.24607 -2.4469 0.040547 -1.2187 -0.89115 -0.51796 0.19475 -0.33239 1.2027 0.84365 0.59657 -0.35827 0.37051 1.597 1.0042
-0.34156 0.95319 0.82297 0.86895 0.032002 0.5559 -1.0473 -0.26252 -1.0489 -0.14705 -0.51163 -1.4284 -0.87118 -1.5433 1.1964 0.481 0.89573 2.1161 3.2643 0.60446 0.5521 0.12638 -0.68304 -1.0669 0.73317 -1.8273 0.64545 -1.5856 -0.7237 -0.908 -0.75552 -2.2517 1.6405 0.4113 0.083614 0.097083 0.67219 0.93719 1.7631
0.11989 0.92132 0.49277 0.98938 0.52844 0.81987 -1.452 0.37336 -0.25392 0.076264 -0.33243 -1.6008 -0.83126 -1.2548 0.45411 0.19363 0.4854 1.7249 2.2152 1.4415 0.94867 0.21526 -0.68162 -0.51507 0.78041 -0.94439 1.0789 -1.286 -0.50412 -0.89864 -1.3559 -3.1124 0.98426 -0.36546 -0.20855 0.31679 0.2731 0.50248 1.6941
-0.62198 1.005 0.72754 0.77679 0.90087 1.3314 -0.6548 -0.57235 -0.57982 -0.56967 -0.04269 -1.3015 -0.95334 -0.5644 0.03018 0.32569 0.097147 0.75113 0.33823 1.6664 0.48212 -0.045436 -0.3444 -0.40368 0.2882 -0.17889 0.82976 -0.80765 -0.24291 -0.6606 -1.4841 -2.6231 -0.26752 -0.81963 -0.41781 0.21956 0.481 0.17425 1.1161
-0.46424 1.0675 0.54964 0.82764 0.63712 -0.34963 0.71114 -0.026689 -0.40303 0.26013 -1.8411 -0.82843 -0.89095 -0.29911 0.068381 0.14236 0.0086134 0.28616 -0.48783 1.036 -0.48693 -0.18921 -0.48953 -0.7435 0.96881 -0.18886 0.64598 -0.52887 -0.11184 -0.32843 -1.4285 -1.3642 -1.293 -0.85011 -0.4903 0.36419 0.45687 0.45423 0.52111
-0.46875 1.1305 0.56204 0.62218 0.74493 0.57687 1.4579 0.75501 -0.078361 -1.4433 -1.5065 -0.92123 -0.97821 -0.50533 -0.071913 0.078318 -0.080369 -0.17767 -0.65271 0.22386 -0.35835 -0.54049 -0.3491 0.091659 0.96861 -0.17233 0.26996 -0.91154 -0.28035 -0.73473 -1.1557 -0.0030984 -1.7758 -0.85545 -0.097494 0.52072 1.1144 0.98105 0.70664
-0.46081 1.1436 1.0276 0.70624 1.1811 0.90838 0.59915 -0.8817 -0.81857 -0.75778 -1.3762 -0.64331 -1.0602 -0.10403 -0.45042 0.12393 -0.029394 -0.71134 -0.022573 -0.6459 -0.32013 -0.56086 0.041121 0.22987 1.3352 0.0047737 0.49385 -1.2912 -0.16532 -1.4082 -1.2201 -0.3128 -1.6098 -0.49512 0.58519 0.97751 1.2829 1.0338 1.6036
-0.50999 0.86365 0.76877 1.1429 0.23266 -0.072515 -0.64798 -0.76079 -1.2783 -0.46593 -0.83611 -0.34881 -0.97351 -0.16819 -1.36 -0.16054 -1.2347 -1.099 0.11354 -1.3491 -1.301 -0.045911 0.42496 1.5133 2.0637 1.0136 0.83667 -1.1939 -0.16302 -2.2652 -0.94488 -1.2708 -0.8795 -0.19362 1.3392 0.85169 0.65996 0.4788 2.3583
-0.81163 0.88441 0.44341 0.67195 0.41388 0.23504 -0.87091 0.13257 -0.90643 -0.49167 0.24021 -0.45332 -1.0018 0.43488 -1.6256 -0.027468 -2.0038 -1.7324 -1.4867 -1.6737 -0.99686 0.83247 1.0753 1.311 2.4865 2.136 0.7234 -0.62226 -0.068733 -2.7242 -0.20779 -1.8782 0.12999 0.085842 1.6444 0.44463 0.32509 -0.50635 2.4242
-0.54889 0.55376 0.94507 0.67769 -0.26567 1.1287 -0.40895 -0.753 -1.1483 -0.32085 -1.1726 0.81795 -0.87646 0.75371 -1.6459 -0.1311 -3.2588 -1.5895 -2.4657 -1.1736 -0.40007 1.6392 0.83304 0.97955 1.3375 3.0502 0.52366 0.21382 0.11769 -1.748 0.4554 -1.606 0.83009 0.50132 1.2205 -0.0063003 0.026648 -1.5121 1.5301
-0.57538 -0.46112 0.21717 -1.225 -0.72401 -0.29088 -0.72979 -1.7784 0.23453 0.39313 0.5017 1.9323 0.42163 0.7567 -1.4324 -0.0069107 -4.0273 -0.89745 -2.5013 -0.45434 -0.59345 2.1236 0.719 1.2065 0.65369 3.3942 -0.0061498 0.76437 -0.093936 -0.3336 1.1321 -0.3063 0.97563 0.50974 0.24627 -0.6287 0.46432 -2.2776 0.12222
0.36621 -0.086473 0.99977 -1.237 -1.4238 -1.5444 -1.6799 -0.49849 1.1165 0.23019 0.044422 1.7822 0.9538 0.62789 -1.0653 0.047214 -3.4374 -0.60634 -2.5992 -0.1602 -0.49713 1.9319 0.5796 1.6348 -0.095216 3.1689 -0.26201 1.1163 -0.1532 1.6634 1.2784 1.069 0.7527 0.53895 -0.7514 -0.96986 0.19366 -2.1559 -1.4644
0.16495 -0.19435 0.72764 -2.4567 -0.64378 -2.1209 -1.5201 -1.1492 1.0232 0.40644 -0.037004 -0.29422 1.3971 0.48741 -0.52623 -0.27792 -2.5276 0.055021 -2.0226 -0.066016 0.074002 1.2326 -0.071206 1.9919 -1.4181 2.3048 -0.47083 0.90178 -0.53288 2.5828 1.1622 2.0366 0.61262 0.61189 -1.3594 -1.1514 -0.52202 -1.4388 -2.3335
-0.17235 -0.30974 0.55246 -2.7886 -0.54852 -1.8573 -0.84884 -1.0834 1.627 0.40848 1.4203 0.45294 1.5097 0.41081 -0.071165 -0.26311 -0.94873 0.50915 -0.53793 0.26284 0.34678 0.50441 -0.7301 1.0146 -2.0019 0.9424 -0.24343 0.47165 -0.69127 2.5798 0.81277 2.3322 0.484 0.84481 -1.3504 -1.0801 -1.3588 -0.006028 -2.3644
-0.23509 -0.19514 0.61916 -2.2845 -0.69252 -1.5772 -0.67515 -0.76856 1.4808 0.3489 2.0438 0.29855 1.4632 0.006417 -0.29062 -0.79984 -0.52082 0.88468 0.58377 0.66077 0.21059 -0.039036 -0.94882 0.40849 -1.3204 0.27696 0.0010731 -0.022996 -0.69398 1.7616 0.28157 1.4933 0.15979 0.70565 -1.0656 -0.54995 -2.2512 0.89574 -1.6503
0.23885 -0.32289 0.35316 -2.2687 -0.47426 -1.3415 -0.86036 -1.072 0.72268 -0.53976 1.4232 -0.46755 1.4297 0.42475 -0.32429 -0.92381 0.30461 0.61188 0.80863 0.52393 1.125 -0.28939 -1.1611 -0.47748 -0.17844 -0.10374 0.061761 -0.25145 -0.78595 0.59458 -0.10699 0.16335 -0.20122 0.43181 -0.39021 -0.019093 -2.2173 1.1283 -0.69025
0.34748 -0.40797 0.23675 -2.1477 -0.29426 -1.5135 -0.91722 -0.85217 1.521 -0.80244 0.97392 -0.72347 1.3838 0.48324 -0.43786 -1.1844 0.086268 0.56217 0.32552 0.14738 1.0979 -0.62051 -0.97079 -2.0811 -0.5434 -0.16223 0.043423 -0.12406 -0.46584 0.19144 -0.45612 -0.54541 -0.27971 0.075952 0.47972 0.42214 -1.6925 0.88298 -0.16585
0.12332 -0.36703 0.026028 -2.4602 0.14423 -1.119 -0.4953 -0.28488 0.9971 -0.88675 0.21574 -0.25168 1.3704 0.28601 -0.45003 -1.4725 -0.15821 0.44291 -0.065649 0.080072 0.77009 -0.015138 -0.76831 -2.4868 -0.13441 -0.084948 -0.13989 -0.032528 -0.13753 0.029367 -0.53672 -0.44883 0.097682 -0.82088 1.1142 0.89813 -0.88481 0.55861 0.11527
0.502 -0.56207 -0.37382 -2.197 0.02133 -1.2496 -0.4164 0.47641 0.75776 -1.0812 0.15813 0.12001 1.3709 0.15592 -0.44922 -1.3534 0.063193 0.035452 -0.063299 0.27291 0.54545 0.868 -0.30849 -2.207 0.41824 -0.027255 0.076861 0.079321 0.41352 0.5931 -0.76403 0.028563 0.36394 -1.2261 1.5386 1.1544 0.060881 0.50692 0.16604
0.20274 -0.69424 -0.703 -2.6207 -0.074043 -1.5871 -0.77579 -0.096513 0.57453 -0.81273 -1.1621 -0.60905 1.3645 0.33383 -0.37409 -1.0787 0.37065 -0.22153 0.11333 0.67035 -0.22958 1.3631 0.3002 -2.3013 0.44646 0.044351 0.28839 0.069559 0.95552 0.9456 -0.91203 0.25235 0.37871 -1.3849 1.0983 1.4222 0.37908 -0.16123 0.085475
0.22953 -0.55792 -0.99342 -2.2762 -0.15547 -1.6041 -0.69058 -0.39713 1.8006 -1.1935 -1.0321 -0.19846 1.3914 0.60051 -0.32848 -0.63301 0.91317 -0.66218 0.30773 0.63921 -0.84095 1.9917 0.80194 -2.0311 0.16753 0.080894 0.51943 0.10676 1.227 1.1411 -0.99902 0.055508 0.21583 -1.0529 -0.31864 1.1425 1.0143 -0.77955 -0.18628
0.5615 -0.77438 -0.89979 -2.0054 -0.43049 -1.2237 -0.25353 -0.39475 2.7002 -1.0469 -1.2795 0.0709 1.3868 0.59112 -0.38075 -0.1129 1.1565 -1.0642 0.27121 0.71594 -1.2921 1.7858 1.5213 -1.7491 -0.3568 0.022473 0.54962 0.20694 1.3634 1.2902 -0.8592 -0.29853 -0.22022 -0.4416 -2.296 0.65505 1.8001 -0.64347 -0.61381
0.7197 -0.68785 -0.7849 -1.7907 -0.3219 -1.1237 0.61833 -0.89768 3.2139 0.020381 -2.3246 -0.0079133 1.4253 0.97654 -0.24878 0.37014 1.7695 -1.5751 -0.016273 0.71568 -1.0167 -0.0010465 1.3641 -0.29405 -0.77635 -0.34822 0.28094 0.40037 1.1518 1.1331 -0.48553 -0.65603 -0.67911 0.028872 -3.7887 -0.12636 2.0403 -0.27853 -0.9581
0.88631 -0.73947 -0.71586 -1.4032 -0.89225 -0.79151 0.17241 -0.82576 3.2906 0.3075 -2.2298 -0.11344 1.4366 1.1502 -0.035151 0.87057 2.316 -1.5141 -0.31169 0.15142 -1.0162 -2.5134 1.3235 0.70554 -0.40305 -0.84925 -0.0048619 0.52251 0.87788 0.72462 0.096669 -0.64682 -1.1368 0.45614 -3.6948 -0.94173 2.0341 0.15514 -1.039
0.8946 -1.0485 -0.62498 -1.2343 -1.5961 -1.4697 0.22844 -1.273 2.636 1.2982 -2.2628 -1.0185 1.3406 0.83477 0.22829 0.94685 2.4179 -1.4304 -0.70781 -0.55504 -0.91536 -3.9136 0.63624 1.1323 -0.39393 -1.2165 -0.42443 0.52243 0.65816 -0.068607 0.73364 -0.12102 -1.0907 0.66063 -1.9459 -0.88853 1.0182 0.44396 -0.68896
1.3192 -0.74469 -0.37237 -0.56381 -2.2382 -1.8394 0.18219 -1.2548 -0.17984 0.23833 -0.6145 -1.565 0.8981 0.65397 0.33178 1.1794 2.1655 -0.95208 -0.67146 -1.1185 -0.42735 -4.1127 -0.016529 1.9152 -0.25696 -1.4236 -0.86623 0.35567 0.15889 -1.2887 1.1264 0.60655 -0.61605 0.87319 0.97053 -0.88961 -0.04331 0.63127 0.21457
1.63 -0.50929 0.096812 0.43542 -1.6776 -1.5996 -0.47431 -1.5837 -1.9374 0.59263 -0.042683 0.39409 0.56879 0.45054 0.51869 1.4025 1.7191 -0.38315 -0.065934 -1.0191 0.012061 -3.3279 0.23919 1.2983 0.024832 -1.3057 -1.3605 0.094476 -0.2948 -2.5999 1.3522 0.77973 -0.12411 0.78375 3.3579 -0.46021 -0.8443 0.65111 1.1903
1.237 -0.55616 0.023776 0.25767 -2.0564 -1.7523 -0.82407 -1.4903 -1.8198 0.058124 -1.0137 -0.53035 0.45273 -0.23846 0.46815 0.9346 0.29571 0.22972 0.60307 -0.95622 0.26705 -0.71579 -0.27505 0.54171 0.64001 -0.40879 -1.754 0.057255 -0.84143 -3.4929 1.3085 0.29168 0.28359 0.70707 4.3123 -0.39543 -1.0181 0.2895 1.7398
1.3595 -0.50211 0.50579 0.154 -1.5044 -1.5732 -1.1127 -1.1319 -1.4294 0.36058 0.050295 -0.7504 0.36747 -1.2022 0.33494 0.5479 -1.4286 0.70286 0.23939 -0.90829 0.3061 1.5676 -0.16942 0.019224 0.45008 0.4436 -1.6867 0.24686 -1.0645 -3.3815 1.1039 -0.44597 0.47638 0.53397 3.4853 -0.7737 -0.13434 0.22154 1.5444
1.3761 -0.40409 0.80504 0.2661 -1.8192 -0.85468 -0.99243 -0.79817 -1.1997 1.5287 -0.97399 -0.6362 0.4259 -1.7213 0.53099 0.10557 -2.6844 1.1407 -0.22254 -0.56126 0.84141 2.6536 -0.61707 0.38187 0.092758 0.86691 -1.1303 0.45546 -0.91762 -2.1562 0.81174 -0.82044 0.66142 0.29129 1.3145 -0.82466 0.55542 -0.015726 0.73765
0.54568 -0.58977 0.05864 -1.1842 -1.4666 -1.0999 -1.0212 -1.2067 1.4817 -0.14981 -0.93565 -0.053709 1.1551 -1.887 0.93844 -0.083941 -3.0097 1.3834 -0.53707 -0.18561 0.79552 2.4385 -1.1542 1.1021 0.72359 0.86686 -0.24541 0.46473 -0.52002 -0.58167 0.41908 -0.40923 0.6146 -0.047028 -0.6062 -0.90944 0.93277 -0.16185 -0.14069
-0.046906 -0.24941 0.33485 -1.8353 -1.0095 -2.0554 -1.5291 -1.1423 0.98616 -0.17529 0.018186 -0.39969 1.1277 -1.9591 0.99587 -0.38718 -2.879 1.5204 -0.64678 0.11497 0.60911 1.6725 -1.4494 1.2044 0.44931 0.72519 0.76061 0.0062463 0.16426 1.0206 -0.19302 0.15258 0.50179 -0.46498 -1.851 -0.40653 0.58903 -0.57083 -0.76829
-0.16948 0.095974 0.22265 -2.153 -0.03096 -1.9248 -1.3452 -0.19243 1.4024 -0.54565 0.38983 0.2083 1.0533 -1.5306 0.94878 -0.13075 -2.4006 1.3497 -0.35845 0.084535 0.33445 0.78744 -1.5902 1.6219 -0.077177 0.26532 1.4926 -0.72549 0.53837 1.9298 -0.96111 0.75611 0.47645 -0.29351 -1.7437 0.23345 -0.31432 -0.88672 -0.78383
-0.47826 0.37312 0.22867 -2.4729 -0.44786 -2.0223 -0.91127 -0.48959 1.2436 -1.4883 0.69294 0.11744 0.95852 -0.50987 0.54066 0.43049 -1.1113 0.75609 0.0096142 0.38979 0.15081 -0.44505 -1.2262 1.3982 -0.68166 -0.22096 1.7843 -1.3775 0.45917 2.308 -1.5592 0.94284 0.44034 -0.18483 -0.93666 0.92911 -1.3284 -0.6273 -0.36845
-0.49761 0.21516 0.17511 -2.4494 0.24792 -1.6111 -0.76829 -0.51298 0.86452 -0.90425 0.97008 -0.51016 1.0473 0.11444 -0.1461 0.47932 -0.34363 -0.18968 0.67161 0.7081 0.44542 -0.1982 -0.80787 0.34274 -0.52356 -0.076927 1.6311 -1.8213 -0.2597 2.2496 -1.5345 0.77801 0.61158 -0.035565 0.077099 1.7747 -2.0948 -0.33242 0.21747
-0.38652 0.24655 0.54198 -2.6373 -0.35864 -1.1257 -1.1485 -0.83053 0.96142 -1.2677 0.85679 -0.70266 0.91909 0.47721 -0.95118 0.13791 0.33786 -0.87504 0.75114 0.75595 0.19106 0.19018 0.014169 -0.99479 -0.61632 0.23364 1.1912 -1.6972 -1.0771 1.8097 -1.2623 0.43091 0.7782 0.14902 0.45011 1.9843 -1.9288 0.11673 0.46842
0.018012 -0.16538 0.67739 -2.3732 -0.43449 -1.7989 -0.5261 -1.0044 0.64309 -2.1888 1.1809 -0.99138 0.98852 0.95489 -1.6047 -0.44287 1.0129 -0.94988 0.85179 1.2258 0.24938 0.65571 1.3423 -1.6652 -0.80326 0.43917 0.8723 -1.2682 -1.6016 1.5222 -0.64946 0.0027815 0.81207 0.55805 -0.39851 1.3557 -0.86896 0.44552 0.25681
-0.0026208 -0.24787 0.75193 -2.1838 -1.1738 -1.2866 -0.3014 0.36843 1.1268 -1.0631 0.14804 -0.39684 1.0756 1.2457 -1.8045 -1.0321 1.5394 -1.4282 0.80151 1.8169 0.55193 0.10903 1.6722 -1.7249 -0.32831 0.37778 0.64089 -0.53968 -1.6178 0.99762 0.11678 -0.1756 0.11419 1.327 -1.1304 0.14426 0.037319 0.71213 -0.13419
0.15926 -0.76169 -0.054015 -1.7918 -1.1453 -1.0658 -0.024538 -0.22182 1.9988 -0.3905 -1.339 -0.53995 1.3159 1.3237 -2.0158 -1.7994 1.8558 -1.2379 0.66621 1.9371 1.3836 -0.98561 1.0745 -1.1449 0.20982 0.32358 0.56057 0.30383 -1.0066 0.32112 1.1064 -0.42068 -1.2898 1.1932 -1.417 -0.71263 0.59246 0.41077 -0.52319
0.58713 -1.1701 -0.44427 -1.3642 -1.2284 -0.8741 1.2309 -0.59517 1.961 1.2136 -0.92338 -1.5813 1.3327 1.4638 -1.7208 -2.0766 1.7517 -0.50586 0.50447 0.64533 2.2758 -1.3773 0.42687 -1.1627 0.29284 0.054092 0.43885 1.2531 0.017948 -0.23308 1.8687 -0.38416 -2.6659 0.29675 -1.0587 -0.61008 1.0953 -0.20358 -0.78615
0.93283 -1.2946 -0.68901 -0.92117 -1.909 -0.65061 1.7979 0.12477 0.0019776 0.72541 -0.51733 -0.7638 1.1829 1.8702 -1.092 -1.7178 1.4978 0.81595 0.16728 -0.99017 1.7726 -1.6003 0.52317 -0.66269 -0.30663 -0.34262 0.1642 1.921 0.91722 -0.68915 1.794 -0.20811 -3.1145 -1.2066 -0.32467 -0.11542 1.3329 -0.69101 -0.79931
1.0665 -1.6569 -1.2288 -0.7832 -1.9362 -0.8863 1.3956 1.353 -1.1824 -1.4823 0.017415 -0.097361 1.1493 1.7746 0.009569 -1.0336 1.2902 1.3138 0.2915 -2.5074 0.95511 -1.819 0.71198 0.39671 -0.50334 -0.71019 -0.18423 1.9542 1.1417 -0.83952 1.0525 0.074301 -2.146 -2.4827 0.48261 0.55811 1.4807 -0.87246 -0.50514
1.5455 -1.5783 -1.346 -0.67433 -0.73139 -1.3369 -0.71883 2.5118 -0.35701 -1.3068 -1.371 -0.59204 1.0565 1.469 0.60613 -0.66976 0.81961 1.4701 0.36777 -3.2481 -0.35587 -1.4353 0.68928 0.9481 -0.80956 -0.73925 -0.64008 1.424 0.78164 -0.81842 -0.088376 0.22974 -0.41457 -2.7373 0.93864 0.98695 1.0005 -0.77234 -0.047148
2.1037 -1.1467 -1.0658 -0.62044 0.46932 -0.80817 -2.2193 1.2411 0.020602 1.6459 -1.4874 -1.5033 0.83374 1.3289 0.97747 -0.54721 0.54728 1.2851 0.56804 -2.8854 -1.6041 -0.40947 1.4536 1.2218 -1.2395 -0.65845 -0.95355 0.20319 0.12859 -0.67164 -0.88823 0.26872 1.5709 -1.8989 1.0218 0.47835 0.17075 -0.31002 0.48164
1.9714 -0.66873 -1.1888 -0.21214 0.04663 -0.37601 -2.8033 -0.43014 -0.82167 1.6392 0.14365 -1.68 0.70638 0.92524 1.01 -0.55286 0.36451 0.64048 0.50587 -1.7036 -2.3996 -0.28266 2.1232 1.0839 -1.5202 -0.44779 -1.2602 -1.0139 -0.35118 -0.40709 -1.0647 0.17605 2.827 0.40684 0.83647 -1.1769 -0.68824 0.55377 0.90308
2.0559 -0.86638 -1.31 -0.5133 -0.29335 -0.4485 -2.168 -0.83469 -1.2312 1.1491 1.0867 -2.1308 0.73104 0.30628 0.17963 -0.85451 0.28292 -0.079157 0.7778 0.12646 -1.8032 -0.1956 0.94463 0.70737 -0.79618 0.024873 -1.4944 -1.855 -0.29944 -0.1947 -0.32181 0.034988 3.0695 2.5266 0.57492 -2.6695 -1.6752 1.7569 1.1947
2.3995 -0.6879 -1.6218 -0.32867 -0.60685 -0.28733 -1.9443 -0.42359 -0.76218 1.3618 0.77348 -1.5143 0.66572 -0.31992 -0.83006 -1.1385 0.20356 -0.012423 0.63161 1.3779 0.56084 0.2624 -1.4301 -0.25956 0.064741 0.56507 -1.4793 -1.8781 0.0063411 0.040596 0.80304 0.10267 2.3537 3.1652 0.33364 -3.2559 -1.9895 2.3129 1.1001
2.0939 -0.85923 -1.9077 -0.42579 -0.44602 -0.83623 -1.8194 -0.47729 -1.1513 1.841 -0.043495 -2.2904 0.82266 -0.77625 -1.4629 -0.78403 0.27015 0.94955 0.58981 2.232 1.9593 0.56508 -2.1408 -1.6893 1.4932 1.0106 -1.1658 -1.1604 0.67579 0.076618 1.5184 0.17108 1.2639 2.0441 -0.19087 -2.2358 -1.2839 1.9712 0.69837
1.9359 -1.4996 -2.1015 -0.27691 -0.077621 -0.015434 -0.95406 0.29437 -0.049161 0.83943 -1.0864 -1.7254 1.1098 -1.2337 -1.5711 -0.56965 0.44606 1.7395 0.82081 2.3486 2.036 0.069743 -2.8825 -1.9752 1.9829 1.063 -0.57418 -0.16082 1.1348 0.13616 1.1691 0.48625 0.30188 0.19861 -0.80127 -0.6903 0.10027 1.1305 0.11357
1.5748 -1.8156 -2.2059 -0.24963 0.56724 0.16428 -0.28784 1.7112 0.09183 -1.4148 -0.80977 -1.3411 1.3138 -1.3645 -1.5507 0.07947 0.30309 2.1053 1.0419 2.381 1.5408 -0.48461 -2.8292 -1.178 2.2027 1.0502 0.10677 0.67274 1.1318 -0.063824 0.15821 0.25279 -0.59781 -1.1278 -1.0932 0.4338 1.3776 -0.2253 -0.4015
1.1295 -1.9162 -1.7719 0.062002 1.2569 0.13731 0.91562 1.3278 -0.62371 -1.5006 -1.4135 0.73289 1.5655 -1.0733 -1.0743 0.47087 0.43802 1.7635 1.399 1.9557 1.1721 -0.8993 -2.4828 -0.28791 1.9705 0.75775 0.74881 0.97952 0.89061 -0.39315 -0.81124 -0.20365 -1.2276 -1.7412 -0.73115 1.6573 1.3325 -1.217 -0.63999
0.97921 -2.0386 -2.0834 -0.073746 1.726 0.34039 0.99347 1.1067 -1.5737 -2.613 -1.2256 -0.11974 1.4357 -0.66067 -0.48778 0.73147 0.15728 1.2465 0.82399 1.1283 0.14854 -1.2593 -1.4804 0.43553 1.0223 0.4405 1.082 1.0338 0.25372 -0.51135 -1.3257 -0.60733 -1.6041 -1.5136 0.015915 1.9672 0.7191 -1.8882 -0.67601
1.0924 -2.0427 -1.4751 -0.15457 1.8589 0.65898 1.2124 1.0857 -1.4157 -1.5201 -0.72577 0.47409 1.5557 -0.21757 -0.32267 0.70781 -0.20364 0.5168 0.53382 0.30812 -0.73365 -1.0799 -0.24012 0.089793 0.093569 0.21215 0.97469 0.81545 -0.24902 -0.53069 -1.1927 -0.87427 -1.532 -0.94693 1.0302 1.8347 0.023323 -1.4524 -0.40241
1.0316 -2.0024 -1.5559 0.17942 1.5262 1.0446 0.9576 1.415 -1.7773 -2.0087 -0.72243 -0.3624 1.5308 0.18408 -0.048122 0.42287 -0.31608 0.035939 0.26558 -0.27899 -0.51832 -0.33882 -0.011458 0.1885 -0.69353 0.10191 0.74621 0.57311 -0.69783 -0.24295 -0.87172 -0.69526 -1.3449 -0.20857 1.8082 0.99327 -0.5561 -0.73416 -0.18058
1.1901 -2.0501 -1.377 -0.21066 1.659 0.63469 0.80632 0.87162 -1.4696 -2.2389 -0.47238 -0.34238 1.5756 0.28478 0.18817 0.1859 -0.30086 -0.05493 -0.068298 -0.66787 -0.3766 0.85797 0.45568 -0.10221 -0.12639 0.20271 0.54627 0.42639 -0.72776 -0.10595 -0.50867 -0.67793 -1.1792 0.4095 1.8159 0.2979 -0.5179 -0.30954 -0.1269
1.1513 -2.2129 -1.4288 -0.47036 1.4282 0.51517 0.54475 0.55739 -1.7892 -1.7076 -1.41 -0.4082 1.5667 0.45148 0.29963 -0.25131 -0.24045 -0.24207 -0.26094 -1.3051 -0.43987 1.6477 0.15517 -0.64976 -0.37234 0.12366 0.3468 0.28794 -0.64674 0.049916 -0.42941 -0.46989 -0.81423 0.5314 1.2391 0.39509 -0.31129 -0.47829 -0.29948
1.3007 -1.8683 -1.5131 -0.15937 1.5867 0.48974 0.70796 0.81399 -1.2491 -1.914 -0.97836 -0.20498 1.6104 0.647 0.28022 -0.25249 -0.43583 -0.38423 -0.55402 -1.7406 0.049589 1.8193 0.26385 -0.59038 -0.71424 -0.022831 0.27002 0.24574 -0.40989 0.074978 -0.45295 -0.29036 -0.26929 0.43267 0.47872 0.82266 0.38483 -0.92301 -0.55243
1.2904 -1.8081 -1.7786 -0.3332 1.8162 0.52252 -0.095447 0.88806 0.31895 -1.409 -1.0255 0.053706 1.6655 0.63702 0.43153 -0.5101 -0.15629 -0.67911 -0.4237 -1.5124 0.33409 1.8434 0.86689 -0.22333 -1.3875 -0.32276 0.032715 0.21132 -0.22579 -0.038416 -0.42629 -0.19336 0.48574 0.11168 -0.38217 1.5059 1.0157 -0.81706 -0.67198
1.6569 -1.7924 -1.7086 -0.20905 1.1774 0.62044 -1.1242 0.65195 0.95197 -1.6884 -1.6717 -0.62405 1.6233 0.68587 0.57138 -0.41233 -0.20454 -0.76372 -0.55749 -1.1514 0.10508 1.8022 1.7408 0.52258 -1.5047 -0.57079 -0.23449 0.25561 0.0040076 -0.10557 -0.17957 -0.0064317 1.4091 -0.33915 -1.1067 1.5045 1.1129 -0.37576 -0.65765
1.7809 -1.8973 -1.6476 -0.57032 0.91061 0.11813 -1.6443 1.5648 0.14379 -1.8815 -1.2464 -1.7714 1.4325 0.49262 0.54078 -0.56904 -0.42626 -0.92571 -0.63442 -0.54838 -0.23896 0.86316 2.4296 0.98572 -1.6491 -0.81614 -0.60183 0.22527 0.13797 -0.17169 0.32068 0.23512 1.9599 -0.52111 -1.39 1.0548 0.53012 0.26594 -0.42917
1.7416 -1.6515 -2.0368 -0.3671 0.72117 0.14402 -0.68569 0.90107 0.80222 -0.19586 -0.7955 -2.0519 1.2124 0.2919 0.69264 -0.20876 -0.49451 -0.63523 -0.44743 0.83248 -0.33413 -0.028247 2.4926 1.2057 -1.3644 -0.96389 -0.78505 0.11572 -0.054861 0.093285 0.53624 0.59161 1.8277 -0.56334 -1.0362 0.13218 -0.66032 0.78091 -0.11194
1.867 -1.4877 -1.8267 -0.57245 0.71219 -0.058979 -0.71744 0.49135 1.0999 1.348 -0.37892 -1.5554 1.1182 -0.26402 0.78292 -0.3575 -0.32659 -0.10573 0.0089501 1.746 -0.47937 -0.18292 2.5982 0.58494 -0.94293 -0.89912 -0.79336 -0.20242 0.13523 0.38494 0.85536 0.83833 1.1343 0.092279 -0.28865 -1.159 -1.8142 0.76424 0.28909
1.732 -1.3339 -2.3436 -0.63428 0.54375 -0.034088 -0.30351 0.56788 0.29189 1.403 0.32449 -1.9251 0.98138 -0.36837 0.66368 -0.60935 -0.08231 -0.10004 0.32643 1.6648 -0.89197 0.13786 1.911 -0.68197 -0.30318 -0.72625 -0.70075 -0.63296 0.22782 0.54138 0.64607 0.48449 -0.096074 0.73806 0.1325 -2.3488 -2.41 0.67611 0.6036
1.7137 -1.232 -1.6501 -0.84922 0.97655 0.26573 1.0376 0.69591 0.37638 1.2532 -0.16998 -1.8636 0.86297 -0.62498 0.19168 -0.11926 0.076129 0.5259 0.68113 1.4941 0.22992 0.18633 0.38239 -1.9517 -0.65875 -0.40378 -0.35617 -0.84571 0.7796 0.41849 0.21406 -0.39413 -1.0322 1.3998 0.23017 -3.068 -1.7421 0.92616 0.7284
1.2601 -1.1908 -2.2141 -0.45596 0.96314 0.60567 1.1124 0.46391 0.54295 1.7351 -1.5558 -2.4943 0.83434 -0.80625 -0.15609 0.087564 0.30035 0.34481 0.20637 0.74717 0.78879 0.091121 -1.1265 -2.6858 -0.1635 -0.10934 -0.056173 -0.64021 1.1154 0.12894 -0.31713 -1.2218 -1.3927 1.5521 -0.15856 -2.9933 0.064246 1.2635 0.70074
1.5305 -1.314 -2.6293 -0.53584 0.44357 0.26651 0.53149 0.13599 0.88067 1.304 -2.1917 -2.0135 0.76312 -0.69455 -0.33736 0.69854 0.25227 0.093806 -0.71058 -0.038017 1.4773 0.35263 -2.0542 -2.1397 0.83509 0.12125 0.49181 -0.18599 1.1178 -0.13281 -1.1421 -1.539 -1.1749 0.92471 -0.58785 -2.3628 2.1651 1.4456 0.48067
1.0637 -1.5333 -1.746 -0.30536 1.8417 0.88161 1.5652 1.6243 1.3004 0.59331 -2.9378 -2.8911 0.93764 -0.43531 -0.22929 0.98816 0.067269 -0.53656 -1.4241 -0.59413 1.585 -0.26176 -2.8917 -0.43792 1.4788 0.28983 0.8074 0.22391 0.88801 -0.25481 -1.5272 -1.1718 -0.36911 0.29689 -1.0277 -1.3024 3.3168 0.85107 0.23972
1.0054 -1.557 -1.7454 -0.37897 0.73003 -0.30959 -0.0073326 1.4734 0.47349 -0.78315 -3.0082 -1.2284 1.0274 0.088381 -0.1055 1.4412 -0.051113 -1.3547 -1.5888 -0.38774 1.6816 -0.86882 -3.4901 1.583 1.4168 0.27567 0.94516 0.46636 0.09052 -0.24829 -1.6167 -0.50658 0.37689 -0.58167 -1.2668 0.35733 2.8147 0.4538 0.019841
1.0918 -1.4991 -1.2358 -0.56045 0.59987 -0.94241 0.1705 2.4534 0.79764 -1.6797 -1.6847 -0.63274 1.003 0.27733 0.13755 1.315 -0.016121 -2.0313 -1.7001 0.11823 1.2846 -1.4673 -3.0346 2.583 1.2419 0.25501 0.83022 0.45832 -0.43582 -0.090858 -0.87926 0.29046 0.95755 -1.1136 -0.5162 2.4082 1.2838 -0.018638 -0.094862
1.2646 -1.2827 -0.90028 -0.70094 -0.00019983 -0.924 0.45689 1.9164 -0.26534 -2.5518 -0.69559 -0.52534 1.0613 0.67572 0.32846 0.70444 -0.16219 -2.4401 -1.5786 0.42087 0.47366 -1.7235 -1.2761 2.4025 1.8477 0.18099 0.48002 0.5893 -1.0327 0.14183 -0.12203 0.39389 0.4757 -1.6979 0.2048 3.7264 -0.46214 -0.23222 -0.34036
1.5835 -1.3783 -1.0638 -0.32617 -1.1482 -0.68667 0.7274 2.1744 -0.54665 -3.1116 0.27589 -1.5193 0.99304 0.78774 0.38839 0.58245 -0.043803 -1.7835 -0.8301 1.0767 -0.025405 -0.91327 0.82581 1.9196 1.2036 0.17124 -0.3259 1.2734 -0.50348 0.60428 0.93313 0.54353 -0.58952 -1.786 0.91761 3.4926 -1.3607 -0.14959 -1.0876
1.5748 -1.3067 -1.109 -0.42195 -1.545 -1.3665 1.2335 2.0509 -1.0564 -2.7474 0.18563 -0.78424 1.0656 0.71048 0.84127 -0.036414 0.22408 -1.7365 -1.2164 0.16252 -1.0429 -0.68772 2.0511 0.93507 0.94488 -0.2941 -1.4839 1.9212 0.29697 1.076 1.8819 1.0062 -1.2427 -1.4916 1.2692 2.0601 -1.5131 -0.25933 -1.8364
1.6759 -1.2577 -1.0172 -0.60422 -1.1325 -1.1756 1.567 2.241 -1.2429 -0.62342 -0.79893 0.66971 1.1638 -0.33426 2.194 0.79007 0.90264 -0.50664 -0.77244 -1.0347 -1.5122 -0.0075542 2.3037 0.40872 1.369 -1.4759 -2.1381 2.0708 0.87523 1.1467 2.31 1.4822 -1.4123 -1.2198 0.77485 0.18402 -1.1396 -0.1811 -2.1978
1.8591 -1.1391 -0.82017 -0.49598 -1.3111 -1.4098 1.3701 1.543 -0.027174 0.48417 0.042328 0.29289 1.1536 -1.4718 2.9133 1.14 1.3441 0.71717 0.4332 -1.2231 -1.7509 0.5508 2.1104 -0.077204 1.2191 -2.3234 -2.0584 0.95577 1.1724 0.81537 2.1432 1.8226 -0.34095 -0.30477 0.25702 -1.0767 -0.62135 -0.8256 -1.5083
1.8796 -0.39837 -1.3639 -0.2136 -2.1449 -2.516 -0.31513 0.74502 -0.72855 0.23525 0.10415 -0.1099 0.47571 -2.0241 3.1111 1.5701 1.5057 1.6514 1.3443 -1.2982 -2.0976 0.14076 1.1548 -0.0077981 0.67861 -2.7982 -1.0245 -1.2873 0.27071 -0.25435 0.72121 1.0208 0.66509 0.39683 -0.24353 -0.93847 -0.12469 -1.1968 0.32109
0.40809 1.2335 0.56073 0.76418 -0.47505 -0.99516 -1.3249 0.22351 -0.50287 -0.50168 0.31336 0.80251 -0.66653 -2.2022 2.1194 1.6822 1.4227 1.5087 1.4099 -0.44842 -1.3519 -0.19245 0.45274 -0.178 -0.39913 -2.3651 0.36439 -3.2391 -0.56286 -1.4634 -0.69227 -0.50104 1.278 0.51631 -0.079632 -0.066075 0.45104 -1.2821 2.3763
-0.20826 0.92471 -0.10444 1.0001 -0.045846 0.25856 0.18314 0.62858 0.1973 0.011961 -0.25675 0.016373 -0.83839 -1.8387 0.25987 1.0113 0.39604 0.54543 0.80924 0.01846 -0.9145 -0.13354 1.2374 0.20365 -0.26055 -0.86576 1.6065 -4.2331 -1.5686 -2.4364 -1.9664 -2.0541 1.2288 0.32456 0.46196 0.72499 0.74751 -1.4973 3.8268
-0.12782 1.0213 0.51625 0.6035 0.86873 -0.16476 -0.00056197 -0.34702 -1.5283 -0.16764 -0.27077 0.75934 -0.86523 -0.8983 -1.5316 0.4176 -0.79201 -0.14125 -0.29411 0.88909 -1.3071 0.53973 1.9256 0.79716 -0.92234 1.0311 1.9687 -3.2859 -1.5611 -2.6365 -2.1747 -2.5218 0.41823 -0.2976 0.85236 0.49937 1.0244 -1.339 3.7083
-0.049227 -0.023131 0.55808 0.63567 -0.16463 -0.52276 1.2714 1.0253 -0.997 0.92045 -0.82237 -0.51062 -0.3255 0.2581 -2.7364 -0.6022 -1.8675 -1.5124 -1.9262 0.69677 -1.4669 0.78096 1.8632 1.1209 -2.1052 2.4581 1.4912 -1.2689 -0.81026 -1.6686 -1.5673 -1.569 -0.11752 -0.26923 1.0065 -0.65135 0.57752 -1.2091 2.1695
0.19689 -0.93653 -0.35033 -0.33276 -1.9574 -1.6296 -0.067001 -0.14795 0.18453 2.7837 1.2823 0.017841 0.55447 0.34491 -2.3378 -0.30216 -2.2942 -1.8725 -2.2868 0.11721 -1.6631 1.1888 1.1316 1.574 -2.2026 2.7121 0.50334 0.93629 0.27792 -0.33308 -0.66936 0.0096662 -0.79582 -0.16349 0.51823 -1.8748 -0.33034 -0.34102 0.025393
0.44239 -0.8875 -0.25846 -0.65412 -1.4202 -2.3239 0.6067 -1.57 0.46993 2.2174 1.2874 -1.2604 0.91486 0.26329 -1.6346 -0.074085 -1.9212 -1.7704 -1.3399 0.14657 -1.2673 1.709 0.31563 1.0668 -2.0841 2.2391 -0.16644 2.4536 1.5023 1.0498 0.53883 1.6568 -0.5641 0.10716 -0.23582 -2.4586 -1.2086 0.71636 -1.8089
0.31062 -0.92881 -0.076471 -0.89675 -1.7651 -2.0533 0.082761 -1.1073 0.56476 1.3738 1.0686 -2.2589 1.0892 0.018993 -0.38106 0.65878 -1.3772 -1.3773 -0.5536 -0.56558 -1.7269 1.2019 -1.0758 0.12746 -1.6437 1.193 -0.18132 2.6671 1.6736 1.7473 0.8374 2.2002 -0.43109 0.44464 -1.1948 -1.8074 -1.6032 1.5117 -2.6424
-0.072043 -0.92417 0.048325 -1.3528 -1.767 -1.7635 0.64499 -1.0976 1.083 1.1728 1.3754 -2.0716 1.1943 0.11801 0.73823 1.6173 -0.39461 -0.68104 0.55792 -0.18877 -1.2154 0.29323 -1.9805 -0.73741 -0.96043 -0.060275 -0.4171 2.2437 1.2735 1.5384 1.6084 2.0466 -0.39767 0.55687 -2.0558 -0.61509 -0.95823 2.0177 -2.5671
0.30284 -0.78384 0.64109 -1.0478 -1.811 -1.467 0.73248 -0.96783 0.93958 0.84875 0.52691 -1.5595 1.0382 0.087323 1.316 1.859 0.15666 -0.73429 1.2095 -0.65342 -0.79655 -0.62877 -1.3601 -0.9524 0.26579 -0.92945 -0.97926 1.2346 -0.13597 1.0492 2.3898 1.5508 -0.057014 1.2039 -1.6525 0.097916 0.10614 1.8993 -1.7699
0.088907 -0.67302 0.92708 -0.91805 -3.0147 -1.7508 -0.59497 -1.8032 1.0959 0.022991 -0.076284 -2.4469 0.90693 -0.5316 1.5892 1.6155 0.14181 1.1506 1.9143 -0.67527 -0.61617 -1.7365 -0.78815 -0.43758 1.0131 -1.3542 -1.5922 0.26441 -1.9914 0.50518 2.7977 0.69306 0.54275 1.3488 -0.38635 0.35743 1.0443 1.2456 -0.60744
0.64107 -0.042628 1.3949 -0.7411 -2.3024 -1.2489 0.088948 -2.2975 0.32693 -0.22727 0.87614 -1.3479 0.49137 -1.4434 1.4358 0.42303 0.28473 2.53 1.9054 -0.44886 0.37994 -1.2843 -1.4863 0.21746 1.1824 -1.3673 -1.4485 -0.28995 -2.8346 0.44118 2.8367 -0.12425 0.85874 1.0807 0.67965 -0.015642 1.2805 0.40535 0.26997
0.3221 0.37265 1.6568 -0.62375 -2.1799 -0.79764 -0.51272 -2.0144 -0.83808 0.46834 -0.035654 -1.2711 0.12167 -2.0229 1.1613 -1.2271 0.471 3.335 1.6199 0.88394 0.89164 -0.18108 -1.2106 0.93091 1.0742 -0.93795 -0.82307 -0.64273 -2.2675 0.70884 1.2423 -0.89295 0.39218 0.78933 1.5061 0.040899 0.7078 -0.16187 0.5653
-0.96535 0.29582 1.3717 -1.2306 1.0515 0.49597 -0.51128 -1.1877 -1.992 0.33843 1.0099 -0.9319 0.11155 -1.811 1.0076 -1.7936 0.804 3.9005 1.1207 0.42771 0.61028 0.063858 -1.1911 1.1234 1.0315 -0.64111 0.31988 -0.55958 -0.77531 0.92056 -0.58089 -1.1016 -0.062821 0.035137 1.3904 0.58417 -0.0078748 -0.28258 0.31883
-1.7577 0.11828 0.046226 -0.83773 1.2865 -0.13914 0.40242 -0.14756 0.69343 -2.1299 1.4956 -0.62 0.1807 -1.8498 0.6412 -1.3336 1.1864 2.9673 0.52259 -0.2653 0.84846 0.82143 -0.86447 0.64055 0.73952 -0.68461 1.2737 -0.29602 0.94081 0.95567 -2.2351 -0.99732 -0.58071 -0.42491 0.64447 0.99474 -0.99201 -0.61362 -0.29515
-1.3711 0.28307 -0.86349 -0.13809 1.1141 -0.35812 2.3786 -0.74901 1.5611 -0.75509 1.3483 -0.86553 0.34965 -0.94506 0.68461 -0.90634 1.6206 1.5278 0.2498 -0.013357 0.47756 1.1998 -0.49728 0.35788 0.75699 -0.90876 1.5847 0.05883 1.7696 0.29426 -2.9057 -0.42748 -0.09439 -0.46926 -0.36484 1.4834 -1.6544 -0.2573 -0.73729
-0.95594 0.67592 -0.10083 0.10328 1.6362 -0.64852 -1.3956 -2.2929 -0.086809 -1.564 1.4059 -1.0183 0.09297 -0.12939 0.78953 0.022787 1.8209 -0.010954 0.060992 -0.1585 0.11676 0.64629 0.42891 -0.80309 -0.049731 -1.3337 1.5221 0.16275 1.5981 -0.52236 -2.3677 0.1694 0.25048 -0.12021 -1.111 1.0735 -1.387 0.29639 -0.70936
-1.5171 0.70202 1.0296 0.39583 1.28 -0.16551 -0.89555 -0.64656 0.55631 -0.54979 1.1228 -0.14171 -0.5178 0.22302 1.0437 0.70735 1.0285 -0.49924 0.50474 0.16668 0.046445 -0.60477 1.1298 -1.693 0.88443 -1.6489 0.92293 -0.29998 0.50024 -0.95658 -1.5306 0.65353 0.60244 0.45084 -1.0685 0.58094 -0.51811 0.4475 -0.20276
-1.1819 0.92237 0.38391 0.68386 0.71139 0.24715 0.32949 -0.74401 0.51883 -0.31236 0.66178 -0.23408 -0.68847 0.34623 0.76034 0.73115 0.52222 -0.81971 0.75046 0.18543 0.8303 -0.62313 0.46667 -1.2985 1.2521 -1.5962 0.43773 -0.61701 -0.57052 -0.91945 -0.38987 0.73973 0.23039 0.15974 -0.38299 -0.35647 0.59467 0.30689 0.6156
-1.5159 0.78075 0.55782 0.61445 1.3468 0.28703 0.27181 -0.58474 -0.033905 0.03754 0.010931 -1.5752 -0.86653 0.50313 0.15871 -0.35677 0.5111 -1.175 1.2354 1.1192 1.0257 -0.42163 0.63944 -0.49418 0.98748 -1.1394 -0.23906 -1.0048 -0.40235 -0.53088 0.2008 0.059211 -0.43072 -0.59404 0.53147 -0.77558 1.1923 -0.67053 1.3339
-1.201 1.2386 0.15255 0.19109 0.39364 -4.7686e-05 1.6449 -0.66573 0.14851 -0.45916 -0.81365 1.2717 -1.0307 0.53065 0.11658 -0.4607 0.38897 -0.47275 1.1996 -0.1376 -0.048388 -0.24017 -0.052529 -0.11418 0.4962 -0.46446 -0.70611 -1.1545 0.20799 -0.47478 0.63344 -0.51292 -0.5095 -1.548 0.72153 -0.55241 1.0998 -1.0779 1.8321
-0.61349 0.99943 0.38108 0.61546 0.20927 0.3445 0.41987 -0.27691 0.15183 -0.61998 0.5561 0.4837 -0.9947 -0.30483 -0.45315 0.58916 0.11918 -0.27759 0.4136 -0.6093 -0.69269 0.35821 -0.17875 0.28568 -0.11375 0.21336 -1.0611 -1.2136 0.91101 -0.72793 0.908 -0.80873 -0.25311 -1.3829 0.63429 -0.27331 0.19079 -1.7219 1.8388
-0.69017 0.60547 -0.1995 0.98764 0.0076397 1.2047 -0.04297 -0.62155 -0.67364 0.0027364 1.2768 -0.055932 -1.0529 -0.53821 -1.0239 0.63808 -0.15456 0.0018634 0.14257 -0.058763 -1.391 0.54656 -0.24427 0.68384 -0.39599 1.0602 -0.59383 -1.0875 0.64076 -1.2228 0.13413 -0.97193 0.30262 -0.4506 0.55473 0.36053 -0.15144 -0.90386 1.3936
-1.2371 1.0117 0.69123 0.85708 1.1373 1.2269 -1.004 -0.90099 0.73201 -0.68602 0.309 -0.02519 -0.87654 -0.89901 -1.4684 0.73386 -0.55547 0.41333 0.14937 0.52774 -1.0543 0.55865 0.17568 -0.47161 -2.0655 1.4433 0.66827 -0.53608 0.058568 -1.8107 -0.90671 -0.83616 -0.24076 0.61595 -0.011741 0.33526 0.033443 0.35609 0.94065
-2.0523 0.31315 1.4252 0.47354 0.39364 -0.068309 0.3185 -1.8263 1.1182 -0.42414 0.36147 -1.0947 -0.38133 -0.25568 -1.3445 0.62257 -1.5222 -0.55795 -0.61147 -0.052223 -0.76003 0.86367 0.48331 -0.048397 -0.37515 1.4572 1.7738 0.27311 -0.24906 -1.7471 -1.8946 -0.64398 -1.5679 1.3796 -0.65454 0.30198 0.61594 1.3569 0.13275
-1.6522 -0.11182 0.70273 0.10885 1.0313 0.28999 1.5099 -2.1908 0.40075 -0.55701 0.71888 -0.64912 0.12548 0.77492 -1.2615 0.70897 -2.5268 -1.8429 -0.87914 -1.1378 0.22593 0.19616 0.11976 0.73571 0.57264 1.7291 2.2609 1.4699 -0.55398 -0.52112 -1.6707 0.0048495 -2.126 1.9836 -0.94016 -0.0054471 0.976 2.2355 -0.96917
-1.5807 -0.081955 0.65742 -0.20105 0.56465 0.72377 2.0654 -0.94473 0.68796 0.02886 -1.5696 -1.7091 -0.0071967 1.8643 -0.62858 0.21118 -2.3818 -2.7137 -0.62591 -2.6312 0.72567 -0.64595 0.37917 1.4141 1.0026 1.1646 1.2254 2.1199 -0.62675 1.354 -0.31846 0.57027 -1.264 1.9495 -0.8678 0.12891 0.31306 0.92441 -1.9973
-0.31196 -0.14459 0.87613 -0.84616 -1.2945 -0.053862 -1.929 -1.0361 1.3675 0.42589 2.2295 1.0134 -0.012454 2.1699 0.84285 -0.046352 -1.0836 -1.8994 0.18053 -2.7992 2.1638 -0.66915 0.20595 0.90381 1.7373 -0.16382 -0.3591 1.9971 -0.83295 2.8633 1.3118 0.53292 0.6152 0.9525 -0.40191 0.20504 -0.14312 0.31462 -2.4641
-0.13937 -0.3467 1.1514 -1.8206 -2.2623 0.30782 -2.6841 -0.38109 -0.49522 -0.63243 2.1552 0.52739 0.63574 1.2852 1.4513 -0.11611 0.24704 -1.1849 0.021338 -1.9674 2.1641 -0.53203 0.6882 0.55154 0.88688 -1.2164 -1.7552 1.1956 -0.96763 3.0986 2.5261 0.55726 3.0817 0.15403 0.018764 0.17236 -1.1666 -0.60228 -1.9939
0.2211 0.53829 1.1811 -1.2234 -1.958 0.034939 -4.067 -0.86803 -0.016834 -0.011761 1.5113 0.25003 0.10015 0.40969 1.3239 -0.61334 1.4256 0.035197 -0.11534 -0.13753 1.4118 -0.69601 0.36608 0.87201 1.2436 -1.5481 -2.0944 -0.45991 -0.83832 2.5454 2.2694 0.44384 3.8172 -0.95233 0.32256 0.40322 -1.3437 -1.0301 -0.87675
-0.08109 1.207 0.86545 0.12495 -0.62278 0.55655 -0.98913 1.182 0.23475 -0.10877 0.45018 0.90612 -0.80737 -0.45953 1.3026 -1.2327 2.0632 1.4178 0.65847 2.7226 1.4147 -0.57099 0.63432 -1.0613 0.01117 -1.7571 -1.1879 -2.1189 -0.22435 1.1108 0.96909 0.52841 2.7043 -1.2832 0.15629 0.25691 -1.1282 -0.74846 0.80807
-0.63585 0.93473 0.26665 0.44615 -0.42482 0.4172 -0.38047 0.41399 -0.072669 1.2655 0.75034 -0.45344 -1.0631 -0.78114 0.086672 -0.98364 2.6904 1.3787 0.76999 3.1366 0.64565 0.059464 1.0317 -1.1613 0.073044 -1.479 0.049878 -2.6492 0.8784 -0.67841 -0.60065 0.28606 0.13092 -1.4479 0.15751 0.10025 -0.60158 -0.94372 2.0719
-0.68148 0.62679 0.11122 0.67125 -0.49865 0.13962 0.16078 0.23543 -0.2141 0.12702 1.7784 1.524 -0.969 -0.2876 -1.7692 -0.32601 1.6582 0.092608 0.657 2.2613 -0.0053664 -0.55508 0.86041 -0.84075 -0.061298 0.22249 1.0638 -2.23 1.5502 -2.2782 -1.7046 -0.55516 -2.1418 -1.2435 0.33622 -0.32757 0.66029 -0.67702 2.7803
-0.44263 0.98916 -0.23481 0.37513 -0.049203 1.0601 1.4095 0.79889 -0.12904 0.95285 0.57646 0.55762 -0.98722 0.41564 -1.9411 0.5149 0.38089 -0.52827 0.47566 0.37442 -0.75916 -0.34666 0.44347 -0.51718 -0.6479 1.2302 1.4123 -0.85258 0.90822 -2.9891 -1.6421 -1.0855 -2.6529 -0.5773 0.45675 -0.34942 0.81256 -1.4271 2.3752
-0.82223 -0.32654 0.66434 1.4102 -0.72527 1.0823 0.72564 0.054405 -0.13047 1.033 -0.026562 0.2114 -0.63316 0.88525 -1.7241 0.80374 -0.97173 -1.0879 -0.2982 -0.54706 -0.3562 0.37034 0.25982 0.045757 -1.0176 1.9426 1.0125 0.14914 -0.29479 -2.5042 -0.84213 -1.4784 -1.7182 0.059446 0.74546 -0.47908 1.1521 -1.5012 1.2317
0.1659 -1.0585 0.92691 0.71118 -1.8327 0.59687 -0.43497 -0.23409 -1.0452 1.3184 0.18004 0.20878 0.26441 1.2119 -1.4785 0.086524 -1.4917 -1.3638 -0.92424 -1.219 -0.32403 0.59195 0.61949 0.15137 -2.3525 1.9798 0.51857 0.43554 -1.6385 -1.6556 0.068501 -1.3185 0.3619 0.83968 0.57687 -0.68601 1.2947 -0.71013 0.32304
0.14416 -0.00017871 1.1265 0.35265 -0.71489 0.9408 -0.23635 0.27143 0.049898 0.5672 0.38634 -0.41102 -0.10484 1.1638 -1.7265 -0.63314 -2.0109 -1.2042 -1.6062 -0.67346 -0.098433 0.58624 -0.2004 1.3096 -2.2623 2.0903 -0.048104 0.38193 -2.0953 -0.23166 0.85005 -0.5653 1.8827 1.2249 0.15133 -0.95002 0.74061 0.49267 -0.40612
0.12355 -0.49948 0.58315 -1.0447 -1.9538 -0.4608 -0.77771 0.086932 0.92093 1.4345 1.9154 -1.0824 0.62839 1.2241 -1.1465 -1.6966 -2.1441 -0.34262 -1.5114 1.2202 0.79214 0.79664 -0.71471 1.6415 -1.4816 1.7492 -0.2197 0.16485 -1.4247 0.99628 1.0092 0.14075 2.4049 1.5995 -0.43217 -1.1447 -0.16027 2.0321 -0.60815
0.68797 -0.66331 -0.43662 -0.48269 -2.0723 -0.36262 -0.92809 0.050672 0.40603 1.3856 1.0689 -1.818 0.51401 0.79219 -1.1939 -2.0534 -1.0711 0.10996 -1.1289 2.3161 1.534 0.61212 -0.99149 0.90221 -0.48043 1.3268 -0.23101 0.40879 -0.2469 1.9977 1.0417 0.96808 1.625 1.4416 -0.81009 -0.90563 -1.5487 2.4548 -0.9507
0.55173 -1.511 -0.46801 -1.0911 -1.6197 -0.34757 1.0502 0.53035 0.22484 0.18837 1.9557 -2.1258 1.0157 0.99741 -1.4423 -1.75 -0.1287 0.0095384 -0.86526 2.5022 2.055 -0.32072 -1.2943 0.023274 0.83744 1.2636 -0.37 0.60879 1.0234 1.8666 0.6287 1.0087 0.08025 0.72493 -0.69689 -0.69641 -1.9738 2.0381 -1.0511
0.82899 -1.4895 -0.78888 -0.64411 -1.1358 -0.41592 2.8731 1.1243 0.76097 -0.17852 1.9285 -0.70491 1.077 0.85616 -0.83374 -1.0419 0.65618 0.71581 0.034495 2.2092 2.1505 -0.56042 -1.7399 -1.1927 1.5126 0.61325 -0.33934 1.2583 1.3118 0.95045 0.16091 0.65562 -1.3406 -0.057944 -0.20892 -0.20139 -1.8237 1.056 -1.2529
0.92079 -1.4838 -0.96143 -0.36471 -1.4453 -0.44792 2.3844 1.9466 0.13995 -0.10769 0.99379 -0.23357 1.1805 0.51735 -0.21907 -0.36094 0.42578 0.61517 -0.047466 1.445 1.9353 -0.081122 -1.7497 -1.5348 1.6149 0.2038 -0.70865 1.6236 1.01 0.14646 0.078507 0.17667 -2.2475 -0.71634 0.47284 0.58369 -0.85161 -0.12034 -1.4965
1.2694 -1.1891 -0.72201 -0.24073 -1.3563 -0.51305 2.3307 2.5477 -0.2927 -0.92935 0.7731 0.24023 1.0851 0.41347 0.47994 -0.38942 0.40025 0.12158 -0.20326 -0.067225 1.4843 0.068488 -1.179 -2.2204 1.2408 -0.41189 -0.81886 1.5557 0.37113 -0.36131 -0.19341 -0.48296 -2.2903 -1.2134 0.83364 1.266 0.22916 -0.81204 -1.5059
1.0761 -1.3839 -0.8444 -0.34109 -1.0139 -0.25934 1.8535 2.0032 0.11195 -1.0102 0.0069168 -0.17832 1.0389 -0.074302 0.84864 -0.25884 0.26914 0.4544 -0.37641 -1.2395 0.96574 0.39431 -0.41364 -1.2784 0.70814 -0.93468 -0.79632 1.3735 -0.090435 -0.16799 0.13691 -0.49909 -1.6829 -1.2307 0.98285 1.7335 0.91879 -0.73722 -1.3674
1.0777 -1.1704 -0.82328 -0.39205 -1.1362 -0.46078 2.1564 2.2439 0.64548 -1.6748 -0.37233 -0.3245 0.7757 -0.3423 1.4571 -0.42065 0.070462 0.39389 -0.75948 -1.4216 0.22196 1.0005 0.12316 -0.81697 0.30414 -1.5454 -0.67405 1.2355 0.098625 0.23246 0.79863 -0.24017 -0.5823 -0.98814 0.72647 1.8449 1.1905 -0.04873 -0.93591
1.0433 -1.0516 -1.1482 -0.58424 -1.5209 -0.7173 1.5641 2.569 0.47251 -1.29 -0.70817 -0.021685 0.69208 -0.5579 1.7866 -0.50035 0.28219 0.74491 -0.76028 -1.5326 0.11865 1.5696 1.0691 -0.25258 0.57251 -1.7058 -0.44778 0.83174 0.087935 0.32685 0.90237 0.2794 0.16839 -0.78933 0.26222 1.7208 0.63717 0.49992 -0.41416
0.68958 -0.53639 -1.0709 0.018181 -0.22582 -0.88512 0.56187 2.6422 1.1466 -0.1307 0.84353 0.67767 0.21096 -0.57461 2.255 -0.084803 0.82177 1.5808 -0.48082 -1.1871 -0.056421 1.051 1.7731 -0.16623 1.1881 -1.7193 -0.3664 0.081502 0.21203 0.41633 0.83044 1.0106 0.54832 -1.0015 -0.27204 1.136 0.014771 0.74959 0.10562
0.74016 0.1123 -1.3452 -0.32007 -1.2226 -1.3303 0.31282 2.1318 1.3917 -0.28182 -0.47323 -0.030975 -0.26065 -0.7749 1.9615 -0.26206 0.49513 1.6753 0.061115 -0.99415 -0.46293 0.94955 2.2057 -0.22419 1.2534 -1.5934 -0.13623 -0.64194 0.15028 0.11533 -0.17329 1.2143 0.68765 -1.4945 -0.9345 -0.087197 -0.49708 0.034641 0.51024
0.67739 0.2287 -1.1598 0.095648 0.015114 -0.94206 0.27922 2.5722 2.3438 0.54489 0.18301 0.8786 -0.22164 -0.90196 1.5209 -0.15265 0.73021 1.5975 0.87929 -0.50374 -1.4781 0.75209 1.825 -0.78734 1.455 -1.4035 0.11256 -1.3548 -0.21464 -0.13324 -1.0972 0.89151 0.31498 -1.6539 -1.1328 -0.72913 -0.47337 -1.1488 0.80455
0.47026 0.61061 -0.69646 0.62717 1.3894 -0.54314 0.72995 1.8447 1.1226 1.2931 -0.77004 1.2957 -0.35865 -0.64213 0.99305 -0.18997 0.54058 0.37494 1.0193 -0.38485 -2.1443 -0.2515 0.85718 -0.99665 0.48677 -0.93096 0.26594 -1.1302 -0.071689 -0.042487 -1.4552 0.25172 -0.030091 -1.4744 -1.5914 -1.225 -0.33679 -2.0957 0.7103
0.14897 0.35009 -1.5406 -0.38542 0.3096 -0.4449 0.47144 1.9025 2.026 1.5076 -0.55779 1.1309 -0.58551 -0.43464 0.28585 -0.4985 0.55448 0.00048723 0.84968 -0.81101 -2.5075 -0.74169 0.97253 -0.78375 -0.77041 -0.58344 0.24014 -0.89467 -0.007449 0.020364 -0.87042 -0.17597 -0.25324 -0.71171 -1.3272 -0.89034 0.39392 -2.0506 0.59752
-0.037543 0.42725 -1.3096 0.59878 0.55646 0.2318 0.3111 0.40657 1.7291 1.3331 -1.2729 2.0284 -0.68756 -0.52214 0.53305 -0.21055 0.50535 -0.4809 0.59704 -0.90861 -2.882 -1.6744 0.16142 -0.93663 -1.8877 -0.7075 -0.064035 -0.43956 0.75557 0.28995 0.49125 -0.051827 -0.16077 0.24315 -0.69872 -0.71493 0.70794 -0.94403 0.36014
0.29549 0.67304 -1.29 0.48136 -0.74199 -0.34914 -0.39386 0.015279 0.44381 0.45136 -0.40211 0.12381 -0.67281 -0.52265 0.13197 -0.14863 0.78578 0.25365 0.7502 -0.79421 -2.5224 -1.3442 0.37432 0.040154 -1.5204 -0.42409 -0.46947 -0.038526 1.4431 0.027942 1.0697 0.0094069 0.12591 1.5067 -0.032242 -0.97468 0.73164 0.2956 0.23402
0.42871 0.29734 -1.905 0.37068 -0.44922 -0.5293 -1.0006 -0.36548 0.73097 2.0163 -1.5061 -1.3245 -0.65924 -0.7142 0.27638 0.99651 0.95871 1.231 0.97881 -0.74493 -1.6461 -1.4182 -0.29007 0.12281 -1.0666 -0.35044 -0.49602 -0.044992 1.5778 -0.20676 1.3313 0.36612 0.46183 2.067 0.60581 -0.79533 0.59456 1.6482 0.2482
-0.2281 1.1135 -0.7952 0.83471 0.58344 0.04157 -0.41144 -0.70892 -0.76479 0.76931 -1.2812 -0.77375 -0.97273 -1.195 0.34783 1.4918 0.37968 1.2974 0.69192 -0.62241 -0.11523 -0.91698 -0.76963 0.26881 -0.6063 -0.33077 -0.41657 0.093981 1.4233 -0.55682 0.26715 0.23818 0.57977 1.6521 0.44566 -0.61729 0.33479 1.748 0.081667
-0.31899 0.33892 -1.2464 1.2116 2.0584 0.67159 -0.10617 -0.86625 0.18774 2.4093 -0.11664 0.6656 -0.69854 -1.0908 0.34704 1.8046 0.32861 1.6792 1.3777 0.0048992 0.041698 -0.57503 -0.87439 0.23714 0.96099 -0.2972 -0.020312 -0.15449 0.63144 -0.84473 -1.0498 -0.35131 0.47809 0.97856 0.49214 0.17951 0.28931 1.1165 0.10354
-0.70033 0.66839 -0.036738 0.69668 1.411 0.80595 -0.98978 -0.073643 0.15594 -0.016028 -0.77326 0.20766 -0.96495 -1.0941 0.27058 2.0057 0.077205 0.55892 1.0446 0.086226 -0.066173 -0.79419 -0.58383 0.7136 0.97308 -0.29613 0.46035 0.055711 0.37382 -0.62737 -1.7087 -0.58475 0.26236 -0.073838 0.25581 0.68114 0.068111 -0.074111 0.07105
-1.1547 0.92776 0.19506 0.82365 0.96745 0.24764 -1.045 0.43725 -0.031282 -0.30668 -0.92786 0.077212 -0.93923 -0.80088 0.038357 1.8785 -0.44321 -0.53438 0.10914 -0.064558 0.28652 -0.40897 -0.033392 0.53342 0.37591 -0.17348 0.7658 0.083192 -0.33626 -0.34858 -1.6153 -0.65732 0.13626 -0.22862 0.34712 1.1413 -0.025698 -0.90939 0.15457
-0.34437 0.91122 0.15287 0.78946 1.5122 1.231 -0.14157 -0.6329 -0.69203 0.19666 -0.46088 0.69168 -0.90183 -0.49854 0.60671 2.132 -0.38779 -1.0633 0.16276 -0.021144 -0.3789 -0.43317 0.16666 0.27897 -0.4856 -0.25733 0.85406 -0.021561 -0.72663 0.16339 -0.59043 -0.10048 0.40591 -0.29936 0.54018 0.68448 -0.42713 -0.49984 0.17957
-1.0737 0.6336 0.42287 0.67753 0.44504 0.6053 -0.64509 -0.95421 -1.092 1.917 -0.31272 -0.25222 -1.0379 0.010507 0.33335 1.1458 -0.079509 -0.78822 0.50902 0.35147 -0.25181 0.0059538 1.031 0.41144 -0.16807 -0.029653 0.48799 -0.091322 -1.0737 0.52971 0.29164 0.23171 0.40213 -0.25177 0.58631 -0.052494 -0.64294 -0.21865 0.12771
-1.2027 0.89236 1.2512 0.44463 0.50635 0.1388 -0.46942 0.093952 -0.57943 0.92601 -0.15302 0.36344 -1.0095 0.060456 0.087499 1.0767 0.19636 -0.51957 0.6565 0.75627 -0.38793 0.17138 0.24748 -0.12992 0.21361 -0.035701 0.27555 -0.3378 -1.34 0.62325 0.73727 -0.0058583 0.3933 0.17127 0.85468 -0.79291 -0.52642 0.0060041 0.17954
-0.85524 1.1795 1.4759 0.805 0.61915 1.2831 -0.61811 -1.2041 0.024751 1.4067 -0.15368 -0.3246 -0.9939 -0.18854 0.13586 0.48869 0.23947 -0.22737 0.34308 0.41658 -0.20499 0.56012 -0.19006 -0.62978 -0.43738 -0.046106 0.11175 -0.24883 -1.3426 0.30888 0.41807 -0.4275 0.17238 0.28093 0.25708 -1.1534 -0.40818 -0.030189 0.072189
-0.59103 0.99681 0.71007 0.71169 0.33285 1.3547 -0.31465 0.32667 0.096771 0.98422 -0.53975 0.20903 -0.93566 0.10494 0.096373 0.065756 0.59951 0.13661 0.24811 0.79699 -0.05485 1.1332 -0.82574 -0.31801 -0.36101 0.083182 0.0001778 -0.28173 -1.3904 -0.27493 0.16092 -0.84385 -0.099801 0.66813 -0.6319 -0.69561 -0.048196 0.24601 0.019262
-0.95518 0.81726 1.321 1.1779 0.60745 1.0651 0.87018 -0.82604 -0.52847 -0.10622 -1.1825 0.79273 -0.98275 0.19315 -0.11883 -0.74817 0.28751 -0.28168 -0.13353 0.70239 0.14775 0.094599 -0.75909 -0.35836 0.036096 0.04828 0.097438 -0.16712 -0.73096 -0.52509 -0.10398 -0.92092 -0.38478 0.56373 -1.1242 0.036481 0.36246 0.58958 -0.057143
-0.94343 0.95361 0.57522 0.7832 0.97991 1.1118 -0.19878 -1.1597 0.013034 1.0594 -1.028 -0.85548 -1.029 -0.12922 -0.29256 -0.79011 -0.33281 -0.17796 -0.79044 0.39399 0.77384 -0.92135 -0.87558 -0.35692 0.45142 -0.041617 0.14535 0.055552 -0.31909 -0.78874 -0.37933 -0.68356 -0.64404 0.72765 -0.94842 0.74783 0.51203 0.23739 -0.096718
-1.0295 0.85511 1.0411 1.3406 0.40669 0.4604 0.58354 -0.32673 1.338 0.38088 -0.025128 -0.56487 -0.91559 0.1073 0.030767 -0.38651 -0.25964 -0.29147 -0.97809 -0.21972 0.51065 -0.7876 -0.10276 0.17966 0.32466 -0.081154 0.28961 0.22473 0.32951 -0.34718 -0.40496 -0.20695 -0.20244 0.44772 -0.1909 0.72959 0.39857 -0.25353 -0.0034031
-0.63514 0.94824 0.30708 0.55968 -0.16223 0.55008 0.37206 0.30211 -1.2049 -0.21093 -0.7971 0.90132 -0.96586 0.41411 0.12583 -0.67994 -0.5771 -0.63687 -0.69206 -0.14237 1.2205 -0.42592 0.33679 0.52394 -0.048151 -0.021402 0.26959 0.25004 0.34694 0.047328 -0.38552 0.44009 0.093989 -0.039541 0.37998 0.64629 0.2093 -0.3449 0.030609
-1.0162 0.76909 0.48706 0.3199 0.63681 0.68536 -0.029299 0.11745 -1.8732 -0.026726 -1.0861 0.50053 -1.0557 0.45113 0.083031 -0.20554 -0.2284 -0.88246 -0.58531 0.52847 0.82308 -0.53852 0.088803 0.068696 -0.24824 0.038297 -0.22439 0.1172 0.39733 0.27999 -0.20523 0.51289 0.32593 -0.14816 0.76587 0.26477 0.15469 -0.060421 0.011928
-0.46544 1.0758 0.69626 0.94726 0.079137 0.14019 -0.40714 0.18848 -0.43287 1.092 -0.30245 0.40475 -1.0223 0.19195 0.13826 -0.25163 -0.26089 -0.67338 -0.086351 0.22106 0.54475 -0.21436 0.31545 0.15987 0.019263 -0.039464 -0.41176 0.088217 0.39557 0.57735 0.34957 0.63009 0.30977 -0.21498 0.67203 -0.15202 0.23342 0.20238 0.0094502
-0.56806 0.94933 0.26296 0.47164 -0.20034 0.46954 0.89463 0.43627 -0.1507 0.77198 -0.23033 -0.54425 -0.97212 -0.19049 0.24059 0.11862 0.09771 -0.69943 -0.23387 0.30306 0.55909 0.76076 0.42867 0.7058 0.14675 -0.044162 -0.4089 -0.046755 0.17414 0.35703 1.0134 0.50646 -0.15557 0.20718 0.35367 -0.31022 0.3384 0.12036 -0.0071116
-0.53436 0.97023 0.61525 0.87415 -0.53707 0.25558 1.123 -0.066578 -0.50393 0.54919 -0.9043 -1.2362 -0.92156 -0.016049 0.21054 -0.12589 0.32221 -0.032327 0.41533 0.63977 0.92983 0.37855 -0.14926 0.71846 0.1408 0.043289 -0.24033 -0.12884 0.44657 0.18892 1.1815 0.36282 -0.19844 -0.060889 -0.22427 -0.39886 0.16745 0.15568 -0.0070639
-0.91424 0.98354 0.48235 0.66736 -0.47171 0.59079 0.31659 0.85484 -0.20071 0.3221 0.099167 1.1984 -1.0296 -0.19062 -0.034384 0.05081 0.13719 0.83599 0.19798 -0.021275 1.0496 -0.059517 -0.31259 0.52775 -0.08818 -0.0096878 0.079484 -0.26914 0.34785 -0.19744 1.1274 0.32362 -0.43702 -0.43693 -0.49176 -0.45894 -0.20395 0.22803 -0.020903
-0.99963 1.1941 0.54376 0.53376 -0.67922 0.1858 0.36723 0.96448 -0.52286 0.71613 0.067248 1.2221 -1.08 -0.24596 0.045612 0.58981 0.067335 0.93789 0.44258 -0.050203 0.18406 -0.26076 -0.12565 0.62038 0.42889 -0.063223 0.20188 -0.39538 0.35821 -0.37839 0.45697 -0.10117 -0.39518 -0.72809 -0.023981 0.087694 -0.31754 -0.014157 0.003776
-0.56705 0.98828 0.30312 1.0838 1.1557 1.3302 1.1801 1.2247 -0.91319 0.002535 0.03739 -0.39786 -0.9403 0.070433 -0.16151 0.39136 -0.13749 1.085 0.41841 -0.30311 0.066757 0.053665 -0.51549 0.32929 0.44094 -0.022555 0.40418 -0.31138 0.021401 -0.18101 -0.28877 0.0051938 -0.26576 -0.51103 0.34868 0.29739 0.015708 -0.0875 0.062252
-0.63073 0.92461 0.78365 0.89943 0.94721 -0.06444 -0.37756 1.3079 -0.054954 0.79651 0.28519 -0.73216 -1.0062 0.22288 -0.43939 0.35299 -0.2359 0.75651 0.11555 -0.079688 -0.024489 0.29237 0.11741 0.14836 -0.17454 0.062881 0.19758 -0.1855 -0.3449 -0.061718 -0.57327 -0.16445 -0.53682 0.049233 0.13858 0.29091 0.23247 0.069575 0.031172
-1.0335 1.0451 1.2245 0.447 0.20384 1.1984 1.5066 -0.23764 -0.81785 0.39747 0.27657 0.44191 -1.035 0.3138 -0.35305 0.21467 -0.043604 0.33148 0.38614 -0.58605 0.14092 0.42873 0.15214 0.8096 0.014662 0.046591 -0.10665 0.24125 -0.32815 0.30865 -0.62153 -0.097629 -0.63182 -0.19998 -0.26894 0.50659 0.15436 0.55356 -0.0017152
-0.45291 0.78145 0.71448 0.69071 0.71182 0.65478 -0.12139 0.69301 -0.12165 -0.75461 -0.41086 0.73317 -0.97583 -0.006039 -0.19151 0.067031 -0.092624 0.14393 0.14172 -1.0765 0.25111 -0.13136 0.11378 0.89124 0.76031 -0.034894 -0.20625 0.47033 -0.43739 0.49899 -0.38648 -0.48487 -0.75174 -0.35579 -0.43132 0.47759 -0.046069 0.60519 -0.027617
-0.73869 0.5936 0.66959 0.40341 0.47804 0.52767 0.36314 1.4979 0.18268 1.4226 0.65274 0.85584 -0.98256 -0.0089968 0.15555 -0.046778 0.35904 0.12295 0.22289 -1.1786 -0.46381 -0.28624 0.49264 0.30126 1.069 0.029522 -0.37565 0.41461 -0.0019007 0.45124 -0.34742 -0.61584 -0.026208 -0.86871 -0.30642 0.54786 -0.65348 -0.10815 -0.011897
-0.40509 0.98578 0.69363 1.0041 0.52887 1.147 -0.54266 1.2721 -0.23103 0.61921 1.5551 -0.12117 -0.99952 0.0085316 0.16275 -0.29321 0.48102 0.067935 -0.76512 -1.4175 -0.42556 -0.24806 0.89524 0.3158 0.49805 0.027577 -0.17219 0.14391 0.31674 0.1365 -0.33272 -0.44907 0.69961 -1.0228 -0.057557 -0.18018 -0.99775 -0.60662 0.02392
-0.8211 0.81636 0.66621 0.89445 1.6319 0.99625 -0.85889 1.1615 -1.4333 0.022165 0.89832 0.49433 -1.0125 -0.37853 0.22521 0.39846 0.5 -0.34435 -0.3865 -0.47518 -1.2469 -0.14459 0.85058 -0.29294 -0.094777 5.7339e-05 -0.043315 -0.26224 0.34472 -0.52701 -0.25881 -0.098944 1.2326 -0.55481 0.29475 -0.76036 -0.83075 -0.36516 0.01212
-0.79866 1.2376 1.0858 1.1112 0.30129 0.2945 -1.4321 -0.66706 -0.27284 1.7169 -0.15756 1.5582 -0.97445 -0.13482 0.038153 0.41923 0.088447 -0.30653 -0.44379 0.087217 -1.3908 -0.30334 -0.43783 -0.94076 0.09516 0.029572 0.19638 -0.29514 0.10687 -0.66415 -0.24002 0.45119 1.2885 0.39142 0.51971 -1.2971 -0.61412 -0.11625 0.037855
-0.75607 0.90595 0.47877 0.81968 0.22387 -0.01025 -0.54988 0.0037701 -0.75414 1.2851 0.68262 0.9376 -0.98981 -0.015562 -0.2542 0.22197 -0.41348 -0.22442 -0.12286 0.74115 -1.0814 0.39126 -0.37841 -0.84116 0.51097 0.056833 0.43651 -0.21505 -0.50464 -0.68321 0.1102 0.61191 0.8356 1.7961 0.31338 -1.381 -0.11633 -0.18028 0.042134
-0.9499 0.82028 1.3971 1.2256 0.23254 0.64905 -0.3229 0.017968 0.18202 0.93532 -0.44729 -0.1139 -0.98131 0.18645 -0.12927 -0.0063207 -0.28327 -0.48861 0.025883 0.76752 0.27815 0.61343 -1.1056 -0.71589 -0.061744 0.074224 0.27029 0.16629 -0.54507 -0.32798 0.27132 0.82011 0.25667 1.7905 0.10617 -0.73292 -0.12436 -0.25245 -0.0042738
-0.62185 0.73007 0.98481 0.44662 0.49883 0.44917 0.33843 0.13253 -1.0236 -0.25451 0.14811 0.84147 -0.9634 0.25868 -0.077553 -0.28622 -0.57023 -0.041445 0.62515 0.99517 1.5058 0.086585 -1.5994 -0.6429 -0.40254 0.060535 0.12823 0.49315 -0.6842 -0.033207 0.4792 0.33837 -0.46924 1.1858 -0.14989 -0.050912 0.0028095 -0.059496 -0.070109
-0.50907 0.8086 0.76114 0.59855 0.83142 1.1936 0.062348 -0.27759 0.2571 0.15762 0.4439 1.1552 -0.9534 0.22242 0.2549 -0.29661 -0.4359 0.13977 0.84799 0.5144 0.89159 0.096844 -1.3098 -1.2946 0.019984 0.026265 -0.056678 0.38709 -0.54519 0.22311 0.49194 0.021308 -0.9 -0.21229 0.019813 0.88169 0.19283 0.047206 -0.075155
-0.7364 0.97083 0.70643 0.91047 0.16284 0.2968 -0.3159 1.401 -0.26656 -1.0303 -0.77632 0.62679 -0.93472 0.20144 0.45154 -0.8522 -0.39774 0.41967 0.1617 -0.15337 0.98217 0.35156 -0.38937 -0.53363 0.32777 -0.040177 -0.23103 0.14809 -0.22199 0.5695 0.020289 -0.28033 -0.93397 -1.2624 -0.0024668 1.2325 0.5274 -0.066055 -0.021131
-0.5132 1.0841 0.6588 0.33397 0.04632 0.98091 0.65785 1.344 -0.41944 -0.23883 -0.78465 0.50846 -0.93879 0.11243 0.31167 -0.69349 0.041329 0.26489 0.3147 -0.61408 0.12262 0.54471 0.048877 -0.34457 -0.35378 -0.0055714 -0.31222 -0.37343 0.029561 0.51934 -0.1328 -0.28234 -0.50777 -1.5152 -0.2272 1.1106 0.69921 -0.16569 0.031265
-0.62527 1.0245 0.55869 0.55643 0.74003 1.271 0.25054 0.38932 -0.37814 -0.75575 -1.419 0.58566 -0.99342 -0.10732 0.16613 -0.4786 0.23909 -0.074027 0.34142 -0.47017 -0.62095 -0.12107 0.18519 0.026026 -0.37123 0.044391 -0.45458 -0.57187 0.57075 0.52816 -0.53575 -0.60081 0.096285 -1.4169 -0.57702 0.49987 0.51868 -0.082494 0.07207
-0.59822 1.1959 0.25808 0.60079 1.1943 0.45617 -0.80758 1.1685 0.79771 0.46947 -0.072325 0.86484 -1.0238 -0.19243 -0.2761 -0.42333 0.20135 0.10693 0.20371 -0.43188 -1.322 -0.12964 0.62198 -0.061778 0.01274 0.04705 -0.29342 -0.30593 0.75919 0.34342 -0.74413 -0.87321 0.63115 -0.44726 -0.45313 0.33161 0.46218 0.16152 0.071277
-0.40303 0.91209 0.18424 0.65105 0.60419 1.1605 -0.70591 -0.24382 -0.076546 -0.46239 0.013581 0.31008 -0.90666 -0.47529 -0.28814 0.042849 0.49414 -0.59615 -0.97858 -0.038321 -1.1147 -0.51978 0.3169 0.45023 -0.04425 0.07067 0.0020866 -0.10367 0.6749 0.14737 -0.65506 -0.70275 0.86671 0.55167 -0.15955 -0.039874 0.35999 0.029752 0.016685
-0.88082 1.0546 0.42591 1.0982 -0.0091002 1.3826 -0.28396 -0.26634 -0.55535 -0.047139 -0.25561 0.47479 -0.88441 -0.23849 -0.012471 0.41368 0.54593 -0.99037 -0.76967 0.53684 -0.51634 -0.20035 0.638 0.44731 -0.21334 0.11701 0.16846 0.13482 0.54533 -0.034953 -0.13873 -0.42484 0.79179 1.1516 0.057138 -0.005431 0.51016 -0.16264 -0.068512
-0.8882 0.62192 0.26429 0.72255 0.45693 0.42145 -0.37334 0.22717 -0.57648 0.17436 -1.7215 0.71834 -0.93685 -0.079637 -0.15017 0.31971 0.33835 -0.86153 -0.57296 0.9235 0.082128 -0.4043 0.086258 0.55617 -0.22031 0.04601 0.33247 0.11286 -0.0063416 -0.50101 0.41761 0.30713 0.29589 0.63637 0.48737 0.26639 0.32578 -0.19905 -0.14051
-1.0483 0.97585 0.87581 0.89582 -0.61091 -0.41734 0.82683 -0.13918 -1.0446 0.030898 0.40962 0.41595 -0.92725 -0.081831 -0.09708 0.4228 0.21546 -0.052077 -0.84049 0.80265 0.3816 -0.044043 0.71554 0.99222 -0.24981 -0.05871 0.1908 0.037939 -0.52802 -0.709 0.66535 0.79532 -0.33899 -0.046013 0.53287 0.21602 0.41583 0.1651 -0.17092
-0.56476 1.2495 0.83238 1.2602 -0.072567 0.7993 0.33934 0.15646 0.55209 0.79201 -0.2364 0.28448 -0.88791 0.05428 -0.037659 0.034005 -0.2616 -0.23159 -0.31047 0.46807 -0.2888 0.46254 0.80215 0.88906 -0.45013 -0.090282 0.04589 0.055401 -0.30329 -0.70454 0.57874 1.0896 -0.97592 -0.35973 0.53645 0.16374 -0.36602 0.53197 -0.085742
-0.56529 0.77639 0.22717 0.84238 0.048277 0.33118 0.32998 1.0338 -0.39785 -0.21397 1.0206 0.42355 -0.96039 0.04378 0.0035822 -0.38284 -0.45761 0.029509 0.71495 0.026135 -0.41665 0.52369 0.70294 1.1854 0.21274 -0.11887 -0.19652 0.027717 -0.046604 -0.57827 0.04974 1.0664 -0.75285 -0.2508 0.27595 -0.51929 -1.1315 0.52061 -0.015667
-0.85563 0.74558 0.85519 1.0189 0.62435 0.31455 0.5658 -0.35092 -0.65843 1.0917 0.70698 -0.04674 -0.95556 -0.057809 -0.096527 0.18598 -0.62043 0.25732 0.85783 -0.80886 -0.23003 0.4769 0.41048 -0.31379 0.60035 -0.073283 -0.15591 0.11511 0.46742 0.13028 0.11165 0.75813 -0.14798 0.098103 0.0010038 -0.68485 -1.4475 0.46472 0.037574
-0.96614 0.98322 0.30971 0.50429 -0.83104 0.6852 0.38201 -0.79295 0.36258 1.274 -0.24983 0.05543 -0.9878 -0.38377 -0.013873 0.27037 -0.6682 -0.20698 0.73722 -0.19543 -0.14188 0.55855 -0.14217 -0.8225 0.25394 -0.089352 0.2051 0.18255 0.36828 0.64092 0.31212 0.22137 0.37748 0.3072 -0.29177 -0.74472 -1.183 -0.057852 0.088336
-0.76649 0.79013 -0.018746 0.32494 0.42259 1.0734 -0.072092 0.071407 0.11018 0.86506 0.83779 1.437 -1.0404 -0.015781 0.18334 0.55231 0.083798 0.10144 1.2194 0.25494 -0.22461 0.46878 -0.16127 -1.2013 0.44542 -0.030518 0.29311 0.10765 -0.02063 0.96015 0.67768 -0.23277 0.72242 0.21737 -0.82578 -0.5089 0.13802 -0.50325 0.065005
-0.87368 1.0711 1.7377 0.62308 -0.12396 0.75039 -0.81284 0.11565 0.10884 0.42239 -0.51301 0.89535 -0.91986 0.39809 0.1982 0.1012 0.36956 0.72777 0.99418 0.3106 0.19912 -0.072688 -0.51738 -0.8975 0.1512 0.026435 0.26805 0.0057868 -0.20144 0.81976 0.4943 -0.55001 0.28154 0.019853 -1.169 0.093483 0.89168 -0.68839 0.06231
-1.0376 1.0176 0.58326 0.54961 -0.33001 1.5301 0.8695 0.38231 1.2606 0.088594 -0.92729 -0.07625 -1.0123 0.087296 -0.0038361 0.24066 0.62712 1.1497 0.27476 0.50303 0.038842 -0.94626 -0.43459 0.032044 -0.38662 -0.0068475 -0.095018 -0.21112 -0.65938 0.041824 0.044766 -0.78562 0.074784 0.14056 -1.0723 0.39729 1.5741 -0.4244 -0.023265
-0.49676 0.83516 0.88221 1.274 0.6493 1.5826 1.1477 -0.15848 -0.49917 0.33929 -0.24612 0.98565 -0.98947 0.054966 0.093716 0.072195 0.56835 0.25771 0.11605 0.28869 -0.22805 -1.2043 0.17134 0.48653 -0.74221 0.018248 -0.28746 -0.31311 -0.10077 -0.24681 -0.49462 -0.60248 -0.58308 -0.27116 -0.49168 0.49531 1.4728 0.31413 -0.085708
-0.39524 1.0597 0.44953 1.0629 1.3885 1.2645 0.49514 -0.4836 -0.63479 0.74247 -0.53015 0.08523 -0.92928 -0.016867 -0.14377 -0.60801 0.061821 0.41597 0.090468 0.42538 0.27521 -1.2297 0.28122 1.4969 0.01299 -0.062363 -0.23485 -0.23775 0.066822 -0.54961 -0.86496 -0.41501 -1.0052 0.021124 0.71773 0.21374 0.48461 0.66081 -0.051532
-1.1857 0.87639 0.69836 0.8542 0.64306 0.75689 0.55957 -0.23819 -1.1396 0.34561 0.64999 0.12368 -1.0502 -0.073844 -0.29614 0.352 0.19876 0.08305 -0.11282 -0.91871 -0.45374 -0.95756 0.10838 1.5429 0.56348 -0.09512 -0.14411 -0.18198 0.2776 -0.53692 -0.58846 -0.17519 -0.80552 0.24613 1.3557 -0.1643 -0.81531 0.78917 -0.022236
-0.67405 1.0436 0.84568 0.96121 -0.13684 1.3641 -0.16047 0.18885 -1.2281 1.0759 0.9358 0.4002 -0.95797 -0.27626 -0.23656 0.22762 -0.19844 -0.52368 -0.43241 -1.0775 0.19978 0.4819 0.015183 0.556 0.27262 -0.037425 0.091674 0.02618 0.35944 -0.18249 -0.21199 0.10391 -0.4923 0.012464 1.5474 -0.3118 -2.0251 -0.079205 0.10674
-0.91017 0.82859 0.58531 0.61048 0.60249 1.2993 1.0952 0.80781 -0.88009 0.39635 1.0171 0.84278 -1.0241 -0.077627 -0.1864 0.15905 -0.28853 -0.4739 0.038857 -0.7107 0.30638 0.85138 -0.036396 -0.78058 0.69923 -0.02829 0.13561 0.12173 -0.25386 -0.1154 0.59956 0.042403 0.15257 0.03614 1.2843 -0.24148 -1.8317 -0.55904 0.091131
-0.78984 0.59193 1.2556 1.3747 0.37195 1.5029 -1.0337 -1.3163 -0.51557 0.16994 0.90663 0.96702 -1.1132 0.15325 -0.14766 0.13983 -0.029673 0.25455 0.23807 -0.74974 -0.074028 1.186 -0.28331 -1.6751 -0.23701 0.10432 0.2588 0.3132 -0.1873 0.046293 0.77939 -0.46937 0.29179 -0.27934 0.21627 0.017593 -0.47133 -0.42593 0.078112
-0.7911 0.81509 0.77582 0.83784 0.24381 0.5162 -0.54427 0.44317 0.45882 0.71689 -0.17862 0.64296 -0.92933 -0.040152 -0.11632 -0.052056 -0.097379 0.89569 -0.34848 -0.7543 -0.23881 1.4496 -0.2381 -1.2603 -0.33269 0.0057709 0.0045958 0.42581 -0.39103 -0.095726 0.51883 -1.0583 0.5471 -0.035978 -0.54174 -0.10657 0.79042 -0.083798 0.082648
-0.74695 0.97702 0.53706 0.47714 0.49164 1.4538 -0.14213 0.15895 0.046412 0.68927 -1.5521 0.86829 -0.99925 0.17838 0.29989 0.0045346 -0.20838 0.35706 -1.1698 -0.4253 -0.078628 0.66533 0.1405 -0.20351 -0.093644 0.093671 -0.17614 0.26473 -0.3061 -0.18567 -0.20194 -0.63386 0.72732 -0.10653 -1.1102 -0.040604 1.5105 0.652 0.006995
-0.91079 0.70808 1.0835 1.0714 0.86183 1.3722 -0.6628 -0.21497 0.32779 -0.18793 -0.70523 -0.63238 -0.91198 -0.080955 0.36553 -0.46713 -0.37474 0.51329 -1.3743 0.31152 0.24292 -0.021606 -0.47314 0.19204 0.43615 0.1334 -0.022384 0.018557 -0.12601 0.09918 -0.85473 0.010617 0.85866 0.13025 -1.1908 0.028318 1.4318 0.65101 0.0072346
-0.75138 0.82444 0.66713 0.81114 1.499 0.74802 -1.0531 -0.048317 1.1567 0.71348 0.33911 0.71906 -1.0648 -0.14712 0.095002 -0.19422 -0.23199 0.026203 -0.51137 0.2929 -0.52133 -0.42356 -0.25818 0.85238 0.67286 0.059513 -0.033681 -0.15567 -0.031488 0.18373 -0.96641 0.71171 0.80583 0.24346 -0.64697 0.056709 0.6431 0.0783 -0.099772
-0.58716 1.15 0.88611 0.58236 0.37605 -0.46394 0.15911 0.054967 -0.40015 0.64114 1.1664 1.2026 -0.93468 0.08257 0.02328 -0.17147 0.097336 -0.67894 -0.64214 0.74716 0.24822 -0.52281 0.007242 1.2967 0.57635 0.042289 0.085003 -0.26009 0.18653 0.23956 -1.0383 1.136 0.48873 0.086511 -0.12774 0.30329 0.25034 -0.61085 -0.071085
-1.0573 0.95679 0.34148 0.83195 1.0031 0.062553 -0.44312 -0.51237 -0.36147 -0.91544 -0.21657 1.4479 -0.90534 0.035968 0.19222 -0.19265 -0.106 -1.0128 -0.088408 1.1028 0.41012 -0.44168 0.0033119 0.63641 -0.027838 -0.035621 0.22187 -0.31585 -0.17928 0.1716 -0.31839 1.047 -0.033997 -0.1178 0.4414 0.31828 -0.17059 -0.83746 -0.014261
-0.93772 0.82084 0.64242 0.39919 0.10911 1.1948 0.094158 -0.15629 -0.011031 0.88462 0.060665 0.91152 -0.9041 -0.016448 -0.15124 -0.12648 0.0033542 -1.0786 0.71613 0.96435 -0.044352 -0.26331 -0.0057806 0.8494 -0.4691 0.058204 0.42707 -0.34241 -0.17746 -0.028993 0.39604 0.73431 -0.55603 -0.39977 0.24121 0.19629 -0.12343 -0.5656 0.013903
-0.48146 0.89186 0.64906 1.0991 -0.26015 0.71709 0.93709 0.76051 -0.43715 0.51149 0.78419 0.67421 -1.0012 0.30834 -0.38702 -0.53098 0.13109 -0.42909 0.93217 0.10773 -0.60395 0.40915 0.37655 0.72209 -0.51758 0.031965 0.42497 -0.32687 -0.11898 0.13732 1.0634 -0.068355 -0.91723 -0.11023 -0.16122 -0.20884 -0.20277 -0.079721 0.06698
-0.90768 1.0554 0.84985 0.78419 0.011908 0.69851 0.66123 0.10583 0.23405 -0.14934 0.67866 -0.60746 -1.0159 0.72701 -0.30454 -0.31331 -0.074041 -0.18073 0.34056 0.035277 -0.035859 -0.4125 0.2039 1.0011 -0.34302 0.040043 0.043107 -0.13817 0.12608 -0.0076536 1.1853 -0.42385 -0.83874 0.49605 -0.52595 -0.49025 -0.84161 0.12144 0.028826
-0.75271 0.68675 0.37528 0.61252 -0.08536 0.98226 0.45349 -0.56913 0.14786 0.72867 2.078 1.2198 -0.90023 0.44102 -0.32039 -0.30542 0.18575 0.67828 -0.0241 -0.42592 0.19206 -0.68923 -0.53171 0.13752 -0.27404 0.10137 -0.29138 -0.025562 0.4473 -0.0082734 0.58641 -0.36447 -0.56292 0.68541 -0.51566 -0.48447 -1.1748 0.45156 0.013229
-0.27011 0.6828 -0.11226 0.837 0.23367 0.68327 -0.35429 -1.1065 0.13319 0.74663 0.9178 0.80244 -0.85866 -0.0032323 -0.43162 -0.0061823 -0.037556 0.7544 0.35486 -0.59175 0.55267 -0.81377 -0.54688 -0.65231 -0.36785 0.08214 -0.51107 0.21064 0.56841 0.20804 0.018998 -0.085207 -0.27207 0.16201 0.051088 -0.056956 -1.32 0.11448 -0.076481
-0.16876 0.66936 0.40219 0.59895 0.47676 0.90358 0.11888 0.51764 -1.6113 -0.44221 0.83821 0.62115 -0.91594 0.14228 -0.36633 0.1243 0.09813 0.2785 0.20519 -0.80312 0.47437 -0.46791 -0.2317 -0.96024 0.38441 0.041239 -0.44532 0.47462 0.58616 0.046646 -0.7532 -0.0090319 0.49409 -0.093305 0.53003 0.49552 -0.44242 0.1294 -0.13639
-0.60265 0.62224 0.60755 1.0423 0.94139 1.0436 -0.01189 0.79043 -0.79767 -0.042877 0.23734 -0.106 -0.87516 -0.055919 0.10392 0.49777 0.3529 0.04653 0.068492 -0.36932 0.15198 -0.39272 -0.071332 -1.2707 -0.46328 -0.062448 -0.15526 0.64438 0.26336 0.008141 -0.91711 -0.239 0.68138 -0.82334 0.90537 0.62898 0.43702 0.34821 -0.09886
-0.88003 0.55176 0.79428 0.88869 0.48825 1.126 0.11474 0.99875 -1.056 -0.46927 0.16979 -0.22673 -0.97818 -0.34489 0.27605 0.50036 0.076808 -0.50245 0.11507 0.53227 0.21233 0.25164 0.2146 -0.49062 0.012752 -0.067656 -0.0076893 0.44023 -0.023134 -0.20367 -0.48339 -0.12994 0.69805 -1.0284 0.57777 0.38103 0.6567 0.60407 -0.050737
-0.46469 0.62689 0.54685 0.71371 -0.038511 0.8407 -1.1101 -0.66167 0.25921 0.34861 0.2264 1.3629 -0.90338 -0.042288 0.41926 0.28494 -0.011427 -0.72136 -0.067214 0.2164 -0.95197 0.77797 0.48203 0.062873 0.49887 -0.036603 0.1348 0.074609 -0.43979 -0.15895 0.30319 -0.29056 0.10879 -0.9025 0.15999 0.15924 0.71225 1.0348 0.023045
-0.47621 0.9159 0.66145 1.2025 0.1788 0.92872 0.10271 -0.72053 -1.0339 0.81377 0.17599 0.17617 -0.93807 0.12227 0.27786 0.19633 -0.09381 -0.32644 0.025539 0.41604 -1.0183 0.19991 0.24583 -0.20556 1.1008 -0.0575 -0.11545 -0.11344 -0.14495 0.20893 0.96705 -0.50394 -0.63883 -0.26999 -0.32459 -0.16561 0.29727 0.12289 -0.013664
-0.69361 0.92263 0.59585 0.6909 -0.29371 0.93893 1.301 0.62167 -0.016236 0.25745 0.3715 0.58673 -0.93011 -0.042533 0.24183 -0.13144 0.14636 0.56077 -0.45771 -0.077928 -1.0262 -0.0042776 0.22192 0.12743 1.0599 -0.01938 -0.48156 -0.35683 0.079287 0.165 0.67553 -0.6979 -0.81182 0.52902 -0.23013 -0.23862 0.0016594 -0.43591 0.0045574
-0.30982 0.96399 0.94582 0.72908 -0.10361 0.93378 -0.22174 -0.56131 -0.32624 0.033188 0.88654 0.95185 -0.94534 -0.55473 0.16256 0.45582 0.38267 0.80162 -0.69037 -0.70968 -0.2829 -0.027637 0.00126 0.1272 -0.04183 -0.094773 -0.48735 -0.32231 0.33349 0.32437 0.091736 -0.45924 -0.88759 0.57076 -0.029379 -0.088127 0.13157 -0.93275 0.034781
-0.6933 0.65724 0.82989 1.0202 0.73361 1.1915 0.41199 -0.48618 -0.72498 0.20411 -0.69767 1.4697 -0.96971 -0.58221 -0.16669 0.3044 0.054296 0.070039 -1.1006 -0.98525 -0.25888 0.42271 0.11433 -0.087815 0.16785 -0.0033883 -0.19718 -0.34815 0.17415 0.15998 -0.46193 0.33687 -0.051194 0.72787 -0.15884 -0.15152 -0.03436 -0.67498 0.036263
-0.85058 0.87093 0.2888 1.1041 1.2213 0.12083 -0.95802 -1.0751 -0.64382 0.383 0.82078 1.4662 -0.96038 -0.49689 -0.098873 0.58326 0.5493 0.093434 -0.5637 -1.0592 -0.25795 -0.054675 0.11181 0.19655 -0.35869 0.0039565 0.42611 -0.1605 -0.28477 -0.17554 -0.7023 0.77066 0.50672 0.5225 0.025785 -0.069444 0.058813 -0.31878 0.061953
-1.1551 0.98423 1.5017 1.3232 0.57749 0.12961 -1.7684 -0.56595 0.17294 0.63387 0.42425 0.079214 -1.0084 -0.43063 -0.2553 0.12408 0.35777 -0.03061 0.17155 -0.01704 0.41855 -0.30782 -0.14844 0.031152 -0.16676 0.0033998 0.67399 -0.075394 -0.52184 -0.5152 -0.5944 0.84067 1.1947 0.72453 0.084385 -0.18616 -0.46139 -0.37221 -0.023558
-0.97498 0.66069 0.80149 0.76534 -0.70831 -0.12413 0.080196 -0.22242 -0.067971 0.69064 -0.005395 0.62327 -0.88756 0.14835 -0.080691 0.042626 -0.091434 -0.57976 0.23977 -0.096954 0.42615 0.41413 -0.017649 0.20606 -0.54039 0.02062 0.60586 -0.018281 -0.90809 -0.79938 -0.33123 0.37734 1.4198 0.2328 0.048227 -0.25315 -0.60239 -0.029352 -0.0827
-0.9376 0.87037 1.4709 1.4956 0.34533 1.0482 -0.66285 -0.040813 -0.61317 -0.085568 1.0052 0.521 -0.95228 0.32663 -0.309 -0.35358 -0.5724 -0.80681 0.20487 1.1235 0.84966 0.38972 -0.20558 -1.0706 -0.51505 -0.048189 0.3102 0.2101 -0.43288 -0.22985 0.46918 0.13685 0.62599 -0.54231 -0.12733 -0.19495 -0.33402 -0.12235 -0.11959
-0.83397 0.51654 0.56345 1.1375 0.7249 1.4118 0.12673 -0.33705 -1.3076 -0.24563 0.10168 1.4919 -0.97856 0.23154 -0.10167 -0.79854 -0.45535 -0.19956 0.19374 1.4487 -0.0033572 -0.27911 -0.37878 -0.53321 -0.26601 -0.1141 -0.22323 0.28624 -0.16641 0.29719 0.70211 -0.27446 0.15467 -0.63754 -0.14057 -0.073655 -0.28467 0.012114 -0.078806
-0.51925 0.81271 0.73333 0.80837 -0.071175 0.44156 -0.89091 -0.33361 0.94578 0.79914 0.020567 0.20211 -0.94982 0.09501 0.1397 -0.22416 0.11748 0.7173 0.48434 0.5658 -0.44201 -0.21111 -0.37018 -0.30391 -0.5732 -0.14006 -0.33803 0.52854 0.3661 0.5653 0.35534 -0.59791 -0.72616 -0.43183 0.14532 0.014882 0.16428 -0.10008 0.016574
-0.76021 0.57893 0.27768 0.39397 -0.50826 -0.24154 1.1196 0.42201 0.16353 0.082048 -1.1226 0.041062 -1.0378 -0.14259 0.21756 -0.31328 0.11072 0.06739 -0.43851 0.51474 -0.19323 0.43643 -0.094103 -0.77607 -0.50905 -0.070224 -0.15872 0.25139 0.4486 0.42363 0.053576 -0.45011 -0.63867 0.087001 0.01555 -0.19073 0.15056 0.40491 0.097672
-1.0384 0.90839 0.73152 1.0645 0.15883 0.74873 1.0627 -0.88371 -1.1491 -0.16272 0.4188 0.0064124 -1.0689 -0.10266 0.49338 0.067085 0.18477 -0.23254 -0.66893 0.011838 0.089545 0.36326 -0.3289 -0.58448 -0.6178 -0.033732 0.12495 -0.037153 0.0049437 0.11209 0.17223 -0.042674 -0.72969 0.080983 -0.26524 -0.12395 0.58068 1.2089 0.15066
-0.76562 0.81983 1.0088 1.5147 1.3055 1.4597 -0.043278 -0.72181 -0.69079 -0.25449 0.18382 0.28265 -0.9858 0.041413 0.1809 -0.13298 0.29065 0.37268 -0.12192 0.3369 -0.089697 -0.51161 -0.79324 -0.057687 0.55167 0.016377 0.24461 -0.39086 -0.38075 -0.22628 0.47146 0.41712 -0.7633 0.0048416 -0.31742 0.11272 0.44876 1.3827 0.11501
-1.048 0.95603 0.64103 1.3617 0.011399 0.17689 0.036222 0.057283 0.69198 -0.0014938 -0.75714 0.35043 -1.0069 0.23201 0.094163 -0.29837 0.23417 0.90199 0.25428 -0.93157 -0.32634 -0.28096 -0.28036 0.59521 1.3152 0.096484 0.048233 -0.54645 -0.51571 -0.32725 0.18075 0.47226 -0.37667 -0.0086718 -0.23783 0.30302 0.21594 0.95149 0.029311
-0.64955 1.066 0.4995 0.72071 -0.4273 -0.10779 -0.057403 -0.027908 -0.0059523 -0.3906 -0.99858 0.058092 -1.0065 0.13754 -0.28814 -0.80595 -0.32966 0.44275 -0.045905 -0.67278 0.030339 0.10343 0.097098 -0.39071 1.2941 0.079784 -0.11187 -0.34489 0.082681 -0.040434 -0.24232 0.60676 -0.00084898 -0.2407 -0.11888 0.22654 -0.0091587 -0.19923 -0.082203
-0.51434 0.738 0.39099 0.99263 0.68731 0.34462 1.0518 -0.49497 -0.74438 -0.81504 0.22329 1.106 -0.97073 -0.061809 -0.25957 -0.51374 -0.10646 0.087002 0.25832 -0.30351 0.018207 -0.42971 -0.17649 0.057577 0.90998 -0.0059143 -0.20353 -0.093489 0.7178 0.33613 -0.51847 0.65046 0.64389 0.11816 0.059577 0.00043582 0.045487 -1.2621 -0.12114
-0.74818 0.74882 0.1664 1.1141 1.5787 0.99199 -1.0556 -0.65984 -0.98692 -0.11521 0.62973 1.9041 -0.96496 -0.015101 -0.26417 0.12999 0.38709 0.27894 1.1122 0.018231 -0.73592 -0.66913 -0.40117 0.20361 0.32978 -0.075372 -0.019237 0.32196 1.1614 0.42028 -0.62325 0.44221 0.4702 0.61955 0.4878 0.049435 0.36738 -1.9878 -0.064817
-0.98871 0.6047 -0.0014344 0.9276 0.66013 0.93553 -0.17542 -0.6635 -0.23018 0.21978 -0.99249 1.1538 -0.98658 -0.062453 -0.083851 0.52736 0.4945 -0.075957 0.99937 0.1174 0.29837 0.25385 -0.041206 0.40781 -0.77318 -0.039585 0.26026 0.4098 0.92376 -0.041797 -0.69085 -0.24011 0.50579 1.1969 0.97086 0.22271 0.25418 -2.0745 0.034832
-0.87263 0.77806 0.67099 1.5159 0.37487 1.0358 -0.26969 0.02405 -0.74774 -0.9287 -0.07303 0.86156 -1.0234 0.10359 0.21138 0.76231 0.14334 -0.74756 0.4883 0.13433 1.1315 0.82304 0.11786 0.23474 -1.9001 -0.014762 0.35706 0.38056 0.35914 -0.46218 -0.42344 -0.74338 0.25401 1.397 0.79151 0.30886 0.48927 -1.3058 0.10459
-0.76197 0.80392 0.88353 1.5142 0.054478 1.1187 0.64829 -1.2806 -0.54113 -0.94742 -0.54143 0.39538 -1.0966 0.3549 0.24933 0.83299 -0.060957 -0.80829 0.10088 0.73324 1.4769 0.91532 0.00031869 0.59964 -2.186 0.033327 0.35783 0.20347 0.014732 -0.45876 0.062801 -0.56603 0.095088 0.66674 0.17662 0.13655 0.56729 -0.34095 0.092095
-0.54441 0.88888 0.90993 1.0781 0.22823 1.0708 0.24588 0.84791 0.37179 -0.15008 0.59031 -0.67852 -0.95988 0.42902 0.26289 0.628 -0.18473 -0.22251 0.078523 0.25874 1.4663 0.70893 0.18736 1.1698 -1.6226 0.084366 0.19807 0.030204 -0.13606 -0.21229 0.40982 -0.21607 -0.050703 0.16227 -0.11204 0.086603 0.56292 0.28796 0.06518
