39 213
0.26983 1.0959 0.45692 0.77781 0.56527 1.0851 1.182 -0.2206 -0.75499 0.24434 -0.47374 0.097567 -0.99841 0.16413 0.1293 -0.33739 0.12921 -0.26668 -0.41952 -0.21322 1.1068 0.064008 -0.76897 0.026542 -0.53622 -0.15366 0.07488 -0.023182 -0.19661 -0.035508 0.029538 0.36637 -0.22746 -0.27919 -0.13962 0.016503 0.28928 -0.12119 0.00054481
0.26267 1.0254 0.096648 0.61736 0.58789 0.78055 0.61971 -0.19887 -0.43033 -0.19734 -0.35105 0.52778 -1.0886 0.079254 0.1074 -0.58795 0.033271 -0.29192 -0.15933 -0.40275 0.72999 -0.096133 -0.93296 0.58681 -0.71506 -0.17451 0.15211 -0.089932 -0.095596 -0.051981 0.094868 0.45427 -0.32894 -0.56177 -0.057151 0.36697 0.0024508 0.12698 0.024669
0.45097 1.1176 -0.47173 1.0608 0.54129 0.55241 1.3521 0.30308 -1.2957 0.11426 -0.5115 -0.57851 -1.1248 0.34511 0.094929 -0.57299 0.11853 -0.1898 0.17343 -0.56787 0.76858 -0.12727 -0.65709 0.35157 -0.67446 -0.1379 0.12619 -0.15936 0.15732 -0.081203 0.34207 0.4722 -0.27509 -0.74351 0.072214 0.64395 -0.40137 0.46225 0.095492
0.45967 1.3609 0.49847 0.85462 -0.02983 0.54939 0.80909 1.4711 -0.39199 -1.1902 -0.42216 -0.60605 -1.1814 0.35508 -0.015642 -0.38882 0.047326 -0.12024 0.18412 -0.69128 0.21226 0.04601 -0.10186 -0.12596 -0.17349 -0.1144 -0.034919 -0.16823 0.56218 -0.15401 0.35093 0.29289 -0.10925 -0.74095 0.2816 0.74748 -0.56025 0.81938 0.15087
0.23049 1.126 -0.48106 0.68505 0.31147 1.228 0.55541 -0.15325 -1.0032 -0.77027 0.83652 -0.55614 -1.171 0.25971 -0.092802 -0.12636 -0.015732 0.28878 0.34498 -0.61505 -0.043354 0.12668 0.086359 -0.44495 0.19081 -0.01383 -0.3484 -0.14359 0.35484 -0.24295 0.29982 -0.0038791 -0.033574 -0.59692 -0.065272 0.60149 -0.27695 0.59264 0.112
0.88108 1.1541 -0.24034 0.95481 0.50433 1.4432 0.39442 0.61705 -0.84651 -0.18085 -0.52251 -0.36028 -1.12 0.057327 -0.097877 0.26743 -0.1638 0.12645 0.32992 -0.58865 -0.26815 0.31104 0.17096 -0.17247 0.60025 0.029324 -0.47489 0.022265 0.36913 -0.17589 0.039518 -0.12115 0.092162 0.13938 -0.23862 0.12712 0.041001 -0.16176 0.080661
0.60062 0.98555 -0.12014 0.75417 0.41307 0.81916 0.21363 -0.17487 -0.49769 0.26656 -1.0857 0.35516 -1.1852 -0.1507 -0.11999 -0.21576 -0.1944 0.25015 0.077727 -0.67507 -0.1216 -0.38895 0.39341 -0.1949 0.21035 -0.011263 -0.62741 0.094708 0.23701 -0.048232 -0.57858 -0.19025 0.24942 0.27119 -0.23236 -0.34864 0.46608 -0.60167 -0.010518
0.51152 1.0128 -0.14931 0.75982 1.1019 1.0772 0.28226 0.3818 -0.58377 -0.50003 -0.9318 0.18332 -1.102 -0.31846 0.032153 0.36834 -0.16551 -0.018231 0.058703 -0.46196 0.52028 -0.15682 -0.006713 -0.16098 -0.49613 0.028504 -0.43813 0.19252 -0.13399 0.13086 -0.57288 -0.067658 0.38841 0.23468 0.020875 -0.58454 0.35411 -0.77109 -0.031009
0.39914 1.2172 0.40268 0.82668 0.0058787 1.0745 0.63436 0.60912 -0.76719 -0.37774 0.087086 -0.27662 -1.1247 -0.71336 0.0031562 0.28498 -0.095602 -0.69738 0.082335 -0.15989 0.081824 -0.088078 -0.51713 0.52131 -0.49789 -0.027257 -0.1531 0.25505 0.00022095 0.14897 -0.56084 0.02065 0.69462 -0.17886 0.4508 -0.34774 0.016608 -0.20473 -0.020187
0.18288 1.1256 -0.56519 0.50018 0.49712 0.92928 -0.55852 0.87776 -1.3667 -0.56265 -0.21866 -0.57685 -1.2466 -0.47206 0.17269 -0.225 0.016743 -0.44777 0.17632 -0.045634 0.080148 0.19617 -0.53266 0.2091 -0.63838 -0.012028 0.1988 0.14412 -0.31338 0.091108 0.012171 -0.1192 0.54607 -0.43281 0.4255 -0.063005 -0.33564 0.57405 -0.024167
0.15811 1.1376 0.33439 0.6869 0.38973 1.5971 0.11591 0.40376 -0.86559 -0.36194 -0.11297 -1.1365 -1.06 -0.35721 0.2513 0.093463 -0.024157 -0.56083 0.045523 0.53889 -0.23744 0.29226 -0.034159 -0.34055 -0.12167 -0.021591 0.59389 0.10539 0.025565 0.14317 0.33499 -0.11545 0.68529 -0.054271 0.25187 0.25777 -0.3952 0.72307 0.035434
-0.066678 1.0294 0.19471 0.92513 -0.82036 1.14 0.39748 0.26871 -0.51174 -0.87836 -0.22451 -0.051091 -1.2139 -0.1287 0.15553 -0.11831 -0.040238 -0.054304 -0.17801 0.30926 -0.1386 0.46234 -0.37557 -0.42155 0.5484 -0.011822 0.6135 -0.068802 0.18193 0.14754 0.13601 -0.16425 0.69539 -0.0098907 -0.23492 0.37236 0.11106 0.49757 -0.0094591
0.17075 1.3401 -0.79013 0.7159 0.56856 0.98613 0.19128 0.16869 -0.15691 -0.65663 -1.0111 -0.40549 -1.1621 0.21387 0.19141 0.29228 0.18419 -0.26588 0.011944 1.0658 0.092071 0.25614 -0.088598 0.021552 0.45437 0.038443 0.61994 -0.12882 0.13827 0.1233 0.18045 0.02493 0.15242 0.2032 -0.43704 0.26955 0.54865 -0.14452 -0.013837
0.068618 1.4526 0.59289 0.64949 -0.078451 1.147 1.2866 0.50634 -0.7413 -0.32773 -0.95907 -0.1353 -1.1359 0.37759 0.077482 0.032894 0.17146 -0.33439 -0.15275 1.1146 -0.099391 -0.23936 0.22827 0.26341 0.14561 -0.054046 0.50587 -0.19818 0.35226 0.13001 -0.16674 0.026658 0.042161 0.03074 -0.27234 0.1941 0.74784 -0.44491 -0.052183
0.22519 1.2379 -0.2356 0.64826 0.18911 0.69819 -0.043419 0.74095 -0.57042 -1.275 -0.064127 0.21948 -1.194 0.53675 0.060139 0.29233 0.086829 -0.077888 0.06812 0.45786 0.13314 -0.197 0.19428 0.4603 -0.19694 -0.020067 0.14578 -0.19833 -0.089391 -0.13254 0.17328 -0.21226 -0.64746 -0.2343 -0.039014 0.056528 0.3767 -0.30616 -0.066971
0.4954 1.2927 0.29671 0.92102 -0.21825 1.5299 1.312 0.79493 -1.0196 -0.37117 0.04968 -0.59594 -1.1179 0.64589 -0.1304 0.5621 0.23693 -0.44642 -0.16739 0.71108 -0.096703 0.16376 -0.13586 0.91571 -0.033575 -0.068612 -0.2112 0.030438 -0.10579 -0.24414 0.29715 -0.14153 -0.81116 -0.23176 0.063772 0.132 -0.19171 0.036177 0.017554
0.47741 1.1529 0.15561 0.99425 -0.63625 1.0567 1.7406 -0.26135 -0.84133 -0.059375 -0.0093974 -0.70693 -1.2226 0.34945 -0.056485 -0.12978 -0.075517 0.1198 -0.42333 -0.034314 -0.35054 -0.024376 0.20252 0.48195 -0.072232 -0.06595 -0.56882 0.19813 -0.56355 -0.39553 0.58116 -0.20699 -1.0168 -0.1376 0.062835 0.013301 -0.62784 0.43192 -0.0050724
0.59997 1.331 0.27768 0.79069 -0.16281 1.0987 0.22482 0.75433 -0.33626 -0.89915 -0.18211 -0.067786 -1.2246 0.08043 0.1843 0.055373 -0.16793 0.12513 -0.20714 -0.27349 -0.29398 -0.20807 0.48247 -0.14027 0.18613 0.0037101 -0.57001 0.32304 -0.86911 -0.32111 0.83004 -0.11916 -1.1449 0.48068 -0.12524 -0.021818 -0.71783 0.2503 0.053752
0.95232 1.208 0.46657 0.89714 -0.095184 0.48855 1.6696 0.21876 -0.040776 -1.0142 0.52719 -0.20487 -1.2302 -0.23308 0.24475 -0.51134 -0.39391 0.71907 -0.34398 -1.1014 -0.025696 0.10473 -0.091334 -0.30949 0.62733 -0.060627 -0.24947 0.14713 -0.72255 0.039955 0.42839 0.090202 -0.25572 0.71329 -0.16171 -0.18215 -0.17838 -0.19407 0.0623
0.20791 1.3599 -0.13384 0.39926 0.33101 0.42942 0.41079 0.29228 -1.3755 0.054687 -0.18066 -0.16451 -1.2079 -0.1176 0.27953 -0.88386 -0.15796 0.79618 -0.4621 -1.0669 0.65839 -0.14463 -0.034849 -0.17306 0.16927 0.026277 -0.060604 -0.15814 -0.68684 0.2506 -0.020551 0.26076 0.09051 0.64838 -0.26921 -0.018315 0.11154 -0.54307 0.058304
0.40838 1.5361 0.0687 0.74738 -0.10738 1.1192 0.015995 0.44211 -0.99418 -0.26995 -0.39868 0.11559 -1.1316 -0.013164 0.1486 -1.0189 -0.0082413 0.58493 -0.12913 -0.1444 0.53285 -0.36968 0.098153 0.13316 -0.44456 0.035131 0.075656 -0.44517 0.48407 0.29772 -0.70598 0.73511 0.72221 0.028095 0.0086407 0.40332 -0.17121 -0.49225 0.16339
0.22868 1.5048 -0.56833 0.56 0.80852 0.8934 0.21165 0.48912 -0.38504 -0.78817 -0.38253 0.070918 -1.3057 -0.14168 -0.049115 -0.98181 0.076894 0.16399 0.19573 -0.55602 0.66295 -0.49002 0.34874 -0.12523 -0.39172 0.06127 -0.64484 -0.79229 1.7191 -0.36356 -0.72054 1.096 0.92654 -1.2455 0.17455 0.58296 -0.62367 0.38832 0.36585
0.68134 1.4715 -0.98428 0.93341 0.43221 -0.10727 0.18014 1.0818 -0.76741 -0.50178 0.049572 -0.58694 -1.1589 -0.08106 -0.3747 0.46815 0.0080612 -0.25855 0.79297 0.12132 0.029428 0.2896 0.51182 -0.68373 -0.099244 0.20945 -1.3087 -0.78958 2.464 -1.0058 -0.53479 0.75062 0.38451 -1.4693 0.66642 0.42488 -0.76644 1.3205 0.63295
0.74642 1.4 -0.7281 0.69682 0.57816 1.0192 0.97215 1.1281 -0.87598 -0.79967 0.51158 -0.72965 -1.1803 -1.2769 -0.85004 1.6462 -0.79383 -0.10268 1.2697 0.69311 -1.4529 -0.14483 0.90857 -1.0538 0.83914 0.57757 -1.39 -0.59168 2.2193 -1.6645 0.15219 -0.057243 -0.17764 -1.5479 1.1708 -0.019168 -0.39862 1.5312 0.86106
0.23184 1.1169 -0.82692 0.76192 -0.10513 0.93205 0.12166 0.69731 -1.3667 0.32126 -0.35902 -0.33241 -1.1309 -1.8671 -0.83741 2.3539 -1.3147 -0.25939 0.83099 0.023734 -1.1976 0.72775 0.65582 -0.98795 1.7406 0.87834 -1.0246 -0.24825 0.73797 -1.7111 0.85646 -1.4234 -1.149 -1.2681 1.1163 -0.57969 0.55627 1.0321 0.8926
-0.0027449 0.96464 1.4977 0.3549 -0.17953 2.3187 0.29579 0.01753 -0.43413 0.69693 -2.0412 0.21401 -0.86186 -1.8207 -0.85793 2.2979 -2.1461 0.45512 0.046411 -0.85553 -1.6612 1.5254 0.23607 -0.7953 1.9314 1.2235 0.16608 -0.022541 -0.90867 -0.93831 1.1912 -2.219 -1.0581 -0.54542 1.2432 -1.167 1.755 -0.068974 0.73675
-1.7062 0.39409 2.0753 -0.37841 0.48417 2.7294 1.3093 -1.6757 -1.0385 0.3349 -1.5281 1.5177 -0.35349 -1.7051 -0.80993 1.5545 -2.281 1.0536 -1.4778 -1.4241 -2.2723 1.5848 -0.30123 0.34618 1.5494 1.4378 0.83888 -0.1286 -2.4791 0.077163 1.0271 -2.2295 -0.34514 -0.083647 0.43919 -1.0632 2.6105 -1.0179 0.47134
-1.4656 0.77203 1.5613 -0.63557 0.43879 0.46337 -0.29805 0.59693 0.99079 -0.50857 -0.70266 1.6353 -0.29763 -1.0506 -0.90798 0.33412 -1.9354 1.45 -2.0609 -0.71833 -1.948 1.7996 -0.92379 1.9256 0.81674 1.5791 1.2576 -0.059454 -2.7522 1.1516 -0.073327 -1.5771 0.48991 0.91642 -0.096263 -0.54148 2.3044 -1.422 0.060753
-0.64578 0.49565 1.3166 -1.3619 1.2976 -0.25261 -1.0751 -0.70857 0.70124 -0.24936 -0.53917 0.8616 0.29642 -0.69995 -1.0422 -1.3554 -1.2833 1.1492 -2.6215 -0.73315 -1.2091 1.4262 -0.86989 3.0731 0.1867 1.5218 1.1628 -0.0628 -1.8492 1.4741 -1.1425 -0.01431 1.1484 1.2125 -0.73388 0.18553 0.78707 -0.92632 -0.21279
-1.4098 0.33487 1.0669 -1.3446 1.7096 -1.0076 -0.85294 -2.1635 0.20314 -0.69951 0.97437 0.92217 0.38762 0.0037303 -0.8506 -1.4566 -0.64443 0.28163 -2.5737 -0.19441 -0.44718 1.4163 -0.55332 2.6275 -0.3471 1.2912 0.71527 0.11766 -0.50014 1.2632 -1.8088 0.91525 1.074 1.2913 -1.0714 0.4194 -0.93426 -0.18087 -0.47926
-1.1741 -0.22845 0.41498 -0.99129 1.5006 -0.63758 0.24512 -1.623 0.96002 -0.54803 1.6552 0.95428 0.79371 -0.080716 -0.95328 -1.0463 -0.36641 -0.46185 -1.2652 0.65697 -0.71445 0.36871 -0.12228 1.6332 0.21254 1.2174 0.67955 0.33255 0.7762 0.57584 -1.3759 1.5356 0.81345 1.3889 -1.043 0.10218 -2.2635 0.3877 -0.5483
-1.703 -0.46311 -0.049863 -1.1321 1.2004 -1.0214 -0.27599 -1.219 1.1345 -0.53215 2.2223 1.1795 1.0111 -0.036728 -0.7513 -0.75714 -0.19961 -1.0744 -0.91035 0.77876 0.26274 0.2752 -0.47085 0.71192 0.4508 0.9051 0.38766 0.364 0.94055 -0.13785 -0.31697 1.503 0.2166 1.1343 -1.181 -0.44133 -2.5337 0.62408 -0.5973
-1.3671 -0.16253 0.41979 -1.2427 0.49976 -2.1172 0.44451 -0.91 1.3996 -0.76356 1.7294 1.1364 1.039 0.5777 -0.51465 -0.22034 -0.50387 -0.70332 -0.37479 0.44358 1.0795 -0.0021308 -0.7118 -0.66077 0.62898 0.76902 0.33662 0.30305 0.68089 -0.39947 0.73344 1.2588 -0.0012241 1.0119 -0.77608 -0.75531 -2.3238 0.5076 -0.63567
-1.0421 -0.34134 0.35635 -1.3963 0.11169 -1.2334 -0.24436 -0.81453 0.89095 -0.52625 1.0633 1.7672 1.2908 0.39183 -0.43768 -0.073014 -0.81188 -0.17312 -0.0061033 0.36417 0.81557 -0.66107 -1.1342 -1.4777 0.78241 0.4846 -0.11718 0.063398 0.28825 -0.32168 1.3488 1.3842 0.29192 0.29635 -0.66117 -0.45339 -1.8267 0.3515 -0.48445
-0.89846 -0.50668 0.21626 -1.5773 0.33332 -1.7342 -0.04943 -1.3171 0.59883 -1.3328 0.99131 1.0876 1.3143 0.32786 -0.58453 -0.084454 -0.75028 0.4514 0.80344 0.87403 0.93617 -0.65159 -1.2872 -2.0887 1.1398 0.33033 -0.75048 -0.065887 -0.13868 0.11757 1.0919 1.1017 0.73257 -0.11646 -0.053591 -0.008985 -1.0239 -0.13688 -0.39522
-0.72303 -0.49801 0.61031 -1.7044 1.2958 -1.0949 0.17362 -0.50323 0.51313 -1.7262 0.31903 1.8234 1.3922 -0.12865 -0.61018 -0.26608 -0.63148 0.84822 1.274 1.1683 0.90162 -0.66877 -1.0826 -2.3594 0.96058 0.28923 -0.84041 0.018421 -0.14394 0.43435 0.32754 0.80838 0.69957 -0.12959 0.63317 0.8377 -0.37799 -0.46524 -0.2368
-1.2445 -0.92077 -0.10394 -1.8479 1.0927 -0.75425 0.79508 -0.44073 0.40643 -2.001 -0.1584 2.0166 1.3557 -0.55075 -0.54846 -0.37478 -0.38718 0.8117 1.1895 1.5407 0.81918 -0.10511 -0.75812 -2.3395 0.27926 0.18614 -0.67392 0.15379 0.2202 0.48944 -0.43968 0.094763 -0.11099 -0.71148 0.77443 1.2701 0.14578 -0.95573 -0.21209
-1.273 -1.017 0.044138 -1.8734 1.3712 -0.14553 1.0356 0.10531 0.70537 -2.0687 -0.97884 2.7232 1.3827 -0.72396 -0.42824 -0.1888 -0.23702 0.26119 1.4143 1.463 0.63181 0.27215 0.25531 -2.1317 0.26235 0.15069 -0.047004 0.26527 0.8168 0.48837 -0.68419 -0.47017 -1.2088 -1.1528 0.54391 1.1619 0.70945 -1.0501 -0.21781
-1.3436 -0.73482 0.18564 -1.8848 1.2323 -0.25225 1.5712 -0.13661 0.33843 -1.8425 -1.8447 2.0007 1.5029 -0.62151 -0.41114 0.30681 -0.095531 -0.057138 0.90917 0.51366 -0.27704 0.35455 0.55308 -1.8951 -0.49165 0.036426 0.45048 0.35694 0.91571 0.31747 -0.66073 -0.74421 -1.8275 -1.2929 0.029116 0.96564 1.5062 -0.79437 -0.21722
-1.6066 -1.0588 -0.21008 -1.7799 1.233 0.1839 1.3794 -0.27405 0.79739 -1.7179 -1.8872 1.3853 1.5125 -0.18026 -0.2194 0.9549 0.072807 0.029141 0.45199 -0.7595 -0.73701 0.13717 0.55699 -1.1046 -0.83267 -0.009 0.76969 0.41436 0.53166 0.10241 -0.55366 -0.98075 -1.9336 -0.855 -0.30394 0.42383 2.0306 -0.34796 -0.24815
-1.6487 -1.007 0.27869 -1.9104 0.87514 0.48676 1.7273 -0.37828 0.92896 -0.89957 -1.7806 1.8798 1.4623 0.01094 -0.033019 0.8028 0.011559 -0.28245 0.15646 -1.0451 -0.94955 0.013706 0.99817 0.27709 -0.81487 -0.10608 0.94512 0.52012 -0.0072462 -0.062217 -0.5607 -0.84859 -1.583 0.27904 -0.41251 0.16882 2.1377 0.11323 -0.17917
-1.5208 -1.206 1.0849 -1.8548 1.3399 0.042619 0.41565 -0.8618 0.78398 -1.4579 -2.5675 1.4337 1.3394 0.38401 0.10304 0.584 -0.10998 -0.63864 -0.19998 -1.67 -0.65278 -0.14299 0.86829 1.0005 -0.28002 -0.20373 0.76163 0.47907 -0.68597 -0.13359 -0.31613 -0.74429 -1.202 1.2541 -0.43446 -0.0074172 1.7875 -0.04707 -0.084747
-1.3211 -1.1161 1.1668 -1.7333 1.2735 -0.10661 -0.36153 -0.98699 0.40369 -1.5947 -1.6067 1.3467 1.3739 0.84517 0.33306 0.49065 -0.10912 -0.74874 -0.48931 -2.2318 0.21516 -0.29857 0.72856 1.4927 -0.50326 -0.17233 0.66162 0.45101 -1.044 -0.030143 0.3695 -0.63214 -0.94621 1.8303 -0.35535 0.062021 1.2141 -0.24967 -0.039383
-1.2983 -0.76876 0.63697 -1.9326 0.67017 0.14171 0.56765 -0.78607 0.68375 -0.26237 -0.27778 1.6068 1.3189 0.81191 0.43114 -0.17832 -0.095641 -0.31166 -0.73948 -2.5935 1.068 -0.54186 0.67437 2.0014 -1.0604 -0.11836 0.66543 0.28998 -1.0361 0.41239 0.89113 -0.46182 -0.39736 1.5607 -0.45456 0.51595 0.59131 -0.47094 -0.18518
-0.93404 -0.68613 0.54751 -2.0269 0.060858 -0.51187 -0.49421 -0.71225 0.31592 -0.79685 -0.7096 1.5029 1.2696 1.0212 0.58741 -0.7846 -0.044953 0.246 -0.86221 -2.4916 1.6724 -0.47074 1.215 2.3008 -0.92219 -0.21263 0.75328 -0.13217 -0.69737 1.0363 0.74088 -0.2003 0.29125 0.18388 -0.52402 0.53939 -0.25689 -0.22446 -0.41009
-0.56021 -0.77208 0.78806 -1.8598 0.34538 -0.33676 -1.5946 0.36615 0.67745 -0.69524 0.01268 0.63006 1.3153 1.5273 0.47856 -0.73189 0.57626 0.51902 -0.95884 -2.3344 1.5885 -0.9305 1.6428 1.8283 -1.0329 -0.50012 0.84765 -0.40135 -0.28856 1.596 0.068962 0.28869 1.3589 -1.1926 -0.54295 0.65309 -1.0705 0.19387 -0.51421
-0.88412 -0.60535 0.31689 -1.9704 1.2408 -0.85608 -2.0016 0.6898 0.015738 -0.29858 0.72571 0.36411 1.2825 1.8813 0.073314 -0.54348 1.3556 0.21353 -0.79812 -1.758 0.30833 -1.1107 1.3084 1.0512 -0.96164 -0.68778 0.64271 -0.51913 -0.16422 1.6412 -0.79628 0.66968 2.0501 -2.1623 -0.65357 0.40271 -1.5876 0.54796 -0.42905
-0.12804 -0.41173 -0.028521 -1.7981 1.9833 -1.3124 -2.6838 0.70272 0.16317 0.33792 0.98195 0.6756 0.99294 1.9503 -0.018897 -0.83419 1.9756 -0.15837 -0.20496 -0.18987 -0.51238 -1.2645 1.9166 0.40995 -0.60663 -0.76758 0.29184 -0.36537 -0.31191 1.1039 -1.3975 1.0693 2.1909 -2.0305 -0.3095 0.058498 -1.5094 0.88244 -0.21625
0.76987 -0.45591 0.16754 -0.88807 1.1129 -1.2597 -2.2968 0.46865 -0.88387 1.2566 1.2096 0.39973 0.6355 1.9989 -0.077068 -1.0329 2.1053 -0.87575 0.094898 0.60942 -1.3824 -1.5579 1.8718 -0.27921 0.04255 -0.8181 -0.17772 0.10519 -0.3236 0.20772 -1.4043 1.1921 1.7916 -0.97145 0.10016 -0.68758 -1.0084 0.73334 -0.05137
0.97944 -0.89362 0.035341 -0.46543 -0.13456 -0.90076 -1.3429 -1.075 -0.41398 0.73682 0.49994 0.51397 0.54336 2.0085 -0.090385 -1.0668 2.1194 -1.5068 0.73374 0.94104 -1.4208 -1.3031 1.474 -0.63348 0.34545 -0.80535 -0.84835 0.61089 -0.4136 -0.70972 -0.61349 1.1075 0.98661 0.38656 0.94161 -1.8103 -0.40997 0.36829 -0.10045
1.1765 -0.68286 -0.63389 -0.041517 0.055875 -0.49836 -0.96473 -0.5449 -1.011 1.7252 -0.26292 0.42475 0.54351 1.5234 0.28837 -1.029 1.647 -1.6952 1.1189 1.3251 -1.0796 -0.90421 0.16706 -0.51443 0.12955 -0.75353 -1.6347 0.75941 -0.049422 -0.8309 0.85942 0.84506 0.33476 1.6538 1.5844 -2.0239 0.21503 -0.37961 -0.067883
1.4772 -0.69918 -0.74644 -0.098906 -0.089112 -0.51732 -1.567 -0.65164 -1.3445 1.7233 0.20955 0.72386 0.40606 0.6183 0.86265 -1.6087 0.97652 -0.87161 1.4991 1.467 0.074875 0.20493 -0.81432 -0.31817 0.15034 -0.96957 -2.0289 0.19481 0.54563 -0.89037 1.4958 -0.030956 -0.37141 1.4628 1.8125 -1.9822 0.57828 -0.16758 0.27788
1.7085 -0.50298 -1.1552 0.129 -0.33044 0.029875 -1.3742 -0.57222 -1.3628 1.6833 0.30889 0.97506 0.17672 -0.33083 0.77058 -0.84357 1.2383 0.40313 1.3996 1.0381 1.0166 0.71354 -0.98975 0.014226 -0.63035 -0.84925 -1.8751 -0.73894 1.3225 -0.73754 1.0671 -0.91475 -0.99557 0.47857 1.7839 -0.76576 0.88338 0.46052 0.83728
1.9607 0.11559 -1.0251 0.1322 -0.78525 0.25901 -0.65518 -0.63286 -0.89326 0.0301 0.52537 0.46647 -0.085313 -0.81872 0.0046543 -0.1122 0.78213 0.21539 0.51607 0.34294 0.31503 1.3497 -1.8709 0.30699 0.40029 -0.2715 -1.2142 -1.5428 2.0653 -0.64135 -0.10467 -1.7187 -1.3153 -0.98172 1.3249 0.53218 1.024 0.85126 1.4879
1.106 0.47238 -2.2989 0.27465 -0.24591 1.2275 0.2284 0.37322 -0.074863 -0.022438 0.29126 0.53154 -0.66088 -1.2278 -0.5805 0.74406 0.46772 -0.25874 -0.24729 -0.12128 -0.28618 1.9304 -0.82198 1.0109 0.99875 0.35292 -0.37193 -1.6778 1.7784 -0.91678 -1.4299 -1.7705 -1.1932 -2.1104 0.55504 1.483 0.8727 0.52794 1.7084
0.23685 -0.45071 -0.51435 1.2991 1.1543 0.89663 -0.43591 0.19251 0.1275 0.33221 0.064722 -0.65984 -0.10052 -1.1799 -1.1664 1.528 0.25221 -0.72418 -1.1548 -0.61056 -1.1354 2.1257 0.15162 1.3133 1.1507 1.0124 0.47038 -1.0654 1.4543 -0.91416 -1.8808 -1.0999 -0.64278 -2.1708 -0.18191 1.9149 0.41183 -0.89237 1.4291
0.65257 -1.1564 -0.63571 0.27332 -0.3546 -0.67288 -1.6096 -0.80021 0.074706 -0.77116 0.5399 2.2499 0.64068 -0.83848 -1.5848 1.7225 -0.084123 -1.7574 -1.3466 -0.89459 -2.2648 1.3825 0.92943 1.3268 0.13024 1.474 0.82452 -0.083243 0.55862 -1.1971 -1.7877 -0.031717 -0.12415 -1.5228 -0.50128 0.95558 -0.16006 -1.6278 0.62663
0.42995 -1.1787 0.29321 0.18959 -1.3058 -0.8561 -1.7498 -1.2346 0.93102 1.4787 2.4984 2.1327 0.76101 -0.14301 -1.3624 2.1699 -0.52478 -2.4981 -1.1649 -0.56281 -2.8171 1.2714 1.038 1.0085 -1.0129 1.6491 0.35427 0.9032 -0.053683 -1.0815 -0.48201 1.0502 0.32483 -0.29906 -0.44489 -0.045735 -0.54676 -2.267 -0.28388
0.64508 -1.3236 0.60149 0.50725 -1.5474 -1.2828 -1.2577 -1.7687 1.3077 1.2401 1.8826 1.4612 1.0829 -0.22058 -0.6329 1.495 -1.2174 -2.6628 -0.32112 -0.38489 -2.3353 1.3947 0.62209 0.83608 -1.3117 1.125 -0.34739 1.4434 -0.45916 -0.88323 1.2933 1.3344 0.43578 0.91974 -0.53614 -1.1455 -0.75258 -1.5162 -0.81859
0.61456 -1.4725 0.36759 0.20495 -2.9486 -0.61552 -1.0092 -2.7515 0.4746 0.71952 1.6558 -0.83847 1.2409 -0.83331 -0.066504 1.552 -1.0543 -1.1517 0.43302 -0.19384 -1.6645 1.2646 0.21207 0.42907 -2.8632 0.69929 -0.95463 1.3491 -0.79381 -0.75358 2.5107 0.98937 -0.060688 1.4765 -0.95114 -1.4361 -0.53541 -0.054388 -0.98361
0.58374 -1.3928 1.2285 0.052881 -2.5778 -0.27403 -0.63896 -2.3579 1.6339 1.1911 1.0669 -0.99627 1.4039 -1.1362 0.28838 1.1725 -1.3486 -0.033081 0.52754 -0.18232 -1.0892 0.35634 -0.9261 0.059893 -2.1025 0.5346 -0.68343 0.90808 -0.63705 -0.12243 2.6484 0.2273 -0.17315 1.4945 -1.2093 -1.0638 -0.19353 1.5488 -0.76705
-0.19858 -1.3995 1.3394 -0.58154 -2.6394 -0.21461 -2.1133 -2.4126 1.8201 0.54219 1.889 0.021615 1.3476 -1.4517 0.53302 0.83728 -1.7635 0.83225 0.3888 -0.77501 -0.63011 -0.032644 -1.031 0.29057 -0.70487 0.24397 0.21078 0.56228 -1.1551 0.62167 1.1207 -0.32351 0.10804 1.2186 -1.437 -0.67002 -0.093978 2.5885 -0.8155
-0.48725 -1.1053 1.6978 -0.813 -1.6537 -0.46118 -1.9824 -2.7599 1.7118 0.2699 2.194 -0.92199 1.4558 -1.176 0.65167 0.65592 -1.0722 1.2447 0.1439 -0.43348 -0.0082899 -0.27366 -0.86312 0.50869 0.88922 0.027644 1.2987 0.6509 -1.791 1.9527 0.27396 -0.31675 0.89032 1.3219 -1.3643 0.18177 -0.53453 1.9499 -1.3724
-0.69651 -0.78775 1.6875 -0.90829 -1.4327 -0.34372 -1.285 -2.5925 0.86636 0.18469 2.3556 -0.52941 1.4791 -0.42336 0.73105 -0.36908 -0.1111 0.28824 -0.041852 0.16329 0.11499 -1.1728 -1.1474 0.014599 1.1047 -0.45618 2.0508 0.8574 -2.184 2.7585 -0.040643 0.086654 1.4283 1.825 -1.1342 0.63363 -1.301 0.835 -1.8596
-0.87333 -0.8464 1.3156 -1.3906 -1.0756 -0.52811 -2.1743 -2.8198 0.95202 -0.31746 1.7036 -0.098481 1.3603 0.75268 1.3236 -1.6101 1.2154 0.75447 0.089779 1.1678 1.0545 -1.6869 -0.51118 -0.9063 1.1152 -1.4895 1.7536 0.89206 -1.9819 2.4393 0.3018 0.45217 0.74901 1.9807 -0.48332 1.0964 -1.4297 -0.31064 -1.977
-0.47592 -0.78383 1.566 -0.50541 -1.6633 -0.094857 -1.1405 -2.3431 0.73129 -0.022681 2.2315 0.42344 1.2711 1.3787 1.6927 -2.161 1.8808 1.0121 0.57543 1.3356 2.3108 -1.4992 0.043473 -1.6964 0.9629 -2.216 0.96465 0.61931 -0.84486 1.4906 1.0767 0.67429 0.18079 1.8577 0.25056 1.5771 -0.89723 -0.99816 -1.3924
0.093791 -0.48064 0.44114 0.007887 -2.8159 -0.45208 -0.93233 -2.1218 0.42879 -0.70306 1.0424 0.54445 0.61823 1.1678 1.7272 -2.196 2.1663 1.4497 0.73115 0.51288 2.6621 -1.039 0.70729 -1.5973 0.33453 -2.5145 -0.24184 -0.010421 0.38693 0.02549 1.0179 0.50259 -0.078347 0.7566 0.52958 1.0566 -0.052166 -1.4372 -0.29737
0.7625 0.72699 -1.1325 0.75136 -0.16661 -0.12031 -0.60088 -0.96718 -0.41785 0.13511 0.65966 0.82918 -0.84417 1.154 1.6083 -1.6669 2.0022 1.9383 0.98081 0.86997 2.8457 -1.0219 1.3599 -1.4966 -0.57463 -2.3525 -1.07 -0.56206 1.3606 -1.0921 0.71965 0.43974 0.32078 -0.54567 0.39438 0.29771 0.67532 -1.3527 0.81711
0.8244 1.0143 -0.62884 0.73291 0.26466 0.66887 -0.263 0.13986 -0.047685 0.47635 -0.27707 -0.22633 -0.93909 0.41753 1.3428 -1.111 1.2019 2.1805 0.88455 1.2539 2.2289 -0.9172 0.9176 -1.1095 -1.108 -1.9322 -1.1133 -1.0239 1.846 -1.616 -0.53593 0.051131 0.81427 -1.3883 0.4056 -0.66985 0.76332 -0.73848 1.6661
-0.033587 0.78557 -0.68789 0.84929 0.31072 0.53057 -1.7625 -0.17588 -0.020202 1.0477 0.6016 0.051468 -1.0376 -0.22601 0.89651 -0.11011 0.47153 1.9851 1.3696 1.6284 1.4944 -0.81033 0.52438 -0.53419 -1.1301 -1.0866 -0.92007 -1.6052 1.0326 -1.4197 -1.0263 -0.72356 0.10834 -1.9968 0.63852 -1.1048 0.55582 0.054442 2.1038
0.7697 0.69868 -0.29353 0.78444 0.7817 0.92137 -0.3061 0.16043 -0.2925 1.397 -0.141 -0.67693 -1.0302 -0.2023 0.28653 0.54 0.13123 0.44659 0.62478 1.7986 0.70338 -0.37356 -0.20255 -0.48981 -0.91197 -0.25551 0.064208 -1.9742 -0.097315 -1.0702 -1.1412 -1.3849 -0.89211 -1.802 1.1164 -0.64498 0.46115 0.23438 2.3161
0.12658 0.99148 -0.40221 0.93627 0.50691 0.79043 1.2585 -0.059825 -0.63039 0.1614 0.54255 -0.59203 -1.2207 -0.23855 -0.67729 -0.52119 0.077722 0.92017 -0.36189 0.82976 -0.18225 -0.077062 -0.26782 -0.64827 -0.53139 0.45965 0.67744 -2.0894 -1.3079 -1.1312 -1.0888 -1.8638 -2.1882 -1.4298 1.5631 0.014215 0.90018 0.24692 2.1565
0.10589 1.1742 -0.38142 0.64745 0.86485 1.994 1.006 0.01247 -0.8596 0.031569 -0.12333 -0.48865 -1.159 0.54259 -1.3298 -1.0779 -0.45464 0.61574 -1.0545 -0.14524 -0.35324 0.84676 0.035275 -0.090712 -0.88815 1.3132 1.011 -1.7474 -1.465 -1.389 -0.64919 -1.4372 -2.7983 -0.89334 1.3949 0.83304 1.1105 0.024292 1.7805
0.80291 1.109 -0.26172 0.99467 0.3182 0.32789 1.0434 0.40087 -0.37439 0.25308 -0.52144 -0.50084 -1.1261 0.65503 -1.9564 -1.7703 -1.1949 -0.10002 -1.5603 -1.8288 -0.69061 1.5642 0.43082 1.139 -0.59652 1.871 0.77926 -0.92095 -0.37034 -1.3651 -1.0306 -1.1174 -1.8013 -0.33507 1.103 0.99955 0.96921 -0.071618 1.1403
0.034207 -0.6492 -1.9643 0.80819 2.214 -0.41282 -0.97309 -0.46805 0.22645 0.84958 -0.99027 -0.92272 0.023534 1.2216 -2.1366 -1.6027 -1.6391 -0.23218 -1.6862 -2.5395 -0.73616 1.469 1.093 0.92563 -0.80149 2.129 0.031845 0.061938 0.40045 -0.85691 -0.85654 -0.22412 -0.50438 0.0011385 0.21031 0.63901 0.19567 0.013327 0.17024
1.2557 -0.8946 -1.8617 0.057131 0.7376 -0.88389 -1.5597 -0.49103 1.1117 1.4096 1.3251 -1.4896 0.70061 0.86384 -1.8903 -0.94925 -1.6952 -0.54888 -2.3121 -1.6169 -0.62355 1.7168 1.1775 0.85952 -0.69827 2.0325 -0.31638 1.1629 1.164 0.077233 -0.68484 0.79143 1.1141 0.84017 -0.47689 0.093016 -0.62942 -0.12365 -0.8039
1.278 -1.1762 -2.4768 -0.66828 -0.062264 -0.78563 -1.3817 -0.57993 1.0785 1.1539 2.2049 -1.0585 0.82007 0.4971 -1.2593 -0.71655 -1.688 -0.73152 -1.1451 -1.2627 -0.38059 1.1683 0.92303 0.45995 -0.7824 1.5319 -1.0138 1.4121 0.96242 0.86774 -0.14862 1.3455 1.5891 1.4169 -0.57777 -0.41275 -1.1794 -0.010656 -1.3308
1.5036 -0.85907 -1.8067 -0.59633 0.4568 -0.86863 -1.2894 -0.63761 0.30005 1.2859 0.47184 -1.3937 0.8635 0.43186 -0.36485 0.0071444 -1.0335 -1.105 -0.25151 -0.19365 0.73231 0.79823 0.69703 0.070765 -0.8389 0.78067 -0.91973 0.93384 0.52927 1.3185 0.47927 1.3229 1.1137 1.5898 -0.29568 -0.68393 -1.4681 0.1737 -1.1977
0.85649 -0.95147 -1.1534 -0.61507 0.31289 -2.445 -0.50143 -0.32519 1.5843 1.678 0.097119 -1.1647 1.0794 -0.43834 -0.43297 -0.24289 -0.46169 -0.21876 -0.02097 -0.013415 1.2827 0.81906 0.51414 -1.1222 -0.72667 0.45292 -0.75133 0.047844 0.21972 1.2674 0.63215 0.48229 0.84282 1.2911 0.2469 -1.3434 -0.83949 0.63319 -0.60945
1.1104 -1.1057 -2.3085 -0.64219 0.062998 -0.98954 -1.8655 -0.27534 1.1508 1.6418 0.083731 -1.8466 1.0008 -0.3703 -0.67399 -0.16982 -0.018205 0.089353 -0.22414 0.031237 1.5701 1.3216 0.026483 -1.3907 -0.33439 0.50061 -0.51609 -0.53003 0.04937 0.6804 0.38961 -0.0095274 0.58109 0.53704 -0.30012 -2.0159 0.22066 0.99242 -0.05485
1.0865 -1.2741 -2.0872 -0.46072 0.10876 -0.39376 -1.4712 0.67714 1.505 1.9432 0.70702 -2.2309 1.2038 -0.49207 -1.0257 -0.19908 0.0058957 -0.15185 -0.20221 0.34781 1.6581 1.3744 -1.4014 -0.54626 0.32222 0.62005 -0.22666 -0.24453 0.76519 0.14133 -0.53045 -0.23444 1.277 -0.0050797 -1.2127 -1.9098 1.5079 1.0831 0.11748
0.68261 -1.5684 -2.4549 -0.8345 0.25571 -1.1772 -1.3632 0.91505 2.0557 1.8022 -0.07296 -1.927 1.247 -0.49626 -1.0008 0.09104 -0.08405 -0.40942 -0.19508 0.81743 1.5692 -0.057694 -2.335 0.24554 0.74807 0.60644 -0.4441 0.19296 1.211 -0.38483 -1.1251 0.0047205 1.3204 -0.68479 -1.9014 -0.78828 1.879 0.51135 -0.071259
1.0456 -1.8788 -2.0818 -0.59359 0.31193 -1.805 -0.9769 0.93309 2.3789 0.73031 -0.7672 -0.97789 1.461 -0.79479 -0.70227 1.0905 -0.18065 -0.93902 -0.52276 2.1976 1.2775 -0.81463 -2.0852 1.1933 1.0341 0.60801 -0.63531 0.72123 1.5794 -0.64578 -1.2192 0.24742 0.71076 -1.326 -1.3909 0.81756 1.2333 -0.60195 -0.31023
0.58657 -2.0436 -1.5484 -0.5392 0.039826 -1.7234 -0.48686 1.1675 2.011 -1.1381 -0.12544 -0.8837 1.6906 -1.0407 -0.50281 1.495 -0.58955 -1.5847 -0.069352 1.7985 0.46299 -1.2243 -1.1935 1.6433 0.41064 0.38753 -0.74311 1.0342 1.3325 -0.85079 -0.91406 0.47572 -0.47527 -1.6278 0.23153 2.1063 0.23919 -1.3948 -0.57447
0.27787 -2.0338 -1.4667 -0.78135 -0.65389 -1.9595 -0.011636 1.5083 0.60446 -1.0356 1.2897 -0.81367 1.6716 -1.3954 -0.017349 2.1075 -0.85863 -1.8055 0.21834 1.3121 -0.30468 -0.70638 -0.35794 1.3188 -0.74655 0.19623 -0.22743 1.0908 0.39786 -0.67846 0.0046228 0.70218 -1.9331 -1.6412 1.2002 2.5004 -0.87112 -1.0518 -0.79572
0.17509 -1.7781 -0.74603 -0.82907 -1.4249 -0.9942 1.1488 1.4419 0.24636 0.16357 2.414 -1.1893 1.6818 -1.571 0.46186 2.1228 -1.218 -1.6541 0.3777 0.30775 -0.72921 0.32659 0.96463 0.68404 -1.2644 -0.1789 0.17273 1.1067 -0.081404 -0.17141 1.1109 0.54477 -1.9382 -1.0554 1.7722 1.9252 -1.2934 0.35939 -0.83486
-0.29105 -2.0377 -0.3103 -1.3825 -1.9237 -0.64822 0.029414 1.0232 1.0228 1.0605 2.0804 -2.0031 1.5682 -0.9505 0.71944 1.5436 -1.0404 -0.88605 0.65324 -0.96828 -1.2414 0.70062 1.7785 -0.12961 -0.31079 -0.48345 0.52786 0.81748 -0.49925 0.34379 2.0795 0.33012 -1.4837 -0.39199 0.91239 0.54676 -1.0879 1.6189 -0.74013
-0.93216 -1.5759 0.49431 -1.6392 -1.7216 -1.7113 -0.035798 0.27038 2.2292 0.34654 0.16662 -2.5492 1.5418 -0.94356 1.0607 1.6346 -0.79305 0.016453 0.79564 -0.98306 -1.0704 1.4568 1.5433 -0.3112 0.97452 -0.71513 0.77064 0.58898 -0.43709 0.83323 2.2869 0.33341 -0.30802 0.41685 -0.45634 -0.84536 -0.43303 1.9023 -0.52111
-0.72752 -1.2961 0.60049 -1.6834 -1.7165 -1.4022 -0.71686 0.43539 2.692 1.0293 0.32608 -1.8549 1.2497 -0.73242 1.109 1.4165 -0.47177 1.2084 0.65939 -1.0417 -0.87504 0.46892 0.43137 -0.43597 1.5613 -0.81398 0.44636 0.47033 -0.050615 0.99925 1.7487 0.47863 0.46663 1.234 -1.0357 -1.5872 -0.13808 1.1249 -0.42201
-0.17515 -1.2161 -0.11756 -1.3967 -1.1057 -0.37199 -1.549 0.093649 1.2504 1.1282 0.9809 -0.32211 1.0986 -0.25407 1.293 1.3692 -0.053948 1.5308 1.0313 -0.26851 -0.11618 -0.43455 -0.036539 -0.05636 1.8223 -0.91238 -0.020711 0.43378 -0.022531 1.1634 1.0977 0.66931 0.62509 1.139 -1.5034 -1.9446 -0.42607 0.05893 -0.46819
-1.1311 -0.6151 1.2228 -1.6211 -0.92245 -0.31035 0.079524 0.7313 2.074 1.5395 2.1348 0.39641 0.80925 -0.46932 1.4216 1.5924 0.32638 1.5952 1.4846 -0.36619 0.63067 -0.33858 -0.57358 -0.53861 1.6551 -1.1118 -0.57529 0.36672 -0.18312 0.82244 0.57887 0.61634 0.6851 0.78974 -0.56833 -1.6819 -1.0193 -0.70765 -0.30719
-0.9056 -0.71342 1.3934 -1.5361 0.31222 -0.16774 -0.45123 0.17529 0.73395 0.44654 1.1296 -0.58739 0.79153 -1.1134 1.6588 1.5161 0.82894 1.8595 1.7163 -0.039791 0.34531 -1.0187 -1.8031 -1.139 1.0783 -1.3732 -0.59186 -0.1582 -1.0006 0.48949 0.29062 0.12962 0.13139 -0.030929 -0.23051 -1.064 -1.1927 -0.88663 0.081582
-0.6574 -0.35412 1.7419 -1.5639 -0.23198 0.31531 -0.51439 0.83418 1.4113 0.6999 0.7157 -0.62533 0.48538 -1.3672 1.5631 1.0078 0.51641 2.1225 1.5435 0.24679 0.39908 -0.33017 -2.0148 -2.0047 0.47378 -1.1116 -0.11311 -0.83136 -1.7813 -0.2016 -0.20585 -0.59511 0.51082 -0.51069 -0.15125 -0.0065463 -0.2999 -0.46669 0.76315
-1.6259 0.36054 2.5539 -1.1332 0.26861 0.47855 -1.2835 1.1682 2.6189 -0.46305 -1.3511 -0.15967 0.047354 -0.90029 0.94067 -0.22472 0.70309 1.8134 1.248 -0.29605 -0.055151 -0.88392 -1.4232 -1.793 0.5775 -0.76674 0.64806 -1.3831 -2.0444 -0.96708 -0.52842 -1.2215 0.62992 -0.60355 0.12711 1.1187 0.65103 0.15968 1.3313
-2.0277 0.75215 1.8116 -0.50501 1.1656 1.7601 -0.8028 0.36184 0.10225 -1.4792 -0.21 0.41058 -0.54143 -0.78521 0.32105 -0.90453 0.042541 1.2479 0.50498 0.81099 -0.13562 -0.69957 -0.7792 -0.82891 0.95212 -0.08806 1.0638 -1.693 -1.8684 -1.2168 -0.82592 -1.6577 0.82855 -0.38725 0.077584 1.5241 1.5195 0.16719 1.4766
-1.927 0.5175 1.209 -1.4205 2.1182 1.5711 -0.22847 0.78292 1.3159 -0.85182 -1.1471 0.4193 0.14127 -0.20533 -0.14537 -1.3944 -0.60877 1.3309 -0.24005 0.9689 -0.53033 -0.5953 -0.21095 -0.37114 1.2014 0.42669 0.96995 -1.4375 -0.59978 -1.0933 -0.91518 -1.6283 0.40011 -0.16907 1.134 1.1235 1.1638 -0.70968 1.3266
-1.6994 0.0060584 0.85977 -0.88684 1.3358 0.90559 -0.58214 0.43977 0.4741 0.083224 -0.07915 0.46897 0.13021 0.25366 -0.86126 -1.9401 -0.93553 0.84856 -1.0668 1.3083 -0.09526 -0.33046 0.39084 0.44206 0.53989 0.85531 0.71155 -0.92491 0.46613 -0.16614 -1.1677 -1.1352 -0.79883 -0.14785 1.1967 0.47628 0.72675 -1.2161 0.63994
-1.5988 -0.38248 0.55024 -1.8236 1.3465 0.21628 0.80328 0.37788 0.48692 -0.70284 -0.27234 0.28544 0.82358 0.37503 -0.98852 -0.83271 -0.70142 0.3331 -1.2613 0.27965 -0.39262 1.0958 0.21114 -0.0088138 -0.68016 1.065 0.29667 -0.26614 1.2077 0.40201 -1.4047 -0.44813 -0.93884 -0.10554 1.0397 -0.043811 0.061397 -0.8827 0.013366
-1.1758 0.11966 0.49451 -1.989 1.8697 0.19696 -0.10853 0.43566 1.596 -0.15276 -0.87752 1.3239 0.54248 0.24123 -0.88066 -0.28887 -0.19638 -0.39947 -1.2862 -0.45351 -0.48143 0.73901 -0.050992 0.5028 -0.63467 0.70624 0.24694 0.30636 1.3897 0.90651 -1.5005 0.32192 -0.96615 -0.35302 0.40284 -0.34621 -0.41056 0.0024862 -0.44384
-1.8256 -0.55966 -0.38621 -1.5644 1.8825 -0.51423 0.44564 1.1379 1.2782 -0.61961 -0.19238 0.29421 0.70504 0.34982 -0.60617 0.083446 -0.27804 -0.62888 -1.0481 -0.043515 -0.5338 0.85389 -0.07945 -0.26918 -0.038508 0.52878 0.5695 0.23334 0.65163 0.82633 -1.5952 0.62525 -0.18591 -0.27119 -0.70815 -0.30593 -0.47969 0.6714 -0.4192
-1.5625 -0.4533 1.2669 -1.2081 1.8479 0.4512 -0.89072 -0.52495 1.7788 -1.1569 -0.59282 -1.0733 0.94901 0.72317 -0.52109 0.2506 0.42824 -1.431 -0.53992 -0.47887 -0.69155 0.5565 -0.15138 -0.27469 0.25118 0.35861 0.97853 0.24584 0.16596 0.41233 -1.3188 0.66043 0.46287 -0.24848 -0.7492 -0.13774 -0.94664 0.8483 -0.16013
-1.4886 -0.79622 0.65317 -1.6211 0.70528 -0.87529 -0.82153 0.36132 1.5456 -0.20716 0.31116 0.24802 0.96119 1.1878 -0.76474 0.14596 0.42265 -2.0865 -0.38986 -0.072755 -0.79893 -0.17146 -0.3465 -0.61046 0.31404 0.51673 0.60922 0.10038 -0.63458 0.051192 -0.64125 0.30124 0.96521 0.018962 -0.79802 0.23304 -0.88245 0.7693 -0.015415
-0.9844 -0.68023 0.7131 -1.7459 0.37791 -0.89473 0.64759 -0.13467 1.2838 -0.12688 -1.1633 1.2205 0.89418 1.6329 -0.37593 0.0068733 0.1715 -2.0959 -0.29989 0.51284 -0.81708 -0.18535 -0.19265 -1.2858 0.99776 0.43914 0.0050572 0.086346 -1.0367 -0.22586 0.62293 0.13378 1.3195 0.0069425 -0.43042 0.88879 -0.98797 0.06282 0.046753
-0.47262 -0.76046 0.58583 -1.2585 -0.40675 -0.20578 -0.24612 -0.17275 1.6305 -1.2236 -0.86236 0.84346 1.1736 1.0222 -0.50785 -0.98649 -0.057917 -1.4707 -0.57629 1.432 -0.43099 -0.30557 0.39934 -1.5897 1.231 0.46619 -0.5208 0.083903 -0.93165 0.083729 1.4431 0.012703 0.90825 0.068861 -0.16838 1.5835 -0.17022 -1.0952 -0.08393
-0.025038 -1.1278 0.34078 -1.3147 -0.68231 -0.48386 -0.33166 -0.20371 1.1999 -0.87098 -1.6114 0.78534 1.2168 0.81532 -0.50319 -1.1378 0.27967 -0.57911 -0.19221 1.4592 -0.85832 -0.20387 1.2308 -1.8301 -0.048451 0.4693 -0.51672 0.079311 -0.47263 0.47154 1.3185 -0.15268 0.46255 0.065583 -0.75388 1.4921 0.94086 -1.795 -0.37527
-0.10161 -0.83393 0.27348 -1.332 -0.64852 -0.83019 0.85764 -0.31394 1.2839 -0.92452 -2.0174 0.73804 1.2777 0.63291 -0.55905 -1.0371 0.51675 -0.17071 -0.43311 1.3098 -0.64343 -0.48855 2.071 -0.68657 -1.4363 0.36058 0.22657 0.55169 0.32654 1.0552 0.5638 0.16232 -0.63735 0.15533 -1.3394 0.94281 1.9515 -1.8163 -0.84299
-0.87487 -1.2437 -0.40628 -1.6431 -0.12273 -1.07 1.0947 -0.77233 1.4062 0.3647 -2.4723 1.0662 1.5035 0.87137 -0.2163 -0.85236 0.70508 -0.30175 -0.69405 1.525 -0.58221 -1.5399 1.9199 0.21975 -1.412 -0.15404 0.38368 1.0052 0.84321 1.5749 -0.20805 0.33379 -1.5933 0.4468 -1.7743 0.36064 2.3844 -1.0457 -1.4511
-0.14479 -1.3519 -0.86228 -1.2035 -0.16454 -1.0179 1.3444 -0.65647 1.1932 1.9143 -2.5551 0.29478 1.3992 1.4134 0.30937 -0.49758 1.5627 -0.5587 -0.013381 0.1177 -0.26983 -2.2032 1.9168 1.4395 -1.8753 -0.67873 0.24853 1.5123 1.168 1.983 -0.37913 0.93579 -1.8993 0.59424 -1.1421 -0.92427 1.7747 -0.042802 -1.8504
0.27565 -1.3101 -0.22831 -0.81812 -0.36456 -1.1816 1.6506 -0.72572 0.59199 1.69 -1.2903 -1.2154 1.3219 1.135 0.8168 0.2043 2.4916 -0.75951 0.25533 -1.1665 -0.19199 -2.7439 2.0185 2.0591 -1.9984 -1.5216 -0.55768 1.6088 1.0347 1.5979 0.17232 1.4482 -1.4043 0.79546 0.15789 -2.1013 0.55481 1.1864 -1.6636
0.9879 -0.87239 -0.42707 -0.46487 -1.4598 -1.304 1.231 -0.7034 -0.79938 0.12481 -0.39369 -0.33726 0.76509 0.96097 1.566 0.66268 3.0663 -0.6321 0.96232 -1.1872 0.29479 -2.0749 0.1909 2.0809 -1.2061 -2.1581 -1.6721 1.1766 0.63496 0.36869 0.7747 1.1913 -0.13365 0.78193 1.3173 -2.643 -0.9307 2.3268 -1.0039
1.5375 -0.47898 -0.28299 0.42293 -1.3005 -0.18557 -0.56402 -0.39003 -1.2362 1.9832 0.16916 -1.2731 0.33042 0.065673 1.966 0.54266 2.7281 0.062832 1.7205 -0.66054 0.65122 -1.3064 -1.3759 1.0552 0.77223 -2.2931 -2.3517 0.43248 0.42032 -0.986 1.349 0.54451 0.75951 0.60955 2.0971 -2.2765 -1.7449 2.2025 0.15899
0.058037 0.069609 0.4775 1.1765 -1.1087 -0.75896 -0.31448 -0.84343 -1.3899 2.8029 0.1569 -1.2597 -0.60903 -1.1459 1.7891 0.55003 2.087 0.47019 1.6389 -0.39428 0.79858 -0.40728 -1.6162 0.015321 1.6536 -2.0285 -2.6977 -0.52316 0.31576 -2.1709 1.4036 -0.64786 0.89372 -0.040499 1.9584 -1.2961 -1.3404 0.88532 1.2376
0.38542 0.54025 0.10535 1.4422 -0.58089 0.62277 0.58244 -0.17343 -0.12055 0.030321 -0.061852 -0.15235 -0.90905 -2.1632 1.4573 1.0702 1.2738 1.1897 0.99894 -0.0091035 0.71853 0.42825 -1.5833 -0.52369 1.2249 -1.3065 -2.0025 -1.2378 0.21608 -2.7456 1.1574 -1.374 0.59395 -0.35712 1.6155 -0.29684 -0.37834 -1.2909 2.0156
0.21388 0.87546 -0.24978 1.2669 -0.023046 1.5449 1.2478 0.24991 -0.56717 -0.82036 -1.1683 1.3497 -0.99224 -2.9163 0.9001 1.0101 0.030465 1.4058 0.0029993 0.31331 0.18818 0.7985 -2.2717 0.094001 0.45396 -0.50226 -0.98713 -1.5293 0.056888 -2.554 0.82964 -1.6891 0.29345 -0.69095 1.1889 0.55457 0.50461 -2.5587 2.1984
-0.99516 0.62093 0.67586 1.1483 -0.56055 0.40885 0.45537 0.059765 -0.69847 -0.48417 -0.65495 0.40431 -0.93055 -2.7546 0.23957 0.7347 -1.0035 1.7416 -0.24444 0.20346 0.28174 1.1756 -1.638 0.23571 -1.3125 0.44139 -0.012854 -1.6634 -0.62641 -1.8656 0.43872 -1.2774 0.15374 -1.0313 0.78702 0.93768 1.2075 -2.4904 1.8929
-1.4715 0.92614 1.412 1.1327 0.25408 -0.18633 -0.016139 -0.018617 -0.64544 -0.40843 -0.57735 -0.015602 -0.74049 -2.6768 -0.28305 0.83784 -1.2017 1.7357 -1.1569 0.1073 -0.29213 1.4882 -0.49478 0.68758 -2.4253 0.91191 1.2083 -1.2774 -1.1851 -0.97182 0.36929 -0.32922 0.28495 -0.88004 0.35758 1.1055 0.85956 -1.2383 1.2576
-2.5037 0.65591 1.0145 0.59823 0.82409 -0.51302 -0.13522 -0.62342 -0.066139 -0.54204 1.0759 -1.432 -0.53023 -2.3068 -0.86664 -0.019964 -1.3435 1.8444 -1.0093 0.4182 -0.99718 1.584 -0.61996 1.6899 -2.5395 1.2714 1.9671 -0.61271 -1.2656 -0.12399 -0.3196 0.41416 0.4627 -0.64473 -0.48933 1.0031 0.077754 0.58074 0.20916
-2.6691 0.44288 0.85417 0.11621 1.6339 -0.012853 0.95526 0.10875 0.77333 -0.45402 -0.25912 -2.4262 -0.11929 -0.90443 -0.78688 -0.84878 -1.4824 2.0459 -0.29275 0.79656 -0.84081 1.2737 -0.59699 1.1553 -1.5066 1.2667 2.875 -0.23274 -0.89918 0.21763 -1.5443 0.95679 0.062659 0.13954 -1.0911 1.3689 -0.92676 1.6712 -0.34743
-2.2575 0.28294 1.0081 0.39621 1.6116 -0.72592 1.1558 -0.32215 1.5286 -1.2849 0.31463 -1.5957 0.09013 -0.00082261 -0.58548 -0.81088 -1.0753 1.0062 0.14279 0.81022 -0.66516 0.34275 0.3943 0.16809 -0.52514 0.63089 3.0014 -0.15577 0.03775 0.34692 -2.8735 0.49474 -0.77337 0.5498 -1.1296 1.7881 -1.2811 1.6413 -0.41351
-2.9129 -0.39028 -0.32144 -0.12459 2.0645 -0.11011 1.248 -1.2779 0.40657 -1.6256 1.9014 -1.3016 0.51357 1.4902 -0.83567 -0.46048 -0.9553 -0.68669 0.17943 0.05072 -0.18894 0.018058 1.7028 -0.46954 0.10468 0.63442 2.1501 -0.47868 0.585 0.22618 -3.4996 -0.010114 -1.2439 0.66285 -0.44455 1.7324 -0.65029 0.90948 -0.12204
-1.8302 0.12352 0.070204 -0.40852 2.4045 -0.27067 0.71498 -0.65957 0.42413 -0.73092 0.56181 -1.5243 0.41101 2.0496 -1.1196 -0.13036 -1.0023 -2.0849 -0.26376 -0.76633 -0.27424 0.047478 1.7639 -0.15083 0.12921 0.87526 1.2507 -0.45681 0.94391 0.24334 -2.9853 -0.32218 -0.93186 0.77243 0.78428 0.63114 -0.038679 0.17073 0.21294
-1.8432 0.4453 0.74898 0.097346 1.2264 -0.0097841 0.87899 -0.67449 -0.22204 0.89274 -0.56792 -1.3189 -0.39492 2.0488 -1.3623 -0.067041 -1.1236 -2.8601 -0.12485 -0.92757 0.22743 0.56691 2.1419 -0.029545 0.10344 0.93735 -0.23914 -0.026481 0.78754 0.56571 -1.5414 -0.31632 -0.26443 0.29126 1.1796 -0.69415 0.53501 0.32899 -0.046678
-0.37922 -0.88538 0.44309 -0.70858 -0.68708 -0.27654 0.13311 -0.27356 0.99108 1.9196 0.14688 -1.9964 0.73723 2.0342 -1.1263 0.79533 -0.56606 -3.4092 -0.36909 -0.57976 0.59861 1.5638 1.4203 -0.12724 -0.13902 0.85286 -0.98279 0.70265 0.68284 0.94042 0.12127 -0.21805 0.10566 -0.18817 0.728 -1.4648 0.62926 0.84811 -0.53331
-0.40161 -1.1935 0.6079 -0.88684 -1.1188 -0.97863 0.2288 -0.56314 1.4213 0.24328 0.34273 -1.9095 1.3975 1.0554 -0.88338 0.58294 -0.18913 -2.8606 -0.4201 -0.56702 -0.067838 1.5112 0.49892 0.63369 0.95671 0.56911 -1.3867 1.6819 0.82977 1.5308 1.5366 0.38563 0.29529 -0.74351 -1.0577 -1.6334 0.25691 1.3099 -1.4402
-0.54067 -1.447 0.13008 -0.86259 -1.489 -0.45705 0.18188 -0.46245 1.7071 1.056 1.4328 -0.83794 1.1547 0.72779 -0.13418 0.85227 0.16474 -1.851 -0.57038 -0.71989 -0.4802 0.96312 -0.31449 0.82813 1.5109 0.13949 -1.4034 2.0636 0.61177 1.6863 2.189 1.2477 0.47198 -0.7668 -2.9815 -0.7922 -0.46043 0.94702 -2.1083
-0.40615 -0.94674 1.3487 -0.43556 -2.0077 -0.53879 0.65464 -0.31326 1.8972 0.34803 0.73741 -1.8243 1.0234 0.13599 1.08 1.4909 1.1694 -0.79238 0.73764 -0.2459 -0.64214 -1.1597 -0.22405 0.03077 2.0569 -1.1975 -0.54622 2.0502 0.09175 1.6031 2.2875 1.3504 0.66536 0.27582 -3.6462 -0.55604 -1.1348 -0.17155 -2.073
-0.73962 -0.44549 0.99512 -0.31818 -1.4267 -0.85146 -0.29224 -0.90416 1.5689 0.92547 0.70086 0.23046 0.39367 -0.10304 1.4983 1.5142 1.6828 -0.39194 1.5504 0.2299 -0.56747 -2.8066 0.21216 -0.77619 1.327 -1.9134 -0.026776 1.2836 -1.2466 0.88381 2.2737 0.90777 0.35444 1.2309 -3.0387 -0.52038 -0.84865 -0.56874 -1.4026
-0.22657 -0.17903 1.9157 -0.042413 -2.0392 -1.1136 -0.4196 -1.1466 1.0133 0.81055 0.80803 0.016986 0.21503 0.46006 1.8834 0.43819 1.8357 0.64305 1.2249 0.32081 0.50399 -3.5809 -0.86693 -0.91391 0.71521 -1.9928 0.34775 0.2941 -2.2166 -0.28428 2.1751 -0.18114 0.034113 1.9294 -1.0024 -1.0112 -0.2395 -1.0861 -0.13843
-0.17462 0.18201 2.3954 0.48503 -1.843 1.6237 0.21244 -0.83812 -0.8508 1.0656 0.15751 0.24146 -0.48893 0.51619 1.7056 -0.9744 1.3677 1.639 0.99966 -0.27158 1.2901 -3.6415 -1.025 -0.45546 1.014 -1.8894 0.30154 -0.23437 -2.4459 -0.95241 1.8392 -0.77207 -0.098742 1.8619 1.1668 -0.97125 -0.02293 -0.80487 0.6414
-0.90285 0.34347 2.0698 0.8737 -1.7487 1.3807 0.98833 -1.0012 -1.7949 0.48324 -0.57541 -0.74075 -0.85702 0.46982 1.4863 -1.458 0.83679 2.2177 0.63312 0.086335 2.0997 -2.6635 -1.6082 -0.6216 -0.041104 -1.4451 0.018898 -0.68706 -1.6211 -1.3274 0.68864 -0.79679 -0.43679 0.80989 2.7092 -0.019736 -0.062561 -0.37101 1.0558
0.47037 1.1004 0.10132 1.0405 -0.14453 0.24176 0.39123 0.93701 -1.6777 -0.95601 0.43342 -0.21531 -1.0671 0.45002 1.282 -2.1659 0.53309 2.2262 0.27598 0.15898 2.1771 -1.0384 -1.3409 -0.96499 0.041421 -1.0712 0.14085 -0.85467 -0.13387 -1.1524 -0.51449 -0.39285 -0.78113 -0.29905 3.2197 0.72342 -0.097694 -0.012827 1.2288
-0.012918 1.1246 -0.132 0.62035 0.58878 0.18456 -0.83164 0.78899 -1.7675 -0.49706 0.35608 0.6374 -1.2198 0.5281 0.88814 -2.0295 -0.046671 1.6307 -0.03336 -0.76877 1.6036 0.29408 -0.75077 -0.78403 0.44908 -0.56759 -0.037365 -1.1082 0.98323 -0.65713 -1.4694 0.10517 -0.84668 -1.4149 2.3761 1.3633 -0.089025 0.37944 1.0524
-0.21034 1.2351 0.091894 0.44094 1.064 0.18123 0.063214 1.0497 -1.2522 -0.96732 -0.48562 -0.10828 -1.1926 0.74766 0.50431 -0.93049 -0.18678 0.99239 0.52654 -1.4172 0.97381 1.0324 -0.025698 -0.57203 0.76881 -0.19404 -0.24889 -1.2985 1.9662 -0.087009 -1.8087 0.090027 -0.0025586 -1.4646 0.88612 0.92604 0.30147 0.001677 0.88695
0.34984 1.3229 -0.32304 0.95359 0.070796 0.85984 0.56932 0.97335 -0.66312 -0.3821 -1.2447 -0.13102 -1.2247 0.25184 -0.069002 -0.1982 0.059767 0.13133 0.70471 -0.8318 0.016498 0.84056 0.42778 -0.99788 0.41908 -0.055369 -0.54467 -1.4739 1.9489 0.14741 -1.5136 -0.49205 1.0569 -0.74108 -0.063758 0.19063 1.1094 -0.096196 0.87924
0.21414 1.194 -0.23036 0.55173 0.071023 1.8902 -0.93491 0.75064 -1.2095 0.016185 -0.85242 0.64617 -1.2808 0.12759 -0.5166 0.66087 0.33188 -0.35379 0.073309 0.19756 0.19126 0.37856 -0.1014 -0.22761 0.08683 0.21423 -1.0748 -1.5438 1.1159 -0.46606 -0.99551 -1.6615 1.7577 -0.21236 -0.4623 -0.51845 1.852 -0.23891 1.1715
0.55952 1.1895 0.4209 0.77607 0.41968 1.2481 -1.4019 0.87028 -0.56753 -0.30423 -0.46848 0.39079 -1.0865 -0.16973 -1.1853 0.88442 -0.047349 -0.48112 -0.81295 0.58122 0.59056 0.49471 -0.33865 1.3506 0.6149 0.75648 -0.99371 -1.2908 0.29335 -1.1503 -0.39262 -2.2083 1.8648 -0.36956 0.0081406 -0.3427 1.9002 -0.7509 1.4945
0.42145 0.94697 -0.56741 0.99647 0.56274 0.56584 -0.55553 1.0676 -0.94019 -0.55709 -1.1398 0.48793 -1.2383 -1.0303 -1.6438 0.65748 -0.93875 -0.52967 -2.0766 1.4562 0.28722 0.3169 -0.67065 2.1014 0.19596 1.4348 -0.94105 -0.75135 -0.49102 -1.5403 -0.16717 -1.5389 1.429 -1.2395 0.41059 0.88943 0.81153 -1.4802 1.2455
-0.26493 0.3797 1.4424 0.85745 0.013341 -0.055967 0.59632 1.2112 -1.3129 -1.0572 0.027056 0.22984 -0.83805 -1.008 -1.769 0.37218 -1.2974 -0.4959 -2.6839 2.3361 -0.72979 0.88261 0.031839 1.7852 -1.1858 1.9289 -0.36665 0.32332 -0.72604 -0.91161 -0.062615 -0.1171 0.54213 -1.7335 0.10459 1.7459 -0.64827 -2.0925 0.32386
-0.19316 -0.31645 0.87602 0.27578 -0.13231 -0.66723 1.0293 1.9042 0.0012184 -1.0872 1.8186 0.86343 -0.043371 -1.1946 -1.5443 -0.0024444 -1.7121 -0.64531 -2.1064 2.2327 -1.5002 0.96543 1.4698 1.2439 -2.0949 1.791 0.67504 1.6297 -0.76319 0.51668 0.19719 1.7 -1.0039 -1.1644 -0.40776 1.6812 -1.793 -1.2088 -1.2096
-1.0558 -0.54134 -0.025365 -0.44975 -0.83467 -1.8179 1.4197 0.66323 -0.64179 -0.8567 1.5606 0.1474 0.56934 -0.76602 -0.67405 -0.15092 -1.2391 -0.52917 -1.049 1.3056 -1.8062 0.36611 2.0414 0.43922 -2.608 1.1441 1.0755 2.4728 -0.42993 1.7921 0.48353 2.7307 -1.983 -0.23078 -1.1673 0.36565 -2.2352 0.69138 -2.5387
-0.41392 -0.61203 0.36717 -0.54612 0.036048 -1.874 1.2067 -0.64875 0.15595 0.58152 0.84601 -1.5525 0.85178 0.097813 0.65575 -0.51676 -0.068669 -0.13922 0.51543 -0.053928 -1.3835 -0.20894 1.647 -0.94093 -1.6051 -0.26471 1.5006 2.5203 -0.00081252 2.5375 0.87073 2.83 -2.0555 0.86573 -1.1429 -1.1902 -1.709 2.0833 -2.8978
-0.88291 -0.41476 0.28751 -0.60318 -0.37492 -1.424 1.4972 -0.44849 0.26144 1.9226 0.51182 -2.1713 0.42531 0.33591 1.4534 -0.17418 0.99263 0.15353 1.4911 -0.53325 -1.2227 -0.7668 0.66365 -1.7554 0.048384 -1.4388 1.0152 1.6494 0.055066 2.0338 0.52817 2.162 -1.4218 1.647 -0.87398 -2.2058 -0.43553 2.8906 -2.2012
-0.54492 0.29197 0.063092 0.18562 -0.40994 -0.56509 1.3154 -0.17152 -1.37 1.1585 -0.13987 -2.0233 -0.226 1.031 1.7976 0.01978 1.5768 0.63071 2.3095 -1.0077 -0.14265 -0.65796 -0.19821 -1.1998 0.97973 -1.9354 0.45836 0.30493 0.082557 0.85907 0.080657 0.94498 -0.65988 1.5633 -0.30247 -2.337 0.69424 2.2787 -0.66531
0.094664 1.1965 0.80858 0.85231 -0.28069 0.9105 0.24513 0.52997 -1.0956 -0.054187 -0.43434 -0.099092 -1.1752 0.64581 1.6366 -0.30258 1.4692 0.070748 2.3942 -1.0912 0.70734 -1.085 -1.4014 -0.33008 2.1981 -1.8311 -0.024344 -0.7364 -0.2687 -0.45407 -0.11157 -0.20327 -0.077178 0.9119 0.51977 -1.2457 1.2659 0.59989 0.74661
-0.2832 1.0165 0.06392 0.80853 -0.041079 0.49563 0.70177 -0.31207 -0.61852 -0.46178 -0.47796 1.2761 -1.2447 0.79098 1.093 -0.28379 1.1862 0.060818 1.9525 -1.1021 0.62643 -0.63259 -1.9455 -0.20815 2.1331 -1.2172 -1.2126 -1.6086 0.13522 -1.4659 -0.074276 -1.0858 0.46412 -0.4679 0.87442 0.43384 0.33399 -1.052 1.7226
0.47984 1.2883 0.049848 0.7761 0.53678 1.1314 0.16914 -0.088812 -0.90209 0.032951 0.057522 -0.58162 -1.1608 0.41087 0.51228 -0.52003 0.40321 0.2422 1.2452 -0.63046 0.12977 0.21012 -0.92932 0.38037 0.7586 -0.4995 -1.9483 -1.8759 1.2464 -1.9 0.48773 -1.3543 0.74135 -1.5319 1.3498 1.8455 -0.85098 -2.1871 2.1316
-0.18993 1.1549 -0.099757 0.76222 -0.56315 1.5715 0.12845 0.48726 -1.3403 -0.62088 0.52385 0.43255 -1.2157 -1.0953 -0.45994 0.39717 -0.43004 0.41757 0.68176 -0.2838 -0.73908 0.36226 0.42105 -0.85714 -0.48332 0.38859 -2.3955 -1.5138 1.6633 -1.7412 0.68912 -1.3199 0.87984 -1.5561 1.008 2.1068 -1.3202 -1.5775 1.7053
0.24649 1.0817 0.063051 1.0038 -0.43535 1.5611 0.12435 0.50184 -1.0047 -1.0699 -0.55709 0.37448 -1.225 -2.0161 -0.87447 1.7337 -1.0156 0.8026 0.28647 0.016653 -1.5172 0.99444 1.0626 -1.7664 -1.0608 1.0647 -1.2271 -1.13 1.3207 -1.2944 0.49247 -1.2903 0.43123 -0.95664 0.59524 1.6975 -0.94586 -0.1668 1.2256
0.097912 1.3121 -0.4636 0.76673 0.37227 1.4929 0.32214 -0.13015 -0.80809 -0.11797 0.47407 -0.6274 -1.1527 -2.4281 -0.86741 1.7572 -1.1219 1.0627 -0.24211 0.37244 -1.5032 0.89855 1.2226 -1.8692 -0.24367 0.96051 0.98948 -0.81551 0.013354 -0.77975 -0.48668 -1.197 -0.29288 -0.091756 0.25281 1.0099 0.88806 1.1159 0.82077
-2.1567 0.19536 1.9891 0.088252 0.65492 1.6522 -0.07213 -1.0635 -0.2708 0.92535 -2.7917 -0.060011 -0.48861 -1.1934 -1.2662 1.3177 -1.4932 0.83864 -0.90707 -0.071061 -1.3022 1.0759 2.0246 -1.0713 0.31529 1.3431 2.6261 -0.66575 -1.419 -0.30383 -1.5261 -1.3524 -0.8148 0.78792 -0.27643 0.47928 2.0755 1.7852 0.48022
-2.4391 0.025568 2.511 -0.42212 1.2943 0.81191 0.8018 -2.1328 0.62049 0.96975 -2.5419 -0.71837 0.28921 0.32425 -1.6959 0.64263 -1.5409 -0.48928 -1.1477 -0.82214 -1.017 0.80062 1.9347 0.64288 1.1994 1.6763 3.571 -0.28303 -2.2975 0.2831 -1.996 -1.3115 -0.77366 1.1541 -0.322 -0.047097 2.8395 1.2328 0.17109
-1.8169 0.68307 1.3349 0.0067354 1.2276 1.0246 0.48699 -0.47143 -0.79457 0.83891 -1.3659 -0.12883 -0.60317 1.467 -1.63 -0.38897 -1.3302 -1.2293 -2.0002 -1.0276 -0.25896 0.51045 1.6517 1.289 1.9943 1.5435 2.6515 0.27889 -2.2719 0.98435 -1.766 -0.82027 -0.48289 1.0314 -0.64114 -0.57305 2.0116 0.58153 -0.50545
-0.22938 -0.56808 0.81259 -0.65707 -0.17468 0.038428 -0.44141 -0.48542 0.031862 1.9669 -0.3425 1.393 0.41775 2.8493 -1.1855 -1.7362 -0.70937 -1.5788 -2.3525 -0.70732 0.17242 0.56117 1.3131 2.8473 1.5332 1.1612 1.0149 1.0139 -1.3031 1.3697 -0.62957 -0.14613 0.33802 0.077631 -0.80671 -0.78268 0.31702 -0.7085 -1.0976
0.96263 -1.0684 0.77514 -0.57925 -1.3501 0.066835 -1.1937 -1.2343 0.087515 1.6023 0.97067 1.312 0.92389 2.4504 -1.0381 -1.791 -0.1985 -1.8673 -1.9721 -1.0963 0.067329 -0.034764 1.1993 2.0053 1.3967 0.72899 -0.90105 1.8326 -0.1557 2.1371 0.58491 1.3618 1.2053 -0.13954 -1.0388 -1.4956 -1.1074 -1.8562 -1.8613
0.055596 -0.76214 0.10674 -0.91968 -0.50201 -1.8333 -0.55921 -0.97625 0.088413 2.5348 0.14983 1.5145 0.76976 1.7105 -0.22246 -1.1164 0.27223 -1.3229 -1.4711 -0.089433 -1.0286 -0.47379 0.61017 0.94744 0.03683 0.18566 -2.4112 2.0025 0.61918 2.3724 1.5404 2.3281 1.8511 0.31355 -1.0975 -1.8839 -2.1674 -1.9127 -2.1686
0.64331 -0.95883 0.1658 -0.56426 -0.75045 -1.7193 -0.020146 -1.2144 0.82319 2.3499 1.0698 0.86214 0.8673 0.36914 1.0906 -0.98209 1.8892 -0.2676 0.28739 1.122 0.080368 -0.96292 -0.95763 -0.054017 -1.1294 -1.1902 -1.7395 1.6542 0.66364 2.1662 1.7516 2.5454 1.6744 0.89592 -0.8634 -1.9488 -1.5824 -1.2303 -1.8404
0.46045 -0.79577 -0.20144 -0.28574 -1.3685 -1.311 -0.99903 -1.2973 -0.54939 2.2554 0.2043 1.2142 0.56077 -0.5717 1.2496 -0.95378 2.3651 0.47514 1.1926 1.9528 0.76579 -1.0779 -1.3372 -0.61535 -1.1943 -1.6332 -0.88017 0.66826 0.2573 1.1982 1.5777 1.7429 0.43583 1.1831 -0.65272 -1.3014 -0.87022 0.08933 -0.96966
1.0642 0.38038 -0.1072 0.20349 -1.0809 -0.90014 0.26335 -1.7334 -1.5395 1.6373 0.3827 0.20991 -0.33627 0.37266 1.116 -0.60116 2.5156 0.47745 1.8088 1.2933 0.87679 -1.3882 -1.6843 -0.49175 -0.54491 -1.5468 0.13039 -0.50604 0.33682 -0.25542 0.92641 0.022846 -0.6577 0.38002 0.086395 -0.12052 -0.099836 0.89192 0.37485
0.26412 0.57505 -0.5377 1.7422 -0.67082 1.1484 0.90463 0.1544 -0.46571 -0.029661 -0.083217 0.098433 -0.92678 0.080098 0.92952 -0.8066 2.0404 1.2273 1.2642 0.72176 0.82557 -1.5137 -1.6033 -0.63439 -0.040903 -1.3122 0.41407 -1.0821 0.63596 -1.2656 0.21702 -1.1935 -1.3824 0.14295 0.90161 0.52536 0.078234 1.1515 1.1741
-0.40092 -0.0039659 -0.68646 1.3123 -0.11484 0.53487 1.5355 -0.38088 -0.76361 0.68273 -0.026632 0.2217 -0.63459 0.2845 0.36034 -0.40454 1.6114 1.0765 0.28262 0.41487 0.77668 -0.58413 -1.0657 -0.24672 0.19421 -0.69665 -0.10399 -1.1769 0.92913 -1.9303 -0.18286 -1.7351 -1.6897 -0.5885 1.0892 0.96866 -0.065525 0.59044 1.3802
1.52 0.29074 -0.46035 1.3252 -0.14075 -0.0045777 0.27574 -0.38177 -1.4655 0.80927 -0.12604 1.286 -0.66073 0.23856 -0.27105 0.16659 0.62467 0.58604 -0.46369 -0.40148 1.0915 0.23994 -0.61012 -0.57061 0.88166 -0.019051 -0.046053 -0.67423 1.0129 -1.5287 -0.67181 -1.2251 -1.4272 -0.74179 1.192 0.82716 -0.026616 -0.4324 1.0051
0.57451 0.23411 -1.144 1.3755 0.7601 -0.17441 0.092035 -0.73373 -1.6416 0.20423 0.0018048 0.73332 -0.70353 0.10099 -0.34806 0.68713 -0.12211 0.47019 -0.83766 -1.5623 -0.37057 -0.18647 -0.26772 -0.65467 0.26088 0.2031 -0.66348 0.0076335 0.64867 -0.88732 -0.49364 -0.27277 -0.69451 -0.58429 0.96865 0.40798 -0.08728 -1.3671 0.32938
0.9043 0.09516 -0.37359 1.7434 -0.44995 -0.78201 0.10925 -0.33116 -1.24 0.63693 -0.077038 0.83572 -0.60555 0.08662 0.099101 0.58147 0.25822 0.2998 -0.65855 -1.1742 -0.0065049 0.56258 -0.36904 -0.48072 -0.95559 -0.015615 -0.5972 0.50305 0.039228 -0.22922 -0.17887 0.42952 0.19385 -0.27527 0.81522 0.21296 0.099516 -1.4412 -0.15185
0.76137 0.10991 0.28861 1.2158 -0.26566 -0.47099 0.45879 0.72862 -0.29342 0.018931 -0.91159 1.2104 -0.57057 -0.86725 0.18386 0.63082 0.25837 0.31794 -0.18443 -0.59613 0.2193 1.1025 -0.38205 -0.46783 -1.7317 -0.12313 -0.3365 0.64659 -0.67576 -0.1839 0.10067 0.89452 0.69798 0.32244 0.70497 0.14879 0.45843 -0.68106 -0.30765
-0.11677 -0.094271 0.22087 1.4621 0.53455 0.12068 -1.4137 -1.2139 -1.2084 -0.14111 -0.98003 0.081453 -0.61154 -0.38238 0.33854 0.28131 0.039755 0.34165 0.059957 -0.47885 0.27747 1.15 -0.13451 -0.45261 -1.1223 -0.11471 0.24601 0.45719 -1.2965 -0.45751 -0.15336 0.70321 0.24522 -0.16034 -0.2221 0.50401 0.72903 0.20603 -0.21389
0.78954 0.49225 -0.40081 1.7003 0.40745 -0.99383 0.20864 -0.26986 -0.34851 0.55298 -0.23061 -0.93591 -0.74834 -0.28718 0.65894 -0.4327 -0.32893 0.64487 0.59008 -0.48101 0.10423 0.86356 -0.093465 0.28741 -1.0594 -0.27614 1.1012 0.33144 -1.5061 -0.42956 -0.33387 0.29207 0.11399 0.054632 -0.51047 0.57293 0.7381 0.96247 -0.12404
0.073518 0.54233 0.16621 1.6287 0.43627 -0.20883 -0.49195 0.053502 -0.30021 -0.016425 -0.71879 -0.61475 -0.86849 0.25179 0.65685 -1.3343 -0.23881 -0.13708 0.35579 -0.72182 -0.24966 0.253 0.48076 0.65927 -0.8321 -0.30541 0.80962 -0.093375 -0.89378 -0.26097 -0.32322 0.18204 -0.46553 -0.27246 -0.67127 0.3753 0.53159 1.1714 0.0001072
0.39299 0.46544 -0.68229 1.354 0.66664 -0.26777 -0.39145 -0.10236 -0.12376 0.1313 -0.81168 0.29968 -0.69271 0.85334 0.59995 -1.4067 -0.34454 -0.049379 0.24103 -0.23102 0.59071 0.57055 0.44073 0.51264 0.17168 -0.23837 0.75057 -0.43081 -0.22362 -0.011797 -0.16181 -0.18795 -0.68524 -0.34961 -0.65042 0.5301 0.14502 1.0354 0.18126
0.54063 0.9167 -0.60437 1.0475 0.34359 0.5305 -0.60309 0.043417 -0.061434 0.27652 0.42547 -0.32251 -0.96699 0.54544 0.19988 -0.91525 -0.40219 0.10175 0.58619 -1.5365 -0.47955 0.0085229 0.33792 0.54271 0.74943 -0.12902 0.33199 -0.51279 0.5673 0.18583 0.44109 -0.25201 -0.8355 -0.31667 -0.6376 0.48282 0.001222 0.28029 0.23525
0.9294 0.71161 -1.8426 1.2089 -0.54595 -0.18889 -1.3256 -0.55955 -0.67153 0.84812 -0.15926 -0.50101 -0.93593 0.95481 0.12877 -1.0543 -0.26476 0.23644 0.08126 -1.4523 -0.44122 -0.26235 1.0237 0.65153 0.35155 -0.045802 -0.12714 -0.75425 0.62184 0.27542 0.52821 -0.77766 -0.51381 -0.2225 -0.4773 0.30666 -0.3622 -0.22577 0.43966
1.2467 0.79242 -1.4871 1.4093 1.0709 -0.12993 -0.83564 0.10151 -0.021938 0.44712 -0.24437 0.017947 -0.91086 0.81536 -0.0096746 -0.42205 0.046603 0.54413 -0.086977 -1.7948 -0.3315 -0.55418 1.1415 0.5973 -0.30641 0.010415 -0.24809 -0.94858 0.55631 -0.17744 0.48961 -1.063 1.0522 0.70487 0.36377 -0.26585 -0.62473 -0.27161 0.80268
0.85838 0.63468 -0.81375 1.2251 0.58766 0.25647 -2.2919 -0.95748 -0.34364 0.67082 0.46814 0.32238 -0.88978 0.48312 -0.61993 -0.46138 -0.088222 0.71439 -1.0039 -1.1325 0.097853 -0.06518 0.64272 -0.26125 0.25228 0.45829 -0.50631 -1.1142 0.33621 -0.8596 -0.16048 -0.97497 1.9417 0.82911 0.98641 -1.0823 -0.81728 0.038414 1.0151
1.3324 0.72591 -1.6437 1.1523 0.73902 -0.17452 -2.0235 -0.13479 -0.66162 1.679 0.12944 -0.080377 -0.84946 0.32222 -1.0905 -0.14417 -0.79532 0.77648 -1.0276 0.45157 0.59448 0.60123 -0.00019629 -0.29223 0.25546 1.0145 -0.33415 -0.85105 -0.25221 -1.1042 -0.71802 -0.86681 2.6427 0.84007 1.394 -1.5609 -0.80128 0.24518 0.95733
1.4294 0.608 -1.2064 1.3537 1.188 -0.17089 -2.6699 -0.39236 -0.8693 1.6159 0.53228 -0.71381 -0.77395 0.2645 -1.2853 -0.54326 -1.332 -0.1663 -1.4275 1.3779 0.67547 1.0419 -0.54899 -0.59456 0.1782 1.2158 -0.19573 -0.13526 -0.048216 -0.65853 -1.0839 -0.33916 1.9418 0.45373 1.0293 -1.5337 -0.23582 0.14404 0.39313
1.0906 -0.17155 -1.9324 0.88785 0.83202 -1.8079 -1.5601 0.24231 0.15467 0.66267 -0.7425 0.32793 -0.23733 0.30634 -1.171 -0.84746 -1.244 -0.33149 -1.6364 2.3261 0.9802 1.5537 -1.3527 -0.89371 0.27251 1.2952 -0.47919 0.67252 0.39737 0.067371 -1.0243 0.077356 0.22662 0.33429 0.11259 -1.1496 0.15877 0.42162 -0.39079
1.4505 -0.71788 -1.7099 0.19153 1.0822 -1.3236 0.13975 0.28395 0.49358 0.34217 -0.50083 0.11952 0.48464 0.12886 -0.82113 -0.18907 -1.0033 -0.72308 -1.3978 1.8837 0.77128 1.4226 -1.7172 -0.44488 0.57318 1.0036 -0.73235 1.3985 1.4673 0.99077 -0.37469 1.1856 -1.4395 0.49749 -1.2411 -0.46579 0.99076 0.28428 -1.1863
1.4307 -0.46109 -1.9202 -0.02618 0.32534 -1.851 0.06123 0.41975 1.0732 -0.19961 -0.64251 0.3532 0.25716 -0.49666 -0.15049 0.44477 -0.83986 -0.82652 -0.90159 0.6709 1.1859 0.62183 -1.6925 -0.032699 0.97043 0.44764 -1.1212 1.8719 1.9705 1.5201 -0.13899 2.0868 -2.1476 0.19975 -2.0558 0.29853 1.2147 0.080037 -1.8809
1.3631 -0.36732 -2.2223 0.33143 0.15398 -2.0428 -0.08684 0.26762 0.92054 -0.55175 -0.68292 0.2695 0.39124 -0.68914 0.64692 1.6065 0.18757 -0.60084 0.57856 -0.70386 1.5221 -0.8698 -1.3031 1.0356 0.45323 -0.41204 -1.0194 1.7702 1.6215 1.45 0.37835 2.5835 -1.1333 -0.3529 -2.0038 0.80216 0.57913 -0.11806 -1.8832
1.5047 -0.09232 -1.359 0.47116 -0.00057963 -2.1626 -0.62187 0.81015 0.47081 -0.25663 -0.090633 0.33653 0.096687 -1.3593 1.366 2.0053 0.80034 -0.63949 1.5643 -0.72673 0.98843 -1.2358 -0.97203 0.89135 0.52749 -1.2524 -0.48467 1.2145 0.93968 0.88969 0.63245 2.2454 0.51412 -0.99306 -1.1515 1.1086 -0.20776 -0.53804 -1.3952
0.24029 0.15828 -0.48541 0.18876 0.2293 -1.7998 -1.9335 1.4251 -0.076521 -1.0895 0.091985 1.0603 -0.12747 -1.3261 1.5137 2.119 0.69492 -0.10831 2.5586 0.29459 0.20335 -1.4847 -0.4936 0.29967 0.57356 -1.4058 -0.029569 0.38227 -0.38263 -0.078908 0.4656 1.2618 1.8358 -1.6283 -0.20124 1.0825 -0.93959 -0.51521 -0.50061
0.5663 0.36915 0.4179 1.0327 0.17775 -0.075067 -1.359 2.1473 -0.88651 -1.1588 1.0235 0.56097 -0.56088 -1.075 1.5366 1.9834 0.45275 0.10464 2.6168 1.2274 -0.03799 -1.277 0.092574 -0.090895 -0.19297 -1.4691 0.89671 -0.33019 -1.3637 -0.42462 0.14982 0.040563 2.0392 -1.3711 0.26096 0.92872 -0.8831 -0.9151 0.33484
-0.17363 1.1789 0.33722 0.85879 -0.26022 0.99826 0.24852 0.58147 -0.16877 -0.93585 0.14973 0.7121 -1.1688 -0.88602 1.2258 0.90367 0.22743 -0.10353 2.5792 2.0575 -1.0552 -1.2384 0.30284 -0.41791 -0.24181 -1.1669 1.0668 -0.77902 -1.9453 -0.43552 -0.22928 -1.3359 0.85484 -0.83197 0.88218 0.50036 -0.63771 -0.76376 0.80935
0.25622 1.2627 0.20291 0.58575 0.28349 1.3079 0.63202 0.18633 -0.5113 -0.73058 -0.88512 1.0649 -1.1451 0.079884 0.92737 0.038014 0.30045 -0.35553 1.6207 2.543 -0.98395 -0.86429 0.46386 -0.5773 -0.96005 -0.78712 1.0526 -1.9717 -1.4903 -0.13087 -0.15839 -2.1385 -0.38885 -0.14213 0.87293 0.41758 -0.34918 -0.26775 1.5759
0.29667 1.3415 0.60131 0.78053 0.33316 0.7272 0.72733 0.9517 -0.77166 -0.13858 -0.3703 -0.46372 -1.2147 0.070487 0.45031 -0.58675 0.018514 -0.29181 0.35056 1.3841 -0.90076 -0.0084693 0.30764 -0.77539 -0.62025 -0.33972 0.48975 -2.8752 -0.32303 -0.12972 -0.14475 -2.4457 -1.1993 0.25458 0.87758 0.43595 0.20026 0.12553 2.1977
-0.1086 1.1779 -0.12303 0.6006 -0.35317 1.6214 0.94528 -0.065063 -1.4968 -0.44146 -0.082232 0.72878 -1.1941 0.39438 -1.5308 -0.086692 0.33313 -0.083915 -0.59187 0.7871 -0.38131 -0.22701 0.91334 -0.63175 -0.53926 0.85293 -0.52412 -2.9546 0.53755 -0.5534 -0.50262 -1.6095 -1.2874 0.10592 0.67871 0.20364 0.83695 0.41056 2.2401
0.68225 1.35 -0.12808 0.99905 -0.41165 0.87664 1.3272 1.0604 -1.0805 -0.90206 -0.29331 -0.46966 -1.1833 -0.13707 -2.5813 0.36531 -0.010985 -0.49685 -1.2564 0.51339 -0.8687 0.11683 0.9376 0.029772 -0.16166 1.8264 -0.6813 -1.8217 0.94487 -0.58901 -0.31042 -0.28299 -1.0202 0.25592 0.63766 0.022505 1.1808 -0.37015 1.4392
0.24833 1.1544 -0.38057 0.96255 -0.16737 0.68679 0.50206 0.34544 0.026081 -0.67576 -0.69173 0.29148 -1.1834 -0.78618 -2.732 0.59397 -0.64183 -1.1713 -0.83317 0.37757 -0.79466 0.36661 0.54889 0.76166 -0.3001 2.0166 -0.41419 -0.048145 0.16228 -0.98149 -0.3461 0.59713 -1.2557 0.26577 1.038 -0.12423 1.1416 -0.74449 0.28451
0.44703 -1.6763 0.79418 1.0851 0.083247 -0.027589 1.6494 -0.19196 -0.85334 1.1614 -1.4236 0.21304 0.44955 -0.59991 -2.1418 0.87767 -0.51282 -0.31153 -0.11385 -0.46952 -0.20371 0.90977 0.53162 0.98281 -1.4904 1.5771 0.67783 1.1746 -0.63687 -1.0448 -0.12894 0.80917 -1.2536 1.1165 0.69235 -0.36594 0.69332 -0.90408 -0.55511
-0.22475 -1.655 0.92703 0.24139 -0.71681 -0.8013 1.1426 -0.69672 -0.75571 0.41134 0.094836 0.45481 1.1831 -0.14062 -1.8395 -0.022861 -1.1156 -0.80585 0.024788 -1.2579 -0.20473 1.3571 0.86787 1.2653 -1.4117 1.475 1.6089 2.0259 -1.4055 -0.89561 0.072813 0.40434 -0.91964 1.64 0.60108 -0.86714 0.0016618 -0.26434 -1.066
-1.0376 -0.9872 0.83724 -0.076159 -2.1636 0.69665 1.1997 0.4149 -0.66918 -0.2842 1.6152 -1.0744 0.45652 0.79439 -0.97688 -0.5224 -1.5835 -0.9079 -0.070288 -1.201 0.96219 0.94123 0.051569 1.2215 -1.4779 1.1395 1.9042 1.6589 -1.7725 -0.4538 0.01789 -0.12197 0.020322 1.4136 -0.10598 -1.3006 -0.68 0.82424 -0.96481
0.05804 -0.42277 0.6322 0.7044 0.2967 1.9507 -0.1326 0.40129 0.16973 -0.14143 0.60924 -1.7326 -0.10559 1.4938 0.22601 -1.3603 -1.6571 -0.72893 -0.055415 -1.111 1.743 1.496 -0.92892 0.6507 -0.8347 0.39232 1.524 0.85041 -1.1436 0.33444 0.60644 -0.60309 1.0558 0.71011 -0.87992 -1.2849 -1.1957 1.3652 -0.54182
1.0355 -1.3445 -0.85975 -0.29538 -1.7502 -0.17411 -0.59469 0.50768 1.2725 1.007 0.69012 -1.3529 0.87361 2.1064 -0.27638 -1.8043 -1.0263 -0.30723 -0.33444 -0.48946 1.513 0.6333 -1.1452 -0.11591 -0.020792 0.45077 0.256 -0.074442 -0.38977 0.7541 0.44626 -0.67769 1.7173 -0.25181 -1.6207 -0.80367 -0.999 1.8481 -0.085048
1.2626 -1.341 -0.26288 -0.90159 -1.2833 -0.31904 0.039711 1.3008 0.038923 -0.32664 0.49243 -0.72196 1.1077 2.0233 -0.70639 -1.5395 -0.8111 0.023218 -1.073 0.54163 0.87341 -0.176 -1.0779 -0.54209 0.75408 0.88474 -0.83221 -0.27811 0.5263 1.195 0.61713 -0.086606 1.7656 -0.59578 -2.1538 -0.32718 -0.65261 1.4635 -0.12848
1.5887 -1.3253 -0.67644 -0.83208 -1.2874 -0.21067 0.77581 1.6391 0.73762 -0.78284 0.096025 -0.48333 1.0943 1.0033 -0.64571 -1.1601 -0.69547 -0.45032 -0.94166 1.4704 0.92246 -1.3263 -1.4662 -0.25004 1.6364 0.75027 -1.3433 0.2777 0.69444 1.2868 0.5219 0.70293 0.97395 -0.27447 -1.292 0.12594 -0.30201 0.79044 -0.64294
1.6066 -1.6448 -1.5202 -0.4248 -1.4661 -0.23573 0.37933 0.96676 -0.48283 -1.6563 0.89229 -0.31518 1.1974 0.5054 -0.080764 -0.67178 0.25338 0.49176 0.058736 1.5048 0.91005 -1.6472 -1.4182 -0.63141 1.4375 0.024304 -1.1991 0.52961 0.39308 1.2652 0.29469 1.1421 0.00020056 0.0037893 -0.16533 0.47513 -0.47916 0.59463 -1.0433
1.5722 -1.5241 -0.99189 -0.49283 -1.1146 -0.33431 1.4345 1.2887 -0.39047 -0.99773 0.40821 -0.88722 1.1776 0.37977 -0.108 -0.9085 0.67652 0.43182 0.5007 1.018 0.97704 -1.1062 -0.72866 -0.69297 1.3247 -0.22889 -0.8237 0.77462 0.46201 1.0099 0.5164 0.85887 -0.61538 0.29899 1.1137 0.89138 -0.75495 0.053365 -1.0884
1.4818 -1.4307 -1.2729 -0.47939 -1.0697 -0.16778 1.2552 1.7082 -1.0169 -1.5007 0.10685 0.90702 1.0713 0.11637 -0.053222 -0.90745 0.70059 0.13597 0.49146 0.7805 0.85733 -0.60657 -0.50973 -1.3099 2.1858 -0.42936 -0.9573 0.9094 0.61403 0.51491 0.26325 0.075083 -1.114 0.37435 1.5204 0.80746 -0.26119 -0.28147 -0.92445
1.849 -1.3649 -1.4758 -0.27192 -0.90152 -0.12207 1.2967 2.0468 -0.71214 -1.1764 -0.57484 0.40632 0.90888 -0.32639 0.69129 -0.15365 0.83566 0.69074 0.55716 0.59583 1.521 0.2787 -0.16024 -1.4723 1.4013 -0.90481 -1.1651 1.5637 0.98189 0.39596 0.65512 -0.3155 -1.3376 -0.40682 1.2245 0.65106 0.26116 -1.1983 -1.1127
1.847 -1.5846 -1.7003 -0.13666 -0.75461 0.7311 1.3674 2.5964 -0.87729 -1.6996 -0.35542 0.77536 0.83405 -0.9129 1.1062 0.12787 1.07 0.85807 0.16677 -0.5329 1.3535 0.56356 -0.10818 -0.77875 0.83488 -1.2355 -1.2098 1.9215 1.2881 0.31227 0.60988 -0.24553 -1.1211 -1.6555 0.39192 0.89189 1.0483 -1.9861 -1.0929
1.554 -1.5122 -2.2808 0.062311 -1.5592 0.18454 1.6643 1.899 -0.025772 -1.8162 -1.6941 2.48 0.60829 -1.2615 2.044 0.44881 1.1817 1.2901 0.012489 -1.0279 -0.04015 0.646 0.3555 -0.41173 -0.48997 -1.7499 -0.90135 1.6033 1.1286 0.058958 -0.077813 -0.17102 -0.63987 -2.9371 -0.48033 0.90138 1.3806 -1.7659 -0.74621
0.8769 -0.26864 -0.83319 0.4751 0.20743 0.3809 1.328 3.0578 -0.26336 -1.4291 -0.86832 0.1261 -0.059523 -1.6546 2.6282 1.2472 1.0722 0.97206 0.25418 -0.67096 -1.5043 -0.045097 0.99368 0.33994 -1.0134 -1.8965 -0.15764 0.83093 0.86819 -0.17937 -0.66971 0.23095 0.07908 -2.6595 -0.96182 0.84061 1.1241 -1.5399 -0.13459
0.34384 -0.12192 -0.74469 0.53246 0.099927 -0.44127 0.18984 2.9306 -0.083891 -1.1071 -0.31916 0.51647 -0.30826 -1.6234 2.7312 1.4399 0.93974 0.49981 0.15395 -0.62162 -2.6278 -0.33984 1.0689 0.8378 -1.3568 -1.8632 0.64771 -0.56687 0.04283 -0.40354 -1.2416 0.33087 0.38046 -1.2368 -0.96892 0.21036 0.65284 -0.50626 0.63736
0.41897 1.2264 -1.1085 0.73881 0.72988 0.16666 -0.037772 0.94832 -0.44967 -0.93416 -0.81468 0.12627 -1.1305 -1.0237 2.2119 1.2916 0.88271 0.026435 0.54629 -0.56327 -2.4029 -0.78714 1.195 0.93389 -1.9393 -1.4077 1.3182 -1.4996 -0.60373 -0.49502 -0.83436 0.21355 0.43928 0.67301 -0.55739 -0.41072 0.012303 0.038659 1.0947
0.070833 1.3414 0.22239 0.76452 -0.3491 1.0256 1.3806 0.14863 -1.0696 0.12563 0.047814 -0.41708 -1.0639 -0.37851 1.2554 0.52001 0.57935 -0.51974 0.51798 -0.29727 -1.9372 -0.84019 0.66814 0.65082 -1.0635 -0.88524 1.3234 -1.9437 -0.63623 -0.6949 -0.30212 0.092274 0.38938 2.0201 -0.079804 -0.56109 -0.26153 0.49552 1.2961
-0.08595 1.2557 -0.27088 0.86424 -0.66918 0.57323 0.76414 -0.20945 -0.75796 -0.95182 0.3641 0.14853 -1.2192 0.16198 0.73723 0.57389 0.39668 -0.048914 0.48737 0.070709 -0.56658 -0.86517 0.37893 0.46389 -1.052 -0.48393 0.70493 -1.5486 -0.60466 -0.87924 0.37873 -0.24771 -0.11776 1.8994 0.46479 -0.57629 -0.60862 0.7447 0.96864
0.34735 1.23 -0.28075 1.1878 -0.79006 0.80443 0.51009 0.73354 -0.83614 -0.072062 -0.52244 -0.88027 -1.0318 0.23252 0.062385 0.60385 -0.019739 -0.010596 0.3543 -0.13604 0.29709 -0.45778 0.36438 0.53507 -0.73279 -0.074485 0.21951 -0.82763 -0.077239 -0.83546 0.723 -0.045524 -0.101 1.1128 0.66113 -0.27875 -0.62866 0.7192 0.58059
0.32423 1.2338 -0.33242 0.95528 0.11226 0.58664 0.23548 1.476 -1.2262 -0.75104 0.35085 -0.95528 -1.2262 -0.024835 0.093686 0.11463 -0.34 0.48084 0.11414 -0.87065 0.093687 -0.093874 0.20429 -0.26615 -0.51358 -0.12996 -0.21764 -0.38725 0.010309 -0.67524 0.28132 0.11657 -0.10158 -0.21908 0.7203 -0.11932 -0.68358 1.0696 0.24395
0.61899 1.3311 0.10721 0.90283 0.52954 0.45355 0.40759 1.4191 -1.2575 -0.41101 0.14851 -0.59145 -1.176 0.12106 0.12409 0.61524 -0.49864 0.55998 0.59789 -0.019324 -0.14863 0.034098 0.20138 -0.28364 0.20484 -0.051609 -0.2712 -0.07129 0.063037 -0.16551 -0.17 -0.024213 0.24813 -0.57175 0.51307 -0.24288 -0.63828 1.0685 0.072708
0.35445 1.3684 0.25284 0.58106 -0.16201 1.3375 0.49155 0.12982 -1.0258 0.078289 0.33789 -0.77111 -1.2012 -0.18501 0.023954 0.59989 -0.53225 0.19493 0.5854 -0.18157 -0.75606 0.26198 0.22167 -0.54019 0.75274 -0.068184 -0.17 -0.15019 0.029698 0.28794 -0.53025 -0.42705 0.46795 0.14267 0.22057 -0.5504 -0.1066 0.78964 0.1007
-0.36268 1.4204 -0.011661 0.48168 -0.10212 0.87264 -0.13924 -0.081993 -0.93276 -0.06413 -0.75176 -0.8685 -1.2803 -0.18922 -0.032262 0.49295 -0.20777 -0.17178 0.054894 0.035298 -0.3606 0.34108 -0.12746 -0.64735 0.90531 0.02503 -0.038334 -0.15996 -0.34016 0.58244 -0.29497 -1.0678 0.14378 1.0818 -0.072675 -0.8584 0.18909 0.28644 0.065579
0.60405 1.3299 0.64235 0.62989 0.16098 1.6337 1.0449 0.57076 -0.70509 -0.85568 -0.11159 0.46564 -1.1664 -0.18427 -0.09573 0.24425 0.016994 -0.12254 -0.48964 0.064094 0.47482 0.17008 -0.72267 -0.30055 0.82167 0.01064 0.25679 -0.071743 -0.34611 0.56935 0.057272 -1.0491 0.26151 1.4519 -0.33234 -0.78925 0.62321 -0.15038 0.054605
0.13555 1.1903 0.36475 0.65952 -0.20991 1.2941 -0.2321 0.53154 -0.81366 0.30273 -1.1261 -0.31577 -1.1727 0.049739 -0.10076 0.15984 0.24004 0.18384 -1.0307 0.16194 1.2957 -0.063279 -1.027 -0.0061814 0.7989 0.027026 0.2904 -0.013297 -0.23418 0.31589 0.22867 -0.64296 0.18112 0.99325 -0.3584 -0.42822 0.69814 -0.27021 0.0057866
0.20288 1.2869 0.39891 0.75401 0.10076 0.030349 0.5178 1.3269 -1.0041 -1.2312 -0.10352 0.15578 -1.1998 0.17065 -0.072103 0.12195 0.23443 0.13259 -1.0001 0.29815 1.1789 -0.17572 -0.89234 0.43726 0.51698 0.029848 0.22449 0.024409 -0.08085 0.12203 0.11903 -0.23835 0.14283 0.33767 -0.20796 -0.050349 0.46007 -0.22497 0.0093623
