39 217
-1.8844 1.3184 0.85387 1.5375 0.4976 0.36158 0.12454 1.6565 0.1512 0.83547 -0.58674 -0.18872 -1.9922 0.039581 0.69123 0.34997 -0.15972 -0.25821 0.27202 0.077947 -0.30617 -0.3637 -0.12102 0.80328 0.99374 -0.056531 0.0217 -0.048293 -0.24981 0.30521 0.23327 0.24157 0.48367 0.25668 0.24438 0.45138 0.36224 0.030136 -0.010627
-1.9819 1.7355 1.2486 1.183 -0.22489 0.25784 -0.25763 1.7595 0.4507 0.23357 -0.83156 0.28687 -2.0329 -0.10155 0.54852 -0.044686 -0.0066154 -0.019985 0.53981 0.58579 0.049457 -0.057858 0.34049 1.2809 1.2903 -0.081143 0.15699 -0.33369 -0.48913 0.31354 0.22444 0.16761 0.59707 0.19813 0.16037 0.53135 0.011945 -0.16109 0.014192
-1.666 1.6942 1.0217 1.6092 0.15403 0.20962 0.0036819 0.93618 -0.56776 0.91766 0.33641 0.82815 -1.9794 0.1463 0.64779 0.066098 0.28253 0.019597 0.5664 0.75959 0.0043585 -0.050072 0.4936 1.2678 0.8537 -0.059061 0.20441 -0.74942 -0.71039 0.32119 0.13077 -0.12732 0.14102 -0.085325 -0.12139 0.4001 -0.64369 -0.74719 0.02949
-1.9419 1.9863 0.99526 1.3606 0.53564 0.96338 0.50629 1.5153 -0.22411 0.72597 0.20543 1.0816 -2.0624 0.25911 0.11388 -0.43348 0.15192 -0.01513 0.41554 0.89184 -0.08583 -0.21448 0.5671 0.58923 0.69945 -0.028909 0.16793 -0.8072 -0.43583 0.35224 -0.24588 -0.62656 -0.57097 -0.35499 -0.22621 -0.035594 -1.4663 -1.2143 0.016735
-2.0725 1.5848 0.64858 1.6353 0.55742 0.93859 1.1822 2.0348 0.48854 1.4794 0.67546 1.3626 -2.0573 0.21511 -0.39594 -0.7917 0.30658 -0.037003 0.076265 0.19832 -0.40868 -0.51768 0.51484 -0.11495 -0.217 -0.030901 0.071121 -0.65482 -0.094164 0.45916 -0.12812 -0.9203 -0.92664 -0.11472 -0.30598 -0.51569 -1.1725 -0.89063 -0.046008
-1.5585 2.0475 1.1436 1.891 0.24174 0.7151 0.81243 1.4497 0.014053 1.1236 0.30309 0.32126 -2.0175 0.15608 -0.33214 -0.44225 0.57894 -0.4048 -0.40163 -0.23613 -0.4334 -0.25663 0.26151 -0.90061 -0.59062 -0.064646 -0.099704 0.058877 0.7967 0.49712 0.28633 -0.72252 -0.90376 -0.13397 -0.26771 -0.84602 -0.33025 -0.43809 -0.063348
-1.6501 1.3122 0.55976 1.3205 0.030907 0.52707 0.95188 1.3008 -0.37075 1.0724 -0.47623 1.0914 -2.0153 0.32045 -0.27318 -0.12182 0.84566 0.00040005 -0.7579 -0.46633 -0.048609 -0.61398 -0.32281 -0.28562 -0.28691 -0.11475 -0.27211 0.39655 1.0596 0.062594 0.71218 0.017937 -0.076791 0.25144 0.070298 -0.81948 0.51304 0.49178 -0.042073
-1.8045 1.3474 0.61932 1.716 -0.10294 0.25742 -0.55777 0.76935 -0.81804 0.91872 -0.48078 -0.1019 -2.0654 0.030164 0.11956 0.6928 0.7226 0.45279 -0.53237 -0.52152 -0.52968 -0.67819 -0.6031 0.023528 -0.16958 -0.089322 -0.24107 0.55061 0.95346 -0.35508 1.0223 0.72331 0.57772 0.22465 0.35824 -0.61246 0.78789 0.6864 -0.0032167
-1.6701 1.6872 0.8037 2.4411 0.075735 0.12205 0.28452 0.86533 -0.42932 1.3771 -0.25073 0.4467 -2.0773 -0.19987 0.018259 0.59 0.34724 0.74073 0.15394 0.19348 0.11773 -0.17296 -0.59207 0.42122 0.48012 -0.085591 0.2241 -0.23225 -0.20266 -0.99947 1.0491 1.3035 0.93404 0.21494 0.7118 -0.42435 0.020892 0.62285 0.40212
-1.6561 1.7187 0.92554 2.283 0.97676 0.35077 0.55843 2.3918 -0.58249 0.23389 0.64986 1.2179 -2.1851 -0.0073808 0.42361 0.95401 0.24113 0.95581 0.4668 0.55129 -0.089887 0.20694 -0.75463 0.28177 0.31266 -0.081764 1.246 -1.959 -1.9836 -1.5963 0.51772 0.97479 0.23371 0.1946 0.50883 -0.69095 -0.97514 0.46319 1.308
-1.9591 1.8532 1.4797 2.2 0.82193 0.39573 0.4516 0.56824 -0.46833 0.82391 0.43456 0.61381 -2.0434 0.72953 -0.85214 -0.64611 -0.57982 1.5251 1.146 0.8032 0.13947 0.30306 -1.0449 -0.37902 0.63496 0.55168 2.2409 -3.192 -2.9302 -1.8125 -0.22998 -0.19807 -0.86894 -0.21742 -0.072021 -0.81818 -1.719 0.00054035 2.2989
-1.7013 1.5807 1.0807 1.6997 0.61045 1.0339 1.1975 1.5626 -0.3786 0.39086 0.027369 1.2148 -2.0724 1.7439 -2.8022 -2.3885 -1.4797 0.93841 0.76372 -0.37386 -0.17174 0.055603 -1.6748 -1.4886 0.60494 1.7658 2.6804 -3.3202 -2.933 -1.4165 -0.84891 -1.0591 -1.2368 0.49017 -0.60054 -1.0115 -1.4281 -0.035451 2.5743
-1.6365 1.7453 1.0851 1.8218 0.92593 0.71986 0.92326 0.66785 -0.2818 0.18131 -0.56051 0.81705 -2.1304 2.8436 -3.8181 -3.195 -1.8202 0.36321 -0.38401 -1.0223 -0.26584 -0.23527 -1.6688 -2.0607 0.28456 2.8091 1.6029 -1.8424 -1.0347 -0.47154 -1.1638 -1.888 -1.113 0.62538 -1.0298 -0.67644 -0.45642 -0.62484 2.0621
-0.73315 0.027409 -0.34552 1.3872 2.0335 1.6037 0.54529 1.3813 -0.42616 -0.30063 -0.65207 0.9964 -1.341 3.6238 -3.7601 -3.2331 -1.5033 0.10419 -0.75926 -0.92521 1.0507 -0.67168 -2.3421 -1.6755 0.36832 3.0649 -0.18221 0.26101 0.98924 0.43262 -0.80594 -1.5508 0.085318 1.1548 -0.83969 -0.20892 0.95309 -1.1254 0.87396
0.18975 -1.4897 -0.88526 0.75282 0.9265 0.49225 -0.66704 1.1574 -0.52481 -1.1817 -1.4302 1.807 -0.28395 2.5925 -3.5324 -2.1618 -1.35 -0.02265 -1.6254 -1.0711 0.72652 -1.3012 -1.982 -1.1834 -0.51454 3.3274 -1.8114 2.2736 2.5386 0.90399 -0.67765 -0.78443 0.85959 1.2843 0.14821 0.41685 1.8375 -1.2274 -0.64193
0.80179 -1.445 -0.58936 0.38204 1.0508 -0.5685 -0.68362 1.5441 -1.0309 -1.3168 -1.1845 1.0947 0.10059 1.5488 -2.535 -1.0865 -0.98252 -0.22858 -1.5212 -0.18374 1.5497 -1.0161 -1.9117 -0.068435 -1.2386 2.9599 -2.5159 3.3651 2.9073 0.8898 -0.7328 0.0077652 1.0028 0.77058 1.4737 1.2614 1.9023 -1.0433 -1.9415
1.1334 -0.87176 -0.35954 0.98436 0.70866 0.228 0.24055 2.2385 -1.3137 -1.9471 -1.1488 1.1413 -0.067807 0.70986 -0.60546 0.42598 -0.55896 -0.61344 -1.4832 0.26896 1.9516 0.21975 -1.1034 0.72437 -1.3537 1.7989 -1.585 3.2379 1.8349 0.94291 -1.3201 0.80126 0.58569 -0.47606 2.5355 1.9139 1.0284 -0.11722 -2.7843
-0.21863 -1.6524 -0.29008 0.39408 1.049 -0.71908 -0.24839 1.707 -2.09 -1.5491 -1.2886 -0.13327 0.4578 0.16118 0.45378 0.85173 -0.40102 -0.83668 -0.83697 0.34357 1.916 1.3831 -0.41609 1.0859 -1.2952 0.60963 -0.26748 2.0605 0.3568 0.72699 -1.6177 0.44635 -0.52852 -2.3963 2.3033 2.7283 -0.052391 0.48776 -2.6284
-0.00065982 -1.2683 -0.34357 0.81033 1.2731 -0.26894 0.75784 2.797 -0.94911 -2.299 -0.31316 -0.84608 0.49971 0.51121 0.43459 0.25736 -0.053982 -1.9478 -0.49816 -0.20203 -0.37912 2.3432 0.85984 0.24555 -0.76506 -0.11574 1.0914 0.71009 -0.73 0.70605 -1.4567 0.42449 -1.1031 -3.4984 1.0886 2.6736 -0.35194 0.78799 -1.9218
0.78337 -0.99712 -0.3368 0.44297 0.77101 -0.39847 0.037089 3.654 0.6039 -1.5509 -0.16361 0.29168 0.38834 1.1783 0.40844 -0.35748 -0.009815 -2.2937 -1.2046 -0.96875 -1.9047 2.3226 2.2243 0.063375 -0.63313 -0.44243 1.3476 0.018866 -0.68155 0.79371 -0.7338 0.30373 -1.1155 -3.6161 -0.60975 2.2993 -0.090402 0.77993 -1.1206
0.81595 -0.96548 -0.11474 0.12732 -0.48435 -0.9013 -0.57184 2.9214 0.94886 -1.7095 -0.60644 0.24626 0.13802 2.1092 0.58928 -0.34189 0.43556 -2.3449 -0.53086 -1.2057 -2.8798 1.8296 2.5914 0.54219 -0.20002 -0.86193 0.39008 0.020743 -0.081481 0.68697 0.80807 0.62554 -0.36874 -1.9477 -2.1082 1.0331 0.66307 0.35709 -0.48904
1.4343 -0.94 -0.45536 0.86324 -1.3477 -0.78428 -0.66876 -0.27661 1.1383 0.084379 -1.4967 -0.081898 -0.16674 1.7184 0.3756 -0.1312 0.69114 -1.8761 -0.27673 -1.3094 -3.802 0.47455 3.0308 0.75564 -0.10874 -0.87444 -0.84374 -0.064911 0.15181 0.30376 1.8151 1.1639 0.37268 0.10742 -2.581 -0.31936 0.85784 0.20766 0.058117
1.5032 -0.8271 -0.7294 0.89781 -0.97869 -1.5973 -1.1253 0.095384 0.43645 0.85035 -0.78249 -0.60823 -0.11482 0.9219 0.45337 -0.024548 0.75371 -0.78795 0.1804 -0.74343 -3.1866 -0.76112 2.3935 1.1911 -0.38202 -0.70862 -1.7831 -0.21554 0.076181 -0.40697 2.1476 0.78491 0.84937 2.2897 -1.7661 -1.2651 0.64728 0.080504 0.62662
1.686 -1.0656 -0.37974 0.9245 -0.70108 -0.62308 -1.3594 -0.33631 0.37237 0.56827 0.3725 -0.59791 -0.084433 0.29381 0.33341 -0.2519 0.3475 -0.0010941 0.58371 -0.47882 -1.5504 -1.3137 1.7225 1.4115 -0.18803 -0.41983 -1.7083 -0.39158 -0.011225 -0.94047 1.6345 0.61562 0.87543 3.2989 0.07804 -1.5661 -0.059131 0.36635 0.91922
1.7133 -0.69896 -0.26158 1.3804 -0.74605 -0.36727 -0.95264 -0.39207 0.27194 1.0098 0.63709 -0.20477 -0.25426 -0.30037 0.21179 -0.15767 -0.066535 0.3508 0.47785 0.02127 0.39724 -0.65103 0.8702 1.475 -0.054005 -0.046415 -1.3552 -0.62033 0.087541 -1.2197 0.95491 -0.071031 0.30167 2.6943 1.5353 -1.0315 -1.1252 0.64427 1.1437
1.4651 -0.44298 -0.29674 0.83768 -0.59695 -0.50026 -1.081 0.18378 -0.22689 0.87077 0.33724 -0.053085 -0.31241 -0.66135 -0.20091 -0.103 -0.46613 0.32026 0.69859 0.00087421 0.75209 0.56824 0.85236 0.49288 0.39052 0.32292 -0.8812 -0.70176 0.36923 -1.1273 0.42084 -0.47053 0.060475 0.98675 2.0434 -0.56142 -1.6724 0.49511 1.3131
1.158 -0.83493 -0.6625 0.56794 -1.0598 -0.49742 -1.3846 -0.018286 -0.71173 0.86774 0.0070088 -0.31254 -0.27252 -0.97366 -0.36491 0.045955 -0.87459 0.66825 -0.03022 -0.39943 0.84396 1.231 0.89148 -0.55528 0.53342 0.82106 -0.29419 -0.56148 0.38371 -0.81901 0.33 -0.26863 0.014506 -0.39335 1.8827 -0.48102 -1.2609 0.023067 1.2241
1.2897 -0.82563 -0.70865 1.0177 -0.73119 -0.73772 -0.53745 0.2872 0.78291 1.5501 0.40071 -0.58088 -0.047488 -0.91325 -0.60185 0.31408 -1.1288 0.55419 -0.058529 -0.15073 0.12031 1.6491 0.65686 -0.84921 0.43239 1.3285 0.22781 -0.1085 -0.049618 -0.42714 0.37758 -0.05215 0.3446 -0.46491 0.93103 -1.1848 -0.013842 -0.59847 0.76995
0.96891 -1.2628 -0.49657 0.35686 -0.30851 -0.2762 -1.5221 0.84628 1.571 1.7883 0.23293 0.24093 0.29165 -0.691 -0.57332 0.32847 -1.0992 0.79428 0.33568 0.12597 -0.050088 2.4054 0.063815 -0.32505 -0.080472 1.4852 0.43254 0.30106 -0.93157 -0.047609 0.048046 0.37847 0.7221 -0.22843 -0.59619 -1.7747 0.94198 -1.0677 0.046966
0.79404 -1.1366 -0.039809 0.12746 0.18545 -0.65975 -2.0193 0.25787 1.5551 1.4403 -0.24947 0.40921 0.54501 -0.40589 -0.31365 -0.35388 -1.0615 0.89811 0.39758 0.40498 0.29811 1.7595 -0.95848 0.34556 -0.51898 1.2716 0.28428 0.75316 -1.7268 0.47498 -0.086349 0.41309 1.058 0.13613 -1.8478 -1.2832 1.4311 -1.3157 -0.57166
0.86652 -1.0344 -0.14332 0.088011 -0.57731 -0.43859 -0.60194 -0.55976 1.5318 1.5067 -0.39249 0.21612 0.73676 -0.47232 -0.031002 -1.3667 -0.9803 0.58008 0.42466 0.71905 0.30937 0.036307 -1.6324 0.68451 -1.1215 0.9303 -0.046698 0.72037 -1.8703 0.74107 -0.32165 0.25928 0.88661 0.18838 -2.434 -0.30839 1.401 -0.81871 -0.76175
0.79698 -1.1027 -0.50491 -0.33334 0.12226 0.01018 -0.83121 0.42202 2.718 0.56793 0.32224 -0.91207 0.77442 -0.52698 0.37215 -2.061 -0.38511 0.51788 0.64431 1.5982 0.19681 -0.69711 -0.90442 1.4398 -1.6609 0.66 -0.5727 0.35598 -0.91553 0.61428 -0.28326 0.12084 0.22342 -0.11084 -1.9213 0.89721 0.96683 0.30616 -0.62124
0.91571 -1.2215 -1.3158 -0.1677 -0.017331 -0.25953 -0.61459 0.84597 1.4375 -0.18804 0.85382 -1.192 0.70677 -0.71397 0.27331 -2.3069 -0.18863 0.44319 0.67354 1.2436 0.35741 -1.0172 -0.54344 1.8627 -1.155 0.52948 -0.62695 0.10653 0.40179 0.33193 -0.25912 -0.19046 -0.29325 -0.72215 -0.72413 1.5036 0.035398 1.636 -0.40355
0.62081 -0.92288 -1.5362 -0.071777 0.080274 -0.2431 0.021457 0.73813 0.51722 0.10749 0.93018 -1.5744 0.82499 -1.289 0.1054 -1.6006 -0.42092 0.49024 0.47684 0.57534 0.054818 -1.385 0.17896 1.6422 0.043765 0.44369 -0.24483 0.25038 1.3974 -0.18216 -0.23031 -0.48764 -0.45219 -1.0034 0.35563 1.2038 -1.1602 2.2319 -0.30549
0.28357 -0.77841 -1.4109 -0.041891 0.45439 0.49403 0.58249 0.3632 0.88307 1.5374 1.3861 -1.503 0.98436 -1.1901 0.2503 -0.86865 -0.39883 0.1584 0.13306 0.66466 -1.0159 -1.0036 0.64572 0.64742 1.1631 0.37147 0.36569 0.57348 1.4606 -0.55598 -0.33199 -0.76647 0.070237 -0.88393 0.72169 0.33921 -1.5374 2.0221 -0.41392
0.17972 -0.9555 -1.4279 -0.16778 0.26489 -0.038995 -0.399 0.12789 0.67949 0.5367 1.4008 -0.68439 1.0604 -0.71911 0.77567 -0.20388 -0.57743 0.27349 -0.01356 1.0147 -1.0543 -0.024809 0.75811 -0.22673 1.4778 0.23478 0.9027 0.66977 1.0916 -0.5592 -0.51643 -0.62678 0.608 -0.22516 0.25925 -0.66348 -0.87332 1.3141 -0.50994
-0.42547 -1.128 -1.2858 -0.73982 0.0030957 0.162 -0.039894 -0.14909 0.30962 1.252 1.3932 0.25556 1.0378 -0.36084 0.87845 -0.31173 -1.0339 -0.0071139 -0.52801 1.1605 -0.79582 -0.31886 -0.19811 -0.21478 2.017 -0.050255 0.78563 0.36403 0.91379 -0.29266 -0.46014 0.12692 0.8428 0.52097 -0.47747 -0.86184 0.7337 0.55518 -0.50333
0.070437 -0.77801 -1.5346 -0.55924 0.31917 -0.11252 0.36815 -0.55787 1.4009 0.62778 0.87979 0.29283 0.96428 -0.12591 0.89499 0.12953 -1.0323 -0.29748 -0.37954 1.5032 -0.49463 -1.2325 -0.64563 0.36015 2.1265 -0.18901 0.41627 -0.16708 1.0221 0.33881 -0.49551 0.79201 0.40471 0.41671 -1.1152 -0.58712 1.9069 -0.005964 -0.30172
0.44969 -0.013605 -1.5911 -0.54223 0.44036 -0.26231 1.5609 -0.034048 0.95205 0.93105 0.54592 0.11247 0.90491 -0.11388 0.7755 0.64319 -0.65389 -0.33143 0.53107 2.05 -0.29855 -1.3124 -0.27111 1.7838 1.8698 -0.24922 -0.15966 -0.66388 1.2874 0.6987 -0.32525 1.2416 -0.40733 0.043582 -0.80276 0.49062 2.0152 -0.52683 -0.020544
0.0084058 -0.14516 -1.7333 -1.2883 0.063943 -0.6276 1.6279 -0.22448 -0.43573 0.083402 1.3442 1.3045 0.84306 -0.11602 0.51079 1.1983 -0.19232 -0.39947 0.90903 1.3529 -0.50647 -1.6591 -0.30862 2.4983 1.4892 -0.1637 -0.4092 -0.97453 0.88809 0.47187 0.11869 0.80457 -1.5818 -0.53183 0.40524 1.063 0.9029 -0.76359 0.069523
-0.083701 -0.31777 -0.96645 -1.0387 -0.055596 0.37058 1.9531 -0.36172 -1.0532 0.72081 2.3159 1.7332 0.92369 -0.64696 -0.088794 1.526 -0.27602 -0.50341 1.1161 0.44937 -0.71186 -1.6397 0.55239 2.6522 1.2587 -0.094206 -0.13897 -0.77367 -0.04899 0.20581 0.68924 -0.43072 -2.4121 -0.42326 1.7041 1.2879 -0.8354 -0.7001 -0.031903
-0.19937 -0.5189 -0.86289 -0.78304 -0.16645 0.90612 2.29 -0.41497 -0.42277 0.53931 3.5419 1.9622 0.84764 -0.57718 -0.35933 1.319 -0.42328 -0.0082723 0.80348 -0.75237 -1.3178 -0.29497 0.93567 1.6866 0.89393 -0.14833 0.22673 -0.29864 -1.1712 0.11203 0.86838 -1.7919 -2.3988 -0.13502 2.6163 1.3673 -2.1579 -0.41176 -0.25338
-0.2429 -0.42067 -0.61137 -0.72582 -0.17835 0.83596 1.4787 -1.0776 -1.1119 0.7787 3.0945 1.7623 0.8928 -0.12827 -0.13508 0.47437 -0.18607 0.64073 -0.23839 -1.558 -0.71369 1.261 1.5217 0.55061 0.75305 -0.30706 0.72797 0.281 -1.2726 0.47407 0.57808 -2.646 -2.022 0.33029 2.4675 0.89317 -2.679 -0.33446 -0.32369
-0.36091 -0.52981 -0.78208 -1.0432 -0.037688 0.56497 1.1792 -1.1057 -0.49492 1.5677 2.7631 1.6437 0.84595 0.019541 -0.0056601 -0.46741 -0.042008 0.49905 -1.7678 -2.2783 -0.77139 1.889 1.7706 -0.67635 0.88937 -0.47502 0.90585 0.45441 -0.41829 0.93115 -0.23889 -2.2704 -1.2636 0.97917 1.4209 0.21487 -1.9667 -0.41059 -0.24543
-0.10989 -0.28864 -0.87854 -1.4893 0.53948 0.16958 0.39677 -1.5904 0.39163 1.6215 2.0944 1.7712 0.71706 0.32664 0.17834 0.039652 0.33496 0.22276 -2.5411 -2.6945 -0.355 1.9824 1.8092 -1.4109 0.55891 -0.46529 0.81889 0.39217 0.7685 1.2432 -0.87011 -0.8967 -0.52957 0.81541 0.097691 -0.718 -1.0155 -0.63952 0.00765
-0.11355 -0.38021 -1.2953 -1.1916 0.7113 -0.79385 -0.32753 -0.48536 1.0698 1.9234 2.6689 2.9805 0.57591 0.77858 0.22219 0.74242 0.88332 -0.20058 -2.2894 -2.6251 0.38226 2.0587 1.1935 -1.1842 0.1406 -0.47376 0.6589 0.19279 1.2075 1.2003 -0.82013 0.69318 0.54519 0.78135 -0.91495 -1.2958 -0.14004 -0.91862 0.3391
-0.15935 -0.47354 -1.1155 -0.56606 -0.032425 -1.3245 -0.86195 -1.5565 1.1318 2.7609 2.1653 2.9363 0.53653 0.92326 0.38361 1.2783 1.441 -0.47785 -1.6666 -2.4071 0.27363 1.3624 0.46145 -1.1868 -0.16897 -0.29219 0.23223 -0.045561 0.19226 0.19348 -0.12626 1.5873 1.6643 0.49329 -1.561 -1.5361 0.016557 -1.0974 0.61229
0.14372 -0.2685 -0.31683 -0.2762 -0.1326 -1.5841 -1.468 -0.97614 1.4251 2.4144 1.9394 1.9165 0.5611 0.87235 0.186 1.1369 1.4229 -0.53455 -0.93674 -1.3675 0.41287 0.45047 0.011552 -1.0674 -0.58685 0.0040452 -0.39134 -0.28653 -1.2658 -1.0285 0.82342 1.5464 2.4096 0.81867 -1.6179 -1.6086 -0.38403 -1.0768 0.77526
0.58851 -0.20048 -0.020206 -0.081884 -0.25891 -1.1828 -2.0077 -0.54047 1.3769 2.0106 1.7331 1.4854 0.51763 0.6843 0.086289 0.18174 0.39685 0.17885 -0.286 -0.10604 0.57363 -0.19617 -0.4837 -1.442 -1.2657 0.31485 -0.96834 -0.53257 -2.2952 -1.6973 1.5244 1.0103 2.5671 1.2858 -0.90526 -1.2795 -0.48689 -1.0305 0.69667
0.45359 -0.043651 -0.26069 0.090871 -0.027063 -1.146 -2.0369 -1.2 1.3741 1.9667 1.3561 1.8242 0.59796 0.2115 -0.14818 -1.0762 -0.30937 0.86565 -0.12438 0.88187 1.8027 -0.25357 -1.3538 -1.8128 -1.4593 0.51225 -1.2614 -0.39419 -1.9567 -1.4089 1.6213 0.44285 1.7669 1.2293 0.10196 -0.69573 -0.12746 -1.1015 0.47597
0.5531 -0.3272 -0.67126 -0.15792 0.20848 -1.2607 -1.0332 -0.76354 0.95552 1.8326 1.4155 1.7728 0.7133 -0.4425 -0.38583 -1.8928 -0.52771 1.4017 -0.21456 1.4301 2.0486 -0.015522 -1.2583 -1.7715 -1.7908 0.61279 -1.0162 -0.034868 -0.64855 -0.52195 0.86896 0.29557 0.54776 0.44279 0.62042 0.022931 0.75194 -1.0808 0.14091
0.31975 -0.42996 -1.4128 -0.9207 0.82213 -1.4785 -0.24772 0.035062 0.77937 1.7653 1.0595 1.091 0.86014 -0.77328 -0.27967 -1.4751 -0.46676 1.5974 -0.16979 1.2799 2.0365 0.55458 -0.90818 -1.1571 -2.5207 0.64786 -0.20281 0.59145 0.7245 0.30463 0.1333 0.40867 -0.71548 -1.1502 0.33167 0.61166 1.4089 -0.57672 -0.28175
0.045625 -0.56319 -1.3728 -0.60366 0.6423 -1.5864 -0.08828 0.99946 1.1648 0.71732 -0.045296 0.2835 0.94654 -0.60327 0.060025 -0.84007 -0.39093 1.2846 0.26544 0.75435 1.3034 0.58476 -0.66506 -0.30435 -2.8913 0.48372 0.98135 0.99872 1.5638 1.0167 -0.78805 0.51005 -1.1874 -2.172 -0.59637 0.5141 1.611 0.65195 -0.83309
-0.10891 -0.50464 -1.1464 -0.4418 1.3563 -1.5772 -0.24654 1.1777 1.6956 0.98476 0.38752 -0.84972 0.9949 -0.064789 0.59966 -0.27533 0.14009 1.1521 0.37472 -0.16205 -0.04523 0.0796 -0.50429 0.20392 -2.0832 0.11195 1.7877 0.8174 1.2436 1.2743 -1.5698 0.53293 -0.65528 -2.6053 -1.434 0.56962 1.2305 2.0734 -1.3653
-0.016948 -0.25717 -0.84562 -0.32889 1.3776 -1.0825 -0.74363 0.85737 2.1463 1.3256 1.0226 -1.5986 1.0286 0.91858 0.83635 0.39224 0.87925 0.29467 0.44085 -0.14272 -1.0984 -0.91784 -0.49715 0.69368 -0.7899 -0.49916 1.51 0.25613 0.47869 0.97103 -2.0191 0.33619 0.055594 -1.9465 -1.4876 0.22873 0.38897 2.7839 -1.5624
0.078958 0.016744 -1.175 -0.58115 1.1903 -0.77729 -0.59411 -0.39187 1.3878 1.3032 1.3774 -1.4321 0.9798 1.592 0.68633 0.19935 1.04 -0.55886 0.71272 0.46299 -1.7848 -1.4344 0.075095 0.74537 0.41769 -1.1239 0.18495 -0.27325 -0.14897 0.21795 -1.7788 0.18989 0.49951 -0.99044 -0.67543 -0.30701 -0.77745 2.2497 -1.346
0.63535 0.18899 -1.3177 -0.23152 1.669 -1.2531 -0.92897 -0.55546 0.34093 0.97361 1.2046 -0.35094 0.75306 1.2087 0.41845 -0.20644 0.79304 -1.2707 0.70071 0.55013 -1.5805 -1.5008 -0.52715 0.18053 1.2315 -1.4888 -1.4512 -0.42019 -0.36066 -0.56601 -0.85046 0.15128 0.24752 0.12501 0.38036 -0.93332 -1.4176 0.91367 -0.79229
1.2229 0.1765 -1.008 0.33401 0.69527 -1.2103 0.12525 -0.39821 -0.41478 0.53718 1.045 0.023724 0.33545 0.11196 0.31209 -0.27002 0.55587 -1.0698 0.57693 0.4577 -1.7171 -0.91978 -1.0669 -1.0652 1.2386 -1.6244 -2.4805 -0.045246 -0.030828 -0.92222 -0.038464 0.20724 -0.17002 0.75936 0.98599 -1.3205 -1.2045 -0.53216 -0.20116
1.2978 -0.11609 -1.0907 0.56654 0.046014 -0.54848 0.73194 -0.69017 0.31029 1.2405 0.68804 0.16764 -0.004268 -0.88246 0.27763 -0.060009 0.18102 -0.88502 0.76908 0.33912 -0.89744 -0.4488 -1.679 -1.1786 0.5292 -1.5611 -2.1796 0.30926 0.11325 -1.1193 0.7105 0.24336 -0.3604 1.0094 0.99148 -0.79789 -0.20334 -1.1825 0.36106
0.42238 -0.015938 -1.2741 -0.028814 0.26653 -0.58395 -0.27533 -0.63702 0.52649 0.29028 1.0406 0.099663 -0.064994 -1.7044 0.64713 0.05138 -0.19087 -0.81414 1.043 0.24078 -0.67006 -0.076903 -1.8284 -0.93595 -0.31838 -1.4188 -0.7786 0.36843 0.17325 -1.0626 0.72489 -0.045702 -0.27175 1.4182 0.3593 -0.29254 0.71982 -0.94717 0.80091
-0.30378 0.33798 -1.1615 -0.037024 0.73129 -0.45479 -0.51493 -2.0254 0.88084 -0.093099 -0.27518 -0.16541 -0.16452 -1.6987 0.74287 -0.17447 -0.70058 -0.19481 0.8993 -0.037034 -0.16639 -0.028258 -1.6451 -0.28689 -0.34417 -0.9895 1.0437 0.096792 0.17897 -0.7277 0.40769 -0.62068 -0.06577 1.5959 -0.07902 0.38534 0.68318 -0.26667 1.0433
-0.33961 0.39998 -1.2626 -0.2784 0.46748 -0.19553 0.0018618 -0.9687 -0.20829 -1.0405 0.48758 -0.46178 -0.33363 -0.8441 0.67181 0.091244 -0.77536 -0.18691 0.40575 0.12147 0.64207 -0.44393 -1.6343 -0.10835 -0.22047 -0.57812 2.4991 -0.4955 0.031608 -0.32198 -0.12668 -1.1437 -0.14397 1.6906 -0.25936 0.87067 0.48033 0.43715 1.1877
-0.31935 0.87799 -1.0723 0.079626 0.22134 -0.16596 0.094774 -0.9629 -0.17694 -0.94359 0.41171 -0.59844 -0.61854 0.5118 0.39669 0.23472 -0.7378 -0.50685 -0.08788 0.27253 1.5134 -0.41663 -1.0545 -0.26139 -0.089765 -0.24697 2.7492 -0.79897 -0.18563 0.17344 -0.62083 -1.3047 -0.39419 0.76484 -0.2465 1.2557 -0.25333 0.62294 1.1399
0.033263 0.51242 -1.2238 -0.39226 0.18669 -0.04753 0.38281 -0.44476 0.060732 -0.63778 0.97722 -0.015405 -0.47062 1.5614 -0.05342 -0.11208 -0.70384 -0.86971 -0.61192 -0.19136 1.7393 -0.37862 -0.49156 -0.014433 0.35562 0.18396 2.0416 -0.76613 -0.44996 0.51796 -0.53224 -0.9404 -0.61138 -0.35809 -0.22061 1.3247 -0.5941 0.66903 1.0137
0.30777 0.37914 -1.0575 -0.48674 -0.042146 -0.30593 0.35784 -0.076599 0.060602 -0.91189 0.35359 -0.085369 -0.34533 1.9071 -0.28309 -0.43488 -0.43821 -0.90039 -1.0397 -0.64154 0.75177 -0.53226 0.13814 -0.83444 0.53096 0.52415 0.84954 -0.22648 -0.14751 0.97118 -0.19533 -0.33011 -0.53817 -1.6064 -0.26253 0.86509 -0.52884 0.46283 0.66052
0.64617 0.52153 -1.0999 -0.88616 0.023807 -0.88703 -0.38964 0.53142 0.12462 -1.2802 0.063085 -0.29875 -0.22506 2.0287 -0.32114 -0.42665 -0.050033 -0.88735 -0.88863 -0.60214 0.32754 -0.80799 0.2534 -0.98888 0.72212 0.72165 -0.16817 0.40078 0.13684 1.0662 0.12401 0.42292 -0.18708 -2.1099 0.064312 0.39978 0.061864 0.152 0.16327
1.1421 0.33013 -1.4051 -0.5825 -0.35013 -1.005 -0.75012 -0.27766 -0.20445 -0.88461 0.031267 0.30529 -0.086146 1.7628 0.11341 0.10068 0.56946 -0.82568 -0.58461 -0.56125 -0.87953 -0.7039 0.19464 -0.81358 0.57823 0.58327 -1.0142 0.6858 0.24906 0.61506 0.22659 0.90365 0.3402 -1.5571 0.53473 0.083732 1.1601 -0.082705 -0.14244
1.3064 0.3142 -1.5721 -0.37623 -0.61411 -1.1516 -0.55925 -0.46032 -1.298 -0.64163 -0.27562 0.15328 -0.080117 1.3375 0.39556 -0.14341 0.58564 -0.69486 -0.073849 -0.59218 -1.5133 -0.17029 0.22875 0.090993 0.57764 0.42818 -1.7572 0.60799 0.33831 -0.29403 0.33862 0.98165 0.97729 -0.52787 0.96289 -0.016811 1.4376 -0.39329 -0.1027
1.5587 0.5197 -1.2052 0.033467 -0.63697 -0.73178 -0.20454 -0.34782 -0.81247 -0.51287 -0.21683 0.6883 -0.01462 0.47638 0.48941 -0.13177 0.2817 -0.61102 0.21273 0.011785 -1.3318 0.17018 0.306 0.88938 0.3916 0.43728 -2.1775 -0.027693 0.26028 -1.1756 0.73277 1.1043 1.7015 0.84711 1.1606 -0.10372 1.094 -0.53427 0.25085
1.5899 0.6525 -0.861 0.039338 -0.59475 -0.68624 -0.39398 -1.538 -0.30774 -0.78809 0.18259 0.5417 0.028822 -0.40456 0.48969 0.29997 -0.39092 -0.41967 0.51758 1.0008 -0.46855 0.5943 0.1646 0.96606 -0.0012617 0.627 -2.2696 -0.8191 0.35711 -1.1977 1.3104 1.1013 2.0962 1.5851 0.54177 0.032221 0.44395 -0.68187 0.60295
1.5198 0.82928 -1.4486 -0.33414 -0.70375 -0.66119 -1.0963 -1.403 0.17758 -0.97222 0.53113 0.44898 0.025343 -1.178 -0.013487 0.34457 -0.90352 0.27807 1.1527 1.9313 0.22328 1.1308 0.030518 0.88334 -0.22369 0.903 -1.8806 -1.4478 0.28564 -0.51677 1.714 1.1624 1.7419 1.4318 -0.38303 0.6687 0.13393 -0.72594 0.73532
1.0031 0.82164 -1.4601 -0.71371 -0.77485 -0.90767 -0.18323 -0.76646 -0.16362 -0.63842 1.0423 0.30287 0.24006 -1.8083 -0.77572 0.26372 -0.82002 1.0784 1.4835 2.5 0.75524 0.38413 0.42537 0.95713 -0.49364 1.1989 -1.1781 -1.6793 0.19939 0.63025 1.9347 1.0332 0.65694 0.49773 -1.0374 1.2261 0.13563 -0.84748 0.56463
0.75435 0.63472 -1.0695 -0.86131 -0.92536 -0.30195 1.4657 -0.59705 -0.159 -0.46065 0.49248 0.2772 0.51294 -2.1142 -1.3674 0.39901 -0.36157 1.54 1.8708 2.6293 0.80729 -0.45692 1.4288 1.1507 -0.827 1.3746 -0.27658 -1.2707 0.16341 1.4471 1.4638 0.5288 -0.96756 -0.38238 -1.0467 1.1149 0.12369 -0.8297 0.18222
0.28854 0.14974 -1.084 -0.99553 0.11243 0.61977 2.438 -0.19868 0.40658 -0.70137 0.42036 0.026052 0.68747 -1.9998 -1.7157 0.62531 0.40129 2.2227 2.0594 1.9222 0.19191 -0.59433 1.7645 1.0925 -1.4012 1.3311 0.5224 -0.53289 0.14402 1.5269 0.56355 -0.3439 -2.3696 -0.8319 -0.24516 0.25747 -0.053905 -0.29858 -0.23903
-0.0027466 -0.28944 -0.89416 -0.43083 0.79186 0.83221 2.4642 -0.21254 -0.45867 0.014139 1.2122 0.034633 0.96347 -1.5681 -1.7326 0.44955 0.91702 2.1831 1.8273 0.35116 -0.23716 -0.38023 1.4513 1.0524 -1.4368 1.1421 0.98507 0.1602 0.12447 1.0922 -0.6155 -1.4518 -2.9464 -0.66611 0.48128 -0.9055 -0.53017 0.70765 -0.50483
-0.29467 -0.50105 -0.91645 -0.38048 0.71889 1.0309 2.0489 -1.1317 -1.012 1.1867 1.8234 -0.85304 1.0657 -1.1691 -1.5302 0.48823 1.1056 1.7121 0.84451 -0.93931 -0.33016 -0.123 0.89564 0.89568 -0.82089 0.92117 0.99856 0.56171 0.24886 0.45666 -1.5669 -1.9557 -2.4252 0.18131 1.0322 -1.6906 -1.1695 1.8172 -0.57477
-0.33073 -0.64237 -1.1776 -0.02715 1.4878 1.2155 1.2443 -0.99066 -0.36589 0.88517 1.5641 -1.6832 1.0789 -0.80771 -1.2211 0.68105 1.1231 0.75736 -0.24328 -1.6331 -0.22009 0.22658 0.16255 0.20704 0.21105 0.7445 0.66138 0.51802 0.71891 0.14689 -1.5254 -1.7111 -1.392 1.1955 1.317 -1.9108 -1.3044 2.5557 -0.47877
-0.40712 -0.79765 -0.94798 0.043447 1.1072 1.0907 0.85858 -0.65757 -0.34016 0.48801 1.589 -1.1566 1.2416 -0.63449 -1.0511 0.95394 1.0707 0.28927 -0.56404 -1.7716 0.5266 1.074 -0.76483 -0.77712 1.2648 0.57877 0.17395 0.3822 1.2121 -0.092709 -0.98163 -1.0734 -0.93887 1.486 0.94082 -1.5695 -0.87257 2.5341 -0.34039
-0.40902 -0.99096 -0.52664 0.139 1.0766 0.70913 0.89953 -0.66133 0.027112 0.081323 1.0715 -0.11198 1.3187 -0.6799 -1.1259 1.5335 1.1881 0.31836 -0.67228 -1.9219 1.6305 1.5372 -1.3054 -0.66749 2.4489 0.52147 -0.14042 0.30191 1.3197 -0.27162 0.077993 -0.55464 -0.94426 1.102 0.15286 -0.73093 0.026099 1.5895 -0.27092
-0.60379 -1.1811 -0.56454 0.33943 1.0772 0.25949 0.35203 -0.49176 0.26637 -0.24407 0.95443 0.66813 1.3728 -0.93044 -0.96208 2.2943 0.92548 0.27467 -0.9586 -2.6085 1.5999 1.0188 -1.317 -0.37873 2.9468 0.47053 -0.037816 0.44058 0.8116 -0.26205 0.52142 -0.29793 -0.71549 0.29196 -0.73017 0.42264 0.87076 0.15919 -0.24406
-0.7144 -1.3546 -0.2876 0.80413 1.1832 0.53993 -0.11487 0.14203 0.63446 -0.21031 0.72685 1.1796 1.4411 -0.90725 -0.78616 2.4429 0.74845 0.89908 -1.0987 -3.0386 1.3593 0.54586 -0.93445 0.053752 2.4164 0.35176 0.38219 0.58171 -0.18171 -0.54348 0.2855 -0.1265 0.54938 -0.37038 -1.1199 1.1456 0.83773 -1.587 -0.26309
-0.98449 -1.6488 0.066637 0.92949 1.4743 0.59642 -1.0263 0.90801 1.1075 -0.28518 1.5414 1.8298 1.4672 -0.5888 -0.50623 1.9881 0.85933 0.88296 -0.92605 -2.595 1.2185 0.17427 -0.15888 0.56013 1.5407 0.26135 0.84601 0.59053 -1.295 -0.71649 -0.18699 0.10488 2.3973 -0.57143 -1.2161 1.2617 0.57313 -2.7252 -0.29505
-1.2267 -1.4509 0.61862 0.6926 1.6761 -0.054107 -2.7957 0.49361 0.43428 -0.96971 1.1258 2.1532 1.5073 -0.18379 -0.39964 1.3318 0.31867 0.49943 -0.94491 -0.86601 1.1022 -0.18061 0.26342 0.49635 0.0096725 0.19221 0.95935 0.51511 -1.9435 -0.88374 -0.95091 0.54868 3.7965 -0.72381 -1.396 1.1422 -0.084598 -3.0507 -0.29686
-1.0834 -1.5604 0.79609 0.71957 2.0987 -0.40984 -2.7832 0.47472 0.14434 -0.55756 1.4714 2.0766 1.5475 0.18633 -0.18614 0.42863 -0.051925 0.16095 -0.86149 0.93886 0.62232 -0.9418 0.44985 0.51574 -1.2098 0.063406 0.63059 0.2941 -1.9441 -1.0046 -1.1252 1.3198 4.1007 -0.80475 -1.1149 0.87814 -0.65467 -2.6017 -0.31372
-0.79462 -1.4987 0.47525 1.3464 1.7276 -0.24603 -1.7224 0.69604 0.47978 0.21809 1.5268 1.8939 1.524 0.382 -0.10497 -0.40228 -0.26831 -0.34491 -0.13148 2.5321 0.25787 -1.5636 0.90273 -0.094645 -2.2023 -0.039175 0.023829 0.35523 -1.1356 -1.0089 -0.929 2.0116 2.6999 -0.92511 -0.40337 0.39293 -1.2482 -1.3223 -0.29007
-0.79292 -1.7425 0.16312 0.58504 1.3544 -0.51303 0.14212 1.1958 0.29629 0.016899 1.2743 0.12482 1.5434 0.22987 -0.18735 -0.77077 -0.52196 -0.59452 1.1012 3.6315 0.085265 -1.2648 1.1676 -0.4299 -2.4724 -0.14085 -0.65851 0.44566 0.1428 -1.3443 -0.40135 2.1219 0.5884 -0.83199 0.72043 -0.28081 -1.7544 0.19389 -0.22925
-0.71291 -1.5743 0.16842 0.74533 1.5223 -0.14456 0.78363 0.94354 -0.7331 -0.0070133 1.6324 -0.17407 1.4676 -0.16567 0.17089 -0.19388 -1.1282 -0.69079 1.7944 3.0061 -0.41639 -0.79017 0.64024 -1.4772 -1.9855 -0.18429 -0.90978 0.73577 1.2705 -1.418 0.12401 1.4175 -1.4548 -0.60568 1.6874 -0.9736 -1.7484 1.6047 -0.17866
-0.86047 -1.6785 0.12404 0.51388 1.2466 0.46145 1.0924 0.78173 -1.2826 0.51987 1.1438 -0.65462 1.4427 -0.69387 0.39931 0.57195 -1.8657 -0.34204 2.1015 1.8398 -0.64834 0.047574 0.052605 -2.2293 -0.99087 -0.24173 -0.71438 0.92205 1.5625 -1.3712 0.080967 0.25048 -2.443 0.13341 2.1585 -1.3463 -1.3427 1.9792 -0.12869
-1.0647 -1.647 0.30443 0.18889 1.3125 1.2264 1.6424 0.31414 -0.73932 0.51533 0.64148 -0.59731 1.4095 -0.74984 0.81735 1.267 -1.9636 -0.25893 1.984 0.61735 -0.54737 1.0038 -0.36817 -2.6195 0.13281 -0.28246 -0.15623 0.8038 1.1237 -0.85389 -0.199 -0.81059 -2.1158 1.1378 2.0827 -1.2942 -0.23118 1.4997 -0.11657
-1.1295 -1.2294 0.7016 -0.32034 1.2486 1.3739 1.1618 0.084738 -0.11124 0.22942 -0.25559 -0.2286 1.4137 -0.72986 1.0211 1.3813 -2.3931 -0.67101 1.4512 0.10558 0.40177 1.962 -0.85592 -2.4899 0.27389 -0.30255 0.44218 0.52108 0.3942 -0.18008 -0.84 -1.5232 -1.4648 1.6484 1.2711 -0.87873 0.86703 0.39867 -0.12066
-1.4848 -1.2101 0.70326 -0.90903 1.2945 1.6586 1.2948 0.45228 0.80863 -0.031877 -0.69941 0.15899 1.3105 -0.42285 1.1911 1.4697 -2.287 -0.86015 0.5907 -0.21484 1.2435 2.2316 -1.3356 -1.8042 0.25338 -0.34456 0.79063 -0.061037 -0.20928 0.37031 -1.1939 -1.5693 -0.89336 1.2747 0.16995 -0.16447 1.7514 -0.72373 -0.11927
-1.3035 -0.88264 1.0212 -1.239 1.0725 1.3979 1.1183 0.74059 0.81604 -0.58221 -0.91202 0.037592 1.2848 -0.085473 1.0638 1.1848 -1.998 -1.4589 -0.056282 -0.57407 1.6243 1.8618 -1.1141 -0.94638 -0.32492 -0.40815 0.98918 -0.46576 -0.50708 1.0325 -1.376 -1.0432 -0.80316 -0.026915 -0.89087 0.7716 1.9264 -1.1575 -0.08152
-1.3628 -0.68329 0.97195 -1.6294 0.51507 1.5858 1.1158 1.5943 1.1768 -0.7046 -0.5479 -0.31096 1.2064 0.30957 0.65961 0.95934 -1.5333 -1.8808 -0.20227 -0.7684 1.2898 1.3782 -0.54926 0.02879 -1.0283 -0.42481 0.92109 -0.95366 -0.67908 1.4388 -1.2981 -0.30362 -0.66201 -1.1272 -1.1461 1.4746 1.3277 -0.89954 -0.0097963
-1.2338 -0.60678 1.2056 -1.7029 0.38804 1.2292 0.99873 1.8729 1.4868 -0.89822 -0.73373 -0.40115 1.1662 0.63294 0.46371 0.67778 -1.0331 -2.4843 -0.1139 -1.1689 0.32093 0.68618 0.19717 0.35602 -1.3909 -0.39492 0.80794 -1.1549 -0.58301 1.6946 -0.68498 0.047785 -0.22603 -1.8118 -1.1187 1.4409 0.43208 -0.11941 0.082723
-1.1657 -0.60449 1.1944 -1.9106 -0.31443 1.2472 0.57482 1.5805 1.7002 -0.60094 -0.59277 -1.0217 1.0705 0.82781 -0.15995 0.44521 -0.352 -2.5393 0.033698 -1.1959 -0.28102 0.62928 0.77415 0.13616 -1.0166 -0.36463 0.57914 -1.1139 -0.56216 1.9029 -0.13418 0.081643 0.37674 -1.4899 -1.1108 1.0997 -0.24382 0.72956 0.14137
-0.90956 -0.71646 1.3769 -1.9975 -0.62387 1.3527 0.02549 1.2006 1.7461 -0.33334 -0.31217 -1.4863 1.0525 1.0673 -0.519 0.34218 0.25709 -2.2851 -0.10644 -0.79625 -1.0847 0.09845 0.92628 -0.16014 -0.61384 -0.29814 0.4673 -1.0318 -0.37772 1.9252 0.70147 -0.18115 1.1216 -0.60516 -0.94401 0.61299 -0.34833 1.2896 0.14632
-0.87775 -0.64121 1.1423 -1.989 -1.491 1.6022 -0.31847 0.6762 1.3267 0.10088 -0.4814 -1.55 0.98932 1.1039 -0.77199 0.066181 1.0162 -2.2047 -0.075193 -0.22579 -0.8819 -0.45054 1.1481 -0.19513 -0.045896 -0.23577 0.1915 -0.71821 -0.29801 1.5693 0.9688 -0.68446 1.3765 -0.018302 -0.94992 0.048394 -0.12409 1.2157 0.10693
-0.51059 -1.1318 1.3416 -1.4636 -1.5388 1.4008 -0.18159 1.0344 1.8302 0.093013 -0.84935 -0.94101 0.98601 1.3107 -1.0139 0.14869 1.5148 -1.4632 -0.41747 0.51442 -0.54968 -0.57791 1.1588 -0.16473 0.5858 -0.21369 -0.12536 -0.35918 -0.23854 1.0321 0.90436 -0.97217 1.1276 0.19827 -0.66834 -0.4847 0.22968 0.84158 0.031389
-0.36147 -1.1335 1.2748 -1.3266 -1.6646 1.1665 0.48407 0.48609 1.2276 0.082542 -0.73942 -1.0851 0.95985 1.0394 -1.1641 -0.028711 1.6551 -1.3099 -1.105 0.80969 -0.58962 -0.84784 0.74712 -0.10938 0.7015 -0.22657 -0.28907 0.30771 -0.3356 0.35047 0.59843 -0.85322 0.64339 -0.35902 -0.41478 -0.99596 0.73367 0.30269 -0.063899
-0.26921 -1.319 1.2322 -0.58939 -2.1274 1.1343 0.6453 1.0491 0.84806 0.59625 -0.74493 -0.64363 0.95066 0.87842 -0.96528 -0.070659 1.6738 -1.201 -1.4209 0.86605 -0.85492 -0.9802 0.21573 0.24104 0.6016 -0.24784 -0.38634 0.96835 -0.52032 -0.10625 0.087319 -0.37662 0.18805 -1.016 -0.21486 -1.2465 0.99996 -0.0061451 -0.13915
0.17569 -1.6158 1.4071 -0.5717 -1.7219 0.81533 1.0116 0.72569 1.1554 0.89745 -0.45715 -0.49875 0.86585 0.81246 -0.30698 -0.46457 1.5313 -1.3215 -1.1816 0.84261 -1.4264 -1.0423 -0.25071 1.0317 0.48545 -0.32195 -0.1849 1.4804 -0.34538 -0.34813 0.1695 0.068867 0.099752 -1.3892 -0.09719 -1.1663 0.7688 0.079494 -0.19884
-0.15431 -1.8135 1.1995 -0.50524 -2.4825 0.058261 0.61908 0.072615 0.47958 0.31837 -0.51255 -0.80063 0.84723 0.74636 0.16791 -0.61667 1.4064 -1.3072 -1.1008 0.86223 -2.0933 -0.89158 -0.68276 1.2153 0.63138 -0.39416 -0.17629 1.6839 0.065829 -0.12496 0.44744 0.022232 0.12391 -1.1703 -0.60346 -0.8152 0.013375 0.23862 -0.31052
0.0050436 -1.528 1.1088 -0.12042 -2.8676 0.1618 0.8497 -0.32336 0.28241 0.04657 -0.38296 -0.5658 0.78577 0.78005 0.74845 -0.41429 1.2134 -0.9677 -1.158 1.0052 -2.6511 -1.0782 -0.99363 0.90196 0.79101 -0.48064 -0.22887 1.4459 1.0901 0.40978 1.2524 -0.35883 -0.062583 -0.38376 -0.85785 -0.078949 -1.008 0.31775 -0.52443
0.40834 -1.1889 0.93998 0.22963 -2.8468 0.3894 1.4105 -0.6756 0.49215 -0.2856 0.53087 -0.20854 0.71143 0.58436 1.3314 0.0088528 1.6311 -0.61893 -1.4124 1.0251 -2.5018 -2.1156 -0.94399 0.32695 0.86322 -0.68108 -0.50736 0.86433 1.5024 0.40683 2.1325 -0.86082 -0.63959 0.5961 -0.93398 0.55942 -1.5929 0.15384 -0.6256
0.34727 -1.0006 0.87637 0.29766 -3.0073 -0.019663 1.8974 -1.7732 -0.038422 -0.34034 0.37731 -0.016305 0.62574 0.4912 1.5318 1.2285 2.1129 0.45422 -1.7143 0.64111 -1.9669 -2.0697 -0.26981 -0.50071 0.93811 -1.0461 -0.8809 0.16564 1.1675 -0.082937 2.4867 -0.98431 -1.3428 1.4796 -0.61987 0.94375 -1.861 0.026111 -0.48925
0.58237 -0.79146 1.2055 0.59034 -2.7797 -0.41869 1.9697 -1.7843 -0.52207 -0.24667 -0.16354 0.51321 0.52169 0.0012171 1.21 1.333 1.6457 1.5894 -2.4449 -0.19086 -1.2935 -2.1807 0.0034181 -1.2038 0.80708 -1.147 -0.93535 -0.38854 0.17972 -0.93488 2.4287 -0.71463 -1.6018 2.1171 0.30665 0.80258 -1.6877 -0.0049078 -0.098185
0.43385 -0.42627 1.4853 1.2477 -2.5186 -1.244 1.9836 -2.0368 -2.2745 -0.3745 -0.3873 0.27152 0.23768 -0.47155 1.0574 1.073 1.0749 2.1346 -2.4937 -0.98093 -0.4122 -2.2304 0.3019 -1.9774 0.81948 -1.0569 -0.6602 -0.43832 -1.3052 -1.5717 1.7212 -0.043312 -1.2373 2.2299 0.97538 0.22778 -0.87551 -0.074324 0.38833
0.22704 -0.32423 2.2243 1.9416 -1.9657 -1.6934 1.0682 -1.95 -1.5919 0.055556 -1.0602 0.38908 -0.10387 -0.57273 0.87651 0.40262 0.59204 2.6493 -2.373 -1.2586 0.79138 -1.4497 0.27451 -2.2406 0.86251 -0.83583 0.091012 -0.42764 -2.1318 -2.0507 0.51377 0.99693 -0.16819 1.9089 1.8082 -0.3954 0.28382 -0.32039 0.88836
0.09579 -0.43683 1.5304 1.1346 -0.92803 -2.2593 0.64176 -1.7252 -1.9157 -0.19464 -0.986 0.64984 -0.054032 -0.37884 0.92196 -0.74642 0.015208 2.8366 -1.8519 -1.2152 1.2783 -0.57195 0.020471 -1.6998 0.71513 -0.55433 0.68551 -0.59299 -2.1908 -2.5805 -0.95757 1.7992 1.0806 1.2889 1.9576 -0.56983 1.5254 -0.69698 1.344
-0.007797 -0.097247 1.3553 0.99832 -0.89333 -1.9945 0.43244 -1.4276 -2.3303 0.043482 -1.4307 1.1251 -0.020869 0.1123 0.51926 -1.7316 -1.2513 2.1095 -0.93254 -0.3979 1.5308 0.44454 -0.59936 -0.7927 0.18459 0.078986 0.73975 -0.75827 -1.0886 -2.5674 -2.1606 2.5316 1.7212 0.45204 1.9408 -0.12804 1.7313 -0.92892 1.4602
0.0011475 -0.11616 1.205 1.0487 -0.31446 -2.7245 0.65351 -0.75399 -1.8458 -0.11745 -2.173 1.2775 -0.017851 0.38361 0.19696 -1.9437 -2.3175 0.78821 0.11157 0.67786 1.694 0.56229 -0.33194 0.27688 -0.24992 0.71913 0.31866 -0.8834 0.22847 -2.0618 -2.3258 2.545 1.4556 -0.24303 2.0742 0.26651 1.1571 -0.81722 1.1758
0.38435 0.34013 0.84464 1.077 0.19059 -2.5267 0.44608 -0.58857 -1.7266 -0.40763 -1.57 1.1118 -0.067068 0.33863 -0.080492 -1.0368 -2.5337 0.02336 1.3331 1.122 1.448 1.691 0.20888 0.15199 -0.51521 0.95375 -0.4618 -0.31753 1.2625 -1.1287 -1.7893 2.0289 0.37356 -0.85938 1.7674 0.18862 0.53407 -0.14949 0.48661
0.52396 -0.18429 0.57786 -0.1844 -0.5919 -2.144 1.5393 -0.59496 -1.3712 -1.2316 -0.90584 -0.032608 0.30452 0.063768 -0.31 -0.68731 -2.789 -0.049657 1.7281 0.83863 0.8459 2.7675 0.11484 0.085841 -0.5776 0.96268 -1.0796 0.29086 1.5964 -0.24523 -0.74413 0.93474 -0.68635 -1.0387 1.0809 -0.63829 0.48011 0.57716 -0.22882
0.37659 -0.34461 0.85744 -0.99052 -1.2149 -1.4035 1.9362 -0.020285 -1.0875 0.25173 -0.59221 0.31182 0.61981 -0.53763 0.20109 -0.034081 -2.8981 -0.49383 2.012 0.2445 0.29432 2.7183 -0.47039 0.34221 0.0067057 0.76766 -1.2026 0.93875 1.3226 0.83491 0.33734 -0.47565 -1.3667 -0.84594 -0.38917 -1.2769 0.90508 0.83374 -0.75919
0.16427 -0.38414 0.91029 -1.2683 -0.57729 -0.55168 1.7752 -0.19003 0.38876 0.39279 -1.6942 0.52817 0.668 -1.0692 0.51687 0.50051 -2.5383 -0.20862 1.4897 -0.2089 0.26508 2.1135 -1.1915 1.1156 0.56311 0.43519 -0.85085 1.2045 0.80736 1.8076 0.97378 -1.4041 -1.5316 -0.63908 -1.6825 -1.4091 1.1744 0.19906 -1.0185
-0.022481 -0.1799 0.77608 -1.3263 -0.32909 -0.84138 1.0064 -0.53529 1.3781 -0.33552 -1.9096 0.65813 0.56132 -1.2011 1.0661 0.80665 -1.2532 0.6757 0.54649 -0.99457 0.10379 1.2741 -1.5355 1.4021 0.48829 -0.03976 -0.13483 0.99002 -0.022687 2.0936 1.3529 -1.7899 -1.2314 -0.38464 -2.1145 -0.5401 1.2112 -0.79986 -0.93681
-0.40795 0.5973 1.0967 -1.7251 -0.80281 -0.91332 0.73521 -0.44577 0.81194 -1.6086 -1.1032 1.4018 0.45337 -1.0951 1.2685 0.37333 -0.57648 1.0144 -0.17184 -1.5008 -0.29519 0.27457 -1.9982 1.8475 -0.48104 -0.32123 0.30549 0.55364 -0.88985 1.7382 1.1197 -1.3557 -0.82496 -0.24598 -1.849 0.80281 0.47075 -1.6197 -0.59614
-0.44966 0.55224 1.0786 -1.9314 -0.31212 -0.96943 0.84565 -0.089523 0.11939 -2.1961 0.83162 1.2315 0.42621 -0.76236 1.4723 -0.030128 -0.36515 1.1844 -0.50754 -1.4884 -0.17201 -0.40264 -1.0821 2.34 -1.08 -0.40618 0.44143 -0.099066 -1.3492 1.1201 0.74249 -0.66639 -0.31942 -0.15751 -0.91747 1.995 -0.55678 -1.7694 -0.2026
-0.51834 0.52744 1.2623 -1.4451 0.027517 -1.3738 0.46786 -0.32297 0.15345 -1.8043 0.24195 0.095461 0.45203 -0.75577 1.2204 -0.75026 -0.06356 1.4325 -0.52594 -1.5554 -0.076505 -0.58121 0.086503 1.5622 -1.8587 -0.36823 0.26991 -0.29037 -1.0861 0.81804 0.40012 -0.082285 0.088484 -0.15155 -0.03832 2.3387 -1.6814 -0.96615 -0.028911
-0.65275 0.75312 0.93287 -1.6016 0.094522 -1.112 -0.37835 -0.64777 -0.0089445 -1.391 0.21734 -0.61876 0.38467 -0.60014 0.88928 -1.1532 0.37389 1.7244 -0.53706 -1.5837 -0.31469 -0.051338 1.1639 0.45069 -2.3206 -0.34972 0.19637 -0.29866 -0.43156 0.44892 -0.026855 0.32388 0.44149 -0.25934 0.31169 1.1971 -1.7561 0.15032 -0.063944
-0.51218 1.2815 0.71172 -1.7622 0.86902 -1.0957 -0.42544 -0.50488 0.70149 -0.87128 0.24964 -0.48615 0.25006 -0.70577 1.0345 -1.0986 0.43169 1.4233 -0.3312 -1.2813 -0.52151 0.025329 1.2655 -0.5014 -1.7935 -0.39464 0.53691 -0.030051 0.68809 0.3138 -0.81213 0.58001 0.97912 -0.35047 0.12235 -0.16165 -1.277 1.4201 -0.36741
-1.009 1.1721 0.23965 -1.501 0.84556 -1.5819 -1.1695 -0.4892 0.31144 -0.96687 -0.053875 -1.4227 0.22459 -0.44557 1.0257 -0.67451 0.14671 1.1461 -0.023545 -0.77142 -0.45471 -0.11077 0.57303 -0.067862 -0.87024 -0.4963 0.85801 -0.04479 1.6229 0.65733 -1.6119 1.1471 0.965 -0.2559 -0.31766 -0.70575 -0.7172 2.4517 -0.86315
-0.93004 1.2962 0.54861 -1.2786 1.0628 -1.5265 -1.0426 -0.72081 0.36155 -0.61767 0.24056 -1.5728 0.19339 0.10459 1.0684 0.26999 0.58323 0.35127 0.2751 -0.068472 -0.68715 -0.3181 0.077033 -0.68109 0.13226 -0.90193 1.1933 -0.45919 1.9187 1.2378 -2.0145 1.5391 0.61539 -0.12148 -0.36988 -0.27517 -0.30157 2.8472 -1.2426
-1.106 1.488 0.5555 -1.3534 1.1566 -1.2849 -0.64879 -0.84633 -0.11485 -0.81928 0.13979 -1.2059 0.13107 0.49418 0.76351 1.1572 1.4067 -0.46195 1.2724 -0.32437 -0.73045 -0.48692 0.43227 -0.86728 1.4426 -1.5259 0.8916 -0.8897 1.3751 1.4886 -2.2311 1.4495 -0.1077 -0.012531 -0.078042 0.44206 -0.22254 2.4626 -1.2518
-0.74062 1.6069 0.81103 -1.5165 1.1957 -1.1585 -0.80882 -0.96925 0.080649 -1.2416 0.21438 -1.0061 -0.01496 0.91053 0.35356 1.5292 1.8824 -1.1757 1.8626 -0.3147 -0.6234 -0.49366 0.81794 -0.69663 2.5467 -1.9395 0.14687 -1.1633 0.32398 0.93348 -1.7999 0.84196 -0.64888 0.0678 0.27771 0.82773 0.15278 1.463 -0.70466
-0.31611 2.0712 1.0571 -0.84365 0.37096 -0.69795 -0.43913 -1.4823 -0.11796 -1.0824 -0.89735 -0.068758 -0.59716 0.70974 -0.15947 1.2306 1.9977 -1.8597 1.8578 -0.85557 -0.51658 -0.17247 1.0305 -0.50047 2.6699 -2.0523 -0.57712 -1.0826 -0.67445 -0.046258 -0.88087 -0.23342 -0.53535 0.058559 0.47833 0.52822 0.049826 0.067677 0.18984
-0.30756 1.7478 1.364 0.19995 0.36503 0.38264 -1.6864 -1.1 0.083946 0.18178 -0.55393 1.4831 -1.1449 0.25199 -0.477 0.81706 1.8587 -1.99 1.5274 -1.056 -0.66941 0.054895 1.3295 -0.57084 2.3184 -1.8054 -1.0076 -0.69748 -1.0807 -1.0464 0.35181 -1.0002 -0.16897 0.039915 0.4869 -0.15684 0.15969 -1.064 1.0622
-0.34025 1.2124 1.2283 0.44463 -0.40941 0.15752 -1.4854 -1.1744 -0.51316 0.069348 -0.27725 1.5685 -1.198 -0.18818 -0.69101 0.2439 1.3487 -1.5414 0.9847 -0.98744 -0.60056 0.15233 1.1661 -0.83786 1.6381 -1.275 -0.67654 0.015972 -0.92447 -1.7826 1.2383 -1.3568 0.52458 0.31268 0.24326 -1.1105 0.31365 -1.6615 1.55
-0.5356 1.176 1.2824 0.24092 -0.75392 0.19773 -2.037 -1.4189 0.24778 0.19009 -0.0069473 1.4172 -1.2502 -0.40546 -0.59703 -0.00080191 0.46211 -0.73755 0.41764 -0.57444 -0.51042 0.27384 0.45428 -0.22075 0.93918 -0.56246 -0.46979 0.25978 -1.0204 -2.6694 1.8914 -1.2693 1.276 0.80441 0.24332 -1.6156 0.79508 -1.9596 1.9524
-0.86405 1.3139 1.0898 0.10789 -0.64142 0.15583 -1.7593 -1.8808 -0.025021 0.27009 -0.81476 1.5552 -1.2259 -0.14712 -0.1052 -0.093848 -0.28181 -0.39001 -0.13206 -0.081712 0.00010158 0.18246 -0.61729 -0.067224 0.071999 -0.098499 -0.17684 0.28101 -0.98675 -2.6041 2.1263 -1.2984 1.6042 1.127 0.20295 -1.5946 1.2731 -2.063 2.2342
-0.5814 1.224 1.0831 0.061574 -0.35622 0.028425 -1.9416 -1.7067 0.22546 -0.020528 -1.3501 1.4097 -1.2422 -0.59236 -0.36193 -0.9256 -1.7889 0.63426 -0.29619 0.95783 0.57321 0.50434 -0.81195 0.59369 -0.76673 0.84958 -0.15729 -0.018293 -0.65604 -1.6721 1.8025 -1.516 1.1992 1.1388 0.27781 -1.0906 1.5581 -1.9842 2.2569
-0.56319 1.4534 1.2844 0.13321 -0.31259 0.25569 -1.4145 -1.7919 0.12563 -0.20557 -0.51688 1.9755 -1.2651 -0.40596 -0.36457 -1.1427 -1.8793 1.3698 -1.0946 1.3475 1.0216 0.42446 -1.1945 1.2396 -1.5785 1.7298 -0.42438 -0.30177 -0.046732 -0.40978 1.1812 -1.5194 0.3457 0.79899 0.47102 -0.26591 1.5871 -1.4162 1.961
-0.36488 1.398 1.2832 0.019907 -0.48662 0.14296 -1.9368 -0.63589 -0.013762 -0.73804 -0.027737 1.3619 -1.2333 -0.55307 -0.53122 -0.71156 -1.5319 1.4324 -1.942 1.0293 1.1655 0.68325 -1.305 2.1679 -2.1517 2.272 -0.20661 -0.17202 0.78751 0.77662 -0.0065986 -1.0449 -0.69061 0.58799 0.48766 0.24188 0.58571 -0.57096 1.0415
-1.4357 0.4481 0.12581 -2.3351 0.37884 -0.35286 0.40918 -0.75243 0.56553 -0.68672 0.62448 -0.16985 -0.076875 -0.91115 -0.56545 -0.30514 -1.0889 1.2104 -2.1565 0.55149 1.2365 0.99258 -0.87127 2.2446 -2.045 2.4478 0.054508 -0.13909 1.291 1.0152 -1.0458 0.24753 -0.89442 0.39638 0.25257 0.67592 -0.12386 0.72104 -0.12878
-0.83165 1.1213 0.57916 -1.1834 0.92822 -1.3913 -0.56547 -0.75866 0.73108 -1.1739 0.62416 -0.77749 0.26054 -0.7031 -0.58623 0.099768 -0.87582 0.70537 -1.73 0.022058 1.592 1.1516 -0.52129 1.2316 -1.6963 2.222 1.0103 0.065213 1.5948 1.2945 -1.8988 1.7757 -0.87671 0.67094 -0.34559 0.58161 -0.77612 1.8564 -1.3404
-1.2295 0.88609 1.0134 -0.73653 0.69636 -2.0456 -1.0538 -0.83442 0.79812 -1.2461 1.0207 -0.85064 0.37057 -0.23738 -0.60593 0.83029 -0.49945 -0.032042 -0.76125 0.12347 1.5657 0.67245 -0.3197 1.4604 -0.45197 1.5439 1.5986 -0.274 1.202 0.6392 -2.2277 2.7856 -0.35002 0.57328 -0.56425 0.38891 -0.89107 2.1418 -1.8758
-1.3357 0.81021 1.153 -0.72838 0.54907 -1.6464 -1.4415 -0.1533 1.4448 -0.82467 1.0635 -0.34529 0.39556 0.87606 -0.43317 1.6632 0.34898 -1.1539 0.64227 -0.45008 2.2869 0.18265 -0.49108 1.037 0.61796 0.50211 1.7527 -0.49458 0.32433 0.021527 -1.7351 2.9071 -0.00062166 -0.13245 -0.13699 0.39088 -1.0925 1.6578 -1.6948
-1.0303 0.7829 1.1813 -1.3222 0.087318 -0.97235 -1.2041 0.69564 1.3049 -0.9571 0.64196 -0.27048 0.42828 1.0947 -1.1398 1.1266 -0.62318 -1.6234 1.8177 0.11201 1.987 0.39863 -0.15821 0.59403 0.92014 0.19723 1.3963 -0.60882 -0.50124 -0.2197 -0.90056 2.0279 -0.011596 -0.98836 0.33472 0.79301 -1.7217 0.41318 -1.0242
-0.82218 0.33166 1.3086 -1.6113 -0.2156 -0.67429 -0.2971 0.93206 0.54099 -1.297 2.2025 0.31884 0.41954 1.6959 -1.1914 0.53609 -0.77024 -1.4296 2.3669 0.027454 1.1205 1.0264 0.12983 -0.47694 0.79699 0.085277 0.52502 -0.54043 -0.93916 0.027446 -0.20926 0.65927 -0.045974 -1.9286 0.49579 1.568 -1.7937 -0.66822 -0.33649
-0.21255 0.32908 1.4324 -1.2677 -0.60077 -0.084434 -0.68755 1.6255 0.8444 -1.6408 1.4023 0.2139 0.45912 1.7942 -1.2927 0.44597 -0.30014 -1.414 2.1275 -0.13684 0.24001 0.88969 0.85625 -1.1551 0.21302 0.055316 -0.079881 0.18306 -0.60813 0.98733 -0.078432 -0.42266 -0.29326 -1.9765 0.065838 2.0725 -1.7241 -1.1913 -0.12437
-0.060783 -0.11945 1.4986 -1.5421 -0.69055 0.10764 -0.94368 0.72237 1.7479 -1.0774 0.97784 0.24173 0.45282 1.4432 -1.3065 0.24279 0.24108 -1.6098 1.6926 -0.41364 -0.55883 0.884 1.9423 -1.6018 -0.3808 0.01738 -0.84077 0.51337 -0.37278 1.1068 -0.15668 -1.1994 0.30141 -1.4213 -0.60671 1.7629 -0.64744 -1.0246 -0.037536
0.15949 -0.19428 1.2917 -1.4605 -0.65895 0.56622 -1.4932 0.21687 2.7323 -0.64099 0.080781 0.2851 0.43384 1.0794 -0.80439 0.12693 0.53237 -1.6633 1.3476 -0.23332 -0.98481 0.59528 2.8228 -2.2207 -0.86246 0.027552 -1.097 0.75715 -0.43018 0.83188 0.013152 -1.5767 0.89533 -0.34268 -0.99058 0.48338 0.43994 -0.41971 0.00053893
0.27448 -0.39599 1.5079 -1.1367 -1.1798 0.73167 -1.3238 0.61813 1.8044 0.44375 0.0059852 -0.24266 0.45299 0.5803 -0.59727 -0.013832 0.67481 -1.5673 0.50479 0.65904 -1.0095 0.014096 2.4529 -1.2155 -0.71187 0.03966 -0.94505 0.78733 -0.26495 0.41728 0.56561 -1.7287 1.1395 0.59667 -1.0013 -1.1079 1.2555 0.31651 0.030619
0.25126 -0.58691 1.3607 -1.1644 -1.9659 0.78826 -1.1401 0.33907 1.5356 1.1104 -0.015252 -0.73475 0.43663 0.30429 -0.39545 -0.24169 0.88386 -1.4105 -0.23252 1.0579 -0.20034 -0.56834 1.5064 -0.49292 -0.48962 0.047872 -0.53476 0.58212 -0.19619 -0.071766 1.3599 -1.6347 0.67824 1.0073 -0.35078 -2.2038 1.3541 0.92263 -0.020875
0.35429 -0.21896 1.4895 -0.92777 -1.9484 0.85596 -0.36789 0.033024 1.195 1.5517 -0.091086 -0.72589 0.47011 0.17531 -0.20788 -0.082196 0.77184 -0.77745 -0.75384 1.1437 0.19192 -0.44768 0.52021 -0.015243 -0.0010563 0.06084 -0.049204 0.55409 -0.30414 -0.42795 1.9345 -1.2163 -0.14252 0.97269 0.18018 -2.0196 0.37083 1.0774 -0.11822
0.33749 -0.40713 1.3948 -0.65488 -1.9702 0.20985 0.24109 0.2092 1.6011 0.52836 0.20931 -0.31962 0.49826 0.34442 -0.044161 -0.22056 0.37132 0.24327 -1.0847 0.83594 0.34809 0.15558 -0.34757 -0.17772 0.52917 -0.014883 0.127 0.49864 -0.62735 -0.61561 1.7946 -0.80045 -0.70596 0.26169 0.14733 -0.90117 -0.47317 0.93923 -0.25683
0.24206 -0.65813 1.1613 -0.68494 -1.9388 -0.10006 -0.12591 0.52333 1.5474 0.52861 0.15507 -0.24019 0.46659 0.47233 0.13445 -0.60644 0.22202 0.87879 -1.3526 0.49548 0.5833 -0.0039914 -0.41126 -0.653 0.82721 -0.12238 0.17635 0.49229 -0.66079 -0.34123 1.0547 -0.40935 -0.94141 -0.48946 -0.60692 0.68305 -0.79929 0.40446 -0.35251
0.40922 -0.4112 1.4145 -0.65131 -1.4606 0.010987 -0.2742 0.62035 1.9616 0.42722 -0.090693 0.13738 0.48375 0.37618 0.24667 -1.1615 0.13543 0.79786 -1.4431 0.018601 0.10197 -0.50907 0.27962 -1.1046 0.87563 -0.28399 0.039169 0.52366 -0.13445 0.32274 0.19529 -0.11459 -0.831 -1.1123 -1.3824 1.7068 -0.088685 -0.32483 -0.38004
0.71419 -0.44553 1.3303 -0.93625 -1.1044 -0.30443 -0.16909 0.84134 1.6707 0.56585 -0.28566 0.13334 0.40244 0.46619 0.4492 -0.85574 0.32597 0.7309 -1.3571 -0.26608 -0.6333 -1.2753 1.4867 -1.1202 0.56322 -0.38688 -0.18512 0.75816 0.49299 0.96188 -0.31852 0.21721 -0.4291 -1.2794 -1.6543 1.5224 0.72156 -0.86429 -0.64175
0.68467 -0.23732 0.77892 -0.78126 -1.2092 -0.70659 -0.024345 0.65475 1.0518 1.0092 -0.81376 0.29289 0.32456 0.41421 0.6542 -0.36298 0.86751 0.64992 -1.3167 -0.38834 -1.1911 -1.8503 1.9044 -0.12272 -0.022158 -0.51059 -0.73217 1.3516 1.0715 1.498 -0.39938 0.94558 0.26316 -0.58414 -1.5419 0.12055 1.4109 -1.0224 -1.2256
0.52015 -0.032456 0.54365 -0.52304 -1.3814 -0.95567 -0.13106 -0.23266 0.47903 1.7045 -1.0204 0.59695 0.23223 0.12759 1.1843 -0.1082 1.4746 0.41686 -1.0328 -0.12943 -1.2394 -2.4944 1.6313 0.26213 -0.45822 -1.0714 -1.6477 1.6244 0.97734 1.7962 0.2087 1.6428 0.71417 0.54751 -0.66863 -1.5711 1.476 -0.68506 -1.8678
0.74842 -0.19869 1.0592 -0.17037 -1.1863 -1.3231 -0.40882 -0.46587 0.066604 2.2689 -0.54945 0.26212 0.19686 -0.73746 2.1397 0.43597 2.0776 0.28228 0.13254 0.4597 -0.72558 -2.8459 0.43193 0.9585 -0.65594 -1.9731 -2.2012 0.81709 -0.049262 0.86693 0.65443 2.137 0.90854 1.1984 0.68793 -2.4956 0.5198 -0.1166 -1.7175
0.69168 0.062778 1.2505 0.2938 -0.92685 -1.2664 -0.88325 -0.55216 -0.4743 2.4124 0.53483 -0.53046 0.040794 -1.8429 2.4299 0.54127 2.7368 1.2701 0.953 0.69091 0.18224 -2.0554 -0.72665 1.2209 -0.50501 -2.7528 -1.6266 -1.0711 -1.0841 -0.84053 0.31771 1.6435 0.5276 1.3204 1.9854 -2.0097 -0.25703 0.30202 -0.26286
0.58908 1.0564 1.2484 0.75751 -0.87785 -0.92569 0.055459 -0.32036 -1.2305 1.7623 -0.27462 -0.38924 -0.64567 -2.454 1.385 -0.79668 1.6959 1.3322 1.6442 0.95812 0.39952 -0.75579 -1.6008 0.40937 -0.2764 -2.5177 -0.057739 -3.1442 -1.7492 -2.6302 -0.65899 0.0096795 -0.067321 0.81053 2.5362 -0.78056 -1.1103 0.42529 1.97
-0.37576 1.9557 1.2624 1.187 -0.99545 0.17068 1.0276 0.26654 -2.1326 0.59531 0.41342 -0.43577 -1.4887 -1.8622 -0.28875 -1.5215 0.26539 0.43156 1.2473 0.64183 0.73445 0.25357 -1.1249 0.028868 -0.11005 -1.2326 1.8916 -4.0093 -1.4367 -3.3177 -1.7644 -1.3948 -0.51537 0.40541 2.1839 0.15103 -0.976 0.24059 3.8871
-1.4005 1.7628 0.83479 2.2717 0.58105 0.049869 0.54754 0.55326 -0.86079 0.54196 0.13983 0.11963 -1.877 -0.83069 -1.8691 -1.7969 -1.084 -0.40993 -0.017683 0.35501 0.55305 0.84489 -0.83513 -0.62206 -0.075329 0.53917 3.3217 -3.2234 -0.50267 -2.2752 -1.8467 -2.1693 -0.80734 0.47821 1.418 0.35117 -0.54182 -0.087257 4.348
-1.333 0.1584 -0.20411 0.34668 -0.28149 0.48143 0.67126 -0.51954 0.12317 0.46898 -0.75026 0.067444 -1.1951 0.65346 -2.7791 -1.6429 -1.4219 -0.83901 -0.83158 -0.0026414 0.8802 1.3165 -0.82768 -0.17736 -0.18728 2.173 3.4633 -1.1727 0.02872 -0.87515 -1.1747 -1.6361 -0.70786 0.54258 0.53451 -0.28018 -0.45548 -0.44535 3.0713
-0.0027007 -0.95462 0.4654 -0.26054 -1.3693 -0.66627 -0.21619 0.48104 0.0057808 1.859 0.2432 -0.54547 -0.19429 2.0986 -2.8723 -1.6865 -1.2632 -1.1518 -1.3724 -0.27898 1.2415 1.4216 -1.0921 -0.55233 -0.45825 2.9988 2.3429 1.2783 0.22971 0.62868 0.11442 -0.35763 -0.74652 0.42732 -0.10881 -0.48055 -0.41886 -0.57465 0.5826
0.17054 -0.89591 0.25301 -0.51015 -1.5254 -1.5764 0.18948 0.11352 -0.42527 0.81374 -0.40069 -0.75961 0.3521 2.7313 -1.8099 -1.5409 -1.103 -1.1808 -1.1396 -0.40826 1.429 0.98607 -1.5237 -0.90195 -0.83671 2.638 0.33823 2.7661 -0.18674 0.96461 1.4407 0.92123 -0.61138 -0.6401 -0.5797 -0.28214 -0.40178 -0.35985 -1.8264
0.72476 -0.44131 0.20778 0.41611 -1.2876 -0.95878 0.86835 1.3243 -0.10385 -0.38484 -0.025643 -0.35519 0.43019 2.228 -0.21746 -1.439 -0.18289 -0.043055 -0.54993 -0.88398 1.0955 0.80182 -1.3904 -1.0841 -0.92065 1.2765 -1.0586 3.0735 -0.12457 0.69165 2.0333 1.6965 -0.46267 -1.458 -0.8607 0.42975 0.57445 0.30213 -3.0513
0.81479 -0.67204 -0.3573 0.653 -1.2768 -0.83982 0.3764 1.7013 0.30643 -0.95326 -0.45828 -0.82302 0.40996 1.1788 0.55437 -2.1308 -0.33893 1.0448 0.44966 -0.8808 -0.28513 0.51842 -1.2095 -0.70241 -0.70764 0.0056108 -1.4772 2.4302 0.09679 0.17786 1.7212 1.345 -0.30529 -2.0042 -1.2948 1.1126 1.1178 0.96044 -2.8609
0.97174 -0.66169 -0.70025 0.047975 -0.77328 -0.93937 -0.49488 1.2842 0.95676 -0.61188 -1.3959 -1.1341 0.32165 1.0208 1.128 -1.6403 -0.47924 1.1754 0.96741 -0.93598 -0.71459 0.010612 -0.44439 0.46625 0.015375 -0.74651 -0.91508 1.8344 0.83579 0.010452 0.58068 0.70056 0.056444 -1.5397 -1.6883 1.0722 1.2209 1.2013 -1.9278
1.1031 -0.45808 -0.83303 -0.53194 -0.83003 -0.53306 -1.1113 0.31644 0.78564 0.10194 -1.3635 -1.4814 0.12367 0.74838 1.6082 -1.2781 -0.64931 1.1223 0.58239 -0.97138 -1.5307 -1.0926 0.089338 0.50389 0.51597 -1.0961 -0.37931 1.5957 1.7836 0.75643 -0.37156 0.062428 0.27543 -0.48288 -1.5988 0.66052 0.43526 0.98001 -1.083
1.038 -0.32703 -0.88849 -0.66439 -0.23462 -0.59619 -0.79376 -0.19055 -0.17276 0.1405 0.23369 -1.3142 0.00088886 0.84026 2.3354 -0.33158 -0.0025375 0.90244 0.66573 -0.72875 -1.2521 -1.6187 -0.02957 0.69533 0.75752 -1.3695 -0.43112 0.84613 1.6989 1.3362 -0.84601 -0.20431 0.3621 0.17402 -1.0574 -0.16491 -0.92709 0.40965 -0.49608
1.3761 0.68893 -0.69143 -0.16599 -0.38594 -0.25575 -0.22504 0.27317 -0.55676 -0.7417 0.50928 0.12642 -0.25106 0.60352 2.6255 0.50786 0.69722 0.55569 0.69556 -0.45127 -0.95198 -1.722 -0.17912 0.029172 0.78011 -1.4776 -0.57458 -0.36834 1.3343 1.147 -1.19 -0.061526 0.10884 0.81606 -0.045136 -0.55558 -1.7321 -0.23225 -0.036659
1.435 1.0141 -0.93682 0.14954 -0.16042 -0.46162 -0.72608 0.0077532 -1.342 -0.6429 -0.37188 0.16317 -0.4679 0.33704 2.0223 0.60245 1.0929 0.031025 0.50972 -0.49541 -0.67473 -1.6954 -0.62116 -1.1147 0.63093 -1.3763 -0.88912 -1.5733 0.56588 0.19196 -1.0088 -0.32898 -0.018524 0.80029 0.64985 -0.137 -1.7578 -0.71966 0.42795
1.6577 1.4264 -0.62169 0.47379 -0.30419 -0.10615 -1.3353 0.30087 -0.93962 -0.73754 -0.61371 -0.61909 -0.74483 -0.0071977 1.1069 0.71395 0.7315 -0.45113 0.52489 -0.87685 -0.25396 -1.1408 -0.65891 -1.9838 0.076324 -1.1508 -0.87194 -1.8814 -0.010304 -0.6844 -0.74058 -0.55212 0.15494 0.8005 1.2021 0.22606 -0.73234 -0.74202 0.76797
1.3614 1.681 -0.26415 0.26405 -0.20526 -0.072805 -1.3386 -0.50469 -0.93284 -0.15389 -1.6193 -0.54869 -0.89171 -0.41193 0.39221 0.59816 0.30947 -0.29701 0.11807 -0.55089 -0.066107 -0.66798 -0.048304 -1.7411 -0.34313 -0.81985 -0.56494 -1.5763 -0.41403 -0.92919 -0.3743 -0.71922 0.59261 0.68748 1.322 0.50994 0.65957 -0.31725 1.0508
1.2903 1.0715 -0.60617 0.44256 -0.82001 -0.05618 -1.4439 -0.72448 -1.9571 -0.88365 -1.5284 -0.40763 -0.93172 -0.54949 0.2152 0.47334 -0.049591 -0.5297 -0.15667 -0.12324 0.27915 0.060719 -0.042958 -1.095 -0.22895 -0.47846 0.21228 -1.2171 -0.98334 -0.56504 -0.082322 -0.69015 0.78064 0.55073 1.0137 0.41842 1.6666 0.14998 1.2147
1.106 0.89538 -0.37892 0.10582 -0.6881 0.042969 -1.6677 0.15102 -1.6607 -1.1782 -1.1717 -0.56416 -0.92178 -0.38214 -0.23937 -0.063248 -0.065034 -0.5599 -0.50837 0.27388 0.37654 0.22936 0.026124 -0.27425 0.11502 0.034361 0.88721 -0.86275 -1.2514 -0.24618 0.15191 -0.40528 0.66179 0.087994 0.76979 0.35472 1.5505 0.36345 1.232
1.1041 1.4819 -0.40698 0.39565 -0.35961 -0.40828 -0.74698 0.3585 -1.3591 -0.45699 -1.4399 -0.19398 -0.96764 0.34753 -0.67534 -0.79805 -0.019907 -0.45629 -0.46668 0.22023 0.57923 0.34682 0.087406 0.53701 0.088972 0.44103 1.0338 -0.89983 -1.3171 -0.2142 0.43707 -0.062986 0.37353 -0.57114 0.35563 0.32132 1.0358 0.32916 1.1252
1.0715 1.561 -0.51929 0.18771 -0.85307 -0.57187 -1.2698 0.20257 -0.73876 -0.59946 -1.7131 -0.60719 -0.94076 0.69015 -0.65932 -1.1064 -0.11001 -0.074341 -0.50184 0.55717 -0.052585 0.65936 0.55051 0.47015 0.15551 0.76797 0.58403 -0.92493 -1.0166 -0.57683 0.56969 0.44933 0.1049 -0.7605 0.20634 -0.30589 0.84796 0.19802 0.94362
1.3434 0.98925 -0.59376 0.44833 -0.96736 -0.53545 -1.016 0.093025 -0.8553 -0.56588 -0.9966 -0.41229 -0.65554 0.72147 -1.1346 -1.4672 -0.37819 -0.031034 -0.29815 0.45783 -0.61184 0.52482 0.29619 0.55346 0.34161 1.0251 -0.27861 -0.80993 -0.40682 -0.80015 0.70835 0.87872 0.28588 -0.56175 -0.086301 -0.81331 0.67234 0.097029 0.77119
1.8497 0.45995 -1.1205 0.21492 -0.81855 -0.35586 -1.275 -0.082508 -1.3303 -0.42845 -0.8978 -0.34758 -0.4888 0.45099 -1.6121 -1.6331 -0.84429 0.19311 0.2221 0.35866 -0.49807 0.53423 -0.6538 1.3708 0.32402 1.3113 -0.86473 -0.50615 0.29202 -0.88877 0.74241 1.2301 0.31644 -0.03634 -0.22772 -1.2168 0.29944 -0.25757 0.4298
1.7349 0.49671 -1.2882 0.18654 -0.65164 -0.61601 -0.40605 -0.61726 -1.0855 -0.36034 -1.0713 -0.15415 -0.3127 -0.022211 -1.6061 -1.3073 -0.98517 0.61004 0.78477 0.87282 -0.2855 0.24413 -0.83808 1.3965 0.14328 1.4521 -1.0533 0.14179 1.08 -0.54898 0.66077 1.2121 0.47292 0.17505 -0.061966 -1.0415 -0.38532 -0.6407 0.0077851
1.4927 0.15557 -1.2319 -0.3693 -0.55293 -0.40753 -0.89806 -0.23296 -0.65103 -0.78321 -0.76704 0.043399 -0.15842 -0.4529 -1.3152 -0.66187 -1.2873 0.86276 1.2238 0.96207 -0.29159 0.36426 -1.1672 0.62912 -0.29761 1.2706 -0.70759 0.48419 1.672 -0.064179 0.4826 0.93321 0.38335 0.18832 -0.10564 -0.20712 -1.1615 -0.76768 -0.41102
1.3584 0.081573 -1.5262 -0.51547 -0.33425 -0.11114 -0.41743 -0.041971 -0.32744 -1.6438 0.19772 -0.030508 0.12447 -0.67145 -1.0752 0.034285 -1.0684 0.75376 1.4345 1.0709 -0.3839 0.49104 -1.4029 0.16557 -0.64628 1.0612 -0.27324 0.47753 1.6308 0.37845 0.20998 0.45011 0.10523 0.0097522 -0.23967 0.5549 -1.5318 -0.66345 -0.65865
1.1445 -0.22466 -1.3232 -0.57574 -0.32855 0.51229 0.097879 -0.20761 -0.87495 -1.3443 -0.26794 -0.69295 0.34273 -0.46431 -1.0888 0.78199 -0.90249 0.93968 1.612 1.0013 -0.092147 0.20856 -0.76163 -0.29051 -0.8273 0.82741 0.086089 0.50337 1.3618 0.84111 0.13537 0.082156 -0.026272 0.05254 -0.3632 1.4598 -1.242 -0.20369 -0.6884
1.2645 -0.45872 -1.1224 -0.88675 0.062316 0.82414 0.15789 -0.57647 -0.73287 -1.7179 -0.79507 -0.86129 0.31868 -0.49641 -0.9419 0.98009 -0.53612 0.92912 1.4068 1.0574 -0.37231 -0.1363 -0.0012202 -1.1447 -0.9349 0.58334 0.088813 0.62734 0.7009 0.80954 0.065188 -0.26497 -0.36579 0.0854 -0.37682 1.5662 -0.50819 0.13557 -0.61025
1.2808 -0.44827 -1.1677 -0.73796 -0.091352 0.84727 0.33779 -0.84311 -0.56242 -1.9628 -0.95325 -1.0099 0.32144 -0.39159 -0.56058 1.3753 -0.13717 1.0065 1.3694 0.91892 -0.20209 -0.016384 0.86954 -1.1499 -0.60061 0.36974 -0.21527 0.78285 -0.079948 0.75894 -0.26837 -0.50935 -0.63152 -0.054167 -0.24061 0.93525 0.45336 0.20857 -0.36718
1.216 -0.6135 -0.59912 -0.90908 0.50055 1.0116 0.74853 -0.23949 -0.63732 -0.98956 -1.0585 -0.93895 0.39272 -0.55422 -0.30766 1.0211 -0.087628 0.83312 1.0419 0.40608 -0.17037 -0.1168 0.71868 -0.40375 -0.54598 0.27994 -0.33292 0.65373 -0.68594 0.55251 -0.44558 -0.54556 -0.89947 -0.14008 -0.13458 0.057072 1.0703 0.16628 -0.13589
0.8031 -0.77244 -0.8145 -0.91723 0.38573 1.1545 0.53621 -0.59384 -0.85562 -1.047 -1.5243 -1.2379 0.43816 -0.8139 -0.11035 0.59559 0.15196 0.53655 0.826 0.10741 -0.30328 -0.26127 0.63171 0.22054 -0.66589 0.37249 -0.22108 0.36684 -1.1248 0.5034 -0.55483 -0.62995 -0.82369 -0.44896 -0.036362 -0.7608 1.0243 0.0056571 -0.025091
1.0185 -0.37838 -0.51192 -0.49063 0.74846 1.7559 1.0856 -0.29909 -0.44303 -0.50788 -0.70847 -0.92337 0.5229 -0.8696 -0.090569 0.079233 0.2523 0.41339 0.64267 -0.27421 -0.5973 -0.27136 0.22321 0.25809 -0.62879 0.35924 0.15637 0.10844 -0.85479 0.49886 -0.27315 -0.6445 -0.50183 -0.4639 0.14434 -0.84711 0.51835 0.073724 -0.061017
0.64288 -0.6561 -0.71492 -0.9091 0.46704 1.5818 0.29654 -0.8216 -1.239 -1.1583 -0.76061 -1.7415 0.53603 -0.62255 -0.079488 -0.25899 0.54361 0.28095 0.37618 -0.33187 -0.85891 -0.0089494 -0.31183 0.5173 -0.59866 0.29125 0.35182 -0.17802 -0.5643 0.37845 0.043519 -0.76189 -0.22806 -0.19068 0.16792 -0.66535 -0.031755 0.27812 -0.17096
0.54574 -0.57961 -0.79464 -0.64832 0.51839 1.5073 0.31054 -1.1528 -0.89963 -1.2778 -0.65624 -1.7996 0.62259 -0.3781 -0.17192 -0.15575 0.55969 0.5017 0.046908 -0.34321 -0.79162 0.032436 -0.4006 0.45649 -0.48643 0.22209 0.39416 -0.22287 -0.20376 0.27173 0.38619 -0.68309 0.18076 0.37754 0.13685 -0.10974 -0.15277 0.49802 -0.21087
0.48858 -0.66015 -0.98744 -0.48616 0.57253 1.4792 0.12203 -1.262 -0.8327 -1.3521 -1.0313 -1.6102 0.60845 -0.44586 -0.40459 -0.35185 0.63974 0.56853 -0.31435 -0.29796 -0.57912 -0.092717 -0.30641 0.054089 -0.2457 0.16012 0.31799 -0.11658 -0.057786 -0.22537 0.45426 -0.3323 0.2732 0.75223 -0.29873 0.32557 -0.1284 0.56422 -0.27093
0.65713 -0.75466 -0.68357 -0.2379 0.93183 1.5234 0.57068 -1.0775 -0.55662 -1.1378 -0.54084 -1.6766 0.62922 -0.27006 -0.33903 -0.27006 0.66698 0.92504 -0.30372 0.059014 -0.016142 0.031607 0.013006 0.18577 0.11452 0.077618 0.46028 0.16616 -0.067115 -0.56078 0.066723 0.14903 0.31563 0.87024 -0.47242 0.3924 0.2458 0.49919 -0.3225
0.53174 -0.79644 -0.78812 -0.29433 1.0804 1.4215 0.20082 -1.3767 -0.89007 -1.3349 -0.78045 -1.8189 0.63523 -0.12196 -0.2266 -0.32662 0.12018 0.8398 -0.087664 -0.0041597 0.19585 -0.57967 0.090678 0.39641 0.14962 -0.083381 0.63864 0.40057 -0.013192 -0.75344 -0.41917 0.55094 0.2524 0.65109 -0.39614 0.46333 0.29839 0.31688 -0.31817
0.39128 -0.86218 -0.89763 0.026337 1.1667 1.3124 0.42368 -1.0256 -1.0112 -1.0351 -0.61887 -1.4404 0.66495 0.26353 -0.011813 -0.31047 -0.11206 0.48143 0.1897 0.12073 0.49061 -0.62706 0.13557 0.76092 0.23797 -0.18862 0.61426 0.36675 0.24456 -0.54671 -0.75905 0.67704 0.17481 0.17025 -0.11242 0.52217 -0.18563 0.0042813 -0.19405
0.32797 -0.95669 -1.019 -0.31453 1.4329 1.2043 0.3277 -0.94046 -1.1219 -1.3333 -0.54143 -1.6734 0.60049 0.403 0.078673 -0.37366 -0.22492 0.08428 0.44267 0.15981 0.41525 -0.52063 0.5001 0.34497 0.25946 -0.23203 0.60563 0.22623 0.71427 0.084103 -0.53133 0.59816 0.024491 -0.24254 0.40615 0.55613 -0.91416 -0.23274 -0.054267
0.55753 -0.70676 -1.0716 -0.63911 1.2899 1.6067 0.21868 -1.0805 -1.7354 -1.1883 -0.28858 -1.5236 0.50538 0.54045 0.097822 0.18985 -0.068426 0.022166 0.66939 0.31571 0.19608 -0.21308 0.7865 -0.1567 0.017472 -0.16732 0.43116 0.14478 0.75393 0.70789 -0.0011086 0.15903 -0.25875 -0.50102 0.41194 0.39466 -1.3733 -0.22873 -0.057262
1.0106 -0.66748 -1.0031 -0.38104 1.0342 1.8201 0.58068 -0.57828 -1.243 -1.0997 -0.021673 -1.2604 0.45325 0.79746 0.069626 0.73144 0.24688 0.17376 0.76406 -0.053461 -0.12974 -0.011032 0.80714 -0.9378 -0.24404 -0.1813 0.13165 0.27769 0.34234 1.4273 0.37649 -0.38017 -0.098699 -0.33798 0.35534 0.27791 -0.73267 -0.048376 -0.31344
0.87695 -0.78144 -0.90403 -0.31242 1.0684 1.9197 0.73656 -0.89809 -1.1438 -0.34993 -0.5717 -1.4752 0.49716 0.81891 0.20554 0.51881 0.84526 0.43738 0.30376 -0.27182 -0.20742 -0.095168 0.721 -1.2887 -0.0063679 -0.30623 -0.36733 0.51606 -0.48851 1.4419 0.16771 -0.75986 -0.03352 -0.029286 0.20988 0.078163 0.017808 0.29379 -0.8126
0.7787 -0.80608 -0.58276 -0.14387 1.3207 1.9623 0.59578 -1.278 -1.2195 -0.44619 -1.2111 -1.9017 0.5749 0.49232 0.46316 0.079738 1.7164 0.51571 -0.10273 0.2637 -0.039615 0.098947 1.0527 -0.52712 0.12666 -0.68 -0.62921 0.62877 -0.99656 0.82316 -0.50192 -0.74575 0.20129 0.57187 0.093849 0.066881 0.99278 0.62655 -1.191
1.1637 -0.84068 -0.4342 0.22313 1.6133 2.0169 -0.038007 -1.1352 -1.2036 -0.44441 -1.5667 -1.8285 0.44506 0.048475 0.74389 -0.40854 1.6193 0.13727 -0.33167 0.093217 0.088768 0.13255 0.80878 -0.33235 0.35403 -1.2639 -0.66077 0.18431 -0.92189 -0.22805 -1.2635 -0.44994 0.42412 1.0323 0.087581 0.23867 1.2253 0.68888 -1.164
1.2123 -0.51418 -1.011 0.4322 1.8651 1.4041 -0.088681 -1.0825 -1.7102 -0.74487 -1.3487 -1.2753 0.19578 0.079898 0.83453 -0.67212 1.2461 -0.52214 -0.32643 0.15387 0.81738 0.054046 0.88716 0.52054 0.74597 -1.6764 -0.4867 -0.22603 -0.42874 -1.1746 -1.581 -0.19274 0.20611 0.72763 0.076839 0.02947 0.70434 0.33819 -0.67183
1.0544 -0.084125 -1.1394 1.4692 1.43 1.6716 1.4985 -0.77926 -1.2477 0.52246 0.10307 -1.1321 -0.20271 -0.13287 0.29977 -0.83391 0.70611 -1.1771 -0.44236 0.60359 1.3458 0.094244 1.25 0.5788 0.97561 -1.7372 -0.50644 -0.42643 0.22596 -1.3779 -1.1832 -0.089078 -0.16004 0.073258 0.4711 -0.020787 0.042311 -0.075956 -0.016087
0.81657 -0.090797 -1.1642 0.90904 0.84802 1.5968 0.50766 -0.60876 -0.78771 -0.11718 -0.93549 -0.95086 -0.62061 -0.27044 0.26885 -0.52088 0.2134 -1.4973 -0.42696 0.40769 0.72698 0.26454 0.88584 0.3897 0.42428 -1.5556 -0.68466 -0.22469 0.51051 -1.4503 -0.26778 -0.17932 -0.66668 -0.47495 0.7233 -0.49298 -0.48095 -0.16536 0.47959
1.0035 -0.23158 -1.0359 0.62816 0.56688 1.7127 0.62108 -0.055886 -1.3491 0.71799 -0.44309 -0.76114 -0.70054 -0.66432 0.27031 -0.08228 -0.16436 -1.3728 -0.46816 -0.34211 0.26915 0.92702 0.76887 -0.18932 0.31642 -1.3482 -0.69452 0.43066 0.78095 -0.96122 0.75907 -0.071195 -0.68818 -0.5386 0.66395 -1.1385 -0.30248 0.1308 0.71492
0.81728 -0.90065 -1.0655 0.5996 0.37296 1.3353 1.2679 0.18939 -1.283 0.85042 -1.1348 -0.65325 -0.67997 -0.85418 0.43516 -0.11792 -0.7399 -0.87445 -0.66815 -0.66079 0.43537 1.0192 0.20116 -0.041175 0.70292 -1.0721 -0.91285 0.9396 1.0211 0.0095858 1.2816 -0.011718 -0.2974 -0.28116 0.47946 -1.4851 -0.039762 0.55719 0.47768
1.0399 -0.12902 -1.0183 0.75643 0.37046 1.31 0.23683 -0.97766 -0.97227 0.033971 -0.86989 -1.4706 -0.85658 -1.0581 0.91453 0.3966 -0.4194 -0.20274 -0.47525 -0.19123 0.44872 0.98508 -0.54547 0.19753 1.0406 -0.78954 -0.819 1.2186 1.0037 0.6334 1.2943 0.21815 0.21151 -0.025024 -0.024655 -1.4438 0.23487 0.54413 0.19546
0.23365 0.19281 -1.2216 0.75566 0.41487 0.92222 -0.2354 -0.7822 0.058174 0.64897 -0.9123 -0.4818 -1.1265 -1.6726 1.5083 1.1174 0.36464 0.086854 -0.46627 -0.24162 0.08999 1.1512 -1.2452 0.11338 1.0972 -1.0393 -0.9477 0.94878 1.5225 1.0776 0.6099 0.28532 0.52826 0.40414 -0.25253 -0.56279 -0.044153 0.35645 -0.091391
0.16128 0.35444 -1.2437 0.33012 0.31122 1.1007 0.69849 0.37269 0.031261 0.5803 0.19072 0.28024 -1.2275 -1.69 1.7687 1.1456 0.35182 0.33722 -0.18439 -0.14208 0.3878 0.81356 -1.2186 0.18763 1.1289 -1.0374 -0.82835 0.30878 1.6134 0.85833 -0.040355 0.18352 0.39252 0.64418 -0.48228 0.60751 -0.43278 -0.00081611 -0.15855
0.00074509 0.55656 -0.53678 0.38268 0.66636 1.3202 0.54892 0.18215 -0.25382 -0.99869 -1.0855 0.50418 -1.162 -2.1983 1.5852 2.316 0.6868 -0.11081 -0.30392 0.33637 1.2381 0.62213 -0.51983 -0.12772 1.3028 -1.0971 -0.59359 -0.22086 1.3454 0.36662 -0.58134 0.059997 0.24776 0.47388 -0.61364 1.4814 -0.64346 -0.25329 -0.0001286
-0.64234 0.95571 -0.072797 1.5274 0.5422 0.98574 0.42934 -0.38508 -0.14145 -0.5662 -0.61882 0.21038 -1.6263 -2.2465 1.3672 2.7745 0.86468 -0.16957 -0.23614 0.27919 1.1091 0.32778 0.23018 -0.53348 0.88581 -1.021 -0.3359 -0.59861 0.58439 -0.071548 -0.73949 -0.055751 0.12066 0.26722 -0.72198 1.7979 -0.045505 -0.29316 0.018347
-0.49236 0.97722 -0.6523 0.80145 0.74882 1.0979 0.57616 0.11752 -0.16945 -0.48588 -0.91372 0.29144 -1.5232 -2.4348 1.3014 2.7827 0.72987 -0.63997 -0.34985 0.027399 0.63589 0.22128 0.80852 -0.78967 0.67484 -1.0449 0.49516 -0.67189 -0.63007 -0.50536 -0.17546 -0.0022963 -0.41643 -0.0033565 -0.58431 1.3037 0.65537 -0.55161 0.25007
-1.4707 1.5864 0.78841 1.4676 -0.11197 0.70426 0.51804 0.82886 0.42355 0.17968 -0.77815 0.80084 -1.9061 -2.1612 0.86198 1.9794 0.21812 -0.64578 -0.28618 0.24644 1.1976 -0.3658 1.4891 0.42447 0.82123 -1.0302 1.0925 -0.75644 -1.0718 -0.21305 0.15775 -0.30774 -0.74225 0.00095766 -0.48458 0.3514 1.3875 -0.67762 0.41411
-1.8479 1.3332 0.54984 1.2902 0.38744 0.85054 0.48471 0.86002 0.3754 1.1394 -1.1587 1.1194 -1.9003 -1.3763 0.66485 1.5266 0.17137 -0.16676 -0.30423 -0.45116 1.1816 -0.14783 1.2954 0.66993 0.20993 -0.67463 1.6024 -0.80234 -1.3946 0.099481 0.73247 -0.1923 -0.73716 -0.018831 -0.34562 -0.49733 1.3227 -0.95052 0.65108
-1.9434 1.6267 0.84163 0.95645 -0.36163 0.90154 0.77623 0.60105 -0.17941 0.37035 -0.95654 1.1022 -2.0202 -0.86591 0.36906 1.3956 0.79477 -0.13692 -0.85243 -0.9151 0.83225 -0.41388 0.64454 1.4453 -0.25237 -0.51602 1.5737 -0.48396 -0.98852 0.45556 0.56283 -0.083914 -0.52924 -0.42378 0.1039 -1.1482 0.38279 -1.0125 0.67786
-1.8876 1.3119 0.65416 0.9727 0.30269 0.96246 0.88624 1.359 -1.1691 0.55809 -0.065076 1.3737 -2.1325 -0.28047 0.15357 0.46851 0.61581 0.34643 -0.44548 -0.81555 0.77641 -0.41539 0.29603 1.2816 -0.69068 -0.21856 0.94601 -0.35795 -0.65061 0.33523 0.46573 0.1189 0.019034 -0.49263 0.18925 -1.0295 -0.37319 -0.2881 0.50874
-1.5983 1.7359 0.73499 1.8793 0.64551 0.48284 -0.83367 0.91659 0.39623 1.0389 -0.014712 -0.17084 -2.0721 0.042674 0.26356 0.65609 0.76651 0.051673 -0.3927 -0.59328 0.5783 -0.033885 -0.16733 0.86214 -0.75153 -0.13037 0.4113 -0.11325 -0.46115 -0.2735 0.30443 0.52391 0.49233 -0.83691 0.2277 -0.96734 -1.2049 0.36073 0.43965
-1.681 1.4444 0.89904 1.9506 0.045169 -0.26424 -0.62987 1.3261 -0.49003 0.29586 0.57662 0.31256 -2.016 -0.17711 0.077373 0.67119 0.7546 0.52884 -0.33398 -0.57442 0.35415 0.023378 -0.23191 0.22648 -0.15225 -0.020287 -0.08041 -0.33261 -0.31214 -0.60495 -0.052917 0.42607 0.89902 -1.0548 -0.26069 -0.85972 -1.0707 0.65669 0.25046
-2.1159 1.7026 1.1082 1.7441 0.37024 0.81605 0.039624 1.7473 -0.047956 1.0353 -0.14969 0.28957 -2.1004 -0.19972 0.18215 0.42079 0.27499 0.28909 0.045267 -0.083361 -0.57389 -0.1986 -0.90815 -0.3888 0.13073 0.11735 -0.13219 -0.60693 -0.73356 -0.73751 0.007028 0.32172 0.86347 -1.077 -0.45733 -0.40222 -0.55219 0.16371 0.14622
-1.7415 1.6351 1.0166 1.7106 0.077096 0.63646 0.20364 1.0896 -0.043894 0.4425 -0.48931 0.41201 -2.0582 -0.30178 -0.40296 -0.010731 -0.14393 0.14082 0.10699 0.66773 -0.6842 -0.83148 -0.94829 -0.19216 0.097118 0.076076 0.1524 -0.72312 -0.87521 -0.43522 -0.34045 -0.19798 0.53969 -0.75989 -0.36897 -0.080089 0.29124 -0.57511 0.056121
-2.1339 1.5313 1.2185 1.7615 0.77846 0.42905 -0.29655 1.0887 -0.77401 -0.011867 -0.2352 1.2608 -2.0877 -0.1281 -0.55898 -0.38203 -0.011725 0.26013 -0.035815 0.45518 -0.98213 -0.48061 -0.56544 -0.013628 -0.60774 0.066939 0.16078 -0.65064 -0.62089 0.052301 -0.29197 -0.52899 0.036148 0.042679 0.042459 0.59887 0.75962 -0.91832 -0.034829
-1.8095 1.6556 0.75641 1.5968 0.69629 0.77309 0.075336 0.26097 -0.96728 -0.50164 -0.1639 0.65856 -1.954 0.051923 -0.81193 -0.56939 0.17672 -0.029663 -0.68276 0.20013 -0.9107 -0.54095 -0.55512 0.60335 -0.95394 0.10087 0.12691 -0.24167 -0.26156 0.27288 -0.26529 -0.49211 -0.29208 0.31403 0.35459 0.67079 0.63659 -0.77904 -0.022543
-1.9572 1.019 0.77606 1.888 0.31772 0.10169 0.25724 0.58831 -0.71952 0.13402 0.22424 -0.52428 -2.0181 -0.097059 -0.75024 -0.46984 0.20991 -0.11669 -0.56489 0.22116 -0.38433 -0.26312 0.017378 0.69394 -1.1833 0.049954 -0.023796 -0.075188 -0.01105 0.13768 -0.25015 -0.24143 -0.1161 0.45021 0.18673 0.46401 0.38757 -0.32839 -0.02726
