39 272
-0.20506 1.1975 0.99348 0.6117 0.094064 0.80453 -0.70149 -1.4002 -0.40501 0.25591 -0.79574 -0.91502 -1.4606 0.35209 0.11437 -0.2646 0.37649 -0.13411 -0.29976 0.22093 1.2266 -0.24838 -0.6714 -0.44887 0.55088 -0.0041954 -0.27435 0.041454 0.023784 0.10331 -0.077715 0.073264 -0.28685 -0.15942 0.17214 0.42978 -0.070336 -0.14456 0.020989
0.43887 1.3614 0.70815 0.62559 -0.083045 0.77075 0.13688 0.081835 -0.86743 -0.6361 -1.3053 -0.25223 -1.4057 0.22016 0.1657 -0.24916 0.55283 -0.31492 -0.30554 -0.10116 1.0163 -0.18621 -0.38199 -0.45604 0.37432 -0.0064878 -0.46301 -0.061731 0.14361 0.087559 0.070645 0.052096 -0.33903 -0.33809 0.31705 0.61209 0.080207 -0.23802 0.019675
0.18959 1.1165 0.9823 0.98038 -0.66548 -0.28479 -0.36196 -0.053706 -0.8575 -0.66672 -1.2531 -0.71255 -1.4593 -0.068444 0.14964 -0.21863 0.47683 -0.20235 -0.14725 -0.14853 0.97703 0.048013 0.017556 -0.55563 0.35966 0.03507 -0.53878 -0.22579 0.23696 0.0051061 0.34144 0.10864 -0.43365 -0.85371 0.33105 0.85036 0.70438 -0.22086 0.019979
0.023621 1.3833 0.49883 1.0573 0.3478 0.9036 -0.74291 -0.20412 -0.46483 -0.18255 -1.1766 -0.017387 -1.4908 -0.26164 -0.01916 -0.0069329 0.4859 0.045329 -0.26865 -0.22213 0.63976 0.22495 0.17539 -0.20754 0.1859 0.011964 -0.32347 -0.3171 0.093041 -0.29434 0.54018 0.32192 -0.15398 -0.99798 0.16377 0.5045 1.1957 -0.076136 0.0077839
-0.048656 1.3759 0.76297 1.2175 -0.52701 0.4509 -0.97293 -0.49677 -0.5961 0.09231 -1.2594 -0.70922 -1.456 -0.36656 -0.19024 0.071754 0.41806 0.3859 -0.097973 -0.5228 -0.32674 0.19597 0.70852 0.85159 0.21776 0.022909 0.13342 -0.39464 -0.048499 -0.5021 0.21084 0.16659 0.15524 -0.87685 -0.43156 -0.13123 0.98784 -0.20687 -0.033001
-0.31244 1.3187 0.71858 0.9476 -0.095662 0.68134 -0.50876 0.16055 -0.28945 0.26136 -1.5997 -0.2905 -1.3777 -0.20515 -0.21788 -0.20948 0.040191 0.49826 0.31581 -0.19677 -0.36156 0.050306 0.25275 1.2385 0.29835 0.014344 0.50574 -0.21341 -0.080509 -0.49383 -0.078544 0.20703 0.33744 -0.52007 -0.66272 -0.11551 0.42444 -0.065769 -0.078402
-0.15586 1.0947 1.0166 1.2186 0.1351 0.046535 -0.4975 0.05983 -0.37424 -0.22747 -0.96808 -0.42639 -1.4632 0.14629 -0.43741 -0.20057 -0.22405 0.0037344 -0.10357 0.13261 -0.31011 -0.76219 -0.28788 0.70772 -0.096796 -0.023541 0.5547 0.10758 0.050293 -0.32543 -0.4795 0.090473 0.3463 0.057994 -0.43073 -0.055161 -0.564 -0.15869 -0.10947
0.038553 1.0565 0.73825 1.2771 0.35089 0.41389 -0.88791 -0.76487 -0.80721 0.3732 0.4033 0.18114 -1.4045 0.39098 -0.27141 -0.014616 -0.10159 0.076062 0.1508 0.083692 -0.44366 -0.66254 0.43767 0.73442 0.21634 -0.10257 0.26317 0.42089 0.094612 -0.25346 -0.61245 0.16103 0.29871 0.48552 0.074011 0.27061 -1.0314 -0.14162 -0.004133
-0.2018 1.0393 0.25948 0.90071 0.17608 0.84477 -0.80266 -0.58743 -0.57589 -0.40565 0.13158 -0.23177 -1.4931 0.33201 0.01079 0.078222 -0.11021 -0.38483 0.1685 -0.012974 -0.20602 -0.34343 0.49852 0.015144 -0.048124 -0.11138 0.049984 0.5376 -0.38029 -0.44648 -0.49578 0.42634 0.31417 0.72522 0.50768 -0.023457 -1.0575 -0.058551 0.15972
0.30018 0.92632 0.36843 0.73182 -0.2815 0.50822 -0.44394 -0.45001 -1.9273 -0.46026 -1.3031 -0.64007 -1.502 0.17709 0.2692 -0.16104 -0.48367 -0.56168 0.50459 0.43734 0.52011 -0.03071 0.381 -0.42972 0.0002191 0.051925 0.17327 0.098361 -1.0242 -0.54088 -0.097626 0.27024 0.21438 0.38996 0.33169 -0.66413 -0.62345 0.059018 0.43315
0.3431 1.1746 1.1892 1.2695 -0.27112 0.61824 -0.72709 -0.76709 -0.84408 1.5331 -0.30153 -0.011003 -1.5462 0.34696 0.20348 -0.83903 -0.85456 -0.69259 0.57395 0.54595 0.62056 -0.069759 -0.31489 -0.77656 -0.10158 0.18282 0.49154 -0.53538 -1.5953 -0.42799 0.40178 -0.059514 -0.31008 -0.15225 0.26964 -0.8791 0.37731 0.20371 0.68719
-0.066346 1.3159 0.86691 0.88148 -0.47127 0.62435 -0.51152 0.20902 -0.32306 0.3893 -1.3985 -0.3356 -1.4884 0.69779 -0.2093 -1.4872 -0.72439 0.030496 0.49088 0.20832 -0.11413 -0.14814 -0.46763 -0.076027 0.35803 0.5178 0.77195 -1.4084 -1.2787 -0.038089 0.47518 -0.80445 -0.79406 -0.15218 -0.0068833 -0.93955 0.77681 -0.10896 0.97194
0.086009 1.331 0.24646 0.44717 -0.40975 1.0508 0.12769 0.58593 -0.65469 -0.099167 -0.43971 -0.092844 -1.3025 0.95531 -0.67756 -2.2717 -0.77742 0.14282 0.059914 -0.47228 -0.22921 0.24062 -0.81083 0.61494 0.16828 0.8727 0.6903 -1.9501 -0.12267 0.42223 0.0081892 -1.4896 -0.88015 0.1475 -0.009062 -0.15893 1.1336 -0.28206 1.2285
0.66494 1.0727 -1.2519 -0.076216 -0.72218 1.4541 -0.36505 -0.44197 -1.4206 -0.74155 -0.6982 -0.17048 -1.2202 1.2582 -1.714 -1.858 -0.59349 -0.0052571 -0.84088 -0.52979 0.60481 -0.22168 -1.2233 0.44276 -0.34523 1.4279 0.15944 -1.7107 1.1584 0.35063 -0.69144 -1.6425 -0.49155 0.80627 -0.031899 0.45502 0.36786 -0.86018 1.082
1.0442 0.51566 -1.5729 0.35108 0.56258 1.1099 -0.70125 -1.2501 -1.2767 -0.6113 -0.33209 0.31892 -0.8606 1.306 -2.3961 -0.87732 -0.14556 -0.65736 -1.7304 -0.72176 0.51956 -0.073192 -0.25816 1.2392 -0.29587 1.9027 -0.49599 -0.78806 2.3063 -0.030497 -0.95358 -0.75177 0.33588 1.0669 0.29165 1.1056 -0.17174 -0.93988 0.6848
1.5118 0.26222 -1.998 0.20173 -0.46275 0.028932 -1.4451 -0.35718 -0.7361 -0.2876 -0.23413 -0.48895 -0.52626 0.812 -2.2918 0.018342 -0.39743 -0.98548 -1.8895 -0.57913 1.086 -0.077777 0.13921 0.36976 -1.076 1.9184 -1.1987 0.51736 2.072 -0.80698 -0.81435 0.58331 0.96451 0.5832 0.63923 1.0856 -0.47277 -0.70218 0.11713
1.5051 -0.82957 -0.31875 0.637 -0.6322 -0.79162 -0.8796 1.5144 -0.81953 -0.31598 -0.1776 -0.73045 0.15811 0.29541 -1.7493 1.167 -0.93276 -1.3202 -0.91314 0.18302 1.6254 0.73866 0.66715 0.34017 -1.2868 1.8402 -1.5714 1.3446 1.0498 -1.2487 -0.051312 1.6814 1.5238 -0.027378 0.59593 0.43218 -0.62708 -0.11736 -0.36722
1.3351 -1.1326 -0.42265 0.38218 -1.8597 -1.3476 -0.91875 0.67611 -0.57984 -0.12956 0.80861 -0.38207 0.62986 -0.37659 -1.1609 1.0529 -1.6838 -1.3417 -0.081714 0.8206 1.1807 0.64768 0.43413 -0.015452 -1.2097 1.6674 -1.3804 1.5487 -0.3404 -0.85416 0.48612 1.721 1.4586 -1.0784 0.60606 0.12091 0.19108 0.44946 -0.68527
1.1194 -0.72876 -0.71309 -0.70478 -1.4173 -0.46054 -0.59456 1.2138 -1.5159 -0.31111 -0.70637 -1.8668 0.47536 -0.90651 -0.66739 0.60243 -1.7978 -0.5838 0.72557 1.4239 0.3813 0.7515 0.43274 0.21835 -0.45583 1.3794 -0.6727 1.1991 -1.1195 0.33611 0.79082 0.70449 0.8268 -1.2306 0.29663 -0.20562 0.55958 0.68996 -0.96287
1.2659 -0.67217 0.13171 -1.1845 -1.8291 1.0195 -0.22376 0.99003 0.29584 0.37177 -0.066355 -1.4698 0.71782 -1.0522 -0.18878 -0.33547 -1.5354 -0.35715 0.73001 1.5244 -0.48246 1.1238 0.48423 0.83832 -0.62002 0.93719 0.20405 0.61717 -0.95495 1.7636 0.60165 -0.35473 -0.084787 -0.80922 0.30223 -0.56103 1.1284 1.205 -1.0916
0.57387 -0.91606 -0.62483 -1.4338 -1.2041 0.16365 0.064578 0.44423 -0.31937 -0.15937 -0.2524 -1.2024 1.1161 -0.56591 -0.19051 -0.25061 -0.39068 -0.19168 0.090685 1.3771 -0.037453 1.0807 0.22945 1.0511 -0.24422 0.5024 0.573 0.31695 -0.54548 2.4004 0.47321 -1.0834 -1.2541 -0.4386 -0.18002 -0.87066 1.039 1.4409 -1.2483
0.3243 -1.0004 -0.71117 -1.265 -1.3818 0.1412 0.58693 1.0778 0.27518 0.33119 0.59249 -0.73541 1.214 -0.17754 -0.3518 -0.3207 0.85144 -0.30453 -0.46902 0.69027 -0.26259 1.0745 -0.574 1.833 1.0199 0.17527 0.5788 0.10056 0.0070037 2.2148 0.39499 -0.77474 -1.7838 -0.27769 -0.31677 -0.44041 0.87662 1.8313 -1.2109
0.23572 -1.1937 -0.90546 -0.9008 -1.8188 -0.44466 0.99281 0.52914 0.64952 0.32111 1.5461 -1.9951 1.1901 -0.31446 -0.052813 -0.42949 1.4175 0.35999 -0.83431 -0.49302 -0.64098 0.38901 -0.75526 1.8087 1.5167 -0.44768 0.30058 0.070282 -0.080176 1.114 0.37598 -0.15612 -1.6009 -0.68035 -0.25256 0.080108 0.47503 1.2301 -0.8264
1.0935 -1.0546 -0.58058 -0.1987 -2.178 -0.87501 0.5514 1.0567 0.32864 -0.059844 1.2458 -1.0073 0.86271 -0.13817 -0.095398 -0.22412 1.6282 0.17684 -0.35068 -0.86224 -0.77159 0.80503 0.10339 2.2255 2.0484 -0.72955 0.14382 0.10785 0.036183 -0.11826 0.29232 0.41744 -0.50955 -0.25253 -0.20339 0.96062 -0.44618 0.30054 -0.13465
0.98551 -1.0018 -0.86256 0.04452 -1.6623 0.0074945 -0.0087886 0.62525 0.47117 -1.3367 1.549 0.35703 0.65682 -0.043562 -0.20837 -0.44212 1.2664 0.33853 -0.27677 -0.82736 -1.1782 0.68116 0.038541 1.8251 1.6256 -0.5066 -0.066939 -0.21513 0.061469 -1.1594 -0.09164 0.60418 1.0574 0.24614 0.04487 1.6803 -1.034 -0.64915 0.68753
0.09747 -0.69996 -0.70519 0.11718 -0.49479 -0.31083 -1.14 -0.42799 0.60735 -0.2341 2.1959 0.92345 0.35455 -0.051397 -0.099302 -0.23721 0.70848 0.30568 0.088865 -0.088304 -0.53461 0.49393 0.90399 0.96975 1.5484 -0.032576 -0.26525 -0.27065 0.17313 -1.7822 -0.19161 0.38495 1.9532 0.58848 -0.30255 1.9283 -1.8226 -1.4292 1.0843
0.19306 -1.357 -1.1533 0.36611 -1.4827 -0.43221 -0.17268 -0.16051 1.2705 0.9919 3.1962 1.3998 0.58742 -0.47329 -0.42963 -0.29788 -0.2539 0.10839 0.15535 1.0959 -0.30395 0.61379 2.1309 0.41686 0.50946 0.42146 -0.20687 -0.14937 0.39727 -1.7703 -0.24992 0.44107 2.0491 0.78457 -0.23824 1.5839 -2.2231 -1.258 0.95754
0.59339 -1.382 -1.4834 0.14506 -1.4502 -0.64476 0.27574 -0.39158 1.2535 0.032246 2.8896 -0.064542 0.89562 -0.39352 -0.45869 0.040322 -0.88726 -0.1001 0.20507 1.8224 -0.069331 0.20297 2.8303 -0.65262 -0.16219 0.72618 -0.26157 0.20775 0.45756 -1.4495 0.24436 0.40284 1.0085 0.14199 -0.021781 0.46297 -2.2597 -0.70874 0.42564
0.7261 -1.0405 -0.74494 0.079655 -1.7187 -0.26503 1.0713 0.67394 0.8487 1.3304 1.8962 0.43956 1.1306 -0.23827 -0.29475 0.18022 -1.1894 0.029943 0.54896 2.0425 0.12024 0.3214 2.1727 -1.7396 0.044048 0.80944 -0.42539 0.60925 0.45672 -0.78177 0.59273 0.43367 -0.38227 -0.43659 0.25221 -0.48911 -1.7543 0.36308 -0.15312
0.14325 -1.5568 -1.0684 -0.71408 -1.606 -0.25432 1.5904 0.41018 1.2018 2.4105 1.6671 0.43095 1.0997 -0.63254 0.17917 0.39904 -1.4881 0.84613 0.69958 1.3232 -0.49923 0.57411 1.7818 -2.4003 0.40843 0.52761 -0.60535 0.71732 0.40072 -0.25741 0.59543 0.11303 -1.4617 -1.1036 0.25246 -1.2642 -0.5696 0.34738 -0.52915
-0.019691 -1.3417 -0.69794 -0.97276 -1.0805 0.34731 1.4538 -0.32466 0.6714 2.5443 1.0697 0.71686 1.245 -1.1105 0.28541 0.39647 -1.391 0.85025 0.77716 0.63712 -0.99733 0.91819 1.6864 -2.1563 0.92826 0.25076 -0.087364 0.8074 0.69872 0.30407 0.095633 -0.47091 -2.016 -0.98621 -0.60734 -1.6283 0.36858 -0.20471 -0.78979
-0.094615 -1.1737 -0.7876 -0.9358 -0.66568 0.20256 1.4794 -0.3037 1.7348 2.3604 0.57156 1.371 1.2598 -1.0361 0.4704 0.69983 -1.2606 0.71025 0.31996 -0.19608 -1.7514 0.39504 0.58438 -1.5439 0.06938 0.070126 0.66907 0.73877 1.0547 1.0284 -0.38382 -0.82385 -1.8304 -0.27878 -1.3774 -1.9114 1.2502 -0.38905 -0.99891
-0.37863 -1.097 -0.80268 -1.3529 -0.39718 0.28175 1.5871 -0.89517 2.2635 2.6639 0.23992 1.2958 1.2254 -0.1885 0.93319 1.3619 -0.74577 0.29439 -0.1979 -0.95255 -1.26 -0.84325 -0.43179 -1.4085 -0.18248 -0.35843 1.0394 0.63907 1.1852 1.421 -0.22467 -0.74109 -1.6192 0.48364 -1.7755 -1.6998 1.6629 0.071075 -1.1419
-0.83349 -0.98963 -0.7139 -1.4349 -0.81444 0.48606 1.2735 -1.1546 2.128 2.5949 0.072319 1.121 1.2138 0.10772 1.1112 1.9227 0.077419 0.33825 -0.45411 -1.2906 -0.96098 -1.362 -0.9176 -0.26805 0.21057 -0.93446 0.78322 0.28178 0.45906 1.4931 0.12153 -0.28363 -1.131 1.2509 -1.1424 -0.93574 1.8066 1.2528 -1.0384
-0.59569 -0.69759 0.53077 -1.6782 -0.94856 -0.059665 0.86061 -1.7112 0.56982 2.3657 0.17988 -0.0012096 1.18 0.18146 1.0501 2.0386 0.54925 0.57651 -0.31182 -1.8304 -0.46255 -1.8278 -0.90605 0.52968 0.99598 -1.2667 0.26362 -0.44594 -0.73608 1.1404 0.50076 0.090355 -0.44592 1.3671 0.11324 -0.19933 1.4471 1.6144 -0.48882
0.38995 -0.44392 0.98901 -1.4798 -1.0237 -0.49969 0.14972 -0.97621 -0.65767 1.5869 -0.35728 0.66055 0.5279 0.18441 0.88475 1.2396 0.83366 0.81877 -0.18591 -1.8617 0.31266 -1.4526 -1.0233 1.0958 1.9082 -1.3122 -0.11928 -0.94682 -1.8607 0.63243 0.45846 0.30519 0.24001 1.4541 1.27 0.0073923 0.9589 1.1894 0.22475
-0.056696 -0.049587 1.7804 -0.36481 0.0581 -0.036773 -0.0047396 -1.5756 -0.081725 1.3087 1.2166 2.1404 0.11035 0.24906 0.27212 0.31787 0.96988 1.0807 -0.14826 -1.4941 0.79794 -0.59 -0.77928 0.80603 2.0974 -1.0336 -0.2925 -1.1165 -2.0169 0.21335 -0.014726 0.38135 0.85653 0.92799 1.6558 -0.14843 0.88777 -0.31829 0.80422
-0.35468 -0.24795 1.2792 -0.56047 0.33514 0.079475 -0.76175 -0.84205 0.31161 1.7727 1.1743 3.1776 0.013098 -0.13517 -0.13246 -0.73271 1.0277 1.026 0.07671 -1.0068 1.2774 0.57423 -0.97583 1.5228 1.965 -0.65233 -0.11414 -0.9964 -1.4412 -0.29769 -0.83056 0.27552 0.91002 0.45906 0.91728 -0.19727 0.52654 -1.8917 1.0104
-0.50918 -0.28766 0.090147 -0.82276 0.2626 0.14844 -0.50781 -0.46562 0.58398 1.4993 1.4079 3.3999 0.084097 -0.17771 -0.36478 -0.78677 0.84292 0.44327 0.3215 -0.65637 0.87272 0.49689 -1.2302 2.1042 0.3515 -0.17254 0.21348 -0.38505 -0.34141 -0.34114 -1.2805 0.21998 0.8137 -0.021381 -0.15928 -0.29062 0.30193 -2.6096 0.86637
-0.14426 -0.86886 0.13871 -0.50605 0.25679 -0.16256 -0.50841 -0.3352 0.54455 1.5408 0.40915 2.6128 0.30501 0.19792 -0.51445 -0.92924 0.34896 -0.56364 0.13257 -0.5794 1.1561 -0.15655 -1.1941 1.519 -0.88363 0.046219 0.35565 -0.0086524 0.39873 -0.48508 -1.2078 0.085073 1.0225 -0.34371 -0.457 0.36389 -0.74026 -2.5386 0.85006
-0.36479 -0.57584 0.057039 -0.26097 0.34235 -0.18542 -0.54727 0.18514 0.80148 0.36408 2.7116 2.5892 0.19293 0.46873 -0.20687 -0.22188 0.68125 -0.74739 0.2663 -0.18624 0.77968 -0.56964 -1.2495 1.4352 -1.5341 0.15124 -0.37061 0.23983 0.31207 -1.0559 -0.56446 0.052501 1.3439 -0.55948 0.33122 0.81804 -1.9426 -1.3895 0.93539
0.16337 -0.52914 0.79778 0.0010281 -0.24241 0.36045 -0.87981 -0.46862 -0.23555 -0.19129 3.1759 1.372 0.07011 0.18216 -0.23635 -0.25129 0.21609 -0.85263 0.27749 0.66895 0.60111 0.15835 -0.26176 0.41957 -2.0105 0.69102 -1.1907 0.20416 0.093249 -1.6032 0.59529 0.057748 1.4871 -0.75052 1.2974 0.74433 -2.95 -0.46469 1.1107
-0.054635 -0.66815 0.085656 -0.28181 -0.82974 0.16652 -1.0643 0.39958 -0.1074 0.58464 2.5464 1.7656 0.11315 -0.82853 -0.10293 -0.52602 -1.0318 -0.56814 0.3572 1.2296 -0.0035929 0.98973 -0.10117 -1.1661 -1.7768 1.1613 -1.757 0.013776 -0.39868 -2.0578 1.5759 -0.28611 1.1277 -0.11812 1.7531 0.14687 -3.2581 0.20745 0.99003
0.18136 -0.47722 0.55713 0.17579 -0.41635 0.45629 -0.62462 0.28207 -0.17455 0.43535 2.4235 1.4251 0.33275 -1.2792 -0.22664 -0.59191 -1.7413 0.56696 0.20576 1.4899 0.012329 1.6746 -0.3176 -2.9965 -1.6621 1.5077 -1.3926 0.20539 -0.20758 -1.445 2.1985 -0.48472 0.27523 0.49289 1.2328 -0.89856 -2.052 0.42571 0.36184
-0.46587 -0.93871 -0.76692 -0.87424 -0.77307 0.20553 1.1109 0.33568 1.7262 1.6433 1.0095 0.18046 1.2968 -1.9395 -0.19822 -0.79806 -2.122 1.7721 -0.2656 1.5103 0.80195 2.2077 -0.94287 -3.2835 -1.3058 1.4958 -0.48857 0.38013 0.024318 -0.42046 1.8306 -0.78516 -0.76355 1.1302 0.32281 -1.2974 -0.03634 0.46569 -0.44845
-1.757 -0.83405 -0.39124 -2.0926 -0.1977 0.30102 0.8019 -0.66176 2.0571 0.28565 -0.50217 0.42043 1.5085 -1.7493 0.15317 -0.4998 -1.8948 2.4821 -0.37536 1.0462 1.1468 2.029 -1.6127 -2.5586 -1.4205 1.165 0.47729 0.69078 0.3845 0.66965 0.7381 -0.85358 -1.6505 1.0945 -0.92607 -1.1595 2.1497 0.63205 -1.2055
-1.5303 -0.6863 -0.16728 -1.9316 1.5075 0.27589 0.63285 0.39241 2.2855 -0.93951 -0.2992 0.21962 1.4722 -1.4632 0.34849 -0.51737 -1.7287 2.2254 -0.91623 0.032127 1.6508 1.4458 -2.0077 -1.428 -0.99467 0.54004 1.5573 0.77985 0.60133 1.5762 -0.50249 -0.84156 -1.5824 0.56406 -1.6554 -0.20496 3.0802 0.44692 -1.3565
-2.121 -0.75282 -0.46205 -2.1187 1.9626 -0.22661 0.58074 1.5536 2.1963 -1.0272 -0.50354 -0.024278 1.384 -0.6592 0.67371 0.0046666 -0.70889 1.8531 -1.1695 -0.84419 1.7382 0.15465 -2.0689 0.36425 -0.59234 -0.14665 1.6864 0.64252 0.58041 1.7113 -1.4136 -0.70647 -0.8244 -0.27288 -1.7602 0.80064 2.6168 0.36148 -1.0056
-1.6956 -0.31506 -0.53785 -1.9506 2.205 -0.20055 0.42198 1.9545 2.512 -0.84103 -0.16122 -0.2912 1.3873 0.30562 0.86786 0.09732 0.17965 1.0576 -1.5451 -0.49079 1.5969 -0.23606 -1.1262 1.3873 -0.85332 -0.24785 1.4859 0.52418 0.83599 1.6743 -1.4809 -0.14607 0.061077 -1.1995 -1.4118 1.4215 1.5938 0.11559 -0.40877
-1.8314 -0.3285 -0.71284 -2.3383 1.7005 -1.0441 -0.0084005 1.9363 2.3862 -1.5342 0.38128 -0.2012 1.2545 0.38752 0.98448 0.30084 0.29367 0.17038 -1.4678 -0.22519 0.59245 -0.72357 -0.49241 1.2477 -0.79021 -0.2196 0.89974 0.073347 0.75915 1.0763 -1.2739 0.39057 0.36822 -1.862 -0.81091 1.7031 0.31167 0.1745 -0.01505
-1.6939 -0.245 -0.44706 -2.0375 1.7413 -1.2235 0.035419 1.737 1.7832 -1.3638 1.1529 -0.4537 1.2342 0.67599 1.0813 0.92661 0.8447 0.033222 -1.0553 -0.15913 -0.20866 -1.0017 -0.016998 1.3174 -0.67118 -0.14586 0.93684 -0.19498 0.73635 0.85493 -0.99774 1.344 -0.075943 -2.0162 -0.60872 1.5802 -0.77547 0.72764 -0.27635
-1.1318 0.22086 0.06009 -1.6208 2.0152 -1.7088 0.42408 1.6738 1.8396 -1.5365 1.0689 -0.85499 1.2732 0.7695 0.68259 1.0365 0.93468 -0.24408 -0.63138 -0.31909 -1.1148 -1.1298 0.70787 1.0458 -0.3447 -0.2233 1.477 -0.33709 0.56821 0.85446 -0.81882 2.1463 -0.3706 -1.3641 -0.24811 1.5618 -1.3516 1.5114 -0.73181
-1.4125 0.33363 0.073315 -1.6934 1.9779 -1.5129 0.42988 1.651 1.2278 -1.4133 0.76803 -0.81918 1.2094 1.7949 0.67456 1.1328 1.4285 -0.77879 0.72291 -0.58109 -1.6134 -1.29 1.3638 -0.019262 0.3344 -0.73405 1.48 -0.44515 0.10969 0.50753 -0.86315 2.5072 -0.45546 -0.55515 -0.1406 1.217 -1.6785 2.1011 -1.0708
-1.1834 0.49158 0.83772 -0.95784 2.0616 -1.3723 0.12841 1.4401 1.0975 -0.66749 1.3413 -0.84372 1.2376 2.4747 0.60006 1.2826 1.5703 -1.1007 1.9309 -0.70086 -1.4663 -1.1047 1.8713 -0.73297 1.6361 -1.2195 0.99908 -0.43641 -0.19537 0.1478 -0.84285 2.0484 -0.41704 0.22286 -0.18681 0.29318 -1.4038 1.9308 -0.99962
-0.67329 0.1152 0.45628 -1.2458 1.3345 -1.2277 -0.42655 0.022222 1.1434 0.04647 1.4749 -0.42433 1.0126 2.4754 0.34959 1.02 1.4581 -1.3064 2.6719 -0.81314 -1.178 -1.3214 1.779 -1.09 2.4101 -1.5417 -0.23992 -0.50117 -0.51079 -0.53799 -0.67722 0.87196 -0.072716 0.74318 -0.16162 -0.79146 -0.81689 1.0904 -0.4864
1.1211 0.49708 0.83408 -0.42387 0.24181 0.37892 -0.75665 -0.17351 0.3025 0.016165 0.083442 0.56082 0.12673 2.2209 0.08708 0.73155 1.1902 -1.7066 2.4865 -0.97632 -0.92339 -1.515 1.066 -1.1713 2.3591 -1.5874 -1.4206 -0.38056 -0.51725 -0.83662 -0.33371 -0.37475 0.34829 0.94527 -0.12212 -1.6294 -0.21801 -0.40015 0.22439
1.5443 0.67067 1.6399 -0.056327 0.72319 1.3863 -0.28855 0.48709 0.47718 0.92486 0.14768 2.0714 -0.072108 1.4969 0.062087 0.44952 0.62892 -1.8628 2.1891 -0.57459 -0.43637 -1.4346 0.20469 -1.3897 2.0863 -1.4099 -2.2956 -0.52162 -0.52582 -1.3786 0.34795 -1.5952 0.79492 0.63569 0.62183 -1.5671 0.16084 -1.3624 1.1428
1.1166 0.5878 1.1826 -0.17169 0.59584 1.4442 -0.42521 0.56397 -0.22023 0.29976 -0.24221 2.0241 -0.20179 0.42695 0.081533 0.59678 0.44655 -1.5056 1.4276 -0.16637 0.015004 -1.3177 -0.54697 -0.98607 1.0233 -0.88739 -2.5828 -0.66907 -0.69867 -1.872 0.96071 -2.3024 1.2235 0.095833 1.4469 -1.1492 0.47552 -1.8332 1.904
0.78956 0.22342 0.99418 -0.39642 -0.57436 1.0142 -1.1997 0.1872 -0.91357 -0.17523 -0.04121 1.6011 -0.2489 -0.73017 -0.55166 0.10005 -0.70425 -0.69337 0.020399 0.26843 -0.41352 -0.18003 -0.49768 -0.83487 0.43868 0.13147 -2.3247 -0.72132 -0.72842 -1.9934 1.3434 -2.327 1.42 -0.17498 2.2852 -0.63566 0.62711 -1.846 2.227
0.85767 0.48503 1.3017 -0.44012 -0.85692 1.4228 -0.60828 0.20635 -0.42585 -0.1868 -0.28562 1.8924 -0.28086 -1.2818 -0.76276 -0.40841 -1.5837 -0.32236 -1.0219 0.88783 -0.77955 0.77197 -0.84629 -0.47743 -0.36843 1.0122 -1.7057 -0.50907 -0.87112 -1.711 1.6746 -1.4108 1.5141 0.13839 2.6251 -0.39348 0.54911 -1.5327 1.9536
0.61124 0.40182 1.6152 -0.29459 -0.7964 1.2288 -0.53925 -0.06827 -0.72479 -0.54984 -0.15131 1.1199 -0.21212 -1.8031 -0.76202 -0.41893 -2.0194 0.29858 -1.2281 1.5505 -0.42481 2.1357 -0.90182 -0.37239 -0.79403 1.5822 -1.078 -0.14573 -0.76679 -0.5995 1.7765 -0.090623 1.1947 1.0079 1.8843 -0.19884 0.57142 -1.3337 1.2069
0.35357 -0.25591 0.9979 -1.5003 0.21054 0.5323 0.031812 -0.51437 0.80386 0.16323 -1.3341 2.2499 0.47257 -2.0837 -0.69579 -0.78505 -2.0406 1.4299 -0.76109 2.0202 0.26093 2.8294 -1.126 -0.10026 -1.3296 1.8453 -0.50126 -0.032186 -0.57736 0.47319 1.531 0.87241 0.41682 1.2556 0.74959 0.16502 0.21039 -0.86119 0.36375
-0.47563 -0.1582 0.64945 -2.1736 0.33278 -0.24854 0.9974 -0.30201 1.4122 -0.56512 -0.00076323 1.3466 1.2323 -2.2533 -0.84498 -1.1553 -1.5785 2.0708 -0.28754 1.9343 1.0436 2.5929 -0.75716 0.1378 -1.6643 1.8516 0.17735 -0.046465 -0.21463 1.5846 0.64813 1.3711 -0.50219 0.66478 -0.9065 0.37048 -0.0035109 -0.67859 -0.47359
-1.5112 -0.2414 0.58455 -2.4174 0.26509 -0.026061 1.0452 0.27651 2.4355 -1.3756 -0.62168 0.41952 1.3224 -1.9491 -0.78653 -1.1251 -0.93608 1.9289 0.25274 1.4775 0.95836 2.0426 -0.60427 -0.28662 -1.6013 1.5222 0.84416 -0.27873 0.29972 2.1826 -0.41518 1.4658 -1.0665 -0.227 -2.0794 0.7726 -0.56032 -0.23781 -1.0409
-1.474 -0.32158 0.077575 -2.2753 1.3928 0.85487 1.2826 0.79364 2.5757 -1.6513 -0.022501 -0.30587 1.4237 -1.5489 -0.80637 -0.64678 0.33826 1.3776 1.0054 0.88978 0.5183 0.66788 -0.44536 -0.25714 -1.9724 0.90666 1.3398 -0.51402 0.59836 2.0367 -1.0632 1.2833 -0.8463 -0.83929 -2.7345 0.822 -0.54929 0.083162 -1.126
-1.6777 -0.51175 -0.048482 -1.7733 2.1514 1.2457 1.7628 1.5745 2.4301 -0.46451 -0.28574 -0.084135 1.5793 -0.92149 -1.2029 -0.463 1.0096 0.92644 1.5219 0.55816 0.033923 -0.44936 0.22416 -0.98399 -1.6358 0.47679 1.4571 -0.76347 0.53536 1.4048 -1.4896 0.8402 -0.38485 -0.66758 -2.5178 0.4321 -0.051 0.065658 -0.85614
-1.6354 -0.7462 0.055413 -1.8369 1.7336 0.91982 1.213 0.20274 2.2189 -0.98391 -1.3726 -0.17418 1.6441 -0.36604 -1.5278 -0.34443 1.1893 0.39424 1.643 0.82027 -0.207 -1.7316 0.43162 -0.57286 -1.4854 0.38271 1.6541 -0.59446 0.36792 0.51379 -1.7954 0.046071 -0.092908 -0.07092 -1.3744 -0.25545 0.61552 -0.00070809 -0.46946
-1.9444 -1.1812 0.18574 -1.3149 1.6256 1.4617 1.4636 -0.17184 1.7245 -0.75333 -1.0019 -0.7718 1.694 0.070526 -1.7443 -0.25364 1.218 -0.63074 1.6146 0.79901 -0.048762 -1.8885 -0.20455 -0.20078 -1.717 0.2701 1.7563 0.027316 0.25857 0.056143 -2.1007 -0.85524 -0.159 0.72046 -0.41334 -0.59779 1.341 0.38765 -0.23693
-1.9946 -1.4838 -0.10122 -1.1749 1.3082 1.9664 1.8869 0.29607 1.0569 -0.73549 -1.2282 -1.3785 1.7411 0.9186 -1.5645 -0.04594 1.1767 -1.5216 1.0544 0.60047 0.3818 -1.4233 -0.74139 0.59991 -1.9325 0.18022 1.9404 0.74692 0.15664 -0.0072028 -2.0147 -1.7946 -0.59405 1.0017 0.40522 -0.25011 1.2136 1.7247 -0.2411
-1.8168 -1.8996 -0.14323 -1.088 1.3347 2.6465 2.4165 0.79045 -0.024941 -1.0018 -0.68395 -1.7863 1.7381 1.5825 -1.1478 -0.11385 1.1178 -2.419 0.11226 0.37594 1.1426 -1.464 -0.37122 1.1158 -0.66046 0.15974 1.8437 1.351 -0.014649 0.086841 -1.3689 -2.6236 -1.1873 0.66832 0.61523 0.57588 0.70176 2.8908 -0.40323
-1.1228 -2.1813 -0.38069 -0.68329 0.68673 2.9974 2.2536 1.2151 0.55381 -1.7792 -0.16228 -2.4208 1.7541 2.3535 -0.55615 -0.10899 1.2249 -2.8388 -1.1848 -0.071503 1.1622 -1.1434 0.015024 1.2026 1.3287 0.012217 1.2492 1.7147 -0.072929 0.54648 -0.35516 -2.7537 -1.5229 -0.035558 0.54876 1.2389 -0.25644 3.1907 -0.73192
-0.21318 -2.0351 0.225 -0.4257 -0.38454 1.7019 1.9821 1.406 1.0787 -1.3444 0.053244 -2.3654 1.8027 2.6556 0.056679 -0.24122 1.3522 -2.7761 -2.4996 -1.0745 0.85992 -0.80188 0.53748 0.91738 2.2541 -0.35848 0.35577 1.5799 -0.017753 0.80601 0.81241 -1.997 -1.3906 -0.72604 0.43481 1.2325 -1.0205 2.125 -1.0091
0.10719 -1.9427 -0.15059 -0.51143 -2.0026 0.65222 1.5225 1.2572 -0.31513 -0.98351 -0.14293 -0.13047 1.8429 2.6211 0.76162 -0.11174 2.0622 -2.0702 -3.1332 -1.5096 0.41591 -0.66269 1.2251 0.22 2.7931 -0.85489 -0.68172 0.882 -0.079332 0.50407 1.6995 -0.51529 -0.71992 -0.69658 0.2397 0.63485 -1.238 0.32284 -0.92484
0.86194 -1.8043 -0.16662 0.30452 -1.7909 0.13547 1.7254 1.436 -0.17077 -0.43136 0.49181 1.5249 1.6222 2.0894 0.89076 -0.13746 2.1787 -1.1383 -2.8966 -1.4936 0.029185 -0.84391 1.4319 -0.38591 2.7253 -1.1915 -1.243 0.025212 -0.12354 -0.22714 2.0642 0.90525 0.17417 -0.32954 0.30811 -0.11905 -0.74855 -1.323 -0.36472
1.1607 -1.5404 -0.70927 0.36 -1.7721 -0.88608 0.44036 1.6754 -0.26321 -0.27813 -0.12873 0.58749 1.1582 1.4214 0.5282 -0.30249 1.7365 -0.17517 -2.0116 -1.1999 0.14992 -0.6578 0.80371 -0.5698 1.7192 -1.2069 -1.4027 -0.71705 -0.17672 -1.3483 1.5499 1.6013 0.71234 0.0024215 0.21595 -0.67656 -0.037962 -2.1818 0.48413
1.5841 -1.0972 -0.062089 1.8212 -1.0816 -0.89545 0.68155 1.372 -0.47119 0.19172 -0.36408 1.0139 0.69697 1.0362 0.20649 -0.37121 1.0965 0.50621 -1.25 -0.90021 0.29844 -0.20094 0.5053 -0.14189 0.22817 -0.82689 -1.1819 -0.98354 0.050882 -1.9285 0.58016 1.6512 1.1452 0.29677 0.056475 -0.86036 0.66107 -1.8258 1.2149
1.5374 -1.4106 -0.32683 1.5942 -1.422 -0.90921 0.48422 1.1908 -0.22774 -0.12001 -0.61794 1.043 0.63244 0.64267 -0.13518 -0.32095 0.12495 0.28362 -0.75658 -0.47371 0.24995 -0.56779 0.35199 0.051807 -0.18518 -0.17949 -1.0119 -0.82063 0.20259 -1.9997 -0.43789 1.1129 1.2131 0.43708 -0.27714 -0.6256 0.72095 -1.008 1.4758
1.4551 -1.723 -0.37105 0.90405 -1.409 -1.1858 0.61801 1.8156 -0.27633 -0.48448 -0.44346 0.80291 0.80397 0.36866 -0.47316 -0.023214 -0.55994 -0.17843 -0.22472 0.28289 0.53583 -0.79613 -0.039151 0.64218 0.14037 0.44573 -0.87788 -0.35229 0.25448 -1.2775 -0.76651 0.41053 1.0412 0.55621 -0.49319 -0.25519 0.24631 -0.37176 1.0878
1.672 -1.6944 -0.96828 0.71985 -1.2923 -1.1147 0.44704 1.8191 -0.67009 0.036808 0.40487 0.7547 1.114 -0.050859 -0.54841 -0.08412 -1.1105 -0.72943 -0.29925 0.4748 0.86817 -0.94438 -0.16049 0.49572 -0.1894 0.76928 -0.48573 0.17309 0.19468 -0.13067 -0.34467 -0.1098 0.24142 0.32537 -0.084859 0.025564 -0.50218 -0.55868 0.27139
1.8564 -1.7386 -0.60935 0.59606 -1.4044 -1.2234 0.80414 1.7447 -1.1676 0.3105 0.31297 1.1455 1.2984 -0.18323 -0.20073 0.0010207 -0.63411 -0.55713 -0.65576 0.57131 1.0643 -1.0352 0.25166 0.15324 -0.48944 0.62473 0.17879 0.69115 -0.14891 0.84014 0.4039 -0.3008 -0.66186 -0.68147 0.46898 0.25488 -1.4331 -0.91186 -0.61374
1.6741 -1.8488 -0.20864 0.41328 -2.0083 -1.078 0.96052 2.3657 -1.3461 -0.47713 0.41575 0.96159 1.3724 0.053969 0.015129 0.04431 -0.079309 -0.23262 -0.75689 -0.16342 0.59954 -0.64225 0.24739 -0.66973 -0.95218 0.21223 0.72476 1.1353 -0.44993 1.2823 0.93723 0.23013 -1.3673 -1.9631 0.97715 0.45908 -1.523 -1.167 -1.3097
1.2531 -1.7607 -0.27048 0.62675 -2.2994 -1.4077 1.2789 2.4532 -1.4422 -0.14903 -0.26288 0.60653 1.3803 0.64041 0.41941 -0.36083 0.4667 0.40125 -0.593 -0.62775 -0.72736 -0.017384 0.24751 -1.5856 -1.2445 -0.36084 0.66964 1.5409 -0.483 0.94527 1.3047 0.97016 -1.7 -2.854 1.2008 0.24754 -1.005 -0.96185 -1.6731
1.2984 -1.693 -0.673 0.68762 -1.8219 -2.1676 1.0442 2.8331 -1.4344 0.35042 -0.38769 0.1086 1.2508 0.83818 1.077 -0.74676 0.69368 0.71218 0.13211 -1.4707 -2.1937 0.50767 0.73272 -1.6236 -2.0724 -1.0545 -0.033673 1.8096 -0.13083 0.34819 1.3896 1.5393 -1.3329 -2.5499 0.95909 -0.072636 -0.056778 -0.19327 -1.6887
2.0106 -1.702 -0.61367 0.7591 -1.2836 -2.0312 -0.24993 2.1845 -1.0387 -0.026293 -1.0226 -0.58378 1.0529 0.62693 1.8989 -0.50964 0.71477 1.6441 0.83976 -1.9405 -3.2766 0.80455 0.4852 -1.3322 -1.7924 -1.7017 -0.99031 1.4393 0.69624 -0.19111 0.76876 1.7143 -0.54852 -1.3047 0.69292 -0.67094 0.84379 0.92685 -1.2118
2.9823 -1.0564 -1.6148 1.3845 -0.58166 -1.4739 -0.12714 -0.11424 -0.74503 0.49981 -1.5769 -0.43732 0.68354 0.0047743 2.3664 -0.12044 0.43508 1.9935 1.6028 -1.988 -3.2559 0.87111 -0.023268 -0.87991 -1.0521 -2.1047 -1.6542 0.29512 1.2991 -0.46373 -0.25361 1.2072 0.66243 0.61523 0.31691 -1.0998 1.6385 1.9923 -0.26078
2.4184 -0.43378 -1.1918 1.1937 -1.1643 -0.47332 -0.91198 -1.0529 -0.59109 1.1175 -1.3215 -1.9448 0.019032 -0.7102 2.2312 0.65337 0.24363 1.3362 2.0971 -1.3875 -2.8388 1.1851 -0.69986 -0.25653 0.041834 -1.9791 -1.6678 -1.1908 1.733 -0.79026 -1.731 0.42199 1.2044 2.034 -0.10744 -0.91252 2.0797 1.7278 0.93525
1.5966 0.32953 -0.40477 1.1317 0.3791 -0.15166 -1.0877 -1.1117 -0.39254 -0.37448 -1.1128 -0.96976 -0.5103 -1.4482 1.4065 1.141 0.076012 0.34709 1.9168 -0.50769 -1.2198 0.93863 -0.84133 1.1143 0.87131 -1.3763 -1.0399 -2.1666 1.7307 -1.1721 -2.4007 -0.54543 1.1326 2.5258 -0.27781 -0.71597 1.7353 0.81227 1.9415
0.92448 0.55248 -0.54374 0.99148 0.5114 0.12935 -1.0744 -0.59187 -0.39193 -0.082329 -1.4016 -0.43401 -0.78507 -1.6259 0.32795 2.1507 -0.55883 -1.0787 1.5285 -0.43051 -0.26768 0.53096 -0.90498 1.8205 0.59422 -0.40989 -0.28459 -2.0402 1.2978 -1.4722 -2.0363 -1.4278 0.45724 2.1184 -0.24401 -0.22142 0.70515 -0.55533 2.2607
1.0488 0.19241 0.25422 1.0646 -0.45125 0.40074 -0.8688 -0.86844 0.58691 -0.72945 -0.75885 0.33889 -0.5904 -1.3935 -0.40502 2.4177 -1.3183 -1.717 0.80166 -0.35034 0.46802 0.61265 -1.3344 1.549 0.24617 0.54732 0.21095 -0.94609 0.59845 -1.4965 -0.7843 -1.8823 -0.24534 0.9798 -0.050285 -0.058151 -0.66457 -1.5004 1.8227
0.87391 -0.44037 0.35019 1.1739 -1.1937 0.58484 -0.70797 0.022888 0.046408 -0.50265 0.74415 0.34166 -0.24018 -1.2424 -0.36947 2.4817 -1.7653 -1.8032 -0.19222 -0.60925 0.51291 0.83116 -0.89698 0.95237 -0.72101 1.0605 0.2407 0.57415 -0.64612 -1.1852 1.0571 -1.802 -0.354 0.35819 -0.068763 0.27145 -1.592 -1.4733 0.72522
0.91263 -0.4503 1.7352 0.36713 -2.6523 0.87914 -1.1869 -1.4389 -0.3346 -0.12676 0.63254 -1.0506 0.16258 -1.2583 0.12379 2.1176 -2.0714 -0.89699 -0.97689 -0.87142 0.31102 0.66468 -0.96873 0.26055 -1.3777 1.1149 0.13448 1.736 -1.5042 -0.28277 2.4399 -1.2891 -0.37903 -0.038823 -0.33922 0.85844 -1.5663 -0.40948 -0.66431
0.077924 -0.29563 2.2556 -0.83045 -2.3309 0.38728 -1.6569 -0.032806 0.56191 -1.6042 -0.041382 -1.555 0.34212 -1.2586 1.0374 1.0856 -2.3609 0.67764 -1.176 -0.82568 0.49019 0.3436 -0.56472 -0.66074 -1.4479 0.59063 0.17995 1.7883 -2.3428 1.3133 2.8829 -0.20297 0.39438 0.10773 -0.77683 1.0572 -1.0374 1.2354 -1.8496
-0.30223 0.45803 2.545 -0.72995 -0.93577 -0.89322 -1.8049 -0.19384 1.0868 -1.3696 -0.52336 -1.2564 0.33789 -1.1405 1.8565 0.27528 -1.5413 2.042 -1.2764 -0.94451 0.36565 0.14628 0.17392 -0.7189 -0.18319 -0.39231 0.62146 0.92996 -2.4641 2.7907 1.9177 1.0574 1.4058 0.049245 -1.1879 1.619 -0.37079 2.1978 -2.3144
-0.45017 0.52979 1.8204 -1.0251 -0.75817 -1.018 -1.8749 -0.34333 0.55269 -1.2428 -0.7269 -1.6556 0.34775 -0.97501 1.8187 -1.0259 0.38122 2.6343 -0.44426 0.167 0.66461 -0.50777 0.59608 -0.58441 1.0761 -1.4579 0.78662 -0.30667 -1.6971 3.3149 0.17118 2.0141 1.9586 0.023016 -1.2929 1.1495 0.31548 2.1591 -1.9509
-0.20478 1.0268 1.3109 -1.5261 0.14084 -0.43851 -1.5334 0.01379 0.5342 -0.95608 -0.67426 -1.3301 -0.011755 -0.28398 1.3167 -1.4853 1.6832 2.0542 0.77141 1.2578 0.286 -1.3419 1.6172 -0.48328 1.6193 -1.9553 0.54665 -1.25 -0.50048 2.3119 -0.91821 2.0755 1.9647 0.0007895 -0.70916 0.46252 0.36016 1.0052 -0.78987
-0.5083 1.5016 1.342 -0.38886 0.84334 -0.77995 -2.2928 -0.048502 -0.19583 0.29471 0.44558 0.22757 -0.81556 -0.2753 0.77165 -1.2399 2.1156 1.0228 1.824 1.7295 0.53981 -1.5576 0.95908 -0.12441 1.8349 -2.0791 -0.078049 -2.0429 0.70703 0.68408 -1.113 0.84758 0.97389 -0.059981 0.48477 -0.36741 0.35185 -0.25 0.85872
-0.69855 1.2983 0.52081 1.043 0.58492 0.56058 -0.49796 -0.081028 -0.71917 -0.30868 -0.76982 0.17493 -1.502 -0.50813 0.22791 -0.55705 1.8376 0.96709 1.7359 1.9421 0.39346 -0.78961 0.89029 -0.20623 1.3857 -1.4784 -0.88683 -2.7683 0.88737 -1.0176 -0.54787 -0.90064 -0.019486 -0.077077 1.526 -1.5806 0.33914 -1.0798 2.4894
-0.21461 1.0877 0.54179 0.91493 0.57136 0.97417 0.16869 0.42128 -0.85407 0.47051 -1.1927 0.42718 -1.4663 -0.99826 -1.148 -0.14225 1.5595 0.89802 0.76882 1.6451 0.45489 0.17791 0.22951 0.0032734 0.70906 -0.17573 -0.6628 -2.7883 0.40612 -2.1632 -0.0093786 -2.3198 -0.99379 -0.32888 1.6399 -1.3151 0.40965 -1.4214 3.3152
-0.85329 1.3196 0.96585 1.0681 0.23563 1.3155 -0.0025411 0.48456 -0.89123 -0.76889 -0.38463 0.88374 -1.5953 -1.5047 -2.4777 -0.34472 0.090442 0.99468 -0.49552 1.268 0.13832 0.86506 -1.1278 0.15388 0.090662 1.4991 0.014352 -1.8255 -0.21925 -2.2569 -0.29876 -2.1013 -1.2931 -0.94043 0.79219 -0.96012 0.48676 -1.2036 2.5946
-1.1438 0.85543 1.091 0.23891 1.3538 0.91081 0.22321 0.03774 0.041796 0.39284 -0.74197 -0.13919 -0.96858 -0.95842 -2.6641 -0.5682 -0.9863 0.9904 -1.6878 0.21786 -0.025776 0.92086 -0.62084 0.53626 -0.2712 2.2996 0.80163 0.02351 -0.33174 -1.5932 -1.0181 -0.95776 -0.99472 -1.3689 -0.19963 0.24261 0.15721 -0.80885 0.72246
-1.7459 -0.54811 0.99591 0.95514 1.8512 -0.18739 -0.036246 0.74732 0.83512 -0.39031 0.041954 0.27373 -0.18968 -0.49807 -2.1525 -0.7507 -1.0371 0.30937 -1.2271 0.24893 -1.281 0.42457 -0.57712 0.52079 -0.45572 1.8762 1.361 1.4283 0.032243 -0.042424 -1.5004 0.89935 -0.62372 -1.0154 -0.84621 1.653 -0.03721 -0.66652 -1.1826
-2.5379 -1.4902 0.072717 0.056269 1.8829 -1.3141 -0.040548 -0.15311 0.35041 -1.9022 0.1097 0.60874 0.76121 -0.063202 -1.2803 -0.55895 -0.80491 -0.84457 -0.77394 0.30424 -1.6062 -0.02874 0.42072 0.16035 -0.58437 0.91516 1.4869 1.8089 0.2182 0.73254 -1.5468 2.1805 0.0094849 -0.49969 -0.91806 2.0576 -0.65135 -0.70611 -1.9711
-0.78823 -0.98338 -0.42669 -0.19898 1.3073 -0.99772 0.11097 0.1921 -0.096441 -0.10131 -0.65636 -0.26712 0.56175 0.48673 -0.7319 -0.27963 -0.079468 -1.1612 0.84623 0.066137 -1.136 -0.39905 1.5845 0.29714 -1.0436 0.099515 1.6104 1.0352 0.24422 1.0502 -0.85886 2.0785 0.18468 0.8172 -0.34674 1.8443 -0.73763 -0.3994 -1.3955
-0.80111 -0.33253 0.16685 -0.12658 0.33388 0.6511 0.70186 -1.9584 -0.5539 -0.36903 -0.2026 0.021718 -0.20399 1.2134 -0.28461 -0.38181 -0.12058 -1.4428 1.6318 0.3313 -1.1327 -0.55202 2.325 -0.61349 -1.3448 -0.29922 1.1215 -0.42397 -0.18228 1.1401 0.032185 0.92468 0.21611 1.4227 0.14002 -0.068025 -0.27359 0.11202 0.06708
-1.5319 0.028935 0.82582 0.18356 -0.76072 0.11375 0.26187 -1.3155 -0.22642 0.50861 -0.14289 -0.24487 -0.75896 1.749 -0.8865 -0.36805 0.54882 -1.1506 1.7226 0.58412 0.078517 -0.039195 2.0789 -0.52481 -0.84876 0.014929 0.67744 -1.3058 -0.62321 1.0379 0.66142 -0.93307 0.14123 1.8624 0.17487 -2.0265 0.10685 0.54518 1.4535
-0.88746 -1.1936 0.54345 0.65774 1.0647 1.8492 -0.071116 -0.32131 0.21101 2.5107 0.12879 -1.7926 -0.097048 1.3164 -1.9397 -0.85135 0.9742 -0.78338 0.6371 0.45256 0.59246 0.053633 0.030759 0.058254 -0.46415 1.0771 0.22503 -1.1112 -0.6857 0.97135 1.1055 -1.7531 0.11869 1.7959 0.013956 -3.2078 0.97087 0.93929 1.9641
-0.15512 -1.5875 -0.58473 0.19328 -0.073345 0.79501 0.62105 -0.96708 -0.19782 1.1957 -1.3284 -0.97902 0.29578 1.6515 -2.1522 -1.2166 1.2788 -0.13526 -0.51568 0.27319 1.6857 -0.36885 -1.2526 0.20201 -0.427 1.9843 -0.5318 0.32448 -0.48897 0.33789 0.85485 -1.9615 0.20581 0.99526 -0.2989 -3.1101 1.1021 0.83384 1.1736
0.59187 -2.3465 -0.76718 0.55161 0.036162 0.74591 1.0747 0.26912 0.097673 0.50489 -0.561 -0.085317 0.92525 1.669 -1.5662 -1.2476 1.2977 0.31507 -0.74533 0.71242 1.6151 -0.38069 -2.3107 0.97585 0.26487 2.1928 -1.1537 1.6676 0.20143 -0.032765 0.96998 -1.0228 0.37889 0.67954 0.023986 -1.2861 1.1195 0.36418 -0.19649
0.47493 -2.471 -1.193 1.1593 -0.44782 0.062311 0.67473 -0.14282 -0.40589 -0.83859 0.14114 -0.89266 1.3371 0.62556 -0.52727 -1.0874 1.0066 0.052178 -1.4984 0.84229 1.5192 -0.45035 -2.8601 1.2292 0.40298 1.535 -1.9641 2.0558 0.53663 -0.52504 0.78529 -0.17808 0.41972 0.10521 0.54423 0.305 0.60589 -0.044274 -1.305
0.69432 -2.0186 -0.69521 1.6415 0.15396 -0.043597 0.6146 0.60756 -1.1714 -1.3328 0.29025 -0.97679 1.5239 -0.23036 0.09556 -0.52579 1.0488 1.1108 -0.90983 0.87884 1.997 0.12124 -1.6974 1.7918 -0.1729 0.9551 -2.0102 1.4814 0.46825 -0.9811 0.57386 0.3019 0.25193 0.15392 0.98324 1.5195 -0.45229 -0.29557 -1.6546
0.56538 -1.8492 -0.8572 1.6244 0.63698 0.035612 1.2435 1.188 -0.035869 -0.92932 1.2669 -0.18252 1.6438 -0.90826 0.52979 -0.5525 0.43734 1.0764 -0.78556 0.97695 1.6687 0.4627 -0.97028 1.0236 -0.29331 0.29488 -1.0636 0.77969 0.27586 -1.2937 -0.16705 0.42745 -0.30667 -0.4794 1.0792 1.4834 -1.3822 -0.17844 -1.4515
-0.14409 -2.0528 -1.6658 1.2146 0.64558 -0.56412 1.3861 1.3268 -0.42429 -1.2536 0.6312 -1.0927 1.485 -1.1558 0.43389 -0.61956 -0.22142 0.97927 -0.49572 1.1192 1.8117 1.1361 -0.28456 0.21149 0.040905 -0.1142 0.089818 0.94047 0.63842 -1.3504 -1.3666 0.26804 -1.548 -1.5354 0.40143 0.60278 -1.9034 0.12234 -1.4649
-0.16264 -1.8368 -1.2566 1.5495 1.5559 -0.25619 2.0165 2.0776 0.30681 -1.0353 1.1485 -0.85588 1.4867 -0.81021 0.62963 -0.50939 -0.73646 -0.22374 -0.84879 0.15467 0.61803 1.2102 -0.66613 -0.69036 -0.049069 -0.49805 0.69653 1.3346 1.5427 -0.96892 -1.5601 0.54675 -2.7116 -2.0466 -0.46805 -0.044154 -1.291 0.5024 -1.5205
-0.53852 -1.8525 -1.6177 1.2436 0.85873 -0.53791 1.9137 2.0583 0.38849 -1.3479 0.75697 -0.64334 1.3504 -0.1144 1.6472 0.67051 -0.84657 -1.0385 -0.33978 -1.5921 -0.58106 0.54025 -0.67652 -1.0937 -0.05737 -1.2398 0.73894 1.5718 2.0287 -0.54589 -1.3788 0.83699 -3.1226 -2.3901 -1.4336 -0.39696 -0.63352 0.4783 -1.5253
-0.79462 -1.8464 -1.8056 1.0276 0.88699 -0.56527 1.8289 2.4006 0.90442 -1.3589 0.34078 -0.73987 1.3017 -0.17862 2.2001 1.7331 -1.0315 -1.1105 0.23126 -2.7191 -1.2594 -0.21093 -0.87024 -0.85291 0.72988 -1.8319 0.40239 1.2088 1.9707 -0.078798 -0.46501 1.3461 -2.0978 -1.8132 -1.688 0.091661 0.059669 0.48716 -1.1715
0.095245 -1.009 -1.2027 0.64467 -0.59046 -1.4556 0.37912 0.87485 0.55479 -2.3552 -0.47518 -0.79896 0.92223 -0.14539 2.3321 2.1103 -1.0781 -1.4017 0.63843 -3.262 -2.0604 -1.0841 -0.97046 -0.93347 0.57878 -2.1453 -0.098209 0.18412 0.83343 0.1762 0.34518 1.371 -0.30956 -0.87542 -1.3497 0.48582 0.52164 0.084852 -0.45995
0.3823 0.29769 0.43111 0.58742 -0.59562 0.0095929 -1.2186 0.20218 0.2941 -1.4483 0.12236 -0.47892 -0.09097 -0.070548 2.3486 2.512 -0.76673 -0.9943 1.3526 -2.9176 -2.3007 -1.4247 -0.34871 -0.62321 0.57738 -2.1173 -0.28552 -0.71755 -0.42041 0.68203 1.151 1.0935 1.3081 0.54596 -0.59095 0.80885 0.72292 -0.48395 0.25132
-1.0823 0.039535 0.77014 0.11906 0.12682 0.053415 -1.4169 0.37842 -0.90626 -2.397 0.05845 0.3485 -0.52758 -0.33982 1.8784 1.8683 -0.65649 -0.38883 1.8397 -2.0657 -1.8454 -1.6135 0.0063061 -0.1459 0.18389 -1.91 -0.091932 -1.1935 -1.5038 0.75809 1.3613 0.22957 2.231 1.7637 0.238 0.8112 0.63813 -0.82471 0.87635
-0.4891 0.21211 0.9168 0.42214 -0.53175 0.51113 -1.3145 -0.33225 -0.94099 -2.264 -0.14243 -0.2902 -0.55216 -0.58788 1.1871 1.0665 0.0094842 0.7419 1.8168 -0.87376 -0.31248 -1.1672 0.21856 0.21475 -0.0097687 -1.5039 0.39682 -0.93419 -1.7846 0.61055 0.83365 -0.74481 2.1536 2.1668 0.98875 1.0515 0.33567 -0.85575 1.0933
-0.49545 0.47915 1.2846 0.38084 -0.61792 1.1107 -1.2639 -0.7176 -0.94178 -1.4265 -0.30476 -0.014763 -0.63654 -0.046887 0.85745 -0.0065652 -0.074739 0.51986 0.86801 -0.11955 0.43253 -0.7517 0.32772 -0.058993 -0.72501 -0.90031 0.69267 -0.34112 -1.0864 0.19177 0.49333 -1.1492 1.5155 1.9313 1.4401 1.3706 0.30038 -0.084976 0.93798
-0.79908 0.4297 0.36454 0.0231 0.018095 1.4599 -1.1959 -0.17404 -1.1402 -1.6814 0.068576 -0.86571 -0.84901 0.49717 1.248 0.077926 0.062813 0.25993 0.35508 0.12928 0.85273 0.12894 1.5437 0.027477 -0.62568 -0.68646 0.67449 0.054144 -0.39049 -0.183 -0.036688 -0.95802 1.0357 1.1286 1.3261 1.4042 0.19366 0.68264 0.61518
-0.50169 0.79966 0.93586 0.94344 0.8431 1.0795 -1.4326 0.87128 -0.97044 -2.0678 0.15962 -0.37897 -1.1695 0.36112 1.2533 0.31347 -0.33211 0.86348 0.27988 0.26289 1.3939 0.63881 2.0227 0.57196 0.32779 -0.65795 0.19391 -0.22121 0.094654 0.14969 -0.4306 -0.54905 0.96722 0.25053 0.87117 1.2398 0.10981 1.1714 0.33901
0.00048832 1.191 0.46249 0.023186 -0.14509 0.84973 -1.4706 0.75382 -1.1957 -1.1849 -0.087638 -1.3079 -1.1421 0.41905 1.0719 0.17546 -0.19931 0.49549 0.20178 0.87045 1.4251 0.80661 2.1161 0.31203 0.78712 -0.53548 -0.281 -0.9677 -0.27914 0.21681 -0.82593 -0.23808 1.1068 -0.63834 0.0598 0.35875 -0.14549 0.74255 0.36194
-0.40764 1.4287 1.3288 0.30704 -0.072223 0.58973 -0.97722 0.93343 -0.43033 0.24264 -0.031322 -0.1426 -1.1607 0.34337 0.55631 0.13259 0.33006 -0.47957 -0.14801 1.3177 0.61062 0.65538 2.4639 0.045342 0.83898 -0.37492 -0.47389 -1.2443 -0.45656 0.54106 -0.92396 0.031779 0.93965 -1.2003 -0.47705 -0.67526 -0.26576 0.21129 0.32557
-0.089525 1.483 1.5008 -0.1576 1.0179 1.6539 -0.86499 1.1943 0.13061 0.57545 0.92304 0.71349 -1.2592 0.0076627 -0.071963 -0.3517 0.12877 -0.76015 0.097123 1.67 -0.067007 0.22018 2.0174 0.031551 0.55808 -0.18651 -0.41 -1.3871 -0.38089 0.70519 -0.81129 -0.10876 0.36944 -1.2206 -0.79341 -1.5445 -0.31045 -0.47415 0.28436
-0.15838 1.411 0.74536 0.33285 0.07898 1.5709 0.13938 1.3511 -0.21378 0.60602 -0.1374 0.6181 -1.306 -0.27664 -0.31717 -0.27906 0.49661 -0.40115 0.39901 1.6195 -0.29405 -0.0578 0.73822 0.21464 0.85231 -0.25533 -0.015877 -1.7959 -0.2124 0.56176 -0.741 -0.47944 -0.10637 -0.90852 -0.6446 -1.6713 -0.47916 -0.89681 0.59706
-0.3091 0.87606 0.40251 1.0997 -0.92351 0.54798 0.23281 0.66338 -0.65701 0.96254 0.067146 -0.32761 -1.3782 -0.00011184 -0.87859 -0.33151 1.0117 -1.2053 -0.28548 1.4127 -0.59713 -0.46857 -0.059843 -0.35872 -0.13766 -0.091105 0.49028 -2.0616 0.17229 0.24548 -0.35839 -0.75518 -0.55905 -0.64384 -0.17728 -1.012 -0.41389 -0.8271 1.1008
-0.36645 0.87929 0.38577 0.45004 -0.36225 1.1577 0.44955 0.68421 -0.9088 0.48642 0.20152 -0.016925 -1.2935 0.32316 -2.1281 -0.27117 0.91938 -1.7746 -0.91041 1.2523 -0.9754 -0.33004 0.21507 -0.67991 -0.5502 0.63489 0.62504 -1.73 0.17339 -0.36152 -0.0058337 -0.78892 -0.7815 -0.40459 0.030607 -0.21325 -0.32524 -0.54183 1.3865
-0.51511 1.1989 0.82895 0.42942 -0.19734 1.6846 0.5003 0.5156 -0.71958 0.033953 0.52008 0.86081 -1.4641 0.58915 -2.7096 -0.020665 0.36711 -0.80713 -0.7523 0.81556 -1.0487 -0.025249 0.28467 -0.31223 -0.34264 1.3174 0.16539 -0.77043 0.1742 -0.69063 0.47468 -0.61865 -0.73254 0.057911 0.10409 0.19916 0.27478 0.052022 1.0338
-0.058298 0.26295 1.1554 1.7605 -1.7576 0.098882 0.87974 0.39521 -0.62143 0.53396 -0.55017 -0.26467 -1.1914 0.55119 -2.3765 -0.097422 0.15345 -0.61163 -0.93908 0.46528 -0.91268 -0.23917 0.13833 -0.42402 -0.094437 1.4949 -0.0087109 0.52315 -0.37093 -0.72903 1.0058 -0.32977 -0.86991 1.0671 0.098219 -0.39064 0.66938 0.06391 0.30879
0.56052 -1.5544 0.47398 0.82524 -1.881 0.3217 1.099 -0.12053 -0.26815 1.3815 -0.27269 -0.22186 -0.20064 0.18606 -2.0848 -0.079793 0.12458 -0.8137 -1.5027 0.44475 -0.54898 -0.3246 0.35982 0.08682 -0.26414 1.3093 0.083866 1.2685 -1.2987 -0.7663 1.3962 0.065197 -0.90535 1.7772 0.57318 -0.90097 0.52065 0.096402 -0.21168
0.3436 -1.4649 0.36862 0.75751 -0.59367 0.47568 1.0834 -0.18402 -0.60414 0.90063 -0.24138 -0.048671 0.17467 0.51343 -1.5541 -0.93553 -0.30001 0.29002 -1.1901 -0.17992 0.87022 -0.0028791 -0.59808 0.47594 -0.46502 1.1864 0.48503 1.5708 -1.8795 -0.61059 1.621 0.33444 -1.1601 1.6348 1.1217 -1.085 0.031257 -0.23088 -0.43159
-0.033112 -0.76838 0.29462 1.0418 -1.5587 -0.53855 0.56838 -0.41636 -1.5064 0.52994 -0.17906 -0.087622 -0.16791 0.76237 -0.95707 -2.0527 -0.81527 1.6032 -0.49327 -0.54558 1.5739 0.99786 -1.1237 0.29846 0.030035 1.0981 1.0006 1.515 -1.7507 -0.48136 1.1795 0.61648 -1.5376 0.57118 1.4226 -0.78245 -0.47373 -0.52637 -0.50897
-0.4501 -0.85343 0.80452 0.60117 -1.6331 -0.67783 1.2525 0.38598 -1.0697 0.77584 0.78548 0.034284 -0.32733 1.135 -0.25853 -2.6623 -0.49968 1.5016 -0.77284 -1.1983 1.2555 1.354 -1.2574 -0.43887 -0.68827 0.83777 0.64799 1.582 -0.20504 -0.1408 0.47522 0.8977 -1.4106 -0.79214 0.88648 0.33726 -0.56835 -0.52841 -0.83642
0.97572 -1.0204 -0.9176 0.56122 0.2234 -0.039266 0.083757 2.4655 0.0048371 -1.0455 0.60116 -0.32676 0.019699 1.6696 -0.14647 -2.5236 -0.66121 0.99757 -0.47739 -1.9088 0.3632 1.8617 -0.85462 -0.36541 -1.1718 0.58387 -0.40585 1.9916 1.8171 0.447 -0.21026 1.0297 -1.1901 -1.8286 -0.50775 1.0168 -0.27312 -0.30396 -1.3833
1.4632 -1.9651 -2.5054 0.45625 0.65452 -0.32517 0.41709 1.7929 1.5187 -0.075392 -0.82894 -0.095267 0.74538 1.2233 0.74155 -1.0798 -0.637 1.5671 0.59732 -2.1241 -0.14301 1.3422 -0.080434 -0.28924 -0.88735 -0.035681 -1.7838 2.5322 3.5817 0.75596 -0.63898 1.0896 -0.19426 -2.1436 -1.8875 1.3473 0.37787 0.50244 -1.9591
1.763 -1.5961 -2.9602 0.24403 -0.059668 -0.95349 -0.69604 0.24906 0.74631 0.017026 -0.97663 -1.5374 0.81753 -0.003504 1.9458 0.60627 0.073342 1.1403 0.88054 -2.2973 -1.4158 -0.04837 0.27302 -0.2885 -0.45878 -0.91211 -2.6512 2.6505 4.1328 1.0801 -0.82215 0.93121 0.92301 -1.4177 -2.6971 0.84929 0.77156 1.1298 -2.146
1.8715 -0.80776 -1.8142 0.093359 -0.20478 -0.38073 -1.6304 -0.30816 1.0577 -0.19648 0.14052 -1.511 0.17735 -1.2152 3.0247 2.5653 0.52062 0.12167 0.72664 -1.3619 -2.1732 -1.5428 0.81211 0.30043 -0.070672 -1.88 -2.2695 1.2748 2.8289 0.94664 -0.9826 0.48136 2.0824 -0.055942 -2.2381 -0.1463 0.61613 1.3792 -1.4204
0.61987 0.66496 0.37076 0.28703 0.97341 0.83399 -1.5197 0.51868 -0.26377 0.67263 0.24195 -0.51074 -0.83644 -1.8496 3.2441 3.4903 0.74306 0.036397 1.3202 -0.5645 -1.49 -2.1905 0.35563 0.89758 0.60962 -2.2905 -0.8279 -0.71869 0.41387 0.24468 -0.72734 0.0048902 2.5021 1.3136 -0.78052 -0.65948 -0.14766 1.0792 -0.039865
-0.35957 0.99356 0.9911 1.0342 0.61467 0.62561 -1.6157 -0.53492 -0.82206 0.23687 0.1684 -0.30116 -1.1659 -1.9094 2.2669 2.845 0.76602 0.1064 1.3417 0.89672 -0.25384 -2.15 -0.41805 0.36757 1.2515 -1.8591 0.71682 -2.2598 -1.9721 -0.49708 -0.32645 -0.46876 1.7447 1.4331 0.82574 -0.99309 -1.0111 0.51604 1.2681
0.11807 1.4773 1.1305 1.1272 0.15049 0.27145 -1.0176 -0.57013 -1.3998 0.18814 0.18011 -0.62239 -1.4459 -1.1332 1.0829 1.259 0.39889 -0.34172 0.58612 1.2432 0.21243 -1.3503 -0.41479 -0.58561 0.97189 -0.99215 1.5225 -2.559 -2.7252 -0.75949 -0.10846 -0.78215 0.71711 0.86406 1.3997 -0.409 -1.0855 -0.1097 1.7713
-0.42943 0.98924 1.3114 0.93537 0.30061 1.3232 -0.49473 -0.6591 -1.12 0.39988 0.2406 0.27199 -1.3067 -0.28675 0.22247 -0.045698 -0.22181 -0.35754 0.1613 0.99173 -0.19784 -0.3091 -0.75992 -0.93238 0.74867 -0.28421 1.1899 -1.9285 -2.0523 -0.4532 0.32838 -0.6679 -0.49067 0.16413 1.4138 0.17397 -0.31367 -0.83528 1.545
-0.38932 0.84734 0.7939 0.82706 0.08938 0.94418 0.20826 0.34844 -2.0321 -1.0557 -0.23778 0.079815 -1.2444 0.067075 -0.12907 -0.21736 -0.15963 0.04673 0.35245 0.72947 0.17194 -0.29257 -0.28501 -0.57421 0.64907 0.057457 0.58531 -1.1685 -1.01 0.29257 0.76225 -0.48006 -0.92698 -0.1867 0.86568 0.39261 0.57006 -1.1289 1.0117
0.27917 0.93493 0.47665 0.50421 -0.27415 0.55539 -0.62767 0.32095 -0.55169 0.071377 -0.69417 0.068265 -1.2423 -0.37661 -0.44215 -0.2953 0.21138 0.58555 0.12865 0.24306 0.058102 0.16805 -0.15104 -0.23061 -0.20495 0.35113 0.16177 -0.56068 -0.36776 0.78496 0.77309 -0.35823 -0.80221 -0.45787 0.65159 0.52157 0.49337 -1.0427 0.51526
-0.21853 1.2875 0.69955 0.31769 0.78849 0.99687 -0.5664 -0.73889 -0.87953 -0.333 -0.87096 0.6902 -1.3533 -0.036854 -0.5973 -0.52056 0.71853 0.74902 -0.35249 -0.10653 -0.32467 0.14586 0.041527 0.22207 -0.738 0.48149 0.59698 -0.71542 -0.87786 0.3891 0.25507 -0.58883 -0.35671 -0.66812 0.6379 0.19288 -0.037255 -0.69655 0.51354
-0.23963 0.90316 1.0611 1.4111 0.46275 1.144 -0.38109 -0.35925 -1.969 0.12722 0.073169 0.35758 -1.1523 0.058926 -0.51436 -0.58201 0.77996 0.87582 -0.19797 -0.081702 -0.90038 0.77205 0.090508 -0.32391 -0.57752 0.41654 1.6344 -0.85614 -1.5873 -0.50426 -0.42706 -0.86723 -0.1732 -0.19834 0.76448 0.48752 -0.29492 -0.21481 0.80845
-0.82828 0.61098 0.66559 1.3671 1.0636 0.64434 -0.32607 -0.25499 -0.83718 -0.16564 0.085719 -1.264 -0.9023 0.92159 -1.3291 -1.7281 0.26966 0.42477 -0.65631 0.2311 -0.71967 0.67802 -0.036791 -0.57235 -0.51368 0.93448 1.8948 -0.64977 -1.644 -1.4082 -0.73533 -1.0961 -0.34928 0.20398 1.1379 0.82831 -0.56195 0.0043384 1.0444
-0.041679 0.11191 0.054342 1.6086 1.0155 0.57653 -0.4174 -0.67522 -1.1112 -0.11587 0.26174 -0.46246 -0.72661 2.0723 -1.5535 -2.6894 -0.49188 -0.12671 -1.4473 -0.24434 -0.17679 1.4314 0.83503 -0.38874 -0.73272 1.5562 1.6754 -0.26365 -0.90313 -1.5287 -0.71705 -1.2494 -0.60836 0.5211 0.67721 1.0017 -0.14193 0.19017 1.0474
0.14313 0.71958 -0.19315 1.1914 1.0238 0.62525 -0.15861 -0.9937 0.0075951 -0.79099 -1.7985 -0.10179 -1.014 2.3505 -1.2013 -2.5721 -1.2341 -0.2557 -1.9125 -0.67211 -0.31515 2.1034 1.2846 -0.82995 -0.6514 1.7608 0.3637 0.20355 0.73496 -0.87759 -0.57332 -0.83993 -0.59162 0.5921 -0.013588 0.65431 0.26896 0.42612 0.61391
1.8268 -0.73488 -2.3376 0.35217 0.28916 -0.403 -0.4025 -0.8722 0.049388 0.39499 -1.2425 -0.17914 0.019794 2.346 -1.0402 -1.862 -1.2781 -0.25249 -2.0607 -0.76007 -0.097833 1.4117 1.3854 -0.4473 -0.1396 1.8578 -1.1479 0.13226 2.0408 -0.10255 -0.6267 -0.27343 0.054578 0.61476 -1.1089 -0.072685 0.99801 0.63823 0.14103
2.255 -0.35736 -2.5609 0.15458 0.62192 -1.0397 -1.0829 -0.48762 0.59335 1.4038 -0.10064 -0.86183 0.61991 1.4397 -1.2471 -0.74108 -0.95083 -0.68641 -2.0229 -0.6098 0.38749 0.63848 0.96212 0.0189 0.016005 1.8711 -2.2955 0.37979 2.789 0.34785 -0.69089 0.44027 0.70211 0.61876 -1.5414 -0.59476 1.0246 0.60083 -0.43416
1.818 -0.26004 -1.5509 0.3229 0.42308 -1.4686 -1.2201 -0.7638 1.237 1.5301 -0.92263 -1.3515 0.65919 0.47837 -1.3141 0.26924 -0.82317 -1.1948 -1.9345 -0.16938 0.66378 -0.10812 0.84438 1.1934 0.17081 1.7516 -2.6918 0.73754 2.7247 0.028221 -0.65176 1.0455 1.0069 0.51037 -0.9526 -0.91799 0.31036 0.61767 -0.86372
1.9549 -0.59412 -1.5079 0.17224 1.0232 -1.8136 -0.99901 -0.53701 0.45982 0.82939 -0.54317 -0.65763 0.87394 -0.8179 -0.42362 1.6536 -0.82371 -1.1995 -1.0933 0.34604 0.50394 -0.28629 0.37916 0.40898 0.35816 1.0465 -2.2103 1.2745 1.9057 -0.59872 -0.17803 1.2948 0.67125 0.48671 -0.17543 -0.86684 -0.13865 0.64642 -0.98919
1.6528 -1.3407 -0.95343 0.51203 -0.54225 -1.7387 -0.79737 -0.17674 -0.4152 0.39036 -0.59745 0.39568 1.0696 -1.3364 -0.19805 2.1101 -1.291 -1.3307 -0.43497 0.64387 0.82731 -0.080708 -0.13311 0.0016479 0.88672 0.74258 -1.4879 1.6765 0.83507 -0.97479 0.62035 1.1781 -0.068234 0.42512 0.57894 -0.8205 -0.35658 0.3545 -0.87745
1.3202 -1.0838 -0.91593 -0.46812 -1.1753 -2.3349 -0.24691 -0.025985 0.14813 1.1294 0.36336 -0.12149 1.2606 -1.6028 0.36891 1.9567 -1.8181 -0.98263 -0.1846 0.23953 1.2418 0.24698 -0.25875 0.36906 0.91116 0.6261 -0.54997 1.5589 -0.47239 -1.0326 1.6384 0.64996 -0.89685 0.015125 0.65731 -0.69685 0.46716 0.026792 -0.60306
0.85234 -0.6352 -0.10492 -0.84386 -0.82077 -1.7725 -0.38373 -0.29388 0.29971 1.7394 -0.79202 -0.41835 1.2821 -1.7867 1.1526 1.708 -2.1181 -0.031667 -0.033761 -0.23899 1.1079 0.77819 -0.45539 0.53581 0.5818 0.4101 0.17119 1.1372 -1.13 -0.17153 2.0973 0.47278 -1.2492 -0.7838 -0.027969 -0.42508 1.1753 0.26522 -0.63608
0.41216 -0.29845 0.78812 -1.2761 -0.73137 -1.5888 -0.57287 0.78446 1.1674 0.90603 -0.44025 0.31719 1.3705 -1.5723 1.5624 0.96851 -2.3086 1.5083 0.0068852 -0.88044 0.35768 0.59623 -0.83588 1.0966 0.56313 0.14659 0.93584 0.069413 -1.4428 0.92923 1.5335 0.50227 -0.80374 -1.4395 -0.71256 0.10781 1.4324 0.86068 -0.71677
-0.12205 -0.065422 0.81605 -1.6671 -0.47233 -2.0012 -1.1401 1.0139 1.0776 0.51605 -0.13844 0.30263 1.3484 -1.0411 1.144 0.47244 -1.3622 1.7214 0.41643 -1.1211 -0.33255 -0.3339 -0.68766 1.9957 1.5752 -0.14228 1.7109 -1.0793 -1.4791 1.8461 0.081477 0.67801 -0.043788 -1.7245 -1.3087 1.0059 0.94581 1.1603 -0.74584
-0.16544 0.27721 0.38992 -2.0741 0.73989 -1.9611 -1.126 0.73958 0.81894 -0.092366 0.54173 0.57859 1.3648 -0.29714 0.48204 -0.14967 -0.49018 1.2833 0.59631 -0.8137 -0.94979 -0.66469 0.059521 2.5065 2.0827 -0.36511 2.255 -1.3861 -1.056 2.4768 -1.6377 0.80736 1.0795 -1.1432 -1.2168 1.4078 -0.33592 0.52135 -0.79887
-0.20576 0.25471 -0.076008 -2.4675 1.327 -1.8991 -1.7183 -0.34608 0.18069 -0.072086 1.3157 0.96868 1.2306 0.64069 -0.16698 -0.5258 0.36305 0.24837 1.0283 -0.34965 -1.7196 -1.2687 1.0607 1.734 2.0707 -0.65289 1.8683 -1.0211 -0.15884 2.4059 -2.0176 0.87296 1.3246 0.33623 -0.82023 0.68996 -1.7527 -1.077 -0.89018
0.11545 0.099522 0.18555 -1.6748 0.62824 -1.2445 -1.4178 -0.63777 -0.35607 1.286 2.6875 2.3356 1.0443 1.6253 -0.16765 -0.52385 1.3778 -1.1099 1.316 0.75097 -1.2686 -1.4272 1.042 0.59086 1.3262 -1.0108 0.91026 -0.44448 0.33793 1.8614 -1.5081 0.372 1.1462 1.4919 -0.74763 -0.48043 -2.7301 -2.1473 -0.77908
0.47538 -0.1845 0.24412 -1.2358 0.4455 -0.7723 -1.2521 -0.84037 0.2026 1.8149 1.7212 2.5804 0.89665 1.3444 -0.29111 0.36731 2.1227 -1.2151 1.8026 0.57081 0.46238 -1.6388 0.16509 -0.49036 -0.13278 -1.3937 -0.29943 0.26955 0.2914 0.80932 -0.23313 -0.63868 0.52724 1.816 -0.5533 -1.3942 -2.5069 -2.3402 -0.46257
1.2086 -0.46049 0.078516 -1.0259 -0.78546 -0.46611 -1.0885 -1.0725 -0.56948 1.7457 1.1354 2.7535 0.63315 0.98374 -0.22772 0.052465 2.0485 -1.0743 0.95513 0.86755 0.90331 -2.0185 -0.44436 -1.7618 -0.9756 -1.3724 -1.2332 0.79533 -0.20968 -0.36752 0.80536 -1.5324 -0.27687 0.87127 -0.52924 -1.5796 -1.1895 -1.5477 -0.081433
2.0085 0.27097 -0.23787 -0.20816 -1.5966 -0.58207 0.21398 -0.22572 -1.0572 0.78878 0.56423 1.2457 0.1763 0.43009 0.31488 -0.25339 1.5133 -0.2465 -0.062833 0.57949 0.78596 -2.1176 -0.94006 -2.0279 -1.3122 -1.2897 -1.3585 1.0937 -0.51677 -1.1309 1.0126 -1.7529 -0.40884 -0.48876 0.039728 -1.032 0.13478 -0.36228 0.35332
0.70128 -0.06247 1.2954 0.16455 0.49634 0.72579 -1.3532 1.7994 -1.7932 -0.47247 0.62101 0.029639 -0.23599 -0.11949 0.88223 -0.60201 1.006 0.056397 -0.8069 0.23473 0.27391 -2.2835 -1.513 -0.96816 -1.0824 -1.2059 -1.1692 0.44313 -0.091197 -1.5118 0.4429 -0.98191 -0.55641 -1.2599 1.2186 0.25095 0.81964 0.83185 0.85235
0.87272 -0.1949 -0.57052 -0.21383 -0.26192 -1.2507 -0.48021 -0.26166 -2.7671 0.55221 -0.4151 0.90315 -0.079207 -0.52997 1.018 -0.27561 0.56488 0.29472 -0.81213 0.12925 -0.23548 -1.4475 -1.3341 -0.59112 -0.78075 -0.85071 -0.57162 -0.44106 0.32962 -1.6932 -0.84052 -0.233 0.035078 -1.5177 2.4469 1.5943 0.43919 1.5485 1.3072
0.88337 0.50719 -0.2501 0.068894 0.11636 -1.4584 -0.65587 -0.31137 -2.5075 0.97093 0.25444 1.5861 -0.27433 -0.62363 0.17001 -0.10052 -0.25614 -0.43694 -0.62697 0.05955 -1.1391 0.097363 0.23557 -0.82714 0.37109 -0.082582 -0.30196 -0.98746 1.1141 -1.67 -1.133 0.66113 0.34407 -0.53263 3.0939 1.6488 -0.20138 1.2337 1.4351
0.82633 0.84109 -0.74885 -0.090542 -0.49774 -1.6029 -0.81681 -0.73348 -2.8317 -0.64901 0.73577 1.1942 -0.52562 -0.33614 -0.094956 0.12882 -0.96761 -1.7213 -0.61456 0.73684 -1.5755 1.6353 1.3035 -1.1991 0.96209 0.46281 -0.23598 -1.0231 0.96257 -1.5808 -0.60479 0.9179 0.32991 0.33865 2.4466 0.84971 -0.38697 0.39966 1.2014
0.86387 0.72002 0.31345 -0.024058 -0.76993 -0.78357 -0.35444 -0.48969 -2.245 -0.47309 0.0017784 0.64264 -0.37741 -0.75231 -0.26361 1.3146 -1.2972 -1.2563 0.41745 0.57685 -0.15624 2.4313 0.39293 -1.0341 0.43719 0.67779 -0.24384 -0.35171 0.44215 -1.107 0.81986 0.69188 -0.020395 0.86247 1.0725 -0.046668 0.14979 -0.66083 0.67408
0.65457 -0.31338 0.23192 -0.61037 -1.6444 -0.79143 -0.2011 -0.88481 -0.5058 1.6797 -1.0224 1.6047 0.27124 -0.88348 -0.52862 0.84866 -1.8201 -0.53414 0.50136 0.4901 -0.086557 2.3283 0.24452 -1.2253 -0.038811 0.89603 -0.19614 0.38795 -0.47955 -0.38752 1.9721 0.043094 -0.66936 0.67839 -0.63542 -0.83856 1.1695 -0.985 0.071412
0.17191 -0.23042 0.82157 -1.3573 -2.0519 -1.112 -0.13382 -0.97778 0.15073 1.915 -1.2533 2.0193 0.37026 -0.78186 -0.22598 0.38566 -1.865 0.64979 0.19959 0.14925 -0.19681 1.9053 0.66418 -0.48822 -0.40829 0.89462 0.16928 1.1568 -1.1918 0.42909 1.9405 -0.75442 -0.87571 -0.11817 -1.8684 -1.4223 1.6251 -0.92052 -0.50315
-0.11617 0.21374 1.1874 -1.5231 -1.1876 -0.86803 0.14947 -0.061048 -0.062108 -0.043909 -0.85566 1.4852 0.40689 -0.66794 0.54096 -0.30638 -1.3969 1.3666 -0.41624 -0.29309 -0.23625 0.58711 -0.48628 0.87421 -0.52311 0.48174 0.37841 1.4294 -0.79107 1.389 1.262 -0.79237 -0.81972 -0.26545 -2.2219 -1.772 1.4425 -0.73322 -0.89062
-0.042594 0.31562 0.086906 -1.9428 -0.1785 -0.77664 -0.36578 -0.74584 -0.12185 0.27975 -0.68223 0.91145 0.41782 -0.55295 1.174 -0.35654 -0.7217 1.7696 -0.62638 -0.66004 -0.35364 -0.51122 -2.0409 1.1651 -1.1037 -0.0044533 0.3359 0.83188 -0.31779 1.6213 0.17251 -0.56182 -0.52846 -0.47923 -1.8337 -1.2593 0.12124 -0.7189 -0.91406
0.10751 0.5322 -0.11494 -2.0023 0.34974 -1.1604 -0.60641 -1.216 -0.27488 0.78372 0.20146 0.23402 0.4596 -0.31669 1.211 -0.26994 0.15882 1.4922 -0.66404 -0.62933 -0.5746 -0.9939 -1.888 0.83517 -1.1112 -0.22948 0.17553 0.011597 0.088949 1.4163 -0.27942 -0.051836 -0.0051621 -0.45096 -0.91913 -0.27502 -1.0218 -0.629 -0.59737
-0.050243 0.89901 0.10249 -1.5209 0.22999 -1.535 -0.58026 -0.80708 -1.0254 -0.30581 0.79859 0.85657 0.3198 -0.35228 0.85453 -0.22585 0.33453 0.94099 -0.79466 -0.66362 -1.0212 -1.0469 -1.1144 -0.19944 -1.5066 -0.3663 0.082895 -0.57294 0.010535 0.89366 -0.076772 0.49554 0.34483 -0.20606 -0.1273 0.22298 -1.1247 -0.37512 -0.24889
-0.39035 0.84795 0.35046 -1.699 0.15255 -1.7437 -0.96568 -1.3191 -0.7322 -1.2463 -0.35504 0.4722 0.27579 -0.44995 0.71047 -0.19462 0.67579 1.209 -0.43221 -0.29657 -0.83952 -1.0319 -1.4983 -0.43901 -1.5398 -0.39345 0.0022456 -0.71473 -0.41055 0.27856 0.42754 0.97218 0.37993 -0.090644 0.21614 -0.014682 -0.56097 -0.19627 -0.031432
-0.28482 1.2367 0.76564 -1.0917 0.14562 -1.6871 -0.57108 -1.2846 -1.2217 -0.90855 -0.35603 0.37185 0.085327 -0.33371 0.43227 -0.36561 0.66038 1.7545 0.25027 -0.17911 -0.66899 -0.77235 -1.8077 -0.39733 -1.6156 -0.36193 0.13061 -0.52394 -0.55873 0.12372 0.31652 1.0023 0.52132 0.014405 0.25295 0.086151 0.55413 0.28971 0.097513
-0.50258 0.9619 0.065926 -1.5741 0.68974 -1.7556 -0.91532 -1.7641 -1.4109 -0.82509 -1.2421 -1.4305 0.045581 -0.31765 0.18713 -0.96902 0.50638 1.962 0.75754 -0.15882 -0.96793 -0.71444 -1.5795 -0.14838 -1.4364 -0.28631 0.27147 -0.41694 -0.36758 -0.2108 -0.66864 0.5204 0.4058 0.030696 0.50047 0.75271 0.98693 0.9281 0.18693
-0.46847 1.1347 -0.7014 -1.1156 2.2339 -1.2487 -0.74328 -1.9394 -1.5011 -1.4762 -0.17086 -1.0852 0.08027 -0.18047 0.20821 -0.88828 0.64525 1.2136 0.61468 0.2439 -0.96435 -0.71421 -0.91415 0.78225 -0.99635 -0.24633 0.25475 -0.2251 0.15515 -0.36617 -1.7271 -0.12381 0.33436 0.3081 0.88342 1.5678 1.4547 1.6718 0.23904
-0.25268 1.0737 -0.29862 -1.0872 2.6325 -0.81811 -0.85775 -1.6755 -1.3749 -2.2337 0.39136 -1.2691 0.059413 -0.036632 0.097881 -0.62085 0.2948 0.11013 0.42778 0.25293 -0.6667 -0.067253 -0.47798 0.95576 -0.050553 -0.11948 0.13164 -0.23313 0.60777 -0.61259 -2.1299 -0.6346 0.26352 0.96802 1.4617 2.2781 1.3875 1.868 0.27659
-0.72482 1.0948 -1.0881 -0.98181 2.1299 -0.69223 -0.89709 -2.337 -2.0226 -2.6524 -0.012557 -0.54114 -0.038651 -0.014176 0.081036 -0.23718 0.09218 -0.85759 0.17136 0.24282 -0.2403 0.67482 0.70748 1.962 0.93134 -0.021369 -0.14882 -0.31817 0.47008 -0.81323 -1.5294 -1.0213 0.097198 1.4089 1.8565 2.6818 0.69742 1.0688 0.30504
-0.54772 1.2541 -0.23085 -0.73594 0.80289 -1.4167 -0.25676 -2.6254 -1.7286 -1.4578 0.48976 -1.0656 -0.080639 -0.16099 -0.15891 -0.13477 -0.34381 -1.3657 -0.28424 0.33743 0.56765 1.5353 2.0689 2.0401 1.2198 0.091626 -0.31607 -0.35423 0.25387 -0.5594 -0.24471 -1.1108 0.040132 1.5985 1.6523 2.3366 0.036093 -0.27017 0.38594
-0.24665 1.213 -0.27107 -1.1517 0.32462 -1.1926 -0.42985 -1.9359 -0.96186 -1.053 0.40356 -0.09997 -0.0035452 -0.38021 -0.21875 -0.23231 -0.53079 -1.1813 -1.0648 0.38724 1.1968 2.2298 3.0634 1.651 0.44003 0.18889 -0.55944 -0.48122 0.079324 -0.12133 0.99327 -0.75695 -0.23989 1.1239 0.8683 0.91786 -0.76692 -1.0699 0.44306
-0.5842 0.97819 -0.78179 -1.5027 0.68655 -1.2318 -0.816 -1.9191 -0.18098 0.082118 2.331 -0.078836 0.10704 -0.41474 -0.36938 -0.1338 -0.42271 -0.22879 -1.1681 0.25991 1.7718 2.4862 2.9179 1.2118 -0.32778 0.45932 -0.59323 -0.41734 0.29449 0.34432 1.3781 -0.39687 -0.42304 0.11657 -0.39922 -0.73823 -1.3105 -1.4046 0.34264
-0.73498 0.87227 -0.96959 -1.4328 1.1414 -1.4116 -0.22726 -0.69613 0.67305 0.65813 2.5432 0.67438 0.1933 -0.88381 -0.6485 -0.078773 -0.092556 0.60956 -0.89439 -0.16136 1.3667 1.9395 2.074 0.88555 -0.36732 0.5798 0.060528 -0.16855 0.39211 0.60998 0.86448 0.27229 -0.44657 -0.51896 -1.8113 -2.0625 -1.9295 -0.78186 -0.038341
-1.0039 0.92373 -0.72173 -1.5314 0.73996 -2.6625 -0.31774 -0.47903 1.1307 1.2761 1.4378 -1.3945 0.16877 -0.96614 -0.66934 0.35488 0.06838 0.56302 -1.1583 -0.1727 0.67943 0.84853 1.1062 -0.14486 -1.0975 0.50347 0.81562 0.2258 0.63046 0.86351 -0.31399 1.0813 -0.32114 -0.91395 -2.7087 -2.4311 -2.1053 0.0046395 -0.75505
-1.0977 0.77762 -0.84386 -1.1562 1.3819 -2.2704 -0.38087 -0.457 0.89671 0.88944 1.1236 -1.2266 0.52889 0.008081 -0.36772 0.27467 0.34304 0.19451 -0.52274 -0.22477 0.67014 -0.64854 -0.085619 -1.4648 -0.68945 0.099943 1.2708 0.55037 0.85835 1.0656 -1.0471 2.1272 0.19175 -0.4856 -2.3818 -1.8273 -1.357 0.90262 -1.4287
-1.626 0.42839 -0.066544 -0.9044 1.3867 -2.1219 -0.7629 -1.2116 0.78884 1.071 2.1333 -0.60809 0.55392 0.60273 -0.13291 0.89225 0.94466 -0.664 0.80798 -0.30283 0.25814 -1.738 -0.7801 -1.7555 -0.15712 -0.63589 1.0363 0.88406 0.71463 1.0244 -1.2685 2.7191 0.60063 0.24405 -1.1529 -0.83191 -0.16583 1.6221 -1.8791
-1.3828 0.44093 -0.054622 -1.5228 0.98291 -2.7738 -0.74434 -1.0398 0.16251 0.46803 0.7638 -1.4247 0.4633 0.60938 0.016356 1.287 1.4258 -0.92178 2.3721 0.26559 0.57107 -1.6221 -0.57648 -0.96897 0.91202 -1.3777 0.31908 0.82146 0.41859 1.0796 -0.93131 2.1356 0.79782 0.6464 0.35042 0.052299 0.32571 1.1922 -1.6091
0.067846 0.78275 -1.0475 -1.0181 0.98004 -1.6156 -0.7583 -0.01769 -1.1036 0.11534 0.38824 -0.37044 -0.030322 0.59135 0.64355 1.2109 1.4078 -1.4772 2.8255 0.7064 1.1803 -1.026 -0.28945 -0.69234 1.2453 -2.082 -0.059851 0.12418 -0.56337 0.90236 0.064356 0.79736 0.35714 0.7724 1.4867 0.59997 0.41142 0.65439 -0.59311
-0.14264 0.8368 0.87548 0.10572 -0.35028 -0.22863 -0.4054 -0.23992 -1.3147 0.00087528 -0.11852 -0.21993 -0.76777 0.5889 0.64171 0.9168 2.0935 -1.3064 2.7351 0.76258 1.4642 -0.31531 -0.2377 -1.322 0.91988 -2.0234 -0.13322 -1.0463 -1.6173 0.32652 1.006 -0.59893 -0.50478 0.18612 2.0334 0.61181 0.05187 -0.10463 0.82693
-0.98003 0.78284 1.199 0.32332 0.0047418 0.84099 0.25164 0.19996 -0.23668 1.0288 0.94675 -0.11031 -1.1849 0.5102 -0.24287 0.018912 2.2673 -0.33927 2.2216 0.11894 1.3184 0.6035 0.218 -0.73476 1.1075 -1.3616 0.21237 -1.6951 -2.3834 -0.28117 1.844 -1.5685 -1.1485 -0.61363 1.3493 0.32671 0.35469 -0.3689 1.8678
-0.75291 1.5117 0.57884 0.10702 -0.4866 0.90162 0.2743 0.82678 -0.11666 0.49771 0.86384 0.79525 -1.5459 0.41594 -1.3435 -1.1716 1.5946 0.57091 1.4818 -0.37753 0.83765 1.6675 0.36051 -0.81595 0.7788 -0.27364 0.56213 -1.2246 -2.3122 -1.0897 1.8596 -1.7867 -1.194 -1.4939 0.053552 0.061858 0.7215 -0.56206 1.882
-0.51276 0.81364 0.70609 1.4686 -0.17096 0.41274 -0.2207 0.55451 0.026293 0.27619 -0.72978 -0.12324 -1.2636 1.0621 -1.2789 -2.2506 1.1395 1.3627 0.3243 -0.8607 0.2316 0.69878 0.042941 -0.21354 0.60167 0.34935 0.42069 0.028291 -0.93961 -1.1827 1.05 -1.5317 -0.477 -1.6705 -0.90588 0.31511 0.65925 -1.169 1.101
0.23293 -0.23662 -1.1122 1.0505 1.0376 0.21103 -1.0708 1.0024 0.32794 0.64961 -0.24845 0.52937 -0.83984 1.3229 -0.94894 -2.3193 0.6542 1.6532 0.12049 -0.96951 -1.0128 -0.2761 -0.038179 -0.12398 0.084338 0.4525 -0.13617 1.382 0.70546 -1.1755 -0.22161 -0.80564 0.45231 -1.0362 -1.3506 0.48366 0.93749 -0.99029 -0.01617
0.4969 -0.84903 -2.106 0.94404 1.3358 1.3775 -0.90108 0.81317 1.3218 0.67741 -0.55961 0.88078 -0.43826 0.81362 -0.40178 -1.1783 0.5633 1.2714 -0.15194 -0.47012 -1.1295 -0.28471 1.0261 0.25454 -0.80971 0.22465 -0.61424 1.6871 1.7757 -1.3077 -1.4113 -0.2481 1.2628 -0.020649 -0.74445 0.16153 0.76912 -0.77691 -0.39073
0.68213 0.28215 -1.2261 1.5001 1.1996 0.33019 -0.90785 -0.19309 -0.9788 0.28358 0.87371 0.57136 -0.89373 0.30087 0.57624 -0.36288 -0.27817 0.16311 0.1151 0.27491 -0.58795 -0.60317 0.80829 0.83662 -0.43369 -0.23893 -0.42673 1.185 1.4873 -1.3913 -1.8194 -0.55338 1.2999 0.75165 -0.26158 -0.53527 0.85227 -0.15184 0.044436
0.39067 0.50259 -1.6768 0.78479 1.9558 1.154 -0.67243 -1.2857 -0.66905 0.97222 0.68063 -0.051151 -1.1073 0.47853 0.83953 0.14321 -0.79806 -0.78324 -0.1649 0.87602 -0.058271 -0.6701 -0.072796 0.85916 -0.64406 0.0046241 0.25527 -0.041052 0.10785 -1.4763 -1.5179 -0.82205 0.62285 0.78621 0.26322 -1.4849 0.26884 0.48978 0.94571
0.13213 0.83903 -0.35698 1.4584 0.78808 0.043099 -0.40962 0.12951 0.18867 2.2504 0.10734 -0.95575 -1.243 0.73135 0.45114 -0.15431 -1.2225 -1.0465 -0.97434 0.7855 -0.083105 -0.63601 -0.54801 1.2915 -0.2921 0.64213 0.83311 -0.96407 -0.77687 -0.84472 -0.77659 -1.0477 -0.21861 0.39813 0.73179 -1.6147 -0.45851 0.50798 1.5551
0.193 0.63179 -0.74908 0.72169 0.12378 0.84144 -0.16433 0.6422 -0.49653 0.76336 0.34712 0.30174 -1.1933 1.0594 -0.41969 -1.0697 -1.6782 -1.2333 -1.2449 0.4403 0.15243 0.24402 -1.2178 0.58884 0.069094 1.4586 0.7499 -0.88959 -1.2136 -0.33278 0.099099 -0.49962 -0.68689 -0.40443 0.73952 -1.1384 -0.84976 0.29888 1.2694
1.5802 0.032051 -2.0267 -0.28751 0.25865 0.312 0.058902 0.91889 -0.27233 -0.19912 1.1753 0.093736 -0.21567 1.5051 -0.4564 -1.2193 -1.3913 -1.2024 -1.4331 0.089509 0.065855 0.40287 -1.7958 0.092309 0.1946 1.7869 0.17994 -0.086399 -0.59022 0.47821 0.62907 0.11291 -0.46891 -0.76595 0.75654 -0.014447 -1.2054 -0.61291 0.31102
1.4352 0.043883 -2.2416 -0.13693 0.27687 -0.57651 -0.11074 -0.71247 -0.55663 -0.031597 1.992 0.51203 0.25746 1.4375 -0.2413 -1.6144 -1.3263 -0.50166 -0.92952 -0.05239 -0.97684 0.28924 -1.6912 -0.19598 -0.3077 1.6794 -0.72232 0.63333 0.50104 1.237 0.84999 0.65913 -0.051824 -0.66252 0.35675 1.1494 -0.76777 -1.1911 -0.88668
1.6356 0.11889 -2.6218 -0.44927 -0.20802 -1.2504 -0.5312 -0.48918 -0.35581 -0.69061 0.87306 0.057676 0.40077 0.8685 0.20378 -0.9912 -0.5211 -0.12285 -0.90325 0.16189 -1.0847 0.85468 -0.34895 -0.67551 -1.2907 1.0831 -1.3426 0.50391 1.0515 1.3101 0.82895 1.0469 0.097106 0.093531 0.44712 1.6953 -0.4541 -1.2743 -1.5456
2.0057 0.37703 -2.3199 -0.26668 -0.067328 -0.55516 -0.41016 -0.25292 0.60017 -0.43531 -0.14632 -0.31385 0.43403 0.0898 0.32547 -0.22602 0.15799 -0.031005 -0.19064 0.31184 -0.63192 0.7202 0.30407 -0.51951 -1.4955 0.24245 -1.4646 0.08102 1.4052 1.2516 0.63726 0.95647 -0.12173 0.68332 0.69229 1.8245 0.27787 -0.79347 -1.5044
1.8002 0.55062 -2.6118 -0.31664 -0.040395 -0.48029 -0.13643 -0.8087 0.12698 -0.20763 0.18957 -1.1366 0.3995 -0.21859 0.11367 0.086855 0.2722 0.26122 0.29066 0.092814 0.044065 1.0728 0.52248 -0.61667 -1.68 -0.22875 -1.1234 -0.46059 1.002 0.85284 0.33986 0.58333 -0.77258 0.544 0.57378 1.2639 0.95567 0.11207 -1.0004
1.6039 0.51611 -2.4929 -0.19793 0.15071 -0.55696 0.4109 -0.58846 0.71038 0.20723 0.40597 -1.3318 0.22779 -0.63487 -0.067503 0.51671 0.57518 0.61251 0.38621 -0.24047 -0.21238 1.5631 1.4423 0.35422 -1.6499 -0.3259 -0.52802 -0.49025 0.58318 0.63789 0.086075 -0.014157 -1.1827 0.35895 0.62139 0.95503 0.70908 1.2379 -0.60063
1.5905 0.12504 -2.3767 -0.0035499 0.19955 -0.36451 0.22748 -0.34275 0.29131 0.10981 1.4629 -1.4511 0.22475 -0.77464 -0.39915 0.54402 0.83587 0.25228 -0.023849 -0.99814 -0.24397 1.5757 1.5516 0.81027 -0.99577 -0.40217 0.10917 0.1666 0.58775 0.41118 -0.42005 -0.014397 -0.83104 0.29204 -0.21303 0.18268 -0.22701 2.0661 -0.57425
1.155 0.17854 -2.1886 0.044057 0.48102 -0.5516 -0.68447 -0.5749 1.3035 0.29308 0.22182 -1.7139 0.039828 -0.57246 -0.26837 0.65863 1.0468 0.15039 -0.058285 -1.3435 0.19297 1.7079 1.6534 0.20104 0.5616 -0.73272 0.34943 1.0171 0.76635 0.13252 -0.844 0.38619 0.091512 0.58952 -1.3364 -0.91832 -1.5295 2.0804 -0.83513
0.98904 0.26461 -1.7044 0.30679 0.65935 -0.47362 -0.93676 -0.84096 2.5041 1.6576 0.96132 -2.41 0.14823 -0.050182 0.48951 1.1378 0.79052 -0.36776 0.48753 -0.90087 0.38861 0.54637 0.76591 -0.96087 1.2182 -1.0405 0.24822 1.3902 1.1003 -0.11998 -0.72089 0.8863 1.2931 0.59702 -2.2932 -1.5535 -1.5833 1.5366 -0.86234
1.1306 -0.022281 -1.8843 0.79206 -0.11483 -0.61411 -1.5082 -0.71287 2.2284 1.454 1.0751 -1.4289 -0.042773 -0.36768 1.2211 1.68 0.84004 -0.8061 0.9048 -0.11412 0.61281 -0.65584 0.024587 -1.7617 1.2747 -1.4836 -0.76369 0.78843 1.2117 -0.31241 -0.31633 0.82112 2.096 0.25264 -2.3291 -2.1945 -1.1197 0.26165 -0.31096
1.1584 0.38689 -1.8531 0.86936 0.29075 -0.53164 -1.1629 -0.126 2.0725 1.8133 0.36099 0.52444 -0.67959 -0.42868 1.2283 2.126 0.71755 -0.74588 1.2672 0.80266 0.70257 -1.9175 -0.6905 -1.3165 1.6256 -1.5517 -1.6497 -0.25719 0.94693 -0.39549 0.44229 0.37572 2.2297 -0.17245 -0.99223 -1.5793 -0.26442 -0.95272 0.55159
1.7954 1.2442 -0.52437 0.44103 -0.53154 0.60811 -0.18797 0.15446 0.40969 0.25116 -1.0284 -0.04706 -0.965 -1.7451 0.70328 2.4682 0.50807 -0.30808 1.1944 1.7173 0.50451 -1.8082 -1.9322 -1.8108 0.86547 -1.0264 -1.7603 -1.0576 0.37343 -0.51629 1.0408 -0.19587 1.533 -0.61861 0.4544 -0.75369 0.54703 -1.4862 1.3856
0.36219 1.4759 0.14861 1.1071 -0.7764 0.80028 -0.24016 0.24137 -0.3616 0.14768 -0.99729 -0.7215 -1.4273 -2.3084 0.29758 2.5459 0.22865 0.28997 1.0961 2.3453 0.062085 -0.91266 -1.3627 -1.4312 -0.42252 -0.29206 -1.3893 -1.2538 -0.6057 -0.55579 1.5166 -0.65342 0.23939 -0.82915 1.6443 0.33836 1.0602 -1.0525 1.6398
0.48338 1.0634 0.66719 0.96131 -0.065749 0.87963 0.049884 -0.089811 -0.2882 0.31099 -0.37039 0.27764 -1.3195 -2.5725 -0.136 2.186 0.13469 0.80895 0.60272 1.9773 -0.3389 -0.25803 -1.127 -0.59139 -0.5802 0.33949 0.17822 -0.91204 -1.4551 -0.70872 1.1379 -0.7973 -0.77314 -0.99179 1.5253 0.90111 1.4319 -0.05265 1.2879
-1.8364 0.38351 1.2078 1.0568 0.29213 0.61985 1.2024 -0.29583 1.1202 -0.93522 -1.2146 -1.1985 -0.54988 -2.4961 -0.51076 1.1285 -0.11812 1.8035 0.26202 1.1234 -0.56824 0.62208 -0.43877 0.20353 0.30967 0.66803 1.305 -0.23877 -1.8193 -0.76361 0.33974 -0.51614 -1.4857 -0.66366 0.45239 0.79247 1.0653 0.56993 0.46643
-1.0938 0.54368 1.1256 0.9133 0.34009 0.85243 1.5888 -0.35733 1.1505 0.51224 -0.92349 -1.2401 -0.52551 -1.3282 -0.46564 0.42945 -0.62189 1.2671 0.023199 0.89102 -1.1977 0.49764 -0.63601 0.23817 0.39796 0.7735 2.329 0.43561 -1.6064 -0.53212 -0.6542 -0.067972 -1.6838 -0.089294 -0.76169 0.99013 0.83265 0.64761 -0.42602
-1.3733 0.97097 1.3674 0.81521 1.0939 0.64295 1.1821 -0.28053 0.54836 -0.27536 -0.77854 0.2862 -0.67518 -0.59173 0.04312 -0.013081 -0.79724 0.75755 0.3589 0.12264 -0.87042 -0.39435 -0.063164 0.29394 0.1933 0.3173 2.4032 0.13992 -1.08 -0.27168 -1.5743 -0.15277 -1.5185 0.55261 -1.1806 0.77021 0.47118 -0.038511 -0.49234
-1.5584 0.85828 0.9093 0.42284 1.9907 1.2762 0.63726 -0.5612 0.68154 -0.41258 -0.53451 0.51893 -0.56672 0.6461 0.32347 -0.27733 -0.50463 -0.0078545 0.42195 -0.65755 -0.40236 -1.3172 0.618 1.0423 0.7334 -0.23804 1.9341 -0.55637 -0.74816 0.012568 -1.7275 -0.70674 -1.2326 1.0662 -0.45788 1.0442 0.67299 -0.69242 -0.019495
-1.1126 0.59916 0.82956 0.37587 0.32256 0.57536 1.1923 -1.9142 0.2727 -0.86895 -0.5083 -0.45443 -0.53861 0.82039 -0.67564 -0.55513 -0.67715 -0.78398 -0.23894 -0.92932 0.10181 -0.88792 0.43562 0.76412 0.067928 0.30355 1.4594 -0.89972 -0.49874 0.17779 -1.3885 -1.6359 -0.56047 1.3298 0.35303 0.62721 0.91726 -0.74862 0.55107
-1.0409 0.87774 0.93521 0.080115 0.99227 1.5278 0.63975 -0.72547 -0.39673 0.4588 -0.33393 -0.32454 -0.76218 1.43 -1.0698 -0.70795 -0.66012 -1.5009 -1.0853 -0.87697 0.4098 -0.2065 1.1534 1.3656 -0.88039 0.74685 0.6803 -0.36298 -0.39583 0.31332 -0.56435 -1.759 -0.26214 1.4769 0.90267 -0.099418 0.70478 -0.24146 0.47983
-0.65923 0.83302 0.8894 0.80721 0.077491 1.0857 0.52251 -0.3129 -0.57278 0.56463 0.44303 0.086269 -0.8576 1.6314 -0.8122 -0.73378 -0.39414 -1.3402 -2.1497 -0.80834 1.3437 -0.25518 0.89004 1.9788 -0.44974 0.801 -0.0099685 0.77206 0.0080824 0.77483 0.34116 -0.97251 -0.17788 0.983 0.68636 -0.85011 0.15565 0.68446 -0.40368
-0.091597 -0.55192 0.21352 -0.2412 -0.37526 -0.035944 0.16987 -0.037302 0.3651 0.55795 -0.22291 -0.61657 0.1883 1.4619 -0.2404 -0.92909 -0.071776 -0.88544 -2.1307 -1.2025 1.8909 0.17624 0.18645 1.8604 0.52498 0.3633 -1.0152 1.3985 0.49168 1.0665 1.1871 0.5054 -0.26388 0.24037 0.25996 -1.3188 -0.8738 1.236 -1.2007
0.37762 -0.030233 0.26055 -0.12811 -0.53279 -0.95839 -0.03524 -0.27798 0.61567 0.9529 1.4871 -0.97885 0.23001 0.79091 0.22264 -0.42061 0.45092 -0.39214 -1.6542 -1.0939 1.2888 0.29163 -0.75771 0.85415 0.69206 -0.21804 -1.6175 1.4457 1.0442 1.2698 1.5295 2.0289 -0.2402 -0.70329 -0.16485 -0.81121 -1.3472 1.2163 -1.615
0.41776 0.33698 -0.077138 0.12104 0.080862 -1.7455 -0.0013526 0.95059 -0.3313 0.15836 2.1209 0.055434 0.00092352 0.038379 0.79927 0.07538 0.87537 0.45787 -0.32082 -1.2219 0.88128 0.025771 -0.61881 0.22558 0.94426 -0.86744 -1.5954 0.71735 1.231 0.78293 1.3956 2.6144 0.088692 -1.06 -0.4016 -0.0168 -1.8189 0.79233 -1.2622
0.51355 0.81968 -0.31234 0.51823 -0.81291 -1.0862 -0.60366 0.9291 0.23132 -0.4077 1.292 0.84482 -0.77836 -0.5461 1.1355 0.75043 1.464 1.1225 0.99891 -1.2421 0.40744 -0.53625 -0.30784 0.15579 1.6979 -1.4406 -1.2411 -0.09481 0.81939 0.0093004 0.7399 2.3685 0.52815 -0.85617 0.097197 0.73993 -1.4751 0.062929 -0.43899
-0.40132 0.96407 0.9005 0.98726 0.56072 0.031972 -0.74248 0.83469 -0.053897 -0.28586 0.081563 0.50462 -1.1375 -0.71936 0.52242 0.82567 0.85882 1.2172 1.765 -0.9586 0.17795 -0.24654 -0.080782 -1.3653 1.5579 -1.2579 -0.62744 -0.8128 0.27789 -0.66958 0.007521 1.1308 1.1123 -0.37583 0.66797 0.40304 -0.57607 -0.8858 0.57623
-0.42419 0.91088 0.7564 1.4017 0.52331 0.39992 -1.1282 0.5716 -0.09083 0.33657 0.80473 0.83522 -1.1581 -1.0461 0.18849 0.76488 0.47501 0.74467 2.0343 -0.2364 -0.10605 0.6032 0.4153 -1.2442 0.50779 -0.79865 0.12831 -1.0231 -0.36395 -1.0754 -0.72215 -0.25584 1.1781 0.067806 0.85124 -0.39539 0.49775 -1.4593 1.2445
-0.38869 0.56535 1.143 1.1797 1.1834 0.58438 -1.3438 0.3156 -0.39161 0.50399 1.2712 1.7586 -1.0296 -0.82978 -0.13027 0.60314 0.13842 0.66276 1.4223 0.35365 0.35107 0.78964 -0.19917 -0.18681 -0.17638 -0.16776 0.61069 -0.90121 -0.64149 -0.84273 -1.1715 -1.1957 1.3551 0.21369 0.21177 -1.0091 1.2545 -1.7162 1.4761
-0.22619 0.67974 0.83863 0.46959 0.91555 0.73758 -0.88234 0.66689 0.25161 0.32235 -0.48128 1.3202 -1.1598 -0.25704 -0.3016 0.18099 -0.15274 -0.07925 0.66294 0.30269 0.42016 0.65114 -1.0335 0.58182 -0.26189 0.21749 0.85173 -0.98822 -0.84032 -0.76306 -1.3594 -1.6686 1.3579 -0.38989 -0.48146 -0.93165 0.54876 -1.6852 1.6072
-1.2061 0.87781 0.69171 0.96959 0.32151 1.1707 -0.074021 1.1089 1.0852 0.26328 0.45259 0.48088 -1.1811 -0.017101 -0.78707 -0.088764 -0.37684 -0.77045 0.067113 1.303 0.30555 0.13739 -1.3451 0.23645 -1.3821 0.84705 0.52046 -1.0559 -0.78673 -0.76447 -1.1021 -1.3528 1.3013 -1.7517 -0.63587 0.14327 -0.51178 -1.4822 1.6252
-0.69256 0.71713 1.0686 1.0916 0.63808 1.0592 -0.39892 1.4777 1.0765 -1.1614 1.1442 0.3797 -1.0459 0.075569 -1.1868 -0.47216 -0.67054 -1.3232 -0.61574 1.8252 -0.89833 -0.069446 -0.84847 -0.3395 -2.154 1.539 0.049492 -0.78436 -0.38467 -0.97228 -0.28537 -0.79875 0.99867 -2.4267 -0.58049 0.86036 -1.473 -0.71673 1.4194
-0.47172 0.45541 1.204 0.97048 0.57919 0.8022 -1.0225 0.87336 0.096208 -1.2929 1.3436 0.73 -0.7853 -0.060696 -1.5073 -0.55176 -1.0084 -0.97259 -0.63548 2.0232 -2.5252 -0.16214 -0.020019 -0.71118 -2.1017 2.0484 -0.59438 -0.039721 -0.087211 -1.1116 0.48301 -0.20029 0.24489 -1.8717 -0.13729 0.85554 -1.6433 0.74278 0.7136
-0.25138 -0.40224 0.42008 0.62126 -0.67772 0.28788 1.1453 0.5978 -0.37627 -0.68929 0.7361 -1.0923 0.11849 -0.1424 -1.2958 -0.30745 -1.6245 -0.56229 -0.57688 1.8091 -3.0484 -0.3988 -0.017837 -1.834 -1.2902 2.1296 -1.019 0.72857 0.19224 -0.86853 1.131 0.31995 -0.45328 -0.014613 0.39159 -0.01673 -1.3288 1.7066 -0.21821
-0.46784 -0.6383 0.20765 -0.18343 -0.73947 -0.30216 1.3239 -1.4005 0.22616 -0.013161 -0.4733 -1.3122 0.67363 -0.96713 -0.81072 -0.32766 -1.9434 -0.16075 -0.34878 1.772 -2.3946 0.0016726 -0.091646 -2.2433 -0.37412 1.8155 -0.94555 1.3918 0.38434 -0.30006 1.3244 0.4211 -1.4877 1.7091 0.5642 -0.99546 -0.54734 2.1097 -1.1079
-0.99135 -0.55694 0.16267 -0.4985 -0.074672 0.6255 1.7739 -2.5982 0.97855 0.32058 -1.1108 -1.4768 0.79371 -1.2899 -0.29656 -0.21145 -1.8 0.58871 -0.11703 1.11 -1.029 0.62143 -0.85482 -2.1773 0.28962 1.2703 -0.46829 1.2649 0.26948 0.47886 1.0476 0.29587 -1.9379 2.5989 0.3912 -1.1545 0.82426 1.8323 -1.4883
-1.2989 -0.16273 0.93838 -0.63114 -0.0071176 0.60125 1.366 -1.7375 0.26776 -1.1756 -1.0774 -0.32889 0.82636 -1.1742 0.36821 0.13684 -1.4732 1.166 -0.021426 -0.39684 -0.15692 0.45077 -1.5634 -1.595 1.1968 0.51859 0.46154 0.6926 0.073871 1.046 0.49195 -0.015087 -1.8558 2.2025 -0.12491 -0.54436 1.3713 1.0374 -1.2458
-1.8481 -0.23411 0.59861 -1.1091 0.4583 0.33812 1.3951 -0.67541 0.53318 -1.7504 -1.0877 0.46686 0.82537 -0.87232 0.27232 -0.020652 -0.98106 0.92135 -0.14658 -0.71558 0.98825 0.14863 -1.5558 -0.49587 1.4752 0.14535 0.90732 -0.015743 -0.3173 1.1471 -0.16136 -0.063315 -0.84904 0.91276 -0.27341 0.79564 1.2079 0.038088 -0.73134
-1.7347 -0.34015 0.35849 -1.1003 0.83885 0.21704 1.0562 -0.2786 0.83269 -1.9213 -1.5681 0.051288 0.90996 -0.34594 0.081648 -0.2745 -0.43234 0.68143 -0.36077 -0.77106 0.96055 -0.037197 -0.81824 -0.33778 1.0439 0.17431 1.0726 -0.49105 -0.40248 1.0668 -0.58772 0.17695 0.41767 -0.2892 -0.10001 1.6935 0.75157 -0.88434 -0.2132
-1.4923 -0.082913 0.44041 -1.3265 0.60971 -0.01003 0.66719 -1.0866 0.35714 -1.8885 -1.7005 0.0013095 0.85344 -0.076573 -0.19036 -0.59813 -0.21437 0.50098 -0.070391 -0.28168 0.19943 0.28881 0.32388 -0.38349 0.44051 0.14921 0.97001 -0.47631 -0.1155 0.83511 -0.76158 0.3811 0.98219 -1.2757 -0.17448 1.7677 0.16972 -1.2285 -0.048803
-1.751 -0.43544 0.14326 -1.3173 0.50722 -0.063636 0.73862 -0.80343 0.79107 -1.4379 -0.86668 0.82818 0.85636 0.35116 -0.25207 -0.3281 0.10201 0.17263 0.29707 0.16935 -0.37642 0.15593 0.80913 -0.13298 0.0012662 0.14036 0.57487 -0.47882 0.056967 0.70659 -0.85528 0.46074 1.2217 -1.201 -0.3253 1.3156 0.0069634 -1.1094 -0.13089
-1.5096 -0.29584 0.12698 -0.78488 0.99485 0.4169 0.89645 -1.0504 0.62731 -1.1074 -1.6794 0.22671 1.0654 0.51873 -0.38718 -0.20398 0.28475 -0.38403 0.28862 0.64996 -0.92784 -0.3238 1.0885 -0.23295 -0.38317 0.076944 0.34632 -0.41991 0.12036 0.71479 -0.86307 0.19047 1.007 -0.5737 -0.4975 0.80864 -0.18797 -0.90211 -0.19108
-1.677 -0.43095 0.0099724 -1.1837 0.81597 0.49078 1.254 -0.86539 0.85957 -1.096 -1.641 0.58709 0.94137 0.38913 -0.6506 -0.35504 0.61497 -0.62782 0.38282 1.0455 -0.91124 -0.41278 1.3706 -0.37022 -0.69327 -0.020203 0.15252 -0.37881 -0.15187 0.69569 -0.75431 -0.23707 0.61821 0.012843 -0.35252 0.43321 -0.35323 -0.63055 -0.23394
-1.1762 -0.55054 0.20164 -1.0513 0.70096 0.64183 1.5471 -1.0492 0.77987 -0.90659 -1.267 0.099438 0.97547 0.5283 -0.72081 -0.34806 0.8411 -0.8665 0.27032 1.1623 -0.71539 -0.45815 1.6199 -0.6083 -0.95955 -0.10766 0.2637 -0.11674 -0.24107 0.923 -0.30096 -0.47486 0.19455 0.46786 -0.14755 -0.059071 -0.24547 -0.33251 -0.20359
-0.92766 -0.71169 0.095282 -0.80388 -0.18037 0.20825 1.6284 -2.185 -0.14991 -0.46844 -2.0208 -0.70026 0.93108 0.62352 -0.74453 -0.53507 1.1007 -1.131 -0.16366 1.0702 -0.49316 -0.51402 1.3838 -0.61618 -0.9317 -0.18034 0.33451 0.152 -0.18125 0.85911 0.10459 -0.67424 -0.062851 0.8278 -0.040727 -0.60167 0.034629 0.038233 -0.1921
-1.3712 -0.95159 -0.34421 -0.43809 -0.21988 0.54428 1.9863 -2.0335 0.064116 0.19219 -1.7663 -0.37445 0.79455 0.87758 -0.55038 -0.56193 1.7363 -0.74849 -0.38269 1.0047 -0.23844 -0.59439 0.95668 -0.56733 -0.90764 -0.20228 0.18613 0.22589 -0.20697 0.44732 0.29013 -0.51654 -0.20988 1.4011 0.042405 -1.0686 0.84535 0.31901 -0.24027
-1.0313 -1.164 -0.34776 -0.11036 -0.25615 0.51735 2.2522 -1.1676 0.53589 0.78663 -1.8582 -0.35495 0.84837 0.81722 -0.48545 -0.58276 1.7444 -0.47198 -0.63325 1.0115 0.46777 -0.44912 0.51269 -0.29306 -0.64455 -0.31185 0.24308 0.37659 0.04921 -0.22272 0.12447 -0.17473 -0.4278 1.6497 -0.041426 -1.1916 1.2772 0.41143 -0.32057
-0.62129 -0.97381 -0.63152 0.34534 -0.46431 0.082191 2.2637 -1.5172 -0.0057239 0.092074 -2.56 -0.94008 0.86863 0.76874 -0.47335 -0.70759 1.3398 -0.60103 -0.52266 0.8047 1.5669 -0.42637 -0.049937 0.93418 -0.48442 -0.4661 0.18867 0.67615 0.43059 -1.0337 -0.2948 0.10219 -0.69836 1.3869 -0.21658 -0.9872 1.3574 0.52466 -0.46907
-0.24641 -0.96229 -0.52362 0.89282 -0.030424 -0.053622 2.6151 -1.358 -0.1057 -0.22627 -1.9269 -0.73574 0.68272 1.1171 -0.14778 -0.36039 0.88851 -0.94914 -0.43912 0.37694 1.8634 -0.70391 -0.45952 1.1927 -0.34552 -0.61472 0.055173 1.0869 0.80354 -1.1781 -0.28832 0.40171 -0.83269 0.79781 -0.22322 -0.43293 1.0193 0.41629 -0.58174
-0.23607 -1.228 -0.57151 0.81031 -0.36436 -0.37589 2.8572 -0.76632 -0.17402 0.017935 -1.6075 -1.0201 0.56731 1.0695 0.42942 0.1511 0.26395 -1.1133 -0.2724 0.024164 1.7981 -0.92829 -0.50292 1.4084 -0.039962 -0.87993 -0.24915 1.7403 1.2261 -0.90016 0.1182 0.62403 -1.4029 0.0015111 -0.07409 0.05257 0.13954 0.50893 -0.75412
-0.39952 -1.4256 -1.2446 0.52672 -1.4869 -0.099573 2.5697 0.33074 -0.67602 -0.10407 -0.18016 -1.1283 0.31903 0.76987 0.9157 0.51849 0.11661 -0.80599 0.046877 -0.14653 1.9097 -0.67293 -0.11934 1.5186 -0.059588 -1.1334 -0.7574 2.0157 1.3441 -0.37907 0.76459 0.83436 -1.8491 -0.94553 0.26453 0.21044 -0.43035 0.70537 -0.83883
0.32816 -0.95986 -0.56957 0.63567 -1.5178 0.17401 2.3561 0.63244 -0.56798 -0.11012 -0.75936 -0.51724 0.16925 0.50094 1.9672 1.184 0.070688 -0.42987 0.4834 -1.5451 1.5106 -0.61401 -0.12625 1.0768 0.35931 -1.5403 -1.0956 1.685 1.3495 0.14786 1.4804 0.77377 -1.8527 -1.7059 0.53574 0.14999 -0.95509 0.71424 -0.63844
0.53963 -0.28716 0.14814 0.30375 -1.5107 -0.10889 2.2728 0.61543 -0.87828 -0.12822 -0.76448 -0.53023 -0.10651 0.050715 2.5276 1.6776 0.28743 0.27622 0.85192 -2.2818 0.0822 -0.3461 -0.24443 0.53487 0.82216 -1.768 -1.2772 0.78136 0.75199 0.09788 1.7906 0.48907 -1.4967 -2.121 0.63677 0.082434 -0.82169 0.68349 -0.22554
0.21544 0.060091 0.0070751 1.0064 -0.86663 0.033148 2.3814 0.71253 -0.7888 -0.16091 -0.51978 -1.3114 -0.45812 -0.52656 2.5009 2.1362 0.44891 1.3793 0.87307 -2.3583 -0.73197 -0.026427 -0.1555 0.036821 0.90368 -1.6914 -1.1808 -0.56751 -0.17851 0.068188 1.4811 0.21159 -0.4894 -1.7831 0.77596 0.3735 -0.49151 0.4805 0.36495
0.14611 1.1929 1.1449 0.96068 -0.64289 0.70084 -0.069774 0.74095 -0.93106 -0.34333 -0.24714 0.098321 -1.1888 -0.99689 1.9778 1.4754 0.10605 1.9587 0.8317 -2.5263 -1.2423 0.30357 0.04764 0.43947 0.99315 -1.4559 -0.58057 -1.4398 -0.90843 -0.20444 0.43348 -0.19585 0.45311 -0.87253 0.63706 0.82052 -0.12671 0.070859 0.85544
-0.4635 1.0497 1.2234 0.92697 -0.56294 0.94378 0.02006 -0.86367 -0.65634 -0.28984 -0.52158 0.26703 -1.3135 -1.0833 1.2595 0.95564 0.28538 1.764 0.91925 -2.331 -1.4254 0.61388 0.45098 0.17962 1.2054 -1.0495 0.33457 -1.7239 -1.3882 -0.28234 -0.64814 -0.4654 1.5385 -0.06217 0.31207 0.69411 0.28045 -0.52903 1.0713
-0.80582 1.0586 1.7944 0.94501 0.56856 0.96856 0.16507 -0.20769 -0.63738 -0.21626 -0.39081 0.15581 -1.2931 -0.70521 0.67086 0.55586 -0.0076721 0.97253 0.44122 -1.4463 -1.3503 0.60463 1.0524 0.24143 0.80917 -0.57419 1.069 -1.3421 -1.2446 -0.11771 -1.2027 -0.51584 1.9076 0.84517 -0.10571 0.22228 0.25393 -0.84905 0.93415
-0.56218 1.2248 1.0726 0.42502 1.2369 0.91559 -0.53356 -0.8509 -0.10028 0.10019 -0.078431 0.70927 -1.3042 -0.069566 0.18996 -0.024762 -0.014216 0.54498 0.14264 -0.025282 -0.83834 0.43446 0.69426 0.72057 -0.028777 -0.23551 1.2293 -0.82882 -1.1374 -0.072778 -1.4231 -0.47953 1.6873 1.3525 -0.44655 -0.44809 0.10886 -0.80413 0.6016
-0.81258 1.1495 1.2486 1.2223 0.5017 1.1628 -0.54984 -0.96519 -0.0948 0.58269 -0.60356 0.7726 -1.3466 0.413 0.20246 -0.38324 0.038313 0.10467 0.19365 -0.11793 0.1164 0.15697 0.35265 0.70117 -0.034254 -0.20889 1.2172 -0.39203 -0.98826 -0.050786 -1.1105 -0.22628 0.98288 1.6072 -0.70342 -0.82875 -0.6574 -0.66044 0.37141
-0.53803 1.1802 1.1556 0.97706 -0.13333 0.66905 -0.01546 -0.93689 -0.21118 1.2398 0.10161 -0.096209 -1.3638 0.56095 0.06319 -0.72045 0.1274 -0.71717 0.089152 0.15533 0.507 -0.090216 -0.087404 0.19448 0.069673 -0.16657 1.1773 0.06803 -0.63073 -0.40394 -0.45404 -0.15117 0.13071 1.1709 -0.51748 -0.75429 -1.3476 -0.56161 0.32923
0.054263 1.3927 1.2906 0.80037 0.25898 1.1199 0.15953 -0.6734 -0.4545 -0.2083 0.90262 0.13482 -1.553 1.1613 0.052314 -0.95949 -0.17306 -0.67111 0.019621 0.30045 1.1514 -0.58218 -0.19167 -0.76909 -0.51912 0.049562 0.50149 0.16274 -0.31125 -0.48607 0.14538 -0.13882 -0.00072968 0.41174 -0.22762 -0.25156 -1.2898 -0.47478 0.2889
-0.21569 1.1806 0.67916 0.9031 0.30808 1.334 -0.36867 -0.25043 -0.38439 0.0527 0.011455 0.53761 -1.4893 1.6667 0.37151 -0.92263 -0.65193 0.0031963 -0.068755 0.013607 0.94693 -0.26782 -0.52243 -1.1854 -0.87393 0.21884 -0.41838 -0.01135 0.09041 -0.18318 0.39632 -0.26427 -0.21212 0.17239 0.21421 0.4981 -0.65194 -0.12915 0.11022
-0.19819 1.1047 0.46503 0.99722 -0.31169 0.89106 0.15063 0.38288 -0.50324 -0.086421 -0.51565 0.6957 -1.3958 0.76157 0.31709 -0.86303 -0.4663 0.042922 -0.0011469 -0.044075 0.68277 -0.23792 0.067388 -1.1354 -0.48178 0.11061 -1.2643 -0.3074 0.45685 0.15826 0.15353 -0.47294 -0.26674 -0.042122 0.70088 0.51395 0.39968 0.42559 -0.22047
1.2589 1.3335 -0.338 0.26818 0.15189 0.91468 -0.25788 0.45276 -1.0044 0.56485 -1.6061 -0.51122 -1.1466 0.016659 -0.098751 -0.5888 -0.063798 -0.26162 -0.42465 -0.063565 1.0495 0.1505 0.75074 -0.8851 -0.19864 -0.0010724 -1.625 -0.5176 0.72859 0.3613 -0.039071 -0.23137 -0.28782 -0.0057842 0.9814 0.37481 0.8903 0.73677 -0.42948
1.4308 1.7748 0.50703 0.4023 0.48888 0.92734 -0.33943 -0.23872 -0.10722 -0.056441 -1.328 -0.96552 -1.1649 -0.2711 -0.24946 -0.25246 -0.17764 -0.22356 -0.74317 -0.15398 0.9798 0.60904 0.17049 -0.098262 -0.031532 -0.22965 -1.4919 -0.44561 0.72797 0.20059 -0.12599 -0.056216 -0.28146 -0.20615 1.3679 0.18221 1.074 0.89215 -0.43183
-0.41515 1.4118 0.13275 0.57425 -0.16099 0.9327 0.20963 -0.0066115 -0.72914 1.1166 -0.10735 0.007211 -1.5472 -0.7197 -0.24234 0.16073 -0.13376 0.056961 -0.15625 -0.46375 0.75068 1.2783 0.15185 0.089134 0.32912 -0.37005 -0.95182 -0.23059 0.22842 -0.14212 -0.12587 0.2405 -0.1539 -0.60046 0.92151 0.28029 0.6079 0.77088 -0.21131
-0.32568 0.83269 0.34638 1.0907 -0.28428 0.47187 -0.17261 1.5901 -0.013702 0.60823 -0.47964 0.67474 -1.597 -1.5349 -0.38487 0.14968 -0.064081 -0.37393 -0.2442 -0.36443 0.38421 1.9521 0.71489 0.5346 0.98358 -0.46807 -0.025662 0.11306 -0.11179 -0.27951 -0.17817 0.43737 0.090737 -0.65418 0.24164 0.15633 0.058455 0.27424 0.16884
-0.12284 0.89238 0.030238 0.39869 -0.11221 0.027822 -0.6015 1.1714 0.52749 -0.23633 -0.66327 0.37275 -1.627 -1.0499 -0.43631 -0.34857 -0.38296 -0.44374 -0.19067 -0.24094 0.11165 1.327 1.019 0.032014 0.78806 -0.25481 0.78978 0.29937 -0.27286 -0.29249 -0.22027 0.29046 0.52075 -1.0074 -0.91868 -0.23282 0.27567 -0.18029 0.37647
-0.14623 1.2817 0.59069 0.42273 0.22618 1.3003 -0.59377 0.89018 1.2149 0.5463 -1.2016 0.33356 -1.5823 -0.14761 0.031178 -0.2009 -0.56783 -0.33767 0.15049 -0.091835 -0.043672 1.0532 0.034211 0.075156 0.27097 0.012487 1.236 0.22833 -0.04697 0.082443 -0.0512 0.26782 0.68904 -0.99136 -1.8115 -0.70532 0.60975 -0.29997 0.38949
-0.88572 1.1575 -0.065774 0.18535 -0.52273 0.44716 -0.53531 0.13972 1.9162 2.077 -0.38452 0.6902 -1.6639 0.003825 0.052563 -0.17215 -0.42052 -0.4119 0.22958 0.3753 -1.084 -0.15821 0.026184 0.8941 0.33668 0.056835 0.88766 -0.10711 0.20835 0.52217 -0.028061 -0.097782 0.60542 -0.7509 -1.8782 -1.0251 1.0348 0.021758 0.185
-0.43577 1.0278 -0.21989 0.16024 -0.42552 0.56803 -0.17047 0.16122 0.59514 1.4042 -0.79194 0.45935 -1.5413 0.15369 -0.24812 -0.018855 0.10489 -0.49418 0.083663 0.61658 -1.0345 -1.0028 -0.18151 1.3408 0.62864 0.06631 0.525 -0.40915 0.27984 0.68964 0.12862 -0.25218 0.28221 -0.29517 -1.5278 -0.84797 0.62064 0.21071 0.017164
-0.38862 1.2357 0.082053 0.196 -0.68459 1.0462 0.019104 1.2304 0.68801 -0.10379 0.20529 0.69318 -1.5539 0.39175 -0.49032 -0.036322 0.23874 -0.42241 -0.34909 0.53807 -0.92915 -1.4779 -0.8932 1.4786 0.65198 0.046628 0.45721 -0.31007 0.30502 0.50172 0.27134 -0.1829 -0.081482 0.25883 -0.70568 -0.86371 -0.015621 0.067966 -0.009921
-0.047782 0.76782 0.18366 0.5191 -0.60157 0.52233 0.048605 -0.43393 -0.23566 0.29898 0.64779 1.2095 -1.5638 0.60193 -0.40865 0.26987 0.36827 -0.068328 -0.060215 0.35734 -0.74694 -1.4089 -1.1787 1.0417 0.5222 0.048941 0.3069 -0.063948 0.2287 0.17931 0.29398 -0.0014036 -0.18983 0.20767 -0.17238 -0.5764 -0.27582 -0.088735 -0.0097142
